descriptor Tc_phase m_phase 
-1.500000 -0.000000 
-1.499000 0.861118 
-1.498000 1.722202 
-1.497000 2.583217 
-1.496000 3.444131 
-1.495000 4.304909 
-1.494000 5.165517 
-1.493000 6.025921 
-1.492000 6.886087 
-1.491000 7.745981 
-1.490000 8.605569 
-1.489000 9.464818 
-1.488000 10.323693 
-1.487000 11.182161 
-1.486000 12.040186 
-1.485000 12.897737 
-1.484000 13.754779 
-1.483000 14.611277 
-1.482000 15.467199 
-1.481000 16.322510 
-1.480000 17.177176 
-1.479000 18.031165 
-1.478000 18.884442 
-1.477000 19.736973 
-1.476000 20.588725 
-1.475000 21.439664 
-1.474000 22.289757 
-1.473000 23.138969 
-1.472000 23.987269 
-1.471000 24.834621 
-1.470000 25.680993 
-1.469000 26.526351 
-1.468000 27.370662 
-1.467000 28.213892 
-1.466000 29.056009 
-1.465000 29.896978 
-1.464000 30.736767 
-1.463000 31.575343 
-1.462000 32.412672 
-1.461000 33.248721 
-1.460000 34.083458 
-1.459000 34.916850 
-1.458000 35.748863 
-1.457000 36.579464 
-1.456000 37.408622 
-1.455000 38.236303 
-1.454000 39.062474 
-1.453000 39.887103 
-1.452000 40.710157 
-1.451000 41.531604 
-1.450000 42.351412 
-1.449000 43.169548 
-1.448000 43.985979 
-1.447000 44.800674 
-1.446000 45.613600 
-1.445000 46.424726 
-1.444000 47.234019 
-1.443000 48.041447 
-1.442000 48.846978 
-1.441000 49.650581 
-1.440000 50.452224 
-1.439000 51.251875 
-1.438000 52.049503 
-1.437000 52.845076 
-1.436000 53.638563 
-1.435000 54.429932 
-1.434000 55.219152 
-1.433000 56.006193 
-1.432000 56.791022 
-1.431000 57.573610 
-1.430000 58.353924 
-1.429000 59.131935 
-1.428000 59.907611 
-1.427000 60.680923 
-1.426000 61.451838 
-1.425000 62.220328 
-1.424000 62.986361 
-1.423000 63.749908 
-1.422000 64.510938 
-1.421000 65.269421 
-1.420000 66.025328 
-1.419000 66.778628 
-1.418000 67.529292 
-1.417000 68.277289 
-1.416000 69.022591 
-1.415000 69.765169 
-1.414000 70.504992 
-1.413000 71.242032 
-1.412000 71.976259 
-1.411000 72.707645 
-1.410000 73.436160 
-1.409000 74.161776 
-1.408000 74.884465 
-1.407000 75.604197 
-1.406000 76.320944 
-1.405000 77.034678 
-1.404000 77.745372 
-1.403000 78.452996 
-1.402000 79.157522 
-1.401000 79.858924 
-1.400000 80.557173 
-1.399000 81.252242 
-1.398000 81.944103 
-1.397000 82.632729 
-1.396000 83.318093 
-1.395000 84.000167 
-1.394000 84.678926 
-1.393000 85.354341 
-1.392000 86.026387 
-1.391000 86.695037 
-1.390000 87.360264 
-1.389000 88.022042 
-1.388000 88.680345 
-1.387000 89.335147 
-1.386000 89.986423 
-1.385000 90.634146 
-1.384000 91.278291 
-1.383000 91.918832 
-1.382000 92.555745 
-1.381000 93.189004 
-1.380000 93.818583 
-1.379000 94.444459 
-1.378000 95.066607 
-1.377000 95.685001 
-1.376000 96.299618 
-1.375000 96.910433 
-1.374000 97.517422 
-1.373000 98.120562 
-1.372000 98.719827 
-1.371000 99.315196 
-1.370000 99.906644 
-1.369000 100.494147 
-1.368000 101.077684 
-1.367000 101.657229 
-1.366000 102.232762 
-1.365000 102.804259 
-1.364000 103.371697 
-1.363000 103.935054 
-1.362000 104.494308 
-1.361000 105.049437 
-1.360000 105.600418 
-1.359000 106.147231 
-1.358000 106.689853 
-1.357000 107.228263 
-1.356000 107.762440 
-1.355000 108.292363 
-1.354000 108.818011 
-1.353000 109.339362 
-1.352000 109.856397 
-1.351000 110.369096 
-1.350000 110.877436 
-1.349000 111.381400 
-1.348000 111.880967 
-1.347000 112.376116 
-1.346000 112.866830 
-1.345000 113.353087 
-1.344000 113.834870 
-1.343000 114.312158 
-1.342000 114.784934 
-1.341000 115.253178 
-1.340000 115.716872 
-1.339000 116.175998 
-1.338000 116.630537 
-1.337000 117.080472 
-1.336000 117.525785 
-1.335000 117.966458 
-1.334000 118.402474 
-1.333000 118.833816 
-1.332000 119.260466 
-1.331000 119.682408 
-1.330000 120.099626 
-1.329000 120.512102 
-1.328000 120.919820 
-1.327000 121.322765 
-1.326000 121.720920 
-1.325000 122.114270 
-1.324000 122.502798 
-1.323000 122.886491 
-1.322000 123.265332 
-1.321000 123.639307 
-1.320000 124.008401 
-1.319000 124.372599 
-1.318000 124.731888 
-1.317000 125.086252 
-1.316000 125.435678 
-1.315000 125.780152 
-1.314000 126.119660 
-1.313000 126.454189 
-1.312000 126.783726 
-1.311000 127.108258 
-1.310000 127.427772 
-1.309000 127.742255 
-1.308000 128.051696 
-1.307000 128.356081 
-1.306000 128.655398 
-1.305000 128.949637 
-1.304000 129.238785 
-1.303000 129.522831 
-1.302000 129.801763 
-1.301000 130.075571 
-1.300000 130.344244 
-1.299000 130.607771 
-1.298000 130.866142 
-1.297000 131.119347 
-1.296000 131.367375 
-1.295000 131.610217 
-1.294000 131.847863 
-1.293000 132.080304 
-1.292000 132.307531 
-1.291000 132.529535 
-1.290000 132.746306 
-1.289000 132.957837 
-1.288000 133.164119 
-1.287000 133.365144 
-1.286000 133.560904 
-1.285000 133.751392 
-1.284000 133.936598 
-1.283000 134.116518 
-1.282000 134.291142 
-1.281000 134.460465 
-1.280000 134.624480 
-1.279000 134.783180 
-1.278000 134.936559 
-1.277000 135.084611 
-1.276000 135.227330 
-1.275000 135.364710 
-1.274000 135.496747 
-1.273000 135.623434 
-1.272000 135.744767 
-1.271000 135.860742 
-1.270000 135.971352 
-1.269000 136.076595 
-1.268000 136.176466 
-1.267000 136.270960 
-1.266000 136.360075 
-1.265000 136.443807 
-1.264000 136.522152 
-1.263000 136.595107 
-1.262000 136.662670 
-1.261000 136.724838 
-1.260000 136.781608 
-1.259000 136.832978 
-1.258000 136.878946 
-1.257000 136.919510 
-1.256000 136.954669 
-1.255000 136.984422 
-1.254000 137.008766 
-1.253000 137.027702 
-1.252000 137.041228 
-1.251000 137.049343 
-1.250000 137.052049 
-1.249000 137.049343 
-1.248000 137.041228 
-1.247000 137.027702 
-1.246000 137.008766 
-1.245000 136.984422 
-1.244000 136.954669 
-1.243000 136.919510 
-1.242000 136.878946 
-1.241000 136.832978 
-1.240000 136.781608 
-1.239000 136.724838 
-1.238000 136.662670 
-1.237000 136.595107 
-1.236000 136.522152 
-1.235000 136.443807 
-1.234000 136.360075 
-1.233000 136.270960 
-1.232000 136.176466 
-1.231000 136.076595 
-1.230000 135.971352 
-1.229000 135.860742 
-1.228000 135.744767 
-1.227000 135.623434 
-1.226000 135.496747 
-1.225000 135.364710 
-1.224000 135.227330 
-1.223000 135.084611 
-1.222000 134.936559 
-1.221000 134.783180 
-1.220000 134.624480 
-1.219000 134.460465 
-1.218000 134.291142 
-1.217000 134.116518 
-1.216000 133.936598 
-1.215000 133.751391 
-1.214000 133.560904 
-1.213000 133.365144 
-1.212000 133.164120 
-1.211000 132.957837 
-1.210000 132.746306 
-1.209000 132.529535 
-1.208000 132.307531 
-1.207000 132.080304 
-1.206000 131.847863 
-1.205000 131.610217 
-1.204000 131.367375 
-1.203000 131.119347 
-1.202000 130.866142 
-1.201000 130.607771 
-1.200000 130.344244 
-1.199000 130.075571 
-1.198000 129.801763 
-1.197000 129.522831 
-1.196000 129.238785 
-1.195000 128.949637 
-1.194000 128.655398 
-1.193000 128.356081 
-1.192000 128.051696 
-1.191000 127.742255 
-1.190000 127.427772 
-1.189000 127.108258 
-1.188000 126.783726 
-1.187000 126.454189 
-1.186000 126.119660 
-1.185000 125.780152 
-1.184000 125.435678 
-1.183000 125.086252 
-1.182000 124.731888 
-1.181000 124.372599 
-1.180000 124.008401 
-1.179000 123.639307 
-1.178000 123.265332 
-1.177000 122.886491 
-1.176000 122.502798 
-1.175000 122.114269 
-1.174000 121.720920 
-1.173000 121.322765 
-1.172000 120.919820 
-1.171000 120.512102 
-1.170000 120.099626 
-1.169000 119.682408 
-1.168000 119.260466 
-1.167000 118.833816 
-1.166000 118.402474 
-1.165000 117.966458 
-1.164000 117.525785 
-1.163000 117.080472 
-1.162000 116.630537 
-1.161000 116.175998 
-1.160000 115.716872 
-1.159000 115.253178 
-1.158000 114.784934 
-1.157000 114.312158 
-1.156000 113.834870 
-1.155000 113.353087 
-1.154000 112.866830 
-1.153000 112.376116 
-1.152000 111.880967 
-1.151000 111.381400 
-1.150000 110.877436 
-1.149000 110.369095 
-1.148000 109.856397 
-1.147000 109.339362 
-1.146000 108.818011 
-1.145000 108.292363 
-1.144000 107.762440 
-1.143000 107.228263 
-1.142000 106.689853 
-1.141000 106.147231 
-1.140000 105.600418 
-1.139000 105.049437 
-1.138000 104.494308 
-1.137000 103.935054 
-1.136000 103.371697 
-1.135000 102.804259 
-1.134000 102.232762 
-1.133000 101.657229 
-1.132000 101.077684 
-1.131000 100.494147 
-1.130000 99.906644 
-1.129000 99.315196 
-1.128000 98.719828 
-1.127000 98.120562 
-1.126000 97.517422 
-1.125000 96.910433 
-1.124000 96.299618 
-1.123000 95.685001 
-1.122000 95.066607 
-1.121000 94.444459 
-1.120000 93.818583 
-1.119000 93.189004 
-1.118000 92.555745 
-1.117000 91.918832 
-1.116000 91.278291 
-1.115000 90.634146 
-1.114000 89.986423 
-1.113000 89.335147 
-1.112000 88.680345 
-1.111000 88.022042 
-1.110000 87.360264 
-1.109000 86.695037 
-1.108000 86.026387 
-1.107000 85.354341 
-1.106000 84.678926 
-1.105000 84.000167 
-1.104000 83.318093 
-1.103000 82.632729 
-1.102000 81.944103 
-1.101000 81.252242 
-1.100000 80.557173 
-1.099000 79.858924 
-1.098000 79.157522 
-1.097000 78.452995 
-1.096000 77.745372 
-1.095000 77.034678 
-1.094000 76.320944 
-1.093000 75.604197 
-1.092000 74.884465 
-1.091000 74.161776 
-1.090000 73.436160 
-1.089000 72.707645 
-1.088000 71.976259 
-1.087000 71.242032 
-1.086000 70.504992 
-1.085000 69.765169 
-1.084000 69.022592 
-1.083000 68.277289 
-1.082000 67.529292 
-1.081000 66.778628 
-1.080000 66.025328 
-1.079000 65.269421 
-1.078000 64.510938 
-1.077000 63.749908 
-1.076000 62.986361 
-1.075000 62.220328 
-1.074000 61.451838 
-1.073000 60.680923 
-1.072000 59.907611 
-1.071000 59.131935 
-1.070000 58.353924 
-1.069000 57.573610 
-1.068000 56.791022 
-1.067000 56.006193 
-1.066000 55.219152 
-1.065000 54.429932 
-1.064000 53.638563 
-1.063000 52.845076 
-1.062000 52.049503 
-1.061000 51.251875 
-1.060000 50.452224 
-1.059000 49.650581 
-1.058000 48.846978 
-1.057000 48.041447 
-1.056000 47.234019 
-1.055000 46.424726 
-1.054000 45.613600 
-1.053000 44.800674 
-1.052000 43.985979 
-1.051000 43.169548 
-1.050000 42.351412 
-1.049000 41.531605 
-1.048000 40.710157 
-1.047000 39.887103 
-1.046000 39.062474 
-1.045000 38.236303 
-1.044000 37.408622 
-1.043000 36.579464 
-1.042000 35.748863 
-1.041000 34.916850 
-1.040000 34.083459 
-1.039000 33.248722 
-1.038000 32.412672 
-1.037000 31.575343 
-1.036000 30.736767 
-1.035000 29.896978 
-1.034000 29.056009 
-1.033000 28.213892 
-1.032000 27.370662 
-1.031000 26.526351 
-1.030000 25.680993 
-1.029000 24.834621 
-1.028000 23.987269 
-1.027000 23.138969 
-1.026000 22.289757 
-1.025000 21.439664 
-1.024000 20.588725 
-1.023000 19.736973 
-1.022000 18.884442 
-1.021000 18.031165 
-1.020000 17.177176 
-1.019000 16.322510 
-1.018000 15.467199 
-1.017000 14.611277 
-1.016000 13.754779 
-1.015000 12.897737 
-1.014000 12.040186 
-1.013000 11.182160 
-1.012000 10.323693 
-1.011000 9.464818 
-1.010000 8.605569 
-1.009000 7.745981 
-1.008000 6.886087 
-1.007000 6.025921 
-1.006000 5.165517 
-1.005000 4.304909 
-1.004000 3.444131 
-1.003000 2.583217 
-1.002000 1.722201 
-1.001000 0.861118 
-1.000000 0.000000 
-0.999000 -0.861118 
-0.998000 -1.722201 
-0.997000 -2.583217 
-0.996000 -3.444131 
-0.995000 -4.304909 
-0.994000 -5.165517 
-0.993000 -6.025921 
-0.992000 -6.886087 
-0.991000 -7.745981 
-0.990000 -8.605569 
-0.989000 -9.464818 
-0.988000 -10.323693 
-0.987000 -11.182160 
-0.986000 -12.040187 
-0.985000 -12.897737 
-0.984000 -13.754779 
-0.983000 -14.611277 
-0.982000 -15.467199 
-0.981000 -16.322510 
-0.980000 -17.177176 
-0.979000 -18.031165 
-0.978000 -18.884442 
-0.977000 -19.736973 
-0.976000 -20.588725 
-0.975000 -21.439664 
-0.974000 -22.289757 
-0.973000 -23.138969 
-0.972000 -23.987269 
-0.971000 -24.834621 
-0.970000 -25.680993 
-0.969000 -26.526351 
-0.968000 -27.370662 
-0.967000 -28.213892 
-0.966000 -29.056009 
-0.965000 -29.896978 
-0.964000 -30.736767 
-0.963000 -31.575343 
-0.962000 -32.412672 
-0.961000 -33.248722 
-0.960000 -34.083459 
-0.959000 -34.916850 
-0.958000 -35.748863 
-0.957000 -36.579464 
-0.956000 -37.408622 
-0.955000 -38.236303 
-0.954000 -39.062474 
-0.953000 -39.887103 
-0.952000 -40.710157 
-0.951000 -41.531605 
-0.950000 -42.351412 
-0.949000 -43.169548 
-0.948000 -43.985979 
-0.947000 -44.800674 
-0.946000 -45.613600 
-0.945000 -46.424726 
-0.944000 -47.234019 
-0.943000 -48.041447 
-0.942000 -48.846978 
-0.941000 -49.650581 
-0.940000 -50.452224 
-0.939000 -51.251875 
-0.938000 -52.049503 
-0.937000 -52.845076 
-0.936000 -53.638563 
-0.935000 -54.429932 
-0.934000 -55.219152 
-0.933000 -56.006193 
-0.932000 -56.791022 
-0.931000 -57.573610 
-0.930000 -58.353924 
-0.929000 -59.131935 
-0.928000 -59.907611 
-0.927000 -60.680923 
-0.926000 -61.451838 
-0.925000 -62.220328 
-0.924000 -62.986361 
-0.923000 -63.749908 
-0.922000 -64.510938 
-0.921000 -65.269421 
-0.920000 -66.025328 
-0.919000 -66.778628 
-0.918000 -67.529292 
-0.917000 -68.277289 
-0.916000 -69.022592 
-0.915000 -69.765169 
-0.914000 -70.504992 
-0.913000 -71.242032 
-0.912000 -71.976259 
-0.911000 -72.707645 
-0.910000 -73.436160 
-0.909000 -74.161776 
-0.908000 -74.884465 
-0.907000 -75.604197 
-0.906000 -76.320944 
-0.905000 -77.034678 
-0.904000 -77.745372 
-0.903000 -78.452996 
-0.902000 -79.157522 
-0.901000 -79.858924 
-0.900000 -80.557173 
-0.899000 -81.252242 
-0.898000 -81.944103 
-0.897000 -82.632729 
-0.896000 -83.318093 
-0.895000 -84.000167 
-0.894000 -84.678926 
-0.893000 -85.354341 
-0.892000 -86.026387 
-0.891000 -86.695037 
-0.890000 -87.360264 
-0.889000 -88.022042 
-0.888000 -88.680345 
-0.887000 -89.335147 
-0.886000 -89.986423 
-0.885000 -90.634146 
-0.884000 -91.278291 
-0.883000 -91.918832 
-0.882000 -92.555745 
-0.881000 -93.189003 
-0.880000 -93.818583 
-0.879000 -94.444459 
-0.878000 -95.066607 
-0.877000 -95.685001 
-0.876000 -96.299618 
-0.875000 -96.910433 
-0.874000 -97.517422 
-0.873000 -98.120562 
-0.872000 -98.719827 
-0.871000 -99.315196 
-0.870000 -99.906644 
-0.869000 -100.494147 
-0.868000 -101.077684 
-0.867000 -101.657230 
-0.866000 -102.232762 
-0.865000 -102.804259 
-0.864000 -103.371697 
-0.863000 -103.935054 
-0.862000 -104.494308 
-0.861000 -105.049437 
-0.860000 -105.600418 
-0.859000 -106.147231 
-0.858000 -106.689853 
-0.857000 -107.228263 
-0.856000 -107.762440 
-0.855000 -108.292363 
-0.854000 -108.818011 
-0.853000 -109.339362 
-0.852000 -109.856397 
-0.851000 -110.369096 
-0.850000 -110.877436 
-0.849000 -111.381400 
-0.848000 -111.880967 
-0.847000 -112.376116 
-0.846000 -112.866830 
-0.845000 -113.353087 
-0.844000 -113.834870 
-0.843000 -114.312158 
-0.842000 -114.784934 
-0.841000 -115.253178 
-0.840000 -115.716872 
-0.839000 -116.175998 
-0.838000 -116.630537 
-0.837000 -117.080472 
-0.836000 -117.525785 
-0.835000 -117.966458 
-0.834000 -118.402474 
-0.833000 -118.833816 
-0.832000 -119.260466 
-0.831000 -119.682408 
-0.830000 -120.099626 
-0.829000 -120.512102 
-0.828000 -120.919820 
-0.827000 -121.322765 
-0.826000 -121.720920 
-0.825000 -122.114269 
-0.824000 -122.502798 
-0.823000 -122.886491 
-0.822000 -123.265332 
-0.821000 -123.639307 
-0.820000 -124.008401 
-0.819000 -124.372599 
-0.818000 -124.731888 
-0.817000 -125.086252 
-0.816000 -125.435678 
-0.815000 -125.780152 
-0.814000 -126.119660 
-0.813000 -126.454189 
-0.812000 -126.783726 
-0.811000 -127.108258 
-0.810000 -127.427772 
-0.809000 -127.742255 
-0.808000 -128.051696 
-0.807000 -128.356081 
-0.806000 -128.655398 
-0.805000 -128.949637 
-0.804000 -129.238785 
-0.803000 -129.522831 
-0.802000 -129.801763 
-0.801000 -130.075571 
-0.800000 -130.344244 
-0.799000 -130.607771 
-0.798000 -130.866142 
-0.797000 -131.119347 
-0.796000 -131.367375 
-0.795000 -131.610217 
-0.794000 -131.847863 
-0.793000 -132.080304 
-0.792000 -132.307531 
-0.791000 -132.529535 
-0.790000 -132.746306 
-0.789000 -132.957837 
-0.788000 -133.164119 
-0.787000 -133.365144 
-0.786000 -133.560904 
-0.785000 -133.751391 
-0.784000 -133.936598 
-0.783000 -134.116518 
-0.782000 -134.291142 
-0.781000 -134.460465 
-0.780000 -134.624480 
-0.779000 -134.783180 
-0.778000 -134.936559 
-0.777000 -135.084611 
-0.776000 -135.227330 
-0.775000 -135.364710 
-0.774000 -135.496747 
-0.773000 -135.623434 
-0.772000 -135.744767 
-0.771000 -135.860742 
-0.770000 -135.971352 
-0.769000 -136.076595 
-0.768000 -136.176466 
-0.767000 -136.270960 
-0.766000 -136.360075 
-0.765000 -136.443807 
-0.764000 -136.522152 
-0.763000 -136.595107 
-0.762000 -136.662670 
-0.761000 -136.724838 
-0.760000 -136.781608 
-0.759000 -136.832978 
-0.758000 -136.878946 
-0.757000 -136.919510 
-0.756000 -136.954669 
-0.755000 -136.984422 
-0.754000 -137.008766 
-0.753000 -137.027702 
-0.752000 -137.041228 
-0.751000 -137.049343 
-0.750000 -137.052049 
-0.749000 -137.049343 
-0.748000 -137.041228 
-0.747000 -137.027702 
-0.746000 -137.008766 
-0.745000 -136.984422 
-0.744000 -136.954669 
-0.743000 -136.919510 
-0.742000 -136.878946 
-0.741000 -136.832978 
-0.740000 -136.781608 
-0.739000 -136.724838 
-0.738000 -136.662670 
-0.737000 -136.595107 
-0.736000 -136.522152 
-0.735000 -136.443807 
-0.734000 -136.360075 
-0.733000 -136.270960 
-0.732000 -136.176466 
-0.731000 -136.076595 
-0.730000 -135.971352 
-0.729000 -135.860742 
-0.728000 -135.744767 
-0.727000 -135.623434 
-0.726000 -135.496747 
-0.725000 -135.364710 
-0.724000 -135.227330 
-0.723000 -135.084611 
-0.722000 -134.936559 
-0.721000 -134.783180 
-0.720000 -134.624480 
-0.719000 -134.460465 
-0.718000 -134.291142 
-0.717000 -134.116518 
-0.716000 -133.936598 
-0.715000 -133.751391 
-0.714000 -133.560904 
-0.713000 -133.365144 
-0.712000 -133.164119 
-0.711000 -132.957837 
-0.710000 -132.746306 
-0.709000 -132.529535 
-0.708000 -132.307531 
-0.707000 -132.080304 
-0.706000 -131.847863 
-0.705000 -131.610217 
-0.704000 -131.367375 
-0.703000 -131.119347 
-0.702000 -130.866142 
-0.701000 -130.607771 
-0.700000 -130.344244 
-0.699000 -130.075571 
-0.698000 -129.801763 
-0.697000 -129.522831 
-0.696000 -129.238785 
-0.695000 -128.949637 
-0.694000 -128.655398 
-0.693000 -128.356081 
-0.692000 -128.051696 
-0.691000 -127.742255 
-0.690000 -127.427772 
-0.689000 -127.108258 
-0.688000 -126.783726 
-0.687000 -126.454189 
-0.686000 -126.119660 
-0.685000 -125.780152 
-0.684000 -125.435678 
-0.683000 -125.086252 
-0.682000 -124.731888 
-0.681000 -124.372599 
-0.680000 -124.008401 
-0.679000 -123.639307 
-0.678000 -123.265332 
-0.677000 -122.886491 
-0.676000 -122.502798 
-0.675000 -122.114269 
-0.674000 -121.720920 
-0.673000 -121.322765 
-0.672000 -120.919820 
-0.671000 -120.512102 
-0.670000 -120.099626 
-0.669000 -119.682408 
-0.668000 -119.260466 
-0.667000 -118.833816 
-0.666000 -118.402474 
-0.665000 -117.966458 
-0.664000 -117.525785 
-0.663000 -117.080472 
-0.662000 -116.630537 
-0.661000 -116.175998 
-0.660000 -115.716872 
-0.659000 -115.253178 
-0.658000 -114.784934 
-0.657000 -114.312158 
-0.656000 -113.834870 
-0.655000 -113.353087 
-0.654000 -112.866830 
-0.653000 -112.376116 
-0.652000 -111.880967 
-0.651000 -111.381400 
-0.650000 -110.877436 
-0.649000 -110.369096 
-0.648000 -109.856397 
-0.647000 -109.339362 
-0.646000 -108.818011 
-0.645000 -108.292363 
-0.644000 -107.762440 
-0.643000 -107.228263 
-0.642000 -106.689853 
-0.641000 -106.147231 
-0.640000 -105.600418 
-0.639000 -105.049437 
-0.638000 -104.494308 
-0.637000 -103.935054 
-0.636000 -103.371697 
-0.635000 -102.804259 
-0.634000 -102.232762 
-0.633000 -101.657230 
-0.632000 -101.077684 
-0.631000 -100.494147 
-0.630000 -99.906644 
-0.629000 -99.315196 
-0.628000 -98.719827 
-0.627000 -98.120562 
-0.626000 -97.517422 
-0.625000 -96.910433 
-0.624000 -96.299618 
-0.623000 -95.685001 
-0.622000 -95.066607 
-0.621000 -94.444459 
-0.620000 -93.818583 
-0.619000 -93.189003 
-0.618000 -92.555745 
-0.617000 -91.918832 
-0.616000 -91.278291 
-0.615000 -90.634146 
-0.614000 -89.986423 
-0.613000 -89.335147 
-0.612000 -88.680345 
-0.611000 -88.022042 
-0.610000 -87.360264 
-0.609000 -86.695037 
-0.608000 -86.026387 
-0.607000 -85.354341 
-0.606000 -84.678926 
-0.605000 -84.000167 
-0.604000 -83.318093 
-0.603000 -82.632729 
-0.602000 -81.944103 
-0.601000 -81.252242 
-0.600000 -80.557173 
-0.599000 -79.858924 
-0.598000 -79.157522 
-0.597000 -78.452996 
-0.596000 -77.745372 
-0.595000 -77.034678 
-0.594000 -76.320944 
-0.593000 -75.604197 
-0.592000 -74.884465 
-0.591000 -74.161776 
-0.590000 -73.436160 
-0.589000 -72.707645 
-0.588000 -71.976259 
-0.587000 -71.242032 
-0.586000 -70.504992 
-0.585000 -69.765169 
-0.584000 -69.022591 
-0.583000 -68.277289 
-0.582000 -67.529292 
-0.581000 -66.778628 
-0.580000 -66.025328 
-0.579000 -65.269421 
-0.578000 -64.510938 
-0.577000 -63.749908 
-0.576000 -62.986361 
-0.575000 -62.220328 
-0.574000 -61.451838 
-0.573000 -60.680923 
-0.572000 -59.907611 
-0.571000 -59.131935 
-0.570000 -58.353924 
-0.569000 -57.573610 
-0.568000 -56.791022 
-0.567000 -56.006193 
-0.566000 -55.219152 
-0.565000 -54.429932 
-0.564000 -53.638563 
-0.563000 -52.845076 
-0.562000 -52.049503 
-0.561000 -51.251875 
-0.560000 -50.452224 
-0.559000 -49.650581 
-0.558000 -48.846978 
-0.557000 -48.041447 
-0.556000 -47.234019 
-0.555000 -46.424726 
-0.554000 -45.613600 
-0.553000 -44.800674 
-0.552000 -43.985979 
-0.551000 -43.169548 
-0.550000 -42.351412 
-0.549000 -41.531605 
-0.548000 -40.710157 
-0.547000 -39.887103 
-0.546000 -39.062474 
-0.545000 -38.236303 
-0.544000 -37.408622 
-0.543000 -36.579464 
-0.542000 -35.748863 
-0.541000 -34.916850 
-0.540000 -34.083459 
-0.539000 -33.248722 
-0.538000 -32.412672 
-0.537000 -31.575343 
-0.536000 -30.736767 
-0.535000 -29.896978 
-0.534000 -29.056009 
-0.533000 -28.213892 
-0.532000 -27.370662 
-0.531000 -26.526351 
-0.530000 -25.680993 
-0.529000 -24.834621 
-0.528000 -23.987269 
-0.527000 -23.138969 
-0.526000 -22.289757 
-0.525000 -21.439664 
-0.524000 -20.588725 
-0.523000 -19.736973 
-0.522000 -18.884442 
-0.521000 -18.031165 
-0.520000 -17.177176 
-0.519000 -16.322510 
-0.518000 -15.467199 
-0.517000 -14.611277 
-0.516000 -13.754779 
-0.515000 -12.897737 
-0.514000 -12.040187 
-0.513000 -11.182160 
-0.512000 -10.323693 
-0.511000 -9.464818 
-0.510000 -8.605569 
-0.509000 -7.745981 
-0.508000 -6.886087 
-0.507000 -6.025921 
-0.506000 -5.165517 
-0.505000 -4.304909 
-0.504000 -3.444131 
-0.503000 -2.583217 
-0.502000 -1.722201 
-0.501000 -0.861118 
-0.500000 0.000000 
-0.499000 0.861118 
-0.498000 1.722201 
-0.497000 2.583217 
-0.496000 3.444131 
-0.495000 4.304909 
-0.494000 5.165517 
-0.493000 6.025921 
-0.492000 6.886087 
-0.491000 7.745981 
-0.490000 8.605569 
-0.489000 9.464818 
-0.488000 10.323693 
-0.487000 11.182160 
-0.486000 12.040186 
-0.485000 12.897737 
-0.484000 13.754779 
-0.483000 14.611277 
-0.482000 15.467199 
-0.481000 16.322510 
-0.480000 17.177176 
-0.479000 18.031165 
-0.478000 18.884442 
-0.477000 19.736973 
-0.476000 20.588725 
-0.475000 21.439664 
-0.474000 22.289757 
-0.473000 23.138970 
-0.472000 23.987269 
-0.471000 24.834621 
-0.470000 25.680993 
-0.469000 26.526351 
-0.468000 27.370662 
-0.467000 28.213892 
-0.466000 29.056009 
-0.465000 29.896978 
-0.464000 30.736767 
-0.463000 31.575343 
-0.462000 32.412672 
-0.461000 33.248722 
-0.460000 34.083459 
-0.459000 34.916850 
-0.458000 35.748863 
-0.457000 36.579464 
-0.456000 37.408622 
-0.455000 38.236303 
-0.454000 39.062474 
-0.453000 39.887103 
-0.452000 40.710157 
-0.451000 41.531605 
-0.450000 42.351412 
-0.449000 43.169548 
-0.448000 43.985979 
-0.447000 44.800674 
-0.446000 45.613600 
-0.445000 46.424726 
-0.444000 47.234019 
-0.443000 48.041447 
-0.442000 48.846978 
-0.441000 49.650581 
-0.440000 50.452224 
-0.439000 51.251875 
-0.438000 52.049503 
-0.437000 52.845076 
-0.436000 53.638563 
-0.435000 54.429932 
-0.434000 55.219152 
-0.433000 56.006193 
-0.432000 56.791022 
-0.431000 57.573610 
-0.430000 58.353924 
-0.429000 59.131935 
-0.428000 59.907611 
-0.427000 60.680923 
-0.426000 61.451838 
-0.425000 62.220328 
-0.424000 62.986361 
-0.423000 63.749908 
-0.422000 64.510938 
-0.421000 65.269421 
-0.420000 66.025328 
-0.419000 66.778628 
-0.418000 67.529292 
-0.417000 68.277289 
-0.416000 69.022592 
-0.415000 69.765169 
-0.414000 70.504992 
-0.413000 71.242032 
-0.412000 71.976259 
-0.411000 72.707645 
-0.410000 73.436160 
-0.409000 74.161776 
-0.408000 74.884465 
-0.407000 75.604197 
-0.406000 76.320944 
-0.405000 77.034678 
-0.404000 77.745372 
-0.403000 78.452995 
-0.402000 79.157522 
-0.401000 79.858924 
-0.400000 80.557173 
-0.399000 81.252242 
-0.398000 81.944103 
-0.397000 82.632729 
-0.396000 83.318093 
-0.395000 84.000167 
-0.394000 84.678926 
-0.393000 85.354341 
-0.392000 86.026387 
-0.391000 86.695037 
-0.390000 87.360264 
-0.389000 88.022042 
-0.388000 88.680345 
-0.387000 89.335147 
-0.386000 89.986423 
-0.385000 90.634146 
-0.384000 91.278291 
-0.383000 91.918832 
-0.382000 92.555745 
-0.381000 93.189004 
-0.380000 93.818583 
-0.379000 94.444459 
-0.378000 95.066607 
-0.377000 95.685001 
-0.376000 96.299618 
-0.375000 96.910433 
-0.374000 97.517422 
-0.373000 98.120562 
-0.372000 98.719828 
-0.371000 99.315196 
-0.370000 99.906644 
-0.369000 100.494147 
-0.368000 101.077684 
-0.367000 101.657229 
-0.366000 102.232762 
-0.365000 102.804259 
-0.364000 103.371697 
-0.363000 103.935054 
-0.362000 104.494308 
-0.361000 105.049437 
-0.360000 105.600418 
-0.359000 106.147231 
-0.358000 106.689853 
-0.357000 107.228263 
-0.356000 107.762440 
-0.355000 108.292363 
-0.354000 108.818011 
-0.353000 109.339362 
-0.352000 109.856397 
-0.351000 110.369095 
-0.350000 110.877436 
-0.349000 111.381400 
-0.348000 111.880967 
-0.347000 112.376116 
-0.346000 112.866830 
-0.345000 113.353087 
-0.344000 113.834870 
-0.343000 114.312158 
-0.342000 114.784934 
-0.341000 115.253178 
-0.340000 115.716872 
-0.339000 116.175998 
-0.338000 116.630537 
-0.337000 117.080472 
-0.336000 117.525785 
-0.335000 117.966458 
-0.334000 118.402474 
-0.333000 118.833816 
-0.332000 119.260466 
-0.331000 119.682408 
-0.330000 120.099626 
-0.329000 120.512102 
-0.328000 120.919820 
-0.327000 121.322765 
-0.326000 121.720920 
-0.325000 122.114269 
-0.324000 122.502798 
-0.323000 122.886491 
-0.322000 123.265332 
-0.321000 123.639307 
-0.320000 124.008401 
-0.319000 124.372599 
-0.318000 124.731888 
-0.317000 125.086252 
-0.316000 125.435678 
-0.315000 125.780152 
-0.314000 126.119660 
-0.313000 126.454189 
-0.312000 126.783726 
-0.311000 127.108258 
-0.310000 127.427772 
-0.309000 127.742255 
-0.308000 128.051696 
-0.307000 128.356081 
-0.306000 128.655398 
-0.305000 128.949637 
-0.304000 129.238785 
-0.303000 129.522831 
-0.302000 129.801763 
-0.301000 130.075571 
-0.300000 130.344244 
-0.299000 130.607771 
-0.298000 130.866142 
-0.297000 131.119347 
-0.296000 131.367375 
-0.295000 131.610217 
-0.294000 131.847863 
-0.293000 132.080304 
-0.292000 132.307531 
-0.291000 132.529535 
-0.290000 132.746306 
-0.289000 132.957837 
-0.288000 133.164120 
-0.287000 133.365144 
-0.286000 133.560904 
-0.285000 133.751391 
-0.284000 133.936598 
-0.283000 134.116518 
-0.282000 134.291142 
-0.281000 134.460465 
-0.280000 134.624480 
-0.279000 134.783180 
-0.278000 134.936559 
-0.277000 135.084611 
-0.276000 135.227330 
-0.275000 135.364710 
-0.274000 135.496747 
-0.273000 135.623434 
-0.272000 135.744767 
-0.271000 135.860742 
-0.270000 135.971352 
-0.269000 136.076595 
-0.268000 136.176466 
-0.267000 136.270960 
-0.266000 136.360075 
-0.265000 136.443807 
-0.264000 136.522152 
-0.263000 136.595107 
-0.262000 136.662670 
-0.261000 136.724838 
-0.260000 136.781608 
-0.259000 136.832978 
-0.258000 136.878946 
-0.257000 136.919510 
-0.256000 136.954669 
-0.255000 136.984422 
-0.254000 137.008766 
-0.253000 137.027702 
-0.252000 137.041228 
-0.251000 137.049343 
-0.250000 137.052049 
-0.249000 137.049343 
-0.248000 137.041228 
-0.247000 137.027702 
-0.246000 137.008766 
-0.245000 136.984422 
-0.244000 136.954669 
-0.243000 136.919510 
-0.242000 136.878946 
-0.241000 136.832978 
-0.240000 136.781608 
-0.239000 136.724838 
-0.238000 136.662670 
-0.237000 136.595107 
-0.236000 136.522152 
-0.235000 136.443807 
-0.234000 136.360075 
-0.233000 136.270960 
-0.232000 136.176466 
-0.231000 136.076595 
-0.230000 135.971352 
-0.229000 135.860742 
-0.228000 135.744767 
-0.227000 135.623434 
-0.226000 135.496747 
-0.225000 135.364710 
-0.224000 135.227330 
-0.223000 135.084611 
-0.222000 134.936559 
-0.221000 134.783180 
-0.220000 134.624480 
-0.219000 134.460465 
-0.218000 134.291142 
-0.217000 134.116518 
-0.216000 133.936598 
-0.215000 133.751392 
-0.214000 133.560904 
-0.213000 133.365144 
-0.212000 133.164119 
-0.211000 132.957837 
-0.210000 132.746306 
-0.209000 132.529535 
-0.208000 132.307531 
-0.207000 132.080304 
-0.206000 131.847863 
-0.205000 131.610217 
-0.204000 131.367375 
-0.203000 131.119347 
-0.202000 130.866142 
-0.201000 130.607771 
-0.200000 130.344244 
-0.199000 130.075571 
-0.198000 129.801763 
-0.197000 129.522831 
-0.196000 129.238785 
-0.195000 128.949637 
-0.194000 128.655398 
-0.193000 128.356081 
-0.192000 128.051696 
-0.191000 127.742255 
-0.190000 127.427772 
-0.189000 127.108258 
-0.188000 126.783726 
-0.187000 126.454189 
-0.186000 126.119660 
-0.185000 125.780152 
-0.184000 125.435678 
-0.183000 125.086252 
-0.182000 124.731888 
-0.181000 124.372599 
-0.180000 124.008401 
-0.179000 123.639307 
-0.178000 123.265332 
-0.177000 122.886491 
-0.176000 122.502798 
-0.175000 122.114269 
-0.174000 121.720920 
-0.173000 121.322765 
-0.172000 120.919820 
-0.171000 120.512102 
-0.170000 120.099626 
-0.169000 119.682408 
-0.168000 119.260466 
-0.167000 118.833816 
-0.166000 118.402474 
-0.165000 117.966458 
-0.164000 117.525785 
-0.163000 117.080472 
-0.162000 116.630537 
-0.161000 116.175998 
-0.160000 115.716872 
-0.159000 115.253178 
-0.158000 114.784934 
-0.157000 114.312158 
-0.156000 113.834870 
-0.155000 113.353087 
-0.154000 112.866830 
-0.153000 112.376116 
-0.152000 111.880967 
-0.151000 111.381400 
-0.150000 110.877436 
-0.149000 110.369096 
-0.148000 109.856397 
-0.147000 109.339362 
-0.146000 108.818011 
-0.145000 108.292363 
-0.144000 107.762440 
-0.143000 107.228263 
-0.142000 106.689853 
-0.141000 106.147231 
-0.140000 105.600418 
-0.139000 105.049437 
-0.138000 104.494308 
-0.137000 103.935054 
-0.136000 103.371697 
-0.135000 102.804259 
-0.134000 102.232762 
-0.133000 101.657229 
-0.132000 101.077684 
-0.131000 100.494147 
-0.130000 99.906644 
-0.129000 99.315196 
-0.128000 98.719827 
-0.127000 98.120562 
-0.126000 97.517422 
-0.125000 96.910433 
-0.124000 96.299618 
-0.123000 95.685001 
-0.122000 95.066607 
-0.121000 94.444459 
-0.120000 93.818583 
-0.119000 93.189004 
-0.118000 92.555745 
-0.117000 91.918832 
-0.116000 91.278291 
-0.115000 90.634146 
-0.114000 89.986423 
-0.113000 89.335147 
-0.112000 88.680345 
-0.111000 88.022042 
-0.110000 87.360264 
-0.109000 86.695037 
-0.108000 86.026387 
-0.107000 85.354341 
-0.106000 84.678926 
-0.105000 84.000167 
-0.104000 83.318093 
-0.103000 82.632729 
-0.102000 81.944103 
-0.101000 81.252242 
-0.100000 80.557173 
-0.099000 79.858924 
-0.098000 79.157522 
-0.097000 78.452996 
-0.096000 77.745372 
-0.095000 77.034678 
-0.094000 76.320944 
-0.093000 75.604197 
-0.092000 74.884465 
-0.091000 74.161776 
-0.090000 73.436160 
-0.089000 72.707645 
-0.088000 71.976259 
-0.087000 71.242032 
-0.086000 70.504992 
-0.085000 69.765169 
-0.084000 69.022591 
-0.083000 68.277289 
-0.082000 67.529292 
-0.081000 66.778628 
-0.080000 66.025328 
-0.079000 65.269421 
-0.078000 64.510938 
-0.077000 63.749908 
-0.076000 62.986361 
-0.075000 62.220328 
-0.074000 61.451838 
-0.073000 60.680923 
-0.072000 59.907611 
-0.071000 59.131935 
-0.070000 58.353924 
-0.069000 57.573610 
-0.068000 56.791022 
-0.067000 56.006193 
-0.066000 55.219152 
-0.065000 54.429932 
-0.064000 53.638563 
-0.063000 52.845076 
-0.062000 52.049503 
-0.061000 51.251875 
-0.060000 50.452224 
-0.059000 49.650581 
-0.058000 48.846978 
-0.057000 48.041447 
-0.056000 47.234019 
-0.055000 46.424726 
-0.054000 45.613600 
-0.053000 44.800674 
-0.052000 43.985979 
-0.051000 43.169548 
-0.050000 42.351412 
-0.049000 41.531604 
-0.048000 40.710157 
-0.047000 39.887103 
-0.046000 39.062474 
-0.045000 38.236303 
-0.044000 37.408622 
-0.043000 36.579464 
-0.042000 35.748863 
-0.041000 34.916850 
-0.040000 34.083458 
-0.039000 33.248722 
-0.038000 32.412672 
-0.037000 31.575343 
-0.036000 30.736767 
-0.035000 29.896978 
-0.034000 29.056009 
-0.033000 28.213892 
-0.032000 27.370662 
-0.031000 26.526351 
-0.030000 25.680993 
-0.029000 24.834621 
-0.028000 23.987269 
-0.027000 23.138969 
-0.026000 22.289757 
-0.025000 21.439664 
-0.024000 20.588725 
-0.023000 19.736973 
-0.022000 18.884442 
-0.021000 18.031165 
-0.020000 17.177176 
-0.019000 16.322510 
-0.018000 15.467199 
-0.017000 14.611277 
-0.016000 13.754779 
-0.015000 12.897737 
-0.014000 12.040186 
-0.013000 11.182160 
-0.012000 10.323693 
-0.011000 9.464818 
-0.010000 8.605569 
-0.009000 7.745981 
-0.008000 6.886087 
-0.007000 6.025921 
-0.006000 5.165517 
-0.005000 4.304909 
-0.004000 3.444131 
-0.003000 2.583217 
-0.002000 1.722202 
-0.001000 0.861118 
-0.000000 0.000000 
0.001000 -0.861118 
0.002000 -1.722202 
0.003000 -2.583217 
0.004000 -3.444131 
0.005000 -4.304909 
0.006000 -5.165517 
0.007000 -6.025921 
0.008000 -6.886087 
0.009000 -7.745981 
0.010000 -8.605569 
0.011000 -9.464818 
0.012000 -10.323693 
0.013000 -11.182160 
0.014000 -12.040186 
0.015000 -12.897737 
0.016000 -13.754779 
0.017000 -14.611277 
0.018000 -15.467199 
0.019000 -16.322510 
0.020000 -17.177176 
0.021000 -18.031165 
0.022000 -18.884442 
0.023000 -19.736973 
0.024000 -20.588725 
0.025000 -21.439664 
0.026000 -22.289757 
0.027000 -23.138969 
0.028000 -23.987269 
0.029000 -24.834621 
0.030000 -25.680993 
0.031000 -26.526351 
0.032000 -27.370662 
0.033000 -28.213892 
0.034000 -29.056009 
0.035000 -29.896978 
0.036000 -30.736767 
0.037000 -31.575343 
0.038000 -32.412672 
0.039000 -33.248722 
0.040000 -34.083458 
0.041000 -34.916850 
0.042000 -35.748863 
0.043000 -36.579464 
0.044000 -37.408622 
0.045000 -38.236303 
0.046000 -39.062474 
0.047000 -39.887103 
0.048000 -40.710157 
0.049000 -41.531604 
0.050000 -42.351412 
0.051000 -43.169548 
0.052000 -43.985979 
0.053000 -44.800674 
0.054000 -45.613600 
0.055000 -46.424726 
0.056000 -47.234019 
0.057000 -48.041447 
0.058000 -48.846978 
0.059000 -49.650581 
0.060000 -50.452224 
0.061000 -51.251875 
0.062000 -52.049503 
0.063000 -52.845076 
0.064000 -53.638563 
0.065000 -54.429932 
0.066000 -55.219152 
0.067000 -56.006193 
0.068000 -56.791022 
0.069000 -57.573610 
0.070000 -58.353924 
0.071000 -59.131935 
0.072000 -59.907611 
0.073000 -60.680923 
0.074000 -61.451838 
0.075000 -62.220328 
0.076000 -62.986361 
0.077000 -63.749908 
0.078000 -64.510938 
0.079000 -65.269421 
0.080000 -66.025328 
0.081000 -66.778628 
0.082000 -67.529292 
0.083000 -68.277289 
0.084000 -69.022591 
0.085000 -69.765169 
0.086000 -70.504992 
0.087000 -71.242032 
0.088000 -71.976259 
0.089000 -72.707645 
0.090000 -73.436160 
0.091000 -74.161776 
0.092000 -74.884465 
0.093000 -75.604197 
0.094000 -76.320944 
0.095000 -77.034678 
0.096000 -77.745372 
0.097000 -78.452996 
0.098000 -79.157522 
0.099000 -79.858924 
0.100000 -80.557173 
0.101000 -81.252242 
0.102000 -81.944103 
0.103000 -82.632729 
0.104000 -83.318093 
0.105000 -84.000167 
0.106000 -84.678926 
0.107000 -85.354341 
0.108000 -86.026387 
0.109000 -86.695037 
0.110000 -87.360264 
0.111000 -88.022042 
0.112000 -88.680345 
0.113000 -89.335147 
0.114000 -89.986423 
0.115000 -90.634146 
0.116000 -91.278291 
0.117000 -91.918832 
0.118000 -92.555745 
0.119000 -93.189004 
0.120000 -93.818583 
0.121000 -94.444459 
0.122000 -95.066607 
0.123000 -95.685001 
0.124000 -96.299618 
0.125000 -96.910433 
0.126000 -97.517422 
0.127000 -98.120562 
0.128000 -98.719827 
0.129000 -99.315196 
0.130000 -99.906644 
0.131000 -100.494147 
0.132000 -101.077684 
0.133000 -101.657229 
0.134000 -102.232762 
0.135000 -102.804259 
0.136000 -103.371697 
0.137000 -103.935054 
0.138000 -104.494308 
0.139000 -105.049437 
0.140000 -105.600418 
0.141000 -106.147231 
0.142000 -106.689853 
0.143000 -107.228263 
0.144000 -107.762440 
0.145000 -108.292363 
0.146000 -108.818011 
0.147000 -109.339362 
0.148000 -109.856397 
0.149000 -110.369096 
0.150000 -110.877436 
0.151000 -111.381400 
0.152000 -111.880967 
0.153000 -112.376116 
0.154000 -112.866830 
0.155000 -113.353087 
0.156000 -113.834870 
0.157000 -114.312158 
0.158000 -114.784934 
0.159000 -115.253178 
0.160000 -115.716872 
0.161000 -116.175998 
0.162000 -116.630537 
0.163000 -117.080472 
0.164000 -117.525785 
0.165000 -117.966458 
0.166000 -118.402474 
0.167000 -118.833816 
0.168000 -119.260466 
0.169000 -119.682408 
0.170000 -120.099626 
0.171000 -120.512102 
0.172000 -120.919820 
0.173000 -121.322765 
0.174000 -121.720920 
0.175000 -122.114269 
0.176000 -122.502798 
0.177000 -122.886491 
0.178000 -123.265332 
0.179000 -123.639307 
0.180000 -124.008401 
0.181000 -124.372599 
0.182000 -124.731888 
0.183000 -125.086252 
0.184000 -125.435678 
0.185000 -125.780152 
0.186000 -126.119660 
0.187000 -126.454189 
0.188000 -126.783726 
0.189000 -127.108258 
0.190000 -127.427772 
0.191000 -127.742255 
0.192000 -128.051696 
0.193000 -128.356081 
0.194000 -128.655398 
0.195000 -128.949637 
0.196000 -129.238785 
0.197000 -129.522831 
0.198000 -129.801763 
0.199000 -130.075571 
0.200000 -130.344244 
0.201000 -130.607771 
0.202000 -130.866142 
0.203000 -131.119347 
0.204000 -131.367375 
0.205000 -131.610217 
0.206000 -131.847863 
0.207000 -132.080304 
0.208000 -132.307531 
0.209000 -132.529535 
0.210000 -132.746306 
0.211000 -132.957837 
0.212000 -133.164119 
0.213000 -133.365144 
0.214000 -133.560904 
0.215000 -133.751392 
0.216000 -133.936598 
0.217000 -134.116518 
0.218000 -134.291142 
0.219000 -134.460465 
0.220000 -134.624480 
0.221000 -134.783180 
0.222000 -134.936559 
0.223000 -135.084611 
0.224000 -135.227330 
0.225000 -135.364710 
0.226000 -135.496747 
0.227000 -135.623434 
0.228000 -135.744767 
0.229000 -135.860742 
0.230000 -135.971352 
0.231000 -136.076595 
0.232000 -136.176466 
0.233000 -136.270960 
0.234000 -136.360075 
0.235000 -136.443807 
0.236000 -136.522152 
0.237000 -136.595107 
0.238000 -136.662670 
0.239000 -136.724838 
0.240000 -136.781608 
0.241000 -136.832978 
0.242000 -136.878946 
0.243000 -136.919510 
0.244000 -136.954669 
0.245000 -136.984422 
0.246000 -137.008766 
0.247000 -137.027702 
0.248000 -137.041228 
0.249000 -137.049343 
0.250000 -137.052049 
0.251000 -137.049343 
0.252000 -137.041228 
0.253000 -137.027702 
0.254000 -137.008766 
0.255000 -136.984422 
0.256000 -136.954669 
0.257000 -136.919510 
0.258000 -136.878946 
0.259000 -136.832978 
0.260000 -136.781608 
0.261000 -136.724838 
0.262000 -136.662670 
0.263000 -136.595107 
0.264000 -136.522152 
0.265000 -136.443807 
0.266000 -136.360075 
0.267000 -136.270960 
0.268000 -136.176466 
0.269000 -136.076595 
0.270000 -135.971352 
0.271000 -135.860742 
0.272000 -135.744767 
0.273000 -135.623434 
0.274000 -135.496747 
0.275000 -135.364710 
0.276000 -135.227330 
0.277000 -135.084611 
0.278000 -134.936559 
0.279000 -134.783180 
0.280000 -134.624480 
0.281000 -134.460465 
0.282000 -134.291142 
0.283000 -134.116518 
0.284000 -133.936598 
0.285000 -133.751391 
0.286000 -133.560904 
0.287000 -133.365144 
0.288000 -133.164120 
0.289000 -132.957837 
0.290000 -132.746306 
0.291000 -132.529535 
0.292000 -132.307531 
0.293000 -132.080304 
0.294000 -131.847863 
0.295000 -131.610217 
0.296000 -131.367375 
0.297000 -131.119347 
0.298000 -130.866142 
0.299000 -130.607771 
0.300000 -130.344244 
0.301000 -130.075571 
0.302000 -129.801763 
0.303000 -129.522831 
0.304000 -129.238785 
0.305000 -128.949637 
0.306000 -128.655398 
0.307000 -128.356081 
0.308000 -128.051696 
0.309000 -127.742255 
0.310000 -127.427772 
0.311000 -127.108258 
0.312000 -126.783726 
0.313000 -126.454189 
0.314000 -126.119660 
0.315000 -125.780152 
0.316000 -125.435678 
0.317000 -125.086252 
0.318000 -124.731888 
0.319000 -124.372599 
0.320000 -124.008401 
0.321000 -123.639307 
0.322000 -123.265332 
0.323000 -122.886491 
0.324000 -122.502798 
0.325000 -122.114269 
0.326000 -121.720920 
0.327000 -121.322765 
0.328000 -120.919820 
0.329000 -120.512102 
0.330000 -120.099626 
0.331000 -119.682408 
0.332000 -119.260466 
0.333000 -118.833816 
0.334000 -118.402474 
0.335000 -117.966458 
0.336000 -117.525785 
0.337000 -117.080472 
0.338000 -116.630537 
0.339000 -116.175998 
0.340000 -115.716872 
0.341000 -115.253178 
0.342000 -114.784934 
0.343000 -114.312158 
0.344000 -113.834870 
0.345000 -113.353087 
0.346000 -112.866830 
0.347000 -112.376116 
0.348000 -111.880967 
0.349000 -111.381400 
0.350000 -110.877436 
0.351000 -110.369095 
0.352000 -109.856397 
0.353000 -109.339362 
0.354000 -108.818011 
0.355000 -108.292363 
0.356000 -107.762440 
0.357000 -107.228263 
0.358000 -106.689853 
0.359000 -106.147231 
0.360000 -105.600418 
0.361000 -105.049437 
0.362000 -104.494308 
0.363000 -103.935054 
0.364000 -103.371697 
0.365000 -102.804259 
0.366000 -102.232762 
0.367000 -101.657229 
0.368000 -101.077684 
0.369000 -100.494147 
0.370000 -99.906644 
0.371000 -99.315196 
0.372000 -98.719828 
0.373000 -98.120562 
0.374000 -97.517422 
0.375000 -96.910433 
0.376000 -96.299618 
0.377000 -95.685001 
0.378000 -95.066607 
0.379000 -94.444459 
0.380000 -93.818583 
0.381000 -93.189004 
0.382000 -92.555745 
0.383000 -91.918832 
0.384000 -91.278291 
0.385000 -90.634146 
0.386000 -89.986423 
0.387000 -89.335147 
0.388000 -88.680345 
0.389000 -88.022042 
0.390000 -87.360264 
0.391000 -86.695037 
0.392000 -86.026387 
0.393000 -85.354341 
0.394000 -84.678926 
0.395000 -84.000167 
0.396000 -83.318093 
0.397000 -82.632729 
0.398000 -81.944103 
0.399000 -81.252242 
0.400000 -80.557173 
0.401000 -79.858924 
0.402000 -79.157522 
0.403000 -78.452995 
0.404000 -77.745372 
0.405000 -77.034678 
0.406000 -76.320944 
0.407000 -75.604197 
0.408000 -74.884465 
0.409000 -74.161776 
0.410000 -73.436160 
0.411000 -72.707645 
0.412000 -71.976259 
0.413000 -71.242032 
0.414000 -70.504992 
0.415000 -69.765169 
0.416000 -69.022592 
0.417000 -68.277289 
0.418000 -67.529292 
0.419000 -66.778628 
0.420000 -66.025328 
0.421000 -65.269421 
0.422000 -64.510938 
0.423000 -63.749908 
0.424000 -62.986361 
0.425000 -62.220328 
0.426000 -61.451838 
0.427000 -60.680923 
0.428000 -59.907611 
0.429000 -59.131935 
0.430000 -58.353924 
0.431000 -57.573610 
0.432000 -56.791022 
0.433000 -56.006193 
0.434000 -55.219152 
0.435000 -54.429932 
0.436000 -53.638563 
0.437000 -52.845076 
0.438000 -52.049503 
0.439000 -51.251875 
0.440000 -50.452224 
0.441000 -49.650581 
0.442000 -48.846978 
0.443000 -48.041447 
0.444000 -47.234019 
0.445000 -46.424726 
0.446000 -45.613600 
0.447000 -44.800674 
0.448000 -43.985979 
0.449000 -43.169548 
0.450000 -42.351412 
0.451000 -41.531605 
0.452000 -40.710157 
0.453000 -39.887103 
0.454000 -39.062474 
0.455000 -38.236303 
0.456000 -37.408622 
0.457000 -36.579464 
0.458000 -35.748863 
0.459000 -34.916850 
0.460000 -34.083459 
0.461000 -33.248722 
0.462000 -32.412672 
0.463000 -31.575343 
0.464000 -30.736767 
0.465000 -29.896978 
0.466000 -29.056009 
0.467000 -28.213892 
0.468000 -27.370662 
0.469000 -26.526351 
0.470000 -25.680993 
0.471000 -24.834621 
0.472000 -23.987269 
0.473000 -23.138970 
0.474000 -22.289757 
0.475000 -21.439664 
0.476000 -20.588725 
0.477000 -19.736973 
0.478000 -18.884442 
0.479000 -18.031165 
0.480000 -17.177176 
0.481000 -16.322510 
0.482000 -15.467199 
0.483000 -14.611277 
0.484000 -13.754779 
0.485000 -12.897737 
0.486000 -12.040186 
0.487000 -11.182160 
0.488000 -10.323693 
0.489000 -9.464818 
0.490000 -8.605569 
0.491000 -7.745981 
0.492000 -6.886087 
0.493000 -6.025921 
0.494000 -5.165517 
0.495000 -4.304909 
0.496000 -3.444131 
0.497000 -2.583217 
0.498000 -1.722201 
0.499000 -0.861118 
0.500000 -0.000000 
0.501000 0.861118 
0.502000 1.722201 
0.503000 2.583217 
0.504000 3.444131 
0.505000 4.304909 
0.506000 5.165517 
0.507000 6.025921 
0.508000 6.886087 
0.509000 7.745981 
0.510000 8.605569 
0.511000 9.464818 
0.512000 10.323693 
0.513000 11.182160 
0.514000 12.040187 
0.515000 12.897737 
0.516000 13.754779 
0.517000 14.611277 
0.518000 15.467199 
0.519000 16.322510 
0.520000 17.177176 
0.521000 18.031165 
0.522000 18.884442 
0.523000 19.736973 
0.524000 20.588725 
0.525000 21.439664 
0.526000 22.289757 
0.527000 23.138969 
0.528000 23.987269 
0.529000 24.834621 
0.530000 25.680993 
0.531000 26.526351 
0.532000 27.370662 
0.533000 28.213892 
0.534000 29.056009 
0.535000 29.896978 
0.536000 30.736767 
0.537000 31.575343 
0.538000 32.412672 
0.539000 33.248722 
0.540000 34.083459 
0.541000 34.916850 
0.542000 35.748863 
0.543000 36.579464 
0.544000 37.408622 
0.545000 38.236303 
0.546000 39.062474 
0.547000 39.887103 
0.548000 40.710157 
0.549000 41.531605 
0.550000 42.351412 
0.551000 43.169548 
0.552000 43.985979 
0.553000 44.800674 
0.554000 45.613600 
0.555000 46.424726 
0.556000 47.234019 
0.557000 48.041447 
0.558000 48.846978 
0.559000 49.650581 
0.560000 50.452224 
0.561000 51.251875 
0.562000 52.049503 
0.563000 52.845076 
0.564000 53.638563 
0.565000 54.429932 
0.566000 55.219152 
0.567000 56.006193 
0.568000 56.791022 
0.569000 57.573610 
0.570000 58.353924 
0.571000 59.131935 
0.572000 59.907611 
0.573000 60.680923 
0.574000 61.451838 
0.575000 62.220328 
0.576000 62.986361 
0.577000 63.749908 
0.578000 64.510938 
0.579000 65.269421 
0.580000 66.025328 
0.581000 66.778628 
0.582000 67.529292 
0.583000 68.277289 
0.584000 69.022591 
0.585000 69.765169 
0.586000 70.504992 
0.587000 71.242032 
0.588000 71.976259 
0.589000 72.707645 
0.590000 73.436160 
0.591000 74.161776 
0.592000 74.884465 
0.593000 75.604197 
0.594000 76.320944 
0.595000 77.034678 
0.596000 77.745372 
0.597000 78.452996 
0.598000 79.157522 
0.599000 79.858924 
0.600000 80.557173 
0.601000 81.252242 
0.602000 81.944103 
0.603000 82.632729 
0.604000 83.318093 
0.605000 84.000167 
0.606000 84.678926 
0.607000 85.354341 
0.608000 86.026387 
0.609000 86.695037 
0.610000 87.360264 
0.611000 88.022042 
0.612000 88.680345 
0.613000 89.335147 
0.614000 89.986423 
0.615000 90.634146 
0.616000 91.278291 
0.617000 91.918832 
0.618000 92.555745 
0.619000 93.189003 
0.620000 93.818583 
0.621000 94.444459 
0.622000 95.066607 
0.623000 95.685001 
0.624000 96.299618 
0.625000 96.910433 
0.626000 97.517422 
0.627000 98.120562 
0.628000 98.719827 
0.629000 99.315196 
0.630000 99.906644 
0.631000 100.494147 
0.632000 101.077684 
0.633000 101.657230 
0.634000 102.232762 
0.635000 102.804259 
0.636000 103.371697 
0.637000 103.935054 
0.638000 104.494308 
0.639000 105.049437 
0.640000 105.600418 
0.641000 106.147231 
0.642000 106.689853 
0.643000 107.228263 
0.644000 107.762440 
0.645000 108.292363 
0.646000 108.818011 
0.647000 109.339362 
0.648000 109.856397 
0.649000 110.369096 
0.650000 110.877436 
0.651000 111.381400 
0.652000 111.880967 
0.653000 112.376116 
0.654000 112.866830 
0.655000 113.353087 
0.656000 113.834870 
0.657000 114.312158 
0.658000 114.784934 
0.659000 115.253178 
0.660000 115.716872 
0.661000 116.175998 
0.662000 116.630537 
0.663000 117.080472 
0.664000 117.525785 
0.665000 117.966458 
0.666000 118.402474 
0.667000 118.833816 
0.668000 119.260466 
0.669000 119.682408 
0.670000 120.099626 
0.671000 120.512102 
0.672000 120.919820 
0.673000 121.322765 
0.674000 121.720920 
0.675000 122.114269 
0.676000 122.502798 
0.677000 122.886491 
0.678000 123.265332 
0.679000 123.639307 
0.680000 124.008401 
0.681000 124.372599 
0.682000 124.731888 
0.683000 125.086252 
0.684000 125.435678 
0.685000 125.780152 
0.686000 126.119660 
0.687000 126.454189 
0.688000 126.783726 
0.689000 127.108258 
0.690000 127.427772 
0.691000 127.742255 
0.692000 128.051696 
0.693000 128.356081 
0.694000 128.655398 
0.695000 128.949637 
0.696000 129.238785 
0.697000 129.522831 
0.698000 129.801763 
0.699000 130.075571 
0.700000 130.344244 
0.701000 130.607771 
0.702000 130.866142 
0.703000 131.119347 
0.704000 131.367375 
0.705000 131.610217 
0.706000 131.847863 
0.707000 132.080304 
0.708000 132.307531 
0.709000 132.529535 
0.710000 132.746306 
0.711000 132.957837 
0.712000 133.164119 
0.713000 133.365144 
0.714000 133.560904 
0.715000 133.751391 
0.716000 133.936598 
0.717000 134.116518 
0.718000 134.291142 
0.719000 134.460465 
0.720000 134.624480 
0.721000 134.783180 
0.722000 134.936559 
0.723000 135.084611 
0.724000 135.227330 
0.725000 135.364710 
0.726000 135.496747 
0.727000 135.623434 
0.728000 135.744767 
0.729000 135.860742 
0.730000 135.971352 
0.731000 136.076595 
0.732000 136.176466 
0.733000 136.270960 
0.734000 136.360075 
0.735000 136.443807 
0.736000 136.522152 
0.737000 136.595107 
0.738000 136.662670 
0.739000 136.724838 
0.740000 136.781608 
0.741000 136.832978 
0.742000 136.878946 
0.743000 136.919510 
0.744000 136.954669 
0.745000 136.984422 
0.746000 137.008766 
0.747000 137.027702 
0.748000 137.041228 
0.749000 137.049343 
0.750000 137.052049 
0.751000 137.049343 
0.752000 137.041228 
0.753000 137.027702 
0.754000 137.008766 
0.755000 136.984422 
0.756000 136.954669 
0.757000 136.919510 
0.758000 136.878946 
0.759000 136.832978 
0.760000 136.781608 
0.761000 136.724838 
0.762000 136.662670 
0.763000 136.595107 
0.764000 136.522152 
0.765000 136.443807 
0.766000 136.360075 
0.767000 136.270960 
0.768000 136.176466 
0.769000 136.076595 
0.770000 135.971352 
0.771000 135.860742 
0.772000 135.744767 
0.773000 135.623434 
0.774000 135.496747 
0.775000 135.364710 
0.776000 135.227330 
0.777000 135.084611 
0.778000 134.936559 
0.779000 134.783180 
0.780000 134.624480 
0.781000 134.460465 
0.782000 134.291142 
0.783000 134.116518 
0.784000 133.936598 
0.785000 133.751391 
0.786000 133.560904 
0.787000 133.365144 
0.788000 133.164119 
0.789000 132.957837 
0.790000 132.746306 
0.791000 132.529535 
0.792000 132.307531 
0.793000 132.080304 
0.794000 131.847863 
0.795000 131.610217 
0.796000 131.367375 
0.797000 131.119347 
0.798000 130.866142 
0.799000 130.607771 
0.800000 130.344244 
0.801000 130.075571 
0.802000 129.801763 
0.803000 129.522831 
0.804000 129.238785 
0.805000 128.949637 
0.806000 128.655398 
0.807000 128.356081 
0.808000 128.051696 
0.809000 127.742255 
0.810000 127.427772 
0.811000 127.108258 
0.812000 126.783726 
0.813000 126.454189 
0.814000 126.119660 
0.815000 125.780152 
0.816000 125.435678 
0.817000 125.086252 
0.818000 124.731888 
0.819000 124.372599 
0.820000 124.008401 
0.821000 123.639307 
0.822000 123.265332 
0.823000 122.886491 
0.824000 122.502798 
0.825000 122.114269 
0.826000 121.720920 
0.827000 121.322765 
0.828000 120.919820 
0.829000 120.512102 
0.830000 120.099626 
0.831000 119.682408 
0.832000 119.260466 
0.833000 118.833816 
0.834000 118.402474 
0.835000 117.966458 
0.836000 117.525785 
0.837000 117.080472 
0.838000 116.630537 
0.839000 116.175998 
0.840000 115.716872 
0.841000 115.253178 
0.842000 114.784934 
0.843000 114.312158 
0.844000 113.834870 
0.845000 113.353087 
0.846000 112.866830 
0.847000 112.376116 
0.848000 111.880967 
0.849000 111.381400 
0.850000 110.877436 
0.851000 110.369096 
0.852000 109.856397 
0.853000 109.339362 
0.854000 108.818011 
0.855000 108.292363 
0.856000 107.762440 
0.857000 107.228263 
0.858000 106.689853 
0.859000 106.147231 
0.860000 105.600418 
0.861000 105.049437 
0.862000 104.494308 
0.863000 103.935054 
0.864000 103.371697 
0.865000 102.804259 
0.866000 102.232762 
0.867000 101.657230 
0.868000 101.077684 
0.869000 100.494147 
0.870000 99.906644 
0.871000 99.315196 
0.872000 98.719827 
0.873000 98.120562 
0.874000 97.517422 
0.875000 96.910433 
0.876000 96.299618 
0.877000 95.685001 
0.878000 95.066607 
0.879000 94.444459 
0.880000 93.818583 
0.881000 93.189003 
0.882000 92.555745 
0.883000 91.918832 
0.884000 91.278291 
0.885000 90.634146 
0.886000 89.986423 
0.887000 89.335147 
0.888000 88.680345 
0.889000 88.022042 
0.890000 87.360264 
0.891000 86.695037 
0.892000 86.026387 
0.893000 85.354341 
0.894000 84.678926 
0.895000 84.000167 
0.896000 83.318093 
0.897000 82.632729 
0.898000 81.944103 
0.899000 81.252242 
0.900000 80.557173 
0.901000 79.858924 
0.902000 79.157522 
0.903000 78.452996 
0.904000 77.745372 
0.905000 77.034678 
0.906000 76.320944 
0.907000 75.604197 
0.908000 74.884465 
0.909000 74.161776 
0.910000 73.436160 
0.911000 72.707645 
0.912000 71.976259 
0.913000 71.242032 
0.914000 70.504992 
0.915000 69.765169 
0.916000 69.022592 
0.917000 68.277289 
0.918000 67.529292 
0.919000 66.778628 
0.920000 66.025328 
0.921000 65.269421 
0.922000 64.510938 
0.923000 63.749908 
0.924000 62.986361 
0.925000 62.220328 
0.926000 61.451838 
0.927000 60.680923 
0.928000 59.907611 
0.929000 59.131935 
0.930000 58.353924 
0.931000 57.573610 
0.932000 56.791022 
0.933000 56.006193 
0.934000 55.219152 
0.935000 54.429932 
0.936000 53.638563 
0.937000 52.845076 
0.938000 52.049503 
0.939000 51.251875 
0.940000 50.452224 
0.941000 49.650581 
0.942000 48.846978 
0.943000 48.041447 
0.944000 47.234019 
0.945000 46.424726 
0.946000 45.613600 
0.947000 44.800674 
0.948000 43.985979 
0.949000 43.169548 
0.950000 42.351412 
0.951000 41.531605 
0.952000 40.710157 
0.953000 39.887103 
0.954000 39.062474 
0.955000 38.236303 
0.956000 37.408622 
0.957000 36.579464 
0.958000 35.748863 
0.959000 34.916850 
0.960000 34.083459 
0.961000 33.248722 
0.962000 32.412672 
0.963000 31.575343 
0.964000 30.736767 
0.965000 29.896978 
0.966000 29.056009 
0.967000 28.213892 
0.968000 27.370662 
0.969000 26.526351 
0.970000 25.680993 
0.971000 24.834621 
0.972000 23.987269 
0.973000 23.138969 
0.974000 22.289757 
0.975000 21.439664 
0.976000 20.588725 
0.977000 19.736973 
0.978000 18.884442 
0.979000 18.031165 
0.980000 17.177176 
0.981000 16.322510 
0.982000 15.467199 
0.983000 14.611277 
0.984000 13.754779 
0.985000 12.897737 
0.986000 12.040187 
0.987000 11.182160 
0.988000 10.323693 
0.989000 9.464818 
0.990000 8.605569 
0.991000 7.745981 
0.992000 6.886087 
0.993000 6.025921 
0.994000 5.165517 
0.995000 4.304909 
0.996000 3.444131 
0.997000 2.583217 
0.998000 1.722201 
0.999000 0.861118 
1.000000 -0.000000 
1.001000 -0.861118 
1.002000 -1.722201 
1.003000 -2.583217 
1.004000 -3.444131 
1.005000 -4.304909 
1.006000 -5.165517 
1.007000 -6.025921 
1.008000 -6.886087 
1.009000 -7.745981 
1.010000 -8.605569 
1.011000 -9.464818 
1.012000 -10.323693 
1.013000 -11.182160 
1.014000 -12.040186 
1.015000 -12.897737 
1.016000 -13.754779 
1.017000 -14.611277 
1.018000 -15.467199 
1.019000 -16.322510 
1.020000 -17.177176 
1.021000 -18.031165 
1.022000 -18.884442 
1.023000 -19.736973 
1.024000 -20.588725 
1.025000 -21.439664 
1.026000 -22.289757 
1.027000 -23.138969 
1.028000 -23.987269 
1.029000 -24.834621 
1.030000 -25.680993 
1.031000 -26.526351 
1.032000 -27.370662 
1.033000 -28.213892 
1.034000 -29.056009 
1.035000 -29.896978 
1.036000 -30.736767 
1.037000 -31.575343 
1.038000 -32.412672 
1.039000 -33.248722 
1.040000 -34.083459 
1.041000 -34.916850 
1.042000 -35.748863 
1.043000 -36.579464 
1.044000 -37.408622 
1.045000 -38.236303 
1.046000 -39.062474 
1.047000 -39.887103 
1.048000 -40.710157 
1.049000 -41.531605 
1.050000 -42.351412 
1.051000 -43.169548 
1.052000 -43.985979 
1.053000 -44.800674 
1.054000 -45.613600 
1.055000 -46.424726 
1.056000 -47.234019 
1.057000 -48.041447 
1.058000 -48.846978 
1.059000 -49.650581 
1.060000 -50.452224 
1.061000 -51.251875 
1.062000 -52.049503 
1.063000 -52.845076 
1.064000 -53.638563 
1.065000 -54.429932 
1.066000 -55.219152 
1.067000 -56.006193 
1.068000 -56.791022 
1.069000 -57.573610 
1.070000 -58.353924 
1.071000 -59.131935 
1.072000 -59.907611 
1.073000 -60.680923 
1.074000 -61.451838 
1.075000 -62.220328 
1.076000 -62.986361 
1.077000 -63.749908 
1.078000 -64.510938 
1.079000 -65.269421 
1.080000 -66.025328 
1.081000 -66.778628 
1.082000 -67.529292 
1.083000 -68.277289 
1.084000 -69.022592 
1.085000 -69.765169 
1.086000 -70.504992 
1.087000 -71.242032 
1.088000 -71.976259 
1.089000 -72.707645 
1.090000 -73.436160 
1.091000 -74.161776 
1.092000 -74.884465 
1.093000 -75.604197 
1.094000 -76.320944 
1.095000 -77.034678 
1.096000 -77.745372 
1.097000 -78.452995 
1.098000 -79.157522 
1.099000 -79.858924 
1.100000 -80.557173 
1.101000 -81.252242 
1.102000 -81.944103 
1.103000 -82.632729 
1.104000 -83.318093 
1.105000 -84.000167 
1.106000 -84.678926 
1.107000 -85.354341 
1.108000 -86.026387 
1.109000 -86.695037 
1.110000 -87.360264 
1.111000 -88.022042 
1.112000 -88.680345 
1.113000 -89.335147 
1.114000 -89.986423 
1.115000 -90.634146 
1.116000 -91.278291 
1.117000 -91.918832 
1.118000 -92.555745 
1.119000 -93.189004 
1.120000 -93.818583 
1.121000 -94.444459 
1.122000 -95.066607 
1.123000 -95.685001 
1.124000 -96.299618 
1.125000 -96.910433 
1.126000 -97.517422 
1.127000 -98.120562 
1.128000 -98.719828 
1.129000 -99.315196 
1.130000 -99.906644 
1.131000 -100.494147 
1.132000 -101.077684 
1.133000 -101.657229 
1.134000 -102.232762 
1.135000 -102.804259 
1.136000 -103.371697 
1.137000 -103.935054 
1.138000 -104.494308 
1.139000 -105.049437 
1.140000 -105.600418 
1.141000 -106.147231 
1.142000 -106.689853 
1.143000 -107.228263 
1.144000 -107.762440 
1.145000 -108.292363 
1.146000 -108.818011 
1.147000 -109.339362 
1.148000 -109.856397 
1.149000 -110.369095 
1.150000 -110.877436 
1.151000 -111.381400 
1.152000 -111.880967 
1.153000 -112.376116 
1.154000 -112.866830 
1.155000 -113.353087 
1.156000 -113.834870 
1.157000 -114.312158 
1.158000 -114.784934 
1.159000 -115.253178 
1.160000 -115.716872 
1.161000 -116.175998 
1.162000 -116.630537 
1.163000 -117.080472 
1.164000 -117.525785 
1.165000 -117.966458 
1.166000 -118.402474 
1.167000 -118.833816 
1.168000 -119.260466 
1.169000 -119.682408 
1.170000 -120.099626 
1.171000 -120.512102 
1.172000 -120.919820 
1.173000 -121.322765 
1.174000 -121.720920 
1.175000 -122.114269 
1.176000 -122.502798 
1.177000 -122.886491 
1.178000 -123.265332 
1.179000 -123.639307 
1.180000 -124.008401 
1.181000 -124.372599 
1.182000 -124.731888 
1.183000 -125.086252 
1.184000 -125.435678 
1.185000 -125.780152 
1.186000 -126.119660 
1.187000 -126.454189 
1.188000 -126.783726 
1.189000 -127.108258 
1.190000 -127.427772 
1.191000 -127.742255 
1.192000 -128.051696 
1.193000 -128.356081 
1.194000 -128.655398 
1.195000 -128.949637 
1.196000 -129.238785 
1.197000 -129.522831 
1.198000 -129.801763 
1.199000 -130.075571 
1.200000 -130.344244 
1.201000 -130.607771 
1.202000 -130.866142 
1.203000 -131.119347 
1.204000 -131.367375 
1.205000 -131.610217 
1.206000 -131.847863 
1.207000 -132.080304 
1.208000 -132.307531 
1.209000 -132.529535 
1.210000 -132.746306 
1.211000 -132.957837 
1.212000 -133.164120 
1.213000 -133.365144 
1.214000 -133.560904 
1.215000 -133.751391 
1.216000 -133.936598 
1.217000 -134.116518 
1.218000 -134.291142 
1.219000 -134.460465 
1.220000 -134.624480 
1.221000 -134.783180 
1.222000 -134.936559 
1.223000 -135.084611 
1.224000 -135.227330 
1.225000 -135.364710 
1.226000 -135.496747 
1.227000 -135.623434 
1.228000 -135.744767 
1.229000 -135.860742 
1.230000 -135.971352 
1.231000 -136.076595 
1.232000 -136.176466 
1.233000 -136.270960 
1.234000 -136.360075 
1.235000 -136.443807 
1.236000 -136.522152 
1.237000 -136.595107 
1.238000 -136.662670 
1.239000 -136.724838 
1.240000 -136.781608 
1.241000 -136.832978 
1.242000 -136.878946 
1.243000 -136.919510 
1.244000 -136.954669 
1.245000 -136.984422 
1.246000 -137.008766 
1.247000 -137.027702 
1.248000 -137.041228 
1.249000 -137.049343 
1.250000 -137.052049 
1.251000 -137.049343 
1.252000 -137.041228 
1.253000 -137.027702 
1.254000 -137.008766 
1.255000 -136.984422 
1.256000 -136.954669 
1.257000 -136.919510 
1.258000 -136.878946 
1.259000 -136.832978 
1.260000 -136.781608 
1.261000 -136.724838 
1.262000 -136.662670 
1.263000 -136.595107 
1.264000 -136.522152 
1.265000 -136.443807 
1.266000 -136.360075 
1.267000 -136.270960 
1.268000 -136.176466 
1.269000 -136.076595 
1.270000 -135.971352 
1.271000 -135.860742 
1.272000 -135.744767 
1.273000 -135.623434 
1.274000 -135.496747 
1.275000 -135.364710 
1.276000 -135.227330 
1.277000 -135.084611 
1.278000 -134.936559 
1.279000 -134.783180 
1.280000 -134.624480 
1.281000 -134.460465 
1.282000 -134.291142 
1.283000 -134.116518 
1.284000 -133.936598 
1.285000 -133.751392 
1.286000 -133.560904 
1.287000 -133.365144 
1.288000 -133.164119 
1.289000 -132.957837 
1.290000 -132.746306 
1.291000 -132.529535 
1.292000 -132.307531 
1.293000 -132.080304 
1.294000 -131.847863 
1.295000 -131.610217 
1.296000 -131.367375 
1.297000 -131.119347 
1.298000 -130.866142 
1.299000 -130.607771 
1.300000 -130.344244 
1.301000 -130.075571 
1.302000 -129.801763 
1.303000 -129.522831 
1.304000 -129.238785 
1.305000 -128.949637 
1.306000 -128.655398 
1.307000 -128.356081 
1.308000 -128.051696 
1.309000 -127.742255 
1.310000 -127.427772 
1.311000 -127.108258 
1.312000 -126.783726 
1.313000 -126.454189 
1.314000 -126.119660 
1.315000 -125.780152 
1.316000 -125.435678 
1.317000 -125.086252 
1.318000 -124.731888 
1.319000 -124.372599 
1.320000 -124.008401 
1.321000 -123.639307 
1.322000 -123.265332 
1.323000 -122.886491 
1.324000 -122.502798 
1.325000 -122.114270 
1.326000 -121.720920 
1.327000 -121.322765 
1.328000 -120.919820 
1.329000 -120.512102 
1.330000 -120.099626 
1.331000 -119.682408 
1.332000 -119.260466 
1.333000 -118.833816 
1.334000 -118.402474 
1.335000 -117.966458 
1.336000 -117.525785 
1.337000 -117.080472 
1.338000 -116.630537 
1.339000 -116.175998 
1.340000 -115.716872 
1.341000 -115.253178 
1.342000 -114.784934 
1.343000 -114.312158 
1.344000 -113.834870 
1.345000 -113.353087 
1.346000 -112.866830 
1.347000 -112.376116 
1.348000 -111.880967 
1.349000 -111.381400 
1.350000 -110.877436 
1.351000 -110.369096 
1.352000 -109.856397 
1.353000 -109.339362 
1.354000 -108.818011 
1.355000 -108.292363 
1.356000 -107.762440 
1.357000 -107.228263 
1.358000 -106.689853 
1.359000 -106.147231 
1.360000 -105.600418 
1.361000 -105.049437 
1.362000 -104.494308 
1.363000 -103.935054 
1.364000 -103.371697 
1.365000 -102.804259 
1.366000 -102.232762 
1.367000 -101.657229 
1.368000 -101.077684 
1.369000 -100.494147 
1.370000 -99.906644 
1.371000 -99.315196 
1.372000 -98.719827 
1.373000 -98.120562 
1.374000 -97.517422 
1.375000 -96.910433 
1.376000 -96.299618 
1.377000 -95.685001 
1.378000 -95.066607 
1.379000 -94.444459 
1.380000 -93.818583 
1.381000 -93.189004 
1.382000 -92.555745 
1.383000 -91.918832 
1.384000 -91.278291 
1.385000 -90.634146 
1.386000 -89.986423 
1.387000 -89.335147 
1.388000 -88.680345 
1.389000 -88.022042 
1.390000 -87.360264 
1.391000 -86.695037 
1.392000 -86.026387 
1.393000 -85.354341 
1.394000 -84.678926 
1.395000 -84.000167 
1.396000 -83.318093 
1.397000 -82.632729 
1.398000 -81.944103 
1.399000 -81.252242 
1.400000 -80.557173 
1.401000 -79.858924 
1.402000 -79.157522 
1.403000 -78.452996 
1.404000 -77.745372 
1.405000 -77.034678 
1.406000 -76.320944 
1.407000 -75.604197 
1.408000 -74.884465 
1.409000 -74.161776 
1.410000 -73.436160 
1.411000 -72.707645 
1.412000 -71.976259 
1.413000 -71.242032 
1.414000 -70.504992 
1.415000 -69.765169 
1.416000 -69.022591 
1.417000 -68.277289 
1.418000 -67.529292 
1.419000 -66.778628 
1.420000 -66.025328 
1.421000 -65.269421 
1.422000 -64.510938 
1.423000 -63.749908 
1.424000 -62.986361 
1.425000 -62.220328 
1.426000 -61.451838 
1.427000 -60.680923 
1.428000 -59.907611 
1.429000 -59.131935 
1.430000 -58.353924 
1.431000 -57.573610 
1.432000 -56.791022 
1.433000 -56.006193 
1.434000 -55.219152 
1.435000 -54.429932 
1.436000 -53.638563 
1.437000 -52.845076 
1.438000 -52.049503 
1.439000 -51.251875 
1.440000 -50.452224 
1.441000 -49.650581 
1.442000 -48.846978 
1.443000 -48.041447 
1.444000 -47.234019 
1.445000 -46.424726 
1.446000 -45.613600 
1.447000 -44.800674 
1.448000 -43.985979 
1.449000 -43.169548 
1.450000 -42.351412 
1.451000 -41.531604 
1.452000 -40.710157 
1.453000 -39.887103 
1.454000 -39.062474 
1.455000 -38.236303 
1.456000 -37.408622 
1.457000 -36.579464 
1.458000 -35.748863 
1.459000 -34.916850 
1.460000 -34.083458 
1.461000 -33.248721 
1.462000 -32.412672 
1.463000 -31.575343 
1.464000 -30.736767 
1.465000 -29.896978 
1.466000 -29.056009 
1.467000 -28.213892 
1.468000 -27.370662 
1.469000 -26.526351 
1.470000 -25.680993 
1.471000 -24.834621 
1.472000 -23.987269 
1.473000 -23.138969 
1.474000 -22.289757 
1.475000 -21.439664 
1.476000 -20.588725 
1.477000 -19.736973 
1.478000 -18.884442 
1.479000 -18.031165 
1.480000 -17.177176 
1.481000 -16.322510 
1.482000 -15.467199 
1.483000 -14.611277 
1.484000 -13.754779 
1.485000 -12.897737 
1.486000 -12.040186 
1.487000 -11.182161 
1.488000 -10.323693 
1.489000 -9.464818 
1.490000 -8.605569 
1.491000 -7.745981 
1.492000 -6.886087 
1.493000 -6.025921 
1.494000 -5.165517 
1.495000 -4.304909 
1.496000 -3.444131 
1.497000 -2.583217 
1.498000 -1.722202 
1.499000 -0.861118 
