descriptor x_phase m_phase 
-1.500000 -68.645714 
-1.499000 -67.905267 
-1.498000 -67.162139 
-1.497000 -66.416360 
-1.496000 -65.667959 
-1.495000 -64.916966 
-1.494000 -64.163409 
-1.493000 -63.407320 
-1.492000 -62.648727 
-1.491000 -61.887661 
-1.490000 -61.124152 
-1.489000 -60.358230 
-1.488000 -59.589925 
-1.487000 -58.819268 
-1.486000 -58.046288 
-1.485000 -57.271017 
-1.484000 -56.493485 
-1.483000 -55.713722 
-1.482000 -54.931760 
-1.481000 -54.147630 
-1.480000 -53.361362 
-1.479000 -52.572987 
-1.478000 -51.782537 
-1.477000 -50.990042 
-1.476000 -50.195535 
-1.475000 -49.399045 
-1.474000 -48.600606 
-1.473000 -47.800248 
-1.472000 -46.998003 
-1.471000 -46.193902 
-1.470000 -45.387978 
-1.469000 -44.580262 
-1.468000 -43.770786 
-1.467000 -42.959582 
-1.466000 -42.146682 
-1.465000 -41.332119 
-1.464000 -40.515923 
-1.463000 -39.698128 
-1.462000 -38.878766 
-1.461000 -38.057869 
-1.460000 -37.235469 
-1.459000 -36.411600 
-1.458000 -35.586293 
-1.457000 -34.759581 
-1.456000 -33.931497 
-1.455000 -33.102073 
-1.454000 -32.271342 
-1.453000 -31.439338 
-1.452000 -30.606092 
-1.451000 -29.771638 
-1.450000 -28.936009 
-1.449000 -28.099237 
-1.448000 -27.261356 
-1.447000 -26.422399 
-1.446000 -25.582399 
-1.445000 -24.741388 
-1.444000 -23.899401 
-1.443000 -23.056471 
-1.442000 -22.212630 
-1.441000 -21.367912 
-1.440000 -20.522351 
-1.439000 -19.675980 
-1.438000 -18.828832 
-1.437000 -17.980940 
-1.436000 -17.132339 
-1.435000 -16.283061 
-1.434000 -15.433140 
-1.433000 -14.582610 
-1.432000 -13.731505 
-1.431000 -12.879857 
-1.430000 -12.027701 
-1.429000 -11.175070 
-1.428000 -10.321998 
-1.427000 -9.468519 
-1.426000 -8.614665 
-1.425000 -7.760472 
-1.424000 -6.905972 
-1.423000 -6.051199 
-1.422000 -5.196188 
-1.421000 -4.340971 
-1.420000 -3.485583 
-1.419000 -2.630058 
-1.418000 -1.774429 
-1.417000 -0.918729 
-1.416000 -0.062993 
-1.415000 0.792745 
-1.414000 1.648452 
-1.413000 2.504093 
-1.412000 3.359636 
-1.411000 4.215047 
-1.410000 5.070290 
-1.409000 5.925334 
-1.408000 6.780144 
-1.407000 7.634686 
-1.406000 8.488927 
-1.405000 9.342832 
-1.404000 10.196369 
-1.403000 11.049503 
-1.402000 11.902201 
-1.401000 12.754430 
-1.400000 13.606154 
-1.399000 14.457342 
-1.398000 15.307958 
-1.397000 16.157971 
-1.396000 17.007345 
-1.395000 17.856048 
-1.394000 18.704046 
-1.393000 19.551306 
-1.392000 20.397794 
-1.391000 21.243477 
-1.390000 22.088321 
-1.389000 22.932293 
-1.388000 23.775359 
-1.387000 24.617487 
-1.386000 25.458643 
-1.385000 26.298794 
-1.384000 27.137907 
-1.383000 27.975949 
-1.382000 28.812886 
-1.381000 29.648685 
-1.380000 30.483315 
-1.379000 31.316740 
-1.378000 32.148930 
-1.377000 32.979850 
-1.376000 33.809468 
-1.375000 34.637751 
-1.374000 35.464667 
-1.373000 36.290183 
-1.372000 37.114266 
-1.371000 37.936884 
-1.370000 38.758005 
-1.369000 39.577595 
-1.368000 40.395623 
-1.367000 41.212056 
-1.366000 42.026862 
-1.365000 42.840009 
-1.364000 43.651464 
-1.363000 44.461197 
-1.362000 45.269174 
-1.361000 46.075364 
-1.360000 46.879735 
-1.359000 47.682255 
-1.358000 48.482893 
-1.357000 49.281617 
-1.356000 50.078395 
-1.355000 50.873196 
-1.354000 51.665989 
-1.353000 52.456742 
-1.352000 53.245425 
-1.351000 54.032005 
-1.350000 54.816452 
-1.349000 55.598735 
-1.348000 56.378823 
-1.347000 57.156686 
-1.346000 57.932292 
-1.345000 58.705610 
-1.344000 59.476612 
-1.343000 60.245265 
-1.342000 61.011540 
-1.341000 61.775406 
-1.340000 62.536834 
-1.339000 63.295792 
-1.338000 64.052252 
-1.337000 64.806183 
-1.336000 65.557556 
-1.335000 66.306341 
-1.334000 67.052507 
-1.333000 67.796027 
-1.332000 68.536871 
-1.331000 69.275008 
-1.330000 70.010411 
-1.329000 70.743050 
-1.328000 71.472896 
-1.327000 72.199920 
-1.326000 72.924095 
-1.325000 73.645390 
-1.324000 74.363778 
-1.323000 75.079230 
-1.322000 75.791718 
-1.321000 76.501214 
-1.320000 77.207689 
-1.319000 77.911117 
-1.318000 78.611469 
-1.317000 79.308717 
-1.316000 80.002835 
-1.315000 80.693794 
-1.314000 81.381568 
-1.313000 82.066128 
-1.312000 82.747449 
-1.311000 83.425503 
-1.310000 84.100264 
-1.309000 84.771705 
-1.308000 85.439798 
-1.307000 86.104519 
-1.306000 86.765841 
-1.305000 87.423737 
-1.304000 88.078182 
-1.303000 88.729150 
-1.302000 89.376615 
-1.301000 90.020551 
-1.300000 90.660934 
-1.299000 91.297737 
-1.298000 91.930936 
-1.297000 92.560506 
-1.296000 93.186422 
-1.295000 93.808659 
-1.294000 94.427192 
-1.293000 95.041998 
-1.292000 95.653051 
-1.291000 96.260329 
-1.290000 96.863806 
-1.289000 97.463459 
-1.288000 98.059264 
-1.287000 98.651199 
-1.286000 99.239238 
-1.285000 99.823360 
-1.284000 100.403541 
-1.283000 100.979758 
-1.282000 101.551989 
-1.281000 102.120211 
-1.280000 102.684401 
-1.279000 103.244537 
-1.278000 103.800597 
-1.277000 104.352560 
-1.276000 104.900403 
-1.275000 105.444104 
-1.274000 105.983643 
-1.273000 106.518998 
-1.272000 107.050147 
-1.271000 107.577071 
-1.270000 108.099747 
-1.269000 108.618156 
-1.268000 109.132277 
-1.267000 109.642089 
-1.266000 110.147573 
-1.265000 110.648709 
-1.264000 111.145476 
-1.263000 111.637856 
-1.262000 112.125828 
-1.261000 112.609373 
-1.260000 113.088474 
-1.259000 113.563109 
-1.258000 114.033261 
-1.257000 114.498912 
-1.256000 114.960042 
-1.255000 115.416634 
-1.254000 115.868669 
-1.253000 116.316130 
-1.252000 116.758999 
-1.251000 117.197258 
-1.250000 117.630891 
-1.249000 118.059880 
-1.248000 118.484208 
-1.247000 118.903859 
-1.246000 119.318815 
-1.245000 119.729061 
-1.244000 120.134581 
-1.243000 120.535357 
-1.242000 120.931375 
-1.241000 121.322619 
-1.240000 121.709074 
-1.239000 122.090723 
-1.238000 122.467552 
-1.237000 122.839547 
-1.236000 123.206692 
-1.235000 123.568974 
-1.234000 123.926376 
-1.233000 124.278887 
-1.232000 124.626491 
-1.231000 124.969175 
-1.230000 125.306926 
-1.229000 125.639729 
-1.228000 125.967573 
-1.227000 126.290444 
-1.226000 126.608329 
-1.225000 126.921215 
-1.224000 127.229091 
-1.223000 127.531944 
-1.222000 127.829763 
-1.221000 128.122535 
-1.220000 128.410249 
-1.219000 128.692893 
-1.218000 128.970457 
-1.217000 129.242930 
-1.216000 129.510300 
-1.215000 129.772557 
-1.214000 130.029691 
-1.213000 130.281692 
-1.212000 130.528549 
-1.211000 130.770254 
-1.210000 131.006795 
-1.209000 131.238165 
-1.208000 131.464354 
-1.207000 131.685353 
-1.206000 131.901153 
-1.205000 132.111746 
-1.204000 132.317123 
-1.203000 132.517277 
-1.202000 132.712199 
-1.201000 132.901882 
-1.200000 133.086318 
-1.199000 133.265500 
-1.198000 133.439421 
-1.197000 133.608074 
-1.196000 133.771452 
-1.195000 133.929550 
-1.194000 134.082360 
-1.193000 134.229876 
-1.192000 134.372094 
-1.191000 134.509007 
-1.190000 134.640609 
-1.189000 134.766897 
-1.188000 134.887863 
-1.187000 135.003505 
-1.186000 135.113817 
-1.185000 135.218795 
-1.184000 135.318435 
-1.183000 135.412732 
-1.182000 135.501684 
-1.181000 135.585286 
-1.180000 135.663536 
-1.179000 135.736430 
-1.178000 135.803965 
-1.177000 135.866139 
-1.176000 135.922949 
-1.175000 135.974393 
-1.174000 136.020470 
-1.173000 136.061176 
-1.172000 136.096511 
-1.171000 136.126473 
-1.170000 136.151061 
-1.169000 136.170273 
-1.168000 136.184111 
-1.167000 136.192571 
-1.166000 136.195656 
-1.165000 136.193363 
-1.164000 136.185694 
-1.163000 136.172648 
-1.162000 136.154227 
-1.161000 136.130430 
-1.160000 136.101259 
-1.159000 136.066715 
-1.158000 136.026800 
-1.157000 135.981514 
-1.156000 135.930860 
-1.155000 135.874840 
-1.154000 135.813455 
-1.153000 135.746709 
-1.152000 135.674604 
-1.151000 135.597143 
-1.150000 135.514328 
-1.149000 135.426164 
-1.148000 135.332653 
-1.147000 135.233800 
-1.146000 135.129607 
-1.145000 135.020080 
-1.144000 134.905223 
-1.143000 134.785040 
-1.142000 134.659536 
-1.141000 134.528715 
-1.140000 134.392584 
-1.139000 134.251147 
-1.138000 134.104410 
-1.137000 133.952379 
-1.136000 133.795060 
-1.135000 133.632459 
-1.134000 133.464582 
-1.133000 133.291436 
-1.132000 133.113028 
-1.131000 132.929365 
-1.130000 132.740454 
-1.129000 132.546303 
-1.128000 132.346919 
-1.127000 132.142310 
-1.126000 131.932484 
-1.125000 131.717451 
-1.124000 131.497217 
-1.123000 131.271791 
-1.122000 131.041184 
-1.121000 130.805403 
-1.120000 130.564458 
-1.119000 130.318358 
-1.118000 130.067114 
-1.117000 129.810735 
-1.116000 129.549232 
-1.115000 129.282614 
-1.114000 129.010892 
-1.113000 128.734077 
-1.112000 128.452180 
-1.111000 128.165211 
-1.110000 127.873183 
-1.109000 127.576107 
-1.108000 127.273995 
-1.107000 126.966857 
-1.106000 126.654708 
-1.105000 126.337558 
-1.104000 126.015420 
-1.103000 125.688308 
-1.102000 125.356234 
-1.101000 125.019211 
-1.100000 124.677252 
-1.099000 124.330371 
-1.098000 123.978582 
-1.097000 123.621899 
-1.096000 123.260335 
-1.095000 122.893905 
-1.094000 122.522623 
-1.093000 122.146505 
-1.092000 121.765564 
-1.091000 121.379816 
-1.090000 120.989276 
-1.089000 120.593960 
-1.088000 120.193883 
-1.087000 119.789061 
-1.086000 119.379510 
-1.085000 118.965246 
-1.084000 118.546286 
-1.083000 118.122645 
-1.082000 117.694341 
-1.081000 117.261391 
-1.080000 116.823811 
-1.079000 116.381620 
-1.078000 115.934834 
-1.077000 115.483471 
-1.076000 115.027549 
-1.075000 114.567086 
-1.074000 114.102100 
-1.073000 113.632609 
-1.072000 113.158633 
-1.071000 112.680189 
-1.070000 112.197296 
-1.069000 111.709975 
-1.068000 111.218243 
-1.067000 110.722120 
-1.066000 110.221627 
-1.065000 109.716782 
-1.064000 109.207605 
-1.063000 108.694117 
-1.062000 108.176339 
-1.061000 107.654289 
-1.060000 107.127990 
-1.059000 106.597461 
-1.058000 106.062724 
-1.057000 105.523800 
-1.056000 104.980710 
-1.055000 104.433475 
-1.054000 103.882118 
-1.053000 103.326660 
-1.052000 102.767122 
-1.051000 102.203527 
-1.050000 101.635898 
-1.049000 101.064256 
-1.048000 100.488624 
-1.047000 99.909025 
-1.046000 99.325482 
-1.045000 98.738018 
-1.044000 98.146656 
-1.043000 97.551419 
-1.042000 96.952330 
-1.041000 96.349415 
-1.040000 95.742695 
-1.039000 95.132196 
-1.038000 94.517942 
-1.037000 93.899955 
-1.036000 93.278262 
-1.035000 92.652887 
-1.034000 92.023853 
-1.033000 91.391187 
-1.032000 90.754912 
-1.031000 90.115055 
-1.030000 89.471640 
-1.029000 88.824693 
-1.028000 88.174240 
-1.027000 87.520305 
-1.026000 86.862915 
-1.025000 86.202097 
-1.024000 85.537875 
-1.023000 84.870276 
-1.022000 84.199326 
-1.021000 83.525053 
-1.020000 82.847482 
-1.019000 82.166640 
-1.018000 81.482555 
-1.017000 80.795252 
-1.016000 80.104761 
-1.015000 79.411106 
-1.014000 78.714317 
-1.013000 78.014420 
-1.012000 77.311444 
-1.011000 76.605415 
-1.010000 75.896362 
-1.009000 75.184313 
-1.008000 74.469295 
-1.007000 73.751338 
-1.006000 73.030469 
-1.005000 72.306717 
-1.004000 71.580110 
-1.003000 70.850678 
-1.002000 70.118448 
-1.001000 69.383450 
-1.000000 68.645714 
-0.999000 67.905267 
-0.998000 67.162139 
-0.997000 66.416360 
-0.996000 65.667959 
-0.995000 64.916966 
-0.994000 64.163409 
-0.993000 63.407320 
-0.992000 62.648727 
-0.991000 61.887661 
-0.990000 61.124152 
-0.989000 60.358230 
-0.988000 59.589925 
-0.987000 58.819268 
-0.986000 58.046288 
-0.985000 57.271017 
-0.984000 56.493485 
-0.983000 55.713722 
-0.982000 54.931760 
-0.981000 54.147630 
-0.980000 53.361362 
-0.979000 52.572987 
-0.978000 51.782537 
-0.977000 50.990042 
-0.976000 50.195535 
-0.975000 49.399045 
-0.974000 48.600606 
-0.973000 47.800248 
-0.972000 46.998003 
-0.971000 46.193902 
-0.970000 45.387978 
-0.969000 44.580262 
-0.968000 43.770786 
-0.967000 42.959582 
-0.966000 42.146682 
-0.965000 41.332119 
-0.964000 40.515923 
-0.963000 39.698128 
-0.962000 38.878766 
-0.961000 38.057869 
-0.960000 37.235469 
-0.959000 36.411600 
-0.958000 35.586293 
-0.957000 34.759581 
-0.956000 33.931497 
-0.955000 33.102073 
-0.954000 32.271342 
-0.953000 31.439338 
-0.952000 30.606092 
-0.951000 29.771638 
-0.950000 28.936009 
-0.949000 28.099237 
-0.948000 27.261356 
-0.947000 26.422399 
-0.946000 25.582399 
-0.945000 24.741388 
-0.944000 23.899401 
-0.943000 23.056471 
-0.942000 22.212630 
-0.941000 21.367912 
-0.940000 20.522351 
-0.939000 19.675980 
-0.938000 18.828832 
-0.937000 17.980940 
-0.936000 17.132339 
-0.935000 16.283061 
-0.934000 15.433140 
-0.933000 14.582610 
-0.932000 13.731505 
-0.931000 12.879857 
-0.930000 12.027701 
-0.929000 11.175070 
-0.928000 10.321998 
-0.927000 9.468519 
-0.926000 8.614665 
-0.925000 7.760472 
-0.924000 6.905972 
-0.923000 6.051199 
-0.922000 5.196188 
-0.921000 4.340971 
-0.920000 3.485583 
-0.919000 2.630058 
-0.918000 1.774429 
-0.917000 0.918729 
-0.916000 0.062993 
-0.915000 -0.792745 
-0.914000 -1.648452 
-0.913000 -2.504093 
-0.912000 -3.359636 
-0.911000 -4.215047 
-0.910000 -5.070290 
-0.909000 -5.925334 
-0.908000 -6.780144 
-0.907000 -7.634686 
-0.906000 -8.488927 
-0.905000 -9.342832 
-0.904000 -10.196369 
-0.903000 -11.049503 
-0.902000 -11.902201 
-0.901000 -12.754430 
-0.900000 -13.606154 
-0.899000 -14.457342 
-0.898000 -15.307958 
-0.897000 -16.157971 
-0.896000 -17.007345 
-0.895000 -17.856048 
-0.894000 -18.704046 
-0.893000 -19.551306 
-0.892000 -20.397794 
-0.891000 -21.243477 
-0.890000 -22.088321 
-0.889000 -22.932293 
-0.888000 -23.775359 
-0.887000 -24.617487 
-0.886000 -25.458643 
-0.885000 -26.298794 
-0.884000 -27.137907 
-0.883000 -27.975949 
-0.882000 -28.812886 
-0.881000 -29.648685 
-0.880000 -30.483315 
-0.879000 -31.316740 
-0.878000 -32.148930 
-0.877000 -32.979850 
-0.876000 -33.809468 
-0.875000 -34.637751 
-0.874000 -35.464667 
-0.873000 -36.290183 
-0.872000 -37.114266 
-0.871000 -37.936884 
-0.870000 -38.758005 
-0.869000 -39.577595 
-0.868000 -40.395623 
-0.867000 -41.212056 
-0.866000 -42.026862 
-0.865000 -42.840009 
-0.864000 -43.651464 
-0.863000 -44.461197 
-0.862000 -45.269174 
-0.861000 -46.075364 
-0.860000 -46.879735 
-0.859000 -47.682255 
-0.858000 -48.482893 
-0.857000 -49.281617 
-0.856000 -50.078395 
-0.855000 -50.873196 
-0.854000 -51.665989 
-0.853000 -52.456742 
-0.852000 -53.245425 
-0.851000 -54.032005 
-0.850000 -54.816452 
-0.849000 -55.598735 
-0.848000 -56.378823 
-0.847000 -57.156686 
-0.846000 -57.932292 
-0.845000 -58.705610 
-0.844000 -59.476612 
-0.843000 -60.245265 
-0.842000 -61.011540 
-0.841000 -61.775406 
-0.840000 -62.536834 
-0.839000 -63.295792 
-0.838000 -64.052252 
-0.837000 -64.806183 
-0.836000 -65.557556 
-0.835000 -66.306341 
-0.834000 -67.052507 
-0.833000 -67.796027 
-0.832000 -68.536871 
-0.831000 -69.275008 
-0.830000 -70.010411 
-0.829000 -70.743050 
-0.828000 -71.472896 
-0.827000 -72.199920 
-0.826000 -72.924095 
-0.825000 -73.645390 
-0.824000 -74.363778 
-0.823000 -75.079230 
-0.822000 -75.791718 
-0.821000 -76.501214 
-0.820000 -77.207689 
-0.819000 -77.911117 
-0.818000 -78.611469 
-0.817000 -79.308717 
-0.816000 -80.002835 
-0.815000 -80.693794 
-0.814000 -81.381568 
-0.813000 -82.066128 
-0.812000 -82.747449 
-0.811000 -83.425503 
-0.810000 -84.100264 
-0.809000 -84.771705 
-0.808000 -85.439798 
-0.807000 -86.104519 
-0.806000 -86.765841 
-0.805000 -87.423737 
-0.804000 -88.078182 
-0.803000 -88.729150 
-0.802000 -89.376615 
-0.801000 -90.020551 
-0.800000 -90.660934 
-0.799000 -91.297737 
-0.798000 -91.930936 
-0.797000 -92.560506 
-0.796000 -93.186422 
-0.795000 -93.808659 
-0.794000 -94.427192 
-0.793000 -95.041998 
-0.792000 -95.653051 
-0.791000 -96.260329 
-0.790000 -96.863806 
-0.789000 -97.463459 
-0.788000 -98.059264 
-0.787000 -98.651199 
-0.786000 -99.239238 
-0.785000 -99.823360 
-0.784000 -100.403541 
-0.783000 -100.979758 
-0.782000 -101.551989 
-0.781000 -102.120211 
-0.780000 -102.684401 
-0.779000 -103.244537 
-0.778000 -103.800597 
-0.777000 -104.352560 
-0.776000 -104.900403 
-0.775000 -105.444104 
-0.774000 -105.983643 
-0.773000 -106.518998 
-0.772000 -107.050147 
-0.771000 -107.577071 
-0.770000 -108.099747 
-0.769000 -108.618156 
-0.768000 -109.132277 
-0.767000 -109.642089 
-0.766000 -110.147573 
-0.765000 -110.648709 
-0.764000 -111.145476 
-0.763000 -111.637856 
-0.762000 -112.125828 
-0.761000 -112.609373 
-0.760000 -113.088474 
-0.759000 -113.563109 
-0.758000 -114.033261 
-0.757000 -114.498912 
-0.756000 -114.960042 
-0.755000 -115.416634 
-0.754000 -115.868669 
-0.753000 -116.316130 
-0.752000 -116.758999 
-0.751000 -117.197258 
-0.750000 -117.630891 
-0.749000 -118.059880 
-0.748000 -118.484208 
-0.747000 -118.903859 
-0.746000 -119.318815 
-0.745000 -119.729061 
-0.744000 -120.134581 
-0.743000 -120.535357 
-0.742000 -120.931375 
-0.741000 -121.322619 
-0.740000 -121.709074 
-0.739000 -122.090723 
-0.738000 -122.467552 
-0.737000 -122.839547 
-0.736000 -123.206692 
-0.735000 -123.568974 
-0.734000 -123.926376 
-0.733000 -124.278887 
-0.732000 -124.626491 
-0.731000 -124.969175 
-0.730000 -125.306926 
-0.729000 -125.639729 
-0.728000 -125.967573 
-0.727000 -126.290444 
-0.726000 -126.608329 
-0.725000 -126.921215 
-0.724000 -127.229091 
-0.723000 -127.531944 
-0.722000 -127.829763 
-0.721000 -128.122535 
-0.720000 -128.410249 
-0.719000 -128.692893 
-0.718000 -128.970457 
-0.717000 -129.242930 
-0.716000 -129.510300 
-0.715000 -129.772557 
-0.714000 -130.029691 
-0.713000 -130.281692 
-0.712000 -130.528549 
-0.711000 -130.770254 
-0.710000 -131.006795 
-0.709000 -131.238165 
-0.708000 -131.464354 
-0.707000 -131.685353 
-0.706000 -131.901153 
-0.705000 -132.111746 
-0.704000 -132.317123 
-0.703000 -132.517277 
-0.702000 -132.712199 
-0.701000 -132.901882 
-0.700000 -133.086318 
-0.699000 -133.265500 
-0.698000 -133.439421 
-0.697000 -133.608074 
-0.696000 -133.771452 
-0.695000 -133.929550 
-0.694000 -134.082360 
-0.693000 -134.229876 
-0.692000 -134.372094 
-0.691000 -134.509007 
-0.690000 -134.640609 
-0.689000 -134.766897 
-0.688000 -134.887863 
-0.687000 -135.003505 
-0.686000 -135.113817 
-0.685000 -135.218795 
-0.684000 -135.318435 
-0.683000 -135.412732 
-0.682000 -135.501684 
-0.681000 -135.585286 
-0.680000 -135.663536 
-0.679000 -135.736430 
-0.678000 -135.803965 
-0.677000 -135.866139 
-0.676000 -135.922949 
-0.675000 -135.974393 
-0.674000 -136.020470 
-0.673000 -136.061176 
-0.672000 -136.096511 
-0.671000 -136.126473 
-0.670000 -136.151061 
-0.669000 -136.170273 
-0.668000 -136.184111 
-0.667000 -136.192571 
-0.666000 -136.195656 
-0.665000 -136.193363 
-0.664000 -136.185694 
-0.663000 -136.172648 
-0.662000 -136.154227 
-0.661000 -136.130430 
-0.660000 -136.101259 
-0.659000 -136.066715 
-0.658000 -136.026800 
-0.657000 -135.981514 
-0.656000 -135.930860 
-0.655000 -135.874840 
-0.654000 -135.813455 
-0.653000 -135.746709 
-0.652000 -135.674604 
-0.651000 -135.597143 
-0.650000 -135.514328 
-0.649000 -135.426164 
-0.648000 -135.332653 
-0.647000 -135.233800 
-0.646000 -135.129607 
-0.645000 -135.020080 
-0.644000 -134.905223 
-0.643000 -134.785040 
-0.642000 -134.659536 
-0.641000 -134.528715 
-0.640000 -134.392584 
-0.639000 -134.251147 
-0.638000 -134.104410 
-0.637000 -133.952379 
-0.636000 -133.795060 
-0.635000 -133.632459 
-0.634000 -133.464582 
-0.633000 -133.291436 
-0.632000 -133.113028 
-0.631000 -132.929365 
-0.630000 -132.740454 
-0.629000 -132.546303 
-0.628000 -132.346919 
-0.627000 -132.142310 
-0.626000 -131.932484 
-0.625000 -131.717451 
-0.624000 -131.497217 
-0.623000 -131.271791 
-0.622000 -131.041184 
-0.621000 -130.805403 
-0.620000 -130.564458 
-0.619000 -130.318358 
-0.618000 -130.067114 
-0.617000 -129.810735 
-0.616000 -129.549232 
-0.615000 -129.282614 
-0.614000 -129.010892 
-0.613000 -128.734077 
-0.612000 -128.452180 
-0.611000 -128.165211 
-0.610000 -127.873183 
-0.609000 -127.576107 
-0.608000 -127.273995 
-0.607000 -126.966857 
-0.606000 -126.654708 
-0.605000 -126.337558 
-0.604000 -126.015420 
-0.603000 -125.688308 
-0.602000 -125.356234 
-0.601000 -125.019211 
-0.600000 -124.677252 
-0.599000 -124.330371 
-0.598000 -123.978582 
-0.597000 -123.621899 
-0.596000 -123.260335 
-0.595000 -122.893905 
-0.594000 -122.522623 
-0.593000 -122.146505 
-0.592000 -121.765564 
-0.591000 -121.379816 
-0.590000 -120.989276 
-0.589000 -120.593960 
-0.588000 -120.193883 
-0.587000 -119.789061 
-0.586000 -119.379510 
-0.585000 -118.965246 
-0.584000 -118.546286 
-0.583000 -118.122645 
-0.582000 -117.694341 
-0.581000 -117.261391 
-0.580000 -116.823811 
-0.579000 -116.381620 
-0.578000 -115.934834 
-0.577000 -115.483471 
-0.576000 -115.027549 
-0.575000 -114.567086 
-0.574000 -114.102100 
-0.573000 -113.632609 
-0.572000 -113.158633 
-0.571000 -112.680189 
-0.570000 -112.197296 
-0.569000 -111.709975 
-0.568000 -111.218243 
-0.567000 -110.722120 
-0.566000 -110.221627 
-0.565000 -109.716782 
-0.564000 -109.207605 
-0.563000 -108.694117 
-0.562000 -108.176339 
-0.561000 -107.654289 
-0.560000 -107.127990 
-0.559000 -106.597461 
-0.558000 -106.062724 
-0.557000 -105.523800 
-0.556000 -104.980710 
-0.555000 -104.433475 
-0.554000 -103.882118 
-0.553000 -103.326660 
-0.552000 -102.767122 
-0.551000 -102.203527 
-0.550000 -101.635898 
-0.549000 -101.064256 
-0.548000 -100.488624 
-0.547000 -99.909025 
-0.546000 -99.325482 
-0.545000 -98.738018 
-0.544000 -98.146656 
-0.543000 -97.551419 
-0.542000 -96.952330 
-0.541000 -96.349415 
-0.540000 -95.742695 
-0.539000 -95.132196 
-0.538000 -94.517942 
-0.537000 -93.899955 
-0.536000 -93.278262 
-0.535000 -92.652887 
-0.534000 -92.023853 
-0.533000 -91.391187 
-0.532000 -90.754912 
-0.531000 -90.115055 
-0.530000 -89.471640 
-0.529000 -88.824693 
-0.528000 -88.174240 
-0.527000 -87.520305 
-0.526000 -86.862915 
-0.525000 -86.202097 
-0.524000 -85.537875 
-0.523000 -84.870276 
-0.522000 -84.199326 
-0.521000 -83.525053 
-0.520000 -82.847482 
-0.519000 -82.166640 
-0.518000 -81.482555 
-0.517000 -80.795252 
-0.516000 -80.104761 
-0.515000 -79.411106 
-0.514000 -78.714317 
-0.513000 -78.014420 
-0.512000 -77.311444 
-0.511000 -76.605415 
-0.510000 -75.896362 
-0.509000 -75.184313 
-0.508000 -74.469295 
-0.507000 -73.751338 
-0.506000 -73.030469 
-0.505000 -72.306717 
-0.504000 -71.580110 
-0.503000 -70.850678 
-0.502000 -70.118448 
-0.501000 -69.383450 
-0.500000 -68.645714 
-0.499000 -67.905267 
-0.498000 -67.162139 
-0.497000 -66.416360 
-0.496000 -65.667959 
-0.495000 -64.916966 
-0.494000 -64.163409 
-0.493000 -63.407320 
-0.492000 -62.648727 
-0.491000 -61.887661 
-0.490000 -61.124152 
-0.489000 -60.358230 
-0.488000 -59.589925 
-0.487000 -58.819268 
-0.486000 -58.046288 
-0.485000 -57.271017 
-0.484000 -56.493485 
-0.483000 -55.713722 
-0.482000 -54.931760 
-0.481000 -54.147630 
-0.480000 -53.361362 
-0.479000 -52.572987 
-0.478000 -51.782537 
-0.477000 -50.990042 
-0.476000 -50.195535 
-0.475000 -49.399045 
-0.474000 -48.600606 
-0.473000 -47.800248 
-0.472000 -46.998003 
-0.471000 -46.193902 
-0.470000 -45.387978 
-0.469000 -44.580262 
-0.468000 -43.770786 
-0.467000 -42.959582 
-0.466000 -42.146682 
-0.465000 -41.332119 
-0.464000 -40.515923 
-0.463000 -39.698128 
-0.462000 -38.878766 
-0.461000 -38.057869 
-0.460000 -37.235469 
-0.459000 -36.411600 
-0.458000 -35.586293 
-0.457000 -34.759581 
-0.456000 -33.931497 
-0.455000 -33.102073 
-0.454000 -32.271342 
-0.453000 -31.439338 
-0.452000 -30.606092 
-0.451000 -29.771638 
-0.450000 -28.936009 
-0.449000 -28.099237 
-0.448000 -27.261356 
-0.447000 -26.422399 
-0.446000 -25.582399 
-0.445000 -24.741388 
-0.444000 -23.899401 
-0.443000 -23.056471 
-0.442000 -22.212630 
-0.441000 -21.367912 
-0.440000 -20.522351 
-0.439000 -19.675980 
-0.438000 -18.828832 
-0.437000 -17.980940 
-0.436000 -17.132339 
-0.435000 -16.283061 
-0.434000 -15.433140 
-0.433000 -14.582610 
-0.432000 -13.731505 
-0.431000 -12.879857 
-0.430000 -12.027701 
-0.429000 -11.175070 
-0.428000 -10.321998 
-0.427000 -9.468519 
-0.426000 -8.614665 
-0.425000 -7.760472 
-0.424000 -6.905972 
-0.423000 -6.051199 
-0.422000 -5.196188 
-0.421000 -4.340971 
-0.420000 -3.485583 
-0.419000 -2.630058 
-0.418000 -1.774429 
-0.417000 -0.918729 
-0.416000 -0.062993 
-0.415000 0.792745 
-0.414000 1.648452 
-0.413000 2.504093 
-0.412000 3.359636 
-0.411000 4.215047 
-0.410000 5.070290 
-0.409000 5.925334 
-0.408000 6.780144 
-0.407000 7.634686 
-0.406000 8.488927 
-0.405000 9.342832 
-0.404000 10.196369 
-0.403000 11.049503 
-0.402000 11.902201 
-0.401000 12.754430 
-0.400000 13.606154 
-0.399000 14.457342 
-0.398000 15.307958 
-0.397000 16.157971 
-0.396000 17.007345 
-0.395000 17.856048 
-0.394000 18.704046 
-0.393000 19.551306 
-0.392000 20.397794 
-0.391000 21.243477 
-0.390000 22.088321 
-0.389000 22.932293 
-0.388000 23.775359 
-0.387000 24.617487 
-0.386000 25.458643 
-0.385000 26.298794 
-0.384000 27.137907 
-0.383000 27.975949 
-0.382000 28.812886 
-0.381000 29.648685 
-0.380000 30.483315 
-0.379000 31.316740 
-0.378000 32.148930 
-0.377000 32.979850 
-0.376000 33.809468 
-0.375000 34.637751 
-0.374000 35.464667 
-0.373000 36.290183 
-0.372000 37.114266 
-0.371000 37.936884 
-0.370000 38.758005 
-0.369000 39.577595 
-0.368000 40.395623 
-0.367000 41.212056 
-0.366000 42.026862 
-0.365000 42.840009 
-0.364000 43.651464 
-0.363000 44.461197 
-0.362000 45.269174 
-0.361000 46.075364 
-0.360000 46.879735 
-0.359000 47.682255 
-0.358000 48.482893 
-0.357000 49.281617 
-0.356000 50.078395 
-0.355000 50.873196 
-0.354000 51.665989 
-0.353000 52.456742 
-0.352000 53.245425 
-0.351000 54.032005 
-0.350000 54.816452 
-0.349000 55.598735 
-0.348000 56.378823 
-0.347000 57.156686 
-0.346000 57.932292 
-0.345000 58.705610 
-0.344000 59.476612 
-0.343000 60.245265 
-0.342000 61.011540 
-0.341000 61.775406 
-0.340000 62.536834 
-0.339000 63.295792 
-0.338000 64.052252 
-0.337000 64.806183 
-0.336000 65.557556 
-0.335000 66.306341 
-0.334000 67.052507 
-0.333000 67.796027 
-0.332000 68.536871 
-0.331000 69.275008 
-0.330000 70.010411 
-0.329000 70.743050 
-0.328000 71.472896 
-0.327000 72.199920 
-0.326000 72.924095 
-0.325000 73.645390 
-0.324000 74.363778 
-0.323000 75.079230 
-0.322000 75.791718 
-0.321000 76.501214 
-0.320000 77.207689 
-0.319000 77.911117 
-0.318000 78.611469 
-0.317000 79.308717 
-0.316000 80.002835 
-0.315000 80.693794 
-0.314000 81.381568 
-0.313000 82.066128 
-0.312000 82.747449 
-0.311000 83.425503 
-0.310000 84.100264 
-0.309000 84.771705 
-0.308000 85.439798 
-0.307000 86.104519 
-0.306000 86.765841 
-0.305000 87.423737 
-0.304000 88.078182 
-0.303000 88.729150 
-0.302000 89.376615 
-0.301000 90.020551 
-0.300000 90.660934 
-0.299000 91.297737 
-0.298000 91.930936 
-0.297000 92.560506 
-0.296000 93.186422 
-0.295000 93.808659 
-0.294000 94.427192 
-0.293000 95.041998 
-0.292000 95.653051 
-0.291000 96.260329 
-0.290000 96.863806 
-0.289000 97.463459 
-0.288000 98.059264 
-0.287000 98.651199 
-0.286000 99.239238 
-0.285000 99.823360 
-0.284000 100.403541 
-0.283000 100.979758 
-0.282000 101.551989 
-0.281000 102.120211 
-0.280000 102.684401 
-0.279000 103.244537 
-0.278000 103.800597 
-0.277000 104.352560 
-0.276000 104.900403 
-0.275000 105.444104 
-0.274000 105.983643 
-0.273000 106.518998 
-0.272000 107.050147 
-0.271000 107.577071 
-0.270000 108.099747 
-0.269000 108.618156 
-0.268000 109.132277 
-0.267000 109.642089 
-0.266000 110.147573 
-0.265000 110.648709 
-0.264000 111.145476 
-0.263000 111.637856 
-0.262000 112.125828 
-0.261000 112.609373 
-0.260000 113.088474 
-0.259000 113.563109 
-0.258000 114.033261 
-0.257000 114.498912 
-0.256000 114.960042 
-0.255000 115.416634 
-0.254000 115.868669 
-0.253000 116.316130 
-0.252000 116.758999 
-0.251000 117.197258 
-0.250000 117.630891 
-0.249000 118.059880 
-0.248000 118.484208 
-0.247000 118.903859 
-0.246000 119.318815 
-0.245000 119.729061 
-0.244000 120.134581 
-0.243000 120.535357 
-0.242000 120.931375 
-0.241000 121.322619 
-0.240000 121.709074 
-0.239000 122.090723 
-0.238000 122.467552 
-0.237000 122.839547 
-0.236000 123.206692 
-0.235000 123.568974 
-0.234000 123.926376 
-0.233000 124.278887 
-0.232000 124.626491 
-0.231000 124.969175 
-0.230000 125.306926 
-0.229000 125.639729 
-0.228000 125.967573 
-0.227000 126.290444 
-0.226000 126.608329 
-0.225000 126.921215 
-0.224000 127.229091 
-0.223000 127.531944 
-0.222000 127.829763 
-0.221000 128.122535 
-0.220000 128.410249 
-0.219000 128.692893 
-0.218000 128.970457 
-0.217000 129.242930 
-0.216000 129.510300 
-0.215000 129.772557 
-0.214000 130.029691 
-0.213000 130.281692 
-0.212000 130.528549 
-0.211000 130.770254 
-0.210000 131.006795 
-0.209000 131.238165 
-0.208000 131.464354 
-0.207000 131.685353 
-0.206000 131.901153 
-0.205000 132.111746 
-0.204000 132.317123 
-0.203000 132.517277 
-0.202000 132.712199 
-0.201000 132.901882 
-0.200000 133.086318 
-0.199000 133.265500 
-0.198000 133.439421 
-0.197000 133.608074 
-0.196000 133.771452 
-0.195000 133.929550 
-0.194000 134.082360 
-0.193000 134.229876 
-0.192000 134.372094 
-0.191000 134.509007 
-0.190000 134.640609 
-0.189000 134.766897 
-0.188000 134.887863 
-0.187000 135.003505 
-0.186000 135.113817 
-0.185000 135.218795 
-0.184000 135.318435 
-0.183000 135.412732 
-0.182000 135.501684 
-0.181000 135.585286 
-0.180000 135.663536 
-0.179000 135.736430 
-0.178000 135.803965 
-0.177000 135.866139 
-0.176000 135.922949 
-0.175000 135.974393 
-0.174000 136.020470 
-0.173000 136.061176 
-0.172000 136.096511 
-0.171000 136.126473 
-0.170000 136.151061 
-0.169000 136.170273 
-0.168000 136.184111 
-0.167000 136.192571 
-0.166000 136.195656 
-0.165000 136.193363 
-0.164000 136.185694 
-0.163000 136.172648 
-0.162000 136.154227 
-0.161000 136.130430 
-0.160000 136.101259 
-0.159000 136.066715 
-0.158000 136.026800 
-0.157000 135.981514 
-0.156000 135.930860 
-0.155000 135.874840 
-0.154000 135.813455 
-0.153000 135.746709 
-0.152000 135.674604 
-0.151000 135.597143 
-0.150000 135.514328 
-0.149000 135.426164 
-0.148000 135.332653 
-0.147000 135.233800 
-0.146000 135.129607 
-0.145000 135.020080 
-0.144000 134.905223 
-0.143000 134.785040 
-0.142000 134.659536 
-0.141000 134.528715 
-0.140000 134.392584 
-0.139000 134.251147 
-0.138000 134.104410 
-0.137000 133.952379 
-0.136000 133.795060 
-0.135000 133.632459 
-0.134000 133.464582 
-0.133000 133.291436 
-0.132000 133.113028 
-0.131000 132.929365 
-0.130000 132.740454 
-0.129000 132.546303 
-0.128000 132.346919 
-0.127000 132.142310 
-0.126000 131.932484 
-0.125000 131.717451 
-0.124000 131.497217 
-0.123000 131.271791 
-0.122000 131.041184 
-0.121000 130.805403 
-0.120000 130.564458 
-0.119000 130.318358 
-0.118000 130.067114 
-0.117000 129.810735 
-0.116000 129.549232 
-0.115000 129.282614 
-0.114000 129.010892 
-0.113000 128.734077 
-0.112000 128.452180 
-0.111000 128.165211 
-0.110000 127.873183 
-0.109000 127.576107 
-0.108000 127.273995 
-0.107000 126.966857 
-0.106000 126.654708 
-0.105000 126.337558 
-0.104000 126.015420 
-0.103000 125.688308 
-0.102000 125.356234 
-0.101000 125.019211 
-0.100000 124.677252 
-0.099000 124.330371 
-0.098000 123.978582 
-0.097000 123.621899 
-0.096000 123.260335 
-0.095000 122.893905 
-0.094000 122.522623 
-0.093000 122.146505 
-0.092000 121.765564 
-0.091000 121.379816 
-0.090000 120.989276 
-0.089000 120.593960 
-0.088000 120.193883 
-0.087000 119.789061 
-0.086000 119.379510 
-0.085000 118.965246 
-0.084000 118.546286 
-0.083000 118.122645 
-0.082000 117.694341 
-0.081000 117.261391 
-0.080000 116.823811 
-0.079000 116.381620 
-0.078000 115.934834 
-0.077000 115.483471 
-0.076000 115.027549 
-0.075000 114.567086 
-0.074000 114.102100 
-0.073000 113.632609 
-0.072000 113.158633 
-0.071000 112.680189 
-0.070000 112.197296 
-0.069000 111.709975 
-0.068000 111.218243 
-0.067000 110.722120 
-0.066000 110.221627 
-0.065000 109.716782 
-0.064000 109.207605 
-0.063000 108.694117 
-0.062000 108.176339 
-0.061000 107.654289 
-0.060000 107.127990 
-0.059000 106.597461 
-0.058000 106.062724 
-0.057000 105.523800 
-0.056000 104.980710 
-0.055000 104.433475 
-0.054000 103.882118 
-0.053000 103.326660 
-0.052000 102.767122 
-0.051000 102.203527 
-0.050000 101.635898 
-0.049000 101.064256 
-0.048000 100.488624 
-0.047000 99.909025 
-0.046000 99.325482 
-0.045000 98.738018 
-0.044000 98.146656 
-0.043000 97.551419 
-0.042000 96.952330 
-0.041000 96.349415 
-0.040000 95.742695 
-0.039000 95.132196 
-0.038000 94.517942 
-0.037000 93.899955 
-0.036000 93.278262 
-0.035000 92.652887 
-0.034000 92.023853 
-0.033000 91.391187 
-0.032000 90.754912 
-0.031000 90.115055 
-0.030000 89.471640 
-0.029000 88.824693 
-0.028000 88.174240 
-0.027000 87.520305 
-0.026000 86.862915 
-0.025000 86.202097 
-0.024000 85.537875 
-0.023000 84.870276 
-0.022000 84.199326 
-0.021000 83.525053 
-0.020000 82.847482 
-0.019000 82.166640 
-0.018000 81.482555 
-0.017000 80.795252 
-0.016000 80.104761 
-0.015000 79.411106 
-0.014000 78.714317 
-0.013000 78.014420 
-0.012000 77.311444 
-0.011000 76.605415 
-0.010000 75.896362 
-0.009000 75.184313 
-0.008000 74.469295 
-0.007000 73.751338 
-0.006000 73.030469 
-0.005000 72.306717 
-0.004000 71.580110 
-0.003000 70.850678 
-0.002000 70.118448 
-0.001000 69.383450 
-0.000000 68.645714 
0.001000 67.905267 
0.002000 67.162139 
0.003000 66.416360 
0.004000 65.667959 
0.005000 64.916966 
0.006000 64.163409 
0.007000 63.407320 
0.008000 62.648727 
0.009000 61.887661 
0.010000 61.124152 
0.011000 60.358230 
0.012000 59.589925 
0.013000 58.819268 
0.014000 58.046288 
0.015000 57.271017 
0.016000 56.493485 
0.017000 55.713722 
0.018000 54.931760 
0.019000 54.147630 
0.020000 53.361362 
0.021000 52.572987 
0.022000 51.782537 
0.023000 50.990042 
0.024000 50.195535 
0.025000 49.399045 
0.026000 48.600606 
0.027000 47.800248 
0.028000 46.998003 
0.029000 46.193902 
0.030000 45.387978 
0.031000 44.580262 
0.032000 43.770786 
0.033000 42.959582 
0.034000 42.146682 
0.035000 41.332119 
0.036000 40.515923 
0.037000 39.698128 
0.038000 38.878766 
0.039000 38.057869 
0.040000 37.235469 
0.041000 36.411600 
0.042000 35.586293 
0.043000 34.759581 
0.044000 33.931497 
0.045000 33.102073 
0.046000 32.271342 
0.047000 31.439338 
0.048000 30.606092 
0.049000 29.771638 
0.050000 28.936009 
0.051000 28.099237 
0.052000 27.261356 
0.053000 26.422399 
0.054000 25.582399 
0.055000 24.741388 
0.056000 23.899401 
0.057000 23.056471 
0.058000 22.212630 
0.059000 21.367912 
0.060000 20.522351 
0.061000 19.675980 
0.062000 18.828832 
0.063000 17.980940 
0.064000 17.132339 
0.065000 16.283061 
0.066000 15.433140 
0.067000 14.582610 
0.068000 13.731505 
0.069000 12.879857 
0.070000 12.027701 
0.071000 11.175070 
0.072000 10.321998 
0.073000 9.468519 
0.074000 8.614665 
0.075000 7.760472 
0.076000 6.905972 
0.077000 6.051199 
0.078000 5.196188 
0.079000 4.340971 
0.080000 3.485583 
0.081000 2.630058 
0.082000 1.774429 
0.083000 0.918729 
0.084000 0.062993 
0.085000 -0.792745 
0.086000 -1.648452 
0.087000 -2.504093 
0.088000 -3.359636 
0.089000 -4.215047 
0.090000 -5.070290 
0.091000 -5.925334 
0.092000 -6.780144 
0.093000 -7.634686 
0.094000 -8.488927 
0.095000 -9.342832 
0.096000 -10.196369 
0.097000 -11.049503 
0.098000 -11.902201 
0.099000 -12.754430 
0.100000 -13.606154 
0.101000 -14.457342 
0.102000 -15.307958 
0.103000 -16.157971 
0.104000 -17.007345 
0.105000 -17.856048 
0.106000 -18.704046 
0.107000 -19.551306 
0.108000 -20.397794 
0.109000 -21.243477 
0.110000 -22.088321 
0.111000 -22.932293 
0.112000 -23.775359 
0.113000 -24.617487 
0.114000 -25.458643 
0.115000 -26.298794 
0.116000 -27.137907 
0.117000 -27.975949 
0.118000 -28.812886 
0.119000 -29.648685 
0.120000 -30.483315 
0.121000 -31.316740 
0.122000 -32.148930 
0.123000 -32.979850 
0.124000 -33.809468 
0.125000 -34.637751 
0.126000 -35.464667 
0.127000 -36.290183 
0.128000 -37.114266 
0.129000 -37.936884 
0.130000 -38.758005 
0.131000 -39.577595 
0.132000 -40.395623 
0.133000 -41.212056 
0.134000 -42.026862 
0.135000 -42.840009 
0.136000 -43.651464 
0.137000 -44.461197 
0.138000 -45.269174 
0.139000 -46.075364 
0.140000 -46.879735 
0.141000 -47.682255 
0.142000 -48.482893 
0.143000 -49.281617 
0.144000 -50.078395 
0.145000 -50.873196 
0.146000 -51.665989 
0.147000 -52.456742 
0.148000 -53.245425 
0.149000 -54.032005 
0.150000 -54.816452 
0.151000 -55.598735 
0.152000 -56.378823 
0.153000 -57.156686 
0.154000 -57.932292 
0.155000 -58.705610 
0.156000 -59.476612 
0.157000 -60.245265 
0.158000 -61.011540 
0.159000 -61.775406 
0.160000 -62.536834 
0.161000 -63.295792 
0.162000 -64.052252 
0.163000 -64.806183 
0.164000 -65.557556 
0.165000 -66.306341 
0.166000 -67.052507 
0.167000 -67.796027 
0.168000 -68.536871 
0.169000 -69.275008 
0.170000 -70.010411 
0.171000 -70.743050 
0.172000 -71.472896 
0.173000 -72.199920 
0.174000 -72.924095 
0.175000 -73.645390 
0.176000 -74.363778 
0.177000 -75.079230 
0.178000 -75.791718 
0.179000 -76.501214 
0.180000 -77.207689 
0.181000 -77.911117 
0.182000 -78.611469 
0.183000 -79.308717 
0.184000 -80.002835 
0.185000 -80.693794 
0.186000 -81.381568 
0.187000 -82.066128 
0.188000 -82.747449 
0.189000 -83.425503 
0.190000 -84.100264 
0.191000 -84.771705 
0.192000 -85.439798 
0.193000 -86.104519 
0.194000 -86.765841 
0.195000 -87.423737 
0.196000 -88.078182 
0.197000 -88.729150 
0.198000 -89.376615 
0.199000 -90.020551 
0.200000 -90.660934 
0.201000 -91.297737 
0.202000 -91.930936 
0.203000 -92.560506 
0.204000 -93.186422 
0.205000 -93.808659 
0.206000 -94.427192 
0.207000 -95.041998 
0.208000 -95.653051 
0.209000 -96.260329 
0.210000 -96.863806 
0.211000 -97.463459 
0.212000 -98.059264 
0.213000 -98.651199 
0.214000 -99.239238 
0.215000 -99.823360 
0.216000 -100.403541 
0.217000 -100.979758 
0.218000 -101.551989 
0.219000 -102.120211 
0.220000 -102.684401 
0.221000 -103.244537 
0.222000 -103.800597 
0.223000 -104.352560 
0.224000 -104.900403 
0.225000 -105.444104 
0.226000 -105.983643 
0.227000 -106.518998 
0.228000 -107.050147 
0.229000 -107.577071 
0.230000 -108.099747 
0.231000 -108.618156 
0.232000 -109.132277 
0.233000 -109.642089 
0.234000 -110.147573 
0.235000 -110.648709 
0.236000 -111.145476 
0.237000 -111.637856 
0.238000 -112.125828 
0.239000 -112.609373 
0.240000 -113.088474 
0.241000 -113.563109 
0.242000 -114.033261 
0.243000 -114.498912 
0.244000 -114.960042 
0.245000 -115.416634 
0.246000 -115.868669 
0.247000 -116.316130 
0.248000 -116.758999 
0.249000 -117.197258 
0.250000 -117.630891 
0.251000 -118.059880 
0.252000 -118.484208 
0.253000 -118.903859 
0.254000 -119.318815 
0.255000 -119.729061 
0.256000 -120.134581 
0.257000 -120.535357 
0.258000 -120.931375 
0.259000 -121.322619 
0.260000 -121.709074 
0.261000 -122.090723 
0.262000 -122.467552 
0.263000 -122.839547 
0.264000 -123.206692 
0.265000 -123.568974 
0.266000 -123.926376 
0.267000 -124.278887 
0.268000 -124.626491 
0.269000 -124.969175 
0.270000 -125.306926 
0.271000 -125.639729 
0.272000 -125.967573 
0.273000 -126.290444 
0.274000 -126.608329 
0.275000 -126.921215 
0.276000 -127.229091 
0.277000 -127.531944 
0.278000 -127.829763 
0.279000 -128.122535 
0.280000 -128.410249 
0.281000 -128.692893 
0.282000 -128.970457 
0.283000 -129.242930 
0.284000 -129.510300 
0.285000 -129.772557 
0.286000 -130.029691 
0.287000 -130.281692 
0.288000 -130.528549 
0.289000 -130.770254 
0.290000 -131.006795 
0.291000 -131.238165 
0.292000 -131.464354 
0.293000 -131.685353 
0.294000 -131.901153 
0.295000 -132.111746 
0.296000 -132.317123 
0.297000 -132.517277 
0.298000 -132.712199 
0.299000 -132.901882 
0.300000 -133.086318 
0.301000 -133.265500 
0.302000 -133.439421 
0.303000 -133.608074 
0.304000 -133.771452 
0.305000 -133.929550 
0.306000 -134.082360 
0.307000 -134.229876 
0.308000 -134.372094 
0.309000 -134.509007 
0.310000 -134.640609 
0.311000 -134.766897 
0.312000 -134.887863 
0.313000 -135.003505 
0.314000 -135.113817 
0.315000 -135.218795 
0.316000 -135.318435 
0.317000 -135.412732 
0.318000 -135.501684 
0.319000 -135.585286 
0.320000 -135.663536 
0.321000 -135.736430 
0.322000 -135.803965 
0.323000 -135.866139 
0.324000 -135.922949 
0.325000 -135.974393 
0.326000 -136.020470 
0.327000 -136.061176 
0.328000 -136.096511 
0.329000 -136.126473 
0.330000 -136.151061 
0.331000 -136.170273 
0.332000 -136.184111 
0.333000 -136.192571 
0.334000 -136.195656 
0.335000 -136.193363 
0.336000 -136.185694 
0.337000 -136.172648 
0.338000 -136.154227 
0.339000 -136.130430 
0.340000 -136.101259 
0.341000 -136.066715 
0.342000 -136.026800 
0.343000 -135.981514 
0.344000 -135.930860 
0.345000 -135.874840 
0.346000 -135.813455 
0.347000 -135.746709 
0.348000 -135.674604 
0.349000 -135.597143 
0.350000 -135.514328 
0.351000 -135.426164 
0.352000 -135.332653 
0.353000 -135.233800 
0.354000 -135.129607 
0.355000 -135.020080 
0.356000 -134.905223 
0.357000 -134.785040 
0.358000 -134.659536 
0.359000 -134.528715 
0.360000 -134.392584 
0.361000 -134.251147 
0.362000 -134.104410 
0.363000 -133.952379 
0.364000 -133.795060 
0.365000 -133.632459 
0.366000 -133.464582 
0.367000 -133.291436 
0.368000 -133.113028 
0.369000 -132.929365 
0.370000 -132.740454 
0.371000 -132.546303 
0.372000 -132.346919 
0.373000 -132.142310 
0.374000 -131.932484 
0.375000 -131.717451 
0.376000 -131.497217 
0.377000 -131.271791 
0.378000 -131.041184 
0.379000 -130.805403 
0.380000 -130.564458 
0.381000 -130.318358 
0.382000 -130.067114 
0.383000 -129.810735 
0.384000 -129.549232 
0.385000 -129.282614 
0.386000 -129.010892 
0.387000 -128.734077 
0.388000 -128.452180 
0.389000 -128.165211 
0.390000 -127.873183 
0.391000 -127.576107 
0.392000 -127.273995 
0.393000 -126.966857 
0.394000 -126.654708 
0.395000 -126.337558 
0.396000 -126.015420 
0.397000 -125.688308 
0.398000 -125.356234 
0.399000 -125.019211 
0.400000 -124.677252 
0.401000 -124.330371 
0.402000 -123.978582 
0.403000 -123.621899 
0.404000 -123.260335 
0.405000 -122.893905 
0.406000 -122.522623 
0.407000 -122.146505 
0.408000 -121.765564 
0.409000 -121.379816 
0.410000 -120.989276 
0.411000 -120.593960 
0.412000 -120.193883 
0.413000 -119.789061 
0.414000 -119.379510 
0.415000 -118.965246 
0.416000 -118.546286 
0.417000 -118.122645 
0.418000 -117.694341 
0.419000 -117.261391 
0.420000 -116.823811 
0.421000 -116.381620 
0.422000 -115.934834 
0.423000 -115.483471 
0.424000 -115.027549 
0.425000 -114.567086 
0.426000 -114.102100 
0.427000 -113.632609 
0.428000 -113.158633 
0.429000 -112.680189 
0.430000 -112.197296 
0.431000 -111.709975 
0.432000 -111.218243 
0.433000 -110.722120 
0.434000 -110.221627 
0.435000 -109.716782 
0.436000 -109.207605 
0.437000 -108.694117 
0.438000 -108.176339 
0.439000 -107.654289 
0.440000 -107.127990 
0.441000 -106.597461 
0.442000 -106.062724 
0.443000 -105.523800 
0.444000 -104.980710 
0.445000 -104.433475 
0.446000 -103.882118 
0.447000 -103.326660 
0.448000 -102.767122 
0.449000 -102.203527 
0.450000 -101.635898 
0.451000 -101.064256 
0.452000 -100.488624 
0.453000 -99.909025 
0.454000 -99.325482 
0.455000 -98.738018 
0.456000 -98.146656 
0.457000 -97.551419 
0.458000 -96.952330 
0.459000 -96.349415 
0.460000 -95.742695 
0.461000 -95.132196 
0.462000 -94.517942 
0.463000 -93.899955 
0.464000 -93.278262 
0.465000 -92.652887 
0.466000 -92.023853 
0.467000 -91.391187 
0.468000 -90.754912 
0.469000 -90.115055 
0.470000 -89.471640 
0.471000 -88.824693 
0.472000 -88.174240 
0.473000 -87.520305 
0.474000 -86.862915 
0.475000 -86.202097 
0.476000 -85.537875 
0.477000 -84.870276 
0.478000 -84.199326 
0.479000 -83.525053 
0.480000 -82.847482 
0.481000 -82.166640 
0.482000 -81.482555 
0.483000 -80.795252 
0.484000 -80.104761 
0.485000 -79.411106 
0.486000 -78.714317 
0.487000 -78.014420 
0.488000 -77.311444 
0.489000 -76.605415 
0.490000 -75.896362 
0.491000 -75.184313 
0.492000 -74.469295 
0.493000 -73.751338 
0.494000 -73.030469 
0.495000 -72.306717 
0.496000 -71.580110 
0.497000 -70.850678 
0.498000 -70.118448 
0.499000 -69.383450 
0.500000 -68.645714 
0.501000 -67.905267 
0.502000 -67.162139 
0.503000 -66.416360 
0.504000 -65.667959 
0.505000 -64.916966 
0.506000 -64.163409 
0.507000 -63.407320 
0.508000 -62.648727 
0.509000 -61.887661 
0.510000 -61.124152 
0.511000 -60.358230 
0.512000 -59.589925 
0.513000 -58.819268 
0.514000 -58.046288 
0.515000 -57.271017 
0.516000 -56.493485 
0.517000 -55.713722 
0.518000 -54.931760 
0.519000 -54.147630 
0.520000 -53.361362 
0.521000 -52.572987 
0.522000 -51.782537 
0.523000 -50.990042 
0.524000 -50.195535 
0.525000 -49.399045 
0.526000 -48.600606 
0.527000 -47.800248 
0.528000 -46.998003 
0.529000 -46.193902 
0.530000 -45.387978 
0.531000 -44.580262 
0.532000 -43.770786 
0.533000 -42.959582 
0.534000 -42.146682 
0.535000 -41.332119 
0.536000 -40.515923 
0.537000 -39.698128 
0.538000 -38.878766 
0.539000 -38.057869 
0.540000 -37.235469 
0.541000 -36.411600 
0.542000 -35.586293 
0.543000 -34.759581 
0.544000 -33.931497 
0.545000 -33.102073 
0.546000 -32.271342 
0.547000 -31.439338 
0.548000 -30.606092 
0.549000 -29.771638 
0.550000 -28.936009 
0.551000 -28.099237 
0.552000 -27.261356 
0.553000 -26.422399 
0.554000 -25.582399 
0.555000 -24.741388 
0.556000 -23.899401 
0.557000 -23.056471 
0.558000 -22.212630 
0.559000 -21.367912 
0.560000 -20.522351 
0.561000 -19.675980 
0.562000 -18.828832 
0.563000 -17.980940 
0.564000 -17.132339 
0.565000 -16.283061 
0.566000 -15.433140 
0.567000 -14.582610 
0.568000 -13.731505 
0.569000 -12.879857 
0.570000 -12.027701 
0.571000 -11.175070 
0.572000 -10.321998 
0.573000 -9.468519 
0.574000 -8.614665 
0.575000 -7.760472 
0.576000 -6.905972 
0.577000 -6.051199 
0.578000 -5.196188 
0.579000 -4.340971 
0.580000 -3.485583 
0.581000 -2.630058 
0.582000 -1.774429 
0.583000 -0.918729 
0.584000 -0.062993 
0.585000 0.792745 
0.586000 1.648452 
0.587000 2.504093 
0.588000 3.359636 
0.589000 4.215047 
0.590000 5.070290 
0.591000 5.925334 
0.592000 6.780144 
0.593000 7.634686 
0.594000 8.488927 
0.595000 9.342832 
0.596000 10.196369 
0.597000 11.049503 
0.598000 11.902201 
0.599000 12.754430 
0.600000 13.606154 
0.601000 14.457342 
0.602000 15.307958 
0.603000 16.157971 
0.604000 17.007345 
0.605000 17.856048 
0.606000 18.704046 
0.607000 19.551306 
0.608000 20.397794 
0.609000 21.243477 
0.610000 22.088321 
0.611000 22.932293 
0.612000 23.775359 
0.613000 24.617487 
0.614000 25.458643 
0.615000 26.298794 
0.616000 27.137907 
0.617000 27.975949 
0.618000 28.812886 
0.619000 29.648685 
0.620000 30.483315 
0.621000 31.316740 
0.622000 32.148930 
0.623000 32.979850 
0.624000 33.809468 
0.625000 34.637751 
0.626000 35.464667 
0.627000 36.290183 
0.628000 37.114266 
0.629000 37.936884 
0.630000 38.758005 
0.631000 39.577595 
0.632000 40.395623 
0.633000 41.212056 
0.634000 42.026862 
0.635000 42.840009 
0.636000 43.651464 
0.637000 44.461197 
0.638000 45.269174 
0.639000 46.075364 
0.640000 46.879735 
0.641000 47.682255 
0.642000 48.482893 
0.643000 49.281617 
0.644000 50.078395 
0.645000 50.873196 
0.646000 51.665989 
0.647000 52.456742 
0.648000 53.245425 
0.649000 54.032005 
0.650000 54.816452 
0.651000 55.598735 
0.652000 56.378823 
0.653000 57.156686 
0.654000 57.932292 
0.655000 58.705610 
0.656000 59.476612 
0.657000 60.245265 
0.658000 61.011540 
0.659000 61.775406 
0.660000 62.536834 
0.661000 63.295792 
0.662000 64.052252 
0.663000 64.806183 
0.664000 65.557556 
0.665000 66.306341 
0.666000 67.052507 
0.667000 67.796027 
0.668000 68.536871 
0.669000 69.275008 
0.670000 70.010411 
0.671000 70.743050 
0.672000 71.472896 
0.673000 72.199920 
0.674000 72.924095 
0.675000 73.645390 
0.676000 74.363778 
0.677000 75.079230 
0.678000 75.791718 
0.679000 76.501214 
0.680000 77.207689 
0.681000 77.911117 
0.682000 78.611469 
0.683000 79.308717 
0.684000 80.002835 
0.685000 80.693794 
0.686000 81.381568 
0.687000 82.066128 
0.688000 82.747449 
0.689000 83.425503 
0.690000 84.100264 
0.691000 84.771705 
0.692000 85.439798 
0.693000 86.104519 
0.694000 86.765841 
0.695000 87.423737 
0.696000 88.078182 
0.697000 88.729150 
0.698000 89.376615 
0.699000 90.020551 
0.700000 90.660934 
0.701000 91.297737 
0.702000 91.930936 
0.703000 92.560506 
0.704000 93.186422 
0.705000 93.808659 
0.706000 94.427192 
0.707000 95.041998 
0.708000 95.653051 
0.709000 96.260329 
0.710000 96.863806 
0.711000 97.463459 
0.712000 98.059264 
0.713000 98.651199 
0.714000 99.239238 
0.715000 99.823360 
0.716000 100.403541 
0.717000 100.979758 
0.718000 101.551989 
0.719000 102.120211 
0.720000 102.684401 
0.721000 103.244537 
0.722000 103.800597 
0.723000 104.352560 
0.724000 104.900403 
0.725000 105.444104 
0.726000 105.983643 
0.727000 106.518998 
0.728000 107.050147 
0.729000 107.577071 
0.730000 108.099747 
0.731000 108.618156 
0.732000 109.132277 
0.733000 109.642089 
0.734000 110.147573 
0.735000 110.648709 
0.736000 111.145476 
0.737000 111.637856 
0.738000 112.125828 
0.739000 112.609373 
0.740000 113.088474 
0.741000 113.563109 
0.742000 114.033261 
0.743000 114.498912 
0.744000 114.960042 
0.745000 115.416634 
0.746000 115.868669 
0.747000 116.316130 
0.748000 116.758999 
0.749000 117.197258 
0.750000 117.630891 
0.751000 118.059880 
0.752000 118.484208 
0.753000 118.903859 
0.754000 119.318815 
0.755000 119.729061 
0.756000 120.134581 
0.757000 120.535357 
0.758000 120.931375 
0.759000 121.322619 
0.760000 121.709074 
0.761000 122.090723 
0.762000 122.467552 
0.763000 122.839547 
0.764000 123.206692 
0.765000 123.568974 
0.766000 123.926376 
0.767000 124.278887 
0.768000 124.626491 
0.769000 124.969175 
0.770000 125.306926 
0.771000 125.639729 
0.772000 125.967573 
0.773000 126.290444 
0.774000 126.608329 
0.775000 126.921215 
0.776000 127.229091 
0.777000 127.531944 
0.778000 127.829763 
0.779000 128.122535 
0.780000 128.410249 
0.781000 128.692893 
0.782000 128.970457 
0.783000 129.242930 
0.784000 129.510300 
0.785000 129.772557 
0.786000 130.029691 
0.787000 130.281692 
0.788000 130.528549 
0.789000 130.770254 
0.790000 131.006795 
0.791000 131.238165 
0.792000 131.464354 
0.793000 131.685353 
0.794000 131.901153 
0.795000 132.111746 
0.796000 132.317123 
0.797000 132.517277 
0.798000 132.712199 
0.799000 132.901882 
0.800000 133.086318 
0.801000 133.265500 
0.802000 133.439421 
0.803000 133.608074 
0.804000 133.771452 
0.805000 133.929550 
0.806000 134.082360 
0.807000 134.229876 
0.808000 134.372094 
0.809000 134.509007 
0.810000 134.640609 
0.811000 134.766897 
0.812000 134.887863 
0.813000 135.003505 
0.814000 135.113817 
0.815000 135.218795 
0.816000 135.318435 
0.817000 135.412732 
0.818000 135.501684 
0.819000 135.585286 
0.820000 135.663536 
0.821000 135.736430 
0.822000 135.803965 
0.823000 135.866139 
0.824000 135.922949 
0.825000 135.974393 
0.826000 136.020470 
0.827000 136.061176 
0.828000 136.096511 
0.829000 136.126473 
0.830000 136.151061 
0.831000 136.170273 
0.832000 136.184111 
0.833000 136.192571 
0.834000 136.195656 
0.835000 136.193363 
0.836000 136.185694 
0.837000 136.172648 
0.838000 136.154227 
0.839000 136.130430 
0.840000 136.101259 
0.841000 136.066715 
0.842000 136.026800 
0.843000 135.981514 
0.844000 135.930860 
0.845000 135.874840 
0.846000 135.813455 
0.847000 135.746709 
0.848000 135.674604 
0.849000 135.597143 
0.850000 135.514328 
0.851000 135.426164 
0.852000 135.332653 
0.853000 135.233800 
0.854000 135.129607 
0.855000 135.020080 
0.856000 134.905223 
0.857000 134.785040 
0.858000 134.659536 
0.859000 134.528715 
0.860000 134.392584 
0.861000 134.251147 
0.862000 134.104410 
0.863000 133.952379 
0.864000 133.795060 
0.865000 133.632459 
0.866000 133.464582 
0.867000 133.291436 
0.868000 133.113028 
0.869000 132.929365 
0.870000 132.740454 
0.871000 132.546303 
0.872000 132.346919 
0.873000 132.142310 
0.874000 131.932484 
0.875000 131.717451 
0.876000 131.497217 
0.877000 131.271791 
0.878000 131.041184 
0.879000 130.805403 
0.880000 130.564458 
0.881000 130.318358 
0.882000 130.067114 
0.883000 129.810735 
0.884000 129.549232 
0.885000 129.282614 
0.886000 129.010892 
0.887000 128.734077 
0.888000 128.452180 
0.889000 128.165211 
0.890000 127.873183 
0.891000 127.576107 
0.892000 127.273995 
0.893000 126.966857 
0.894000 126.654708 
0.895000 126.337558 
0.896000 126.015420 
0.897000 125.688308 
0.898000 125.356234 
0.899000 125.019211 
0.900000 124.677252 
0.901000 124.330371 
0.902000 123.978582 
0.903000 123.621899 
0.904000 123.260335 
0.905000 122.893905 
0.906000 122.522623 
0.907000 122.146505 
0.908000 121.765564 
0.909000 121.379816 
0.910000 120.989276 
0.911000 120.593960 
0.912000 120.193883 
0.913000 119.789061 
0.914000 119.379510 
0.915000 118.965246 
0.916000 118.546286 
0.917000 118.122645 
0.918000 117.694341 
0.919000 117.261391 
0.920000 116.823811 
0.921000 116.381620 
0.922000 115.934834 
0.923000 115.483471 
0.924000 115.027549 
0.925000 114.567086 
0.926000 114.102100 
0.927000 113.632609 
0.928000 113.158633 
0.929000 112.680189 
0.930000 112.197296 
0.931000 111.709975 
0.932000 111.218243 
0.933000 110.722120 
0.934000 110.221627 
0.935000 109.716782 
0.936000 109.207605 
0.937000 108.694117 
0.938000 108.176339 
0.939000 107.654289 
0.940000 107.127990 
0.941000 106.597461 
0.942000 106.062724 
0.943000 105.523800 
0.944000 104.980710 
0.945000 104.433475 
0.946000 103.882118 
0.947000 103.326660 
0.948000 102.767122 
0.949000 102.203527 
0.950000 101.635898 
0.951000 101.064256 
0.952000 100.488624 
0.953000 99.909025 
0.954000 99.325482 
0.955000 98.738018 
0.956000 98.146656 
0.957000 97.551419 
0.958000 96.952330 
0.959000 96.349415 
0.960000 95.742695 
0.961000 95.132196 
0.962000 94.517942 
0.963000 93.899955 
0.964000 93.278262 
0.965000 92.652887 
0.966000 92.023853 
0.967000 91.391187 
0.968000 90.754912 
0.969000 90.115055 
0.970000 89.471640 
0.971000 88.824693 
0.972000 88.174240 
0.973000 87.520305 
0.974000 86.862915 
0.975000 86.202097 
0.976000 85.537875 
0.977000 84.870276 
0.978000 84.199326 
0.979000 83.525053 
0.980000 82.847482 
0.981000 82.166640 
0.982000 81.482555 
0.983000 80.795252 
0.984000 80.104761 
0.985000 79.411106 
0.986000 78.714317 
0.987000 78.014420 
0.988000 77.311444 
0.989000 76.605415 
0.990000 75.896362 
0.991000 75.184313 
0.992000 74.469295 
0.993000 73.751338 
0.994000 73.030469 
0.995000 72.306717 
0.996000 71.580110 
0.997000 70.850678 
0.998000 70.118448 
0.999000 69.383450 
1.000000 68.645714 
1.001000 67.905267 
1.002000 67.162139 
1.003000 66.416360 
1.004000 65.667959 
1.005000 64.916966 
1.006000 64.163409 
1.007000 63.407320 
1.008000 62.648727 
1.009000 61.887661 
1.010000 61.124152 
1.011000 60.358230 
1.012000 59.589925 
1.013000 58.819268 
1.014000 58.046288 
1.015000 57.271017 
1.016000 56.493485 
1.017000 55.713722 
1.018000 54.931760 
1.019000 54.147630 
1.020000 53.361362 
1.021000 52.572987 
1.022000 51.782537 
1.023000 50.990042 
1.024000 50.195535 
1.025000 49.399045 
1.026000 48.600606 
1.027000 47.800248 
1.028000 46.998003 
1.029000 46.193902 
1.030000 45.387978 
1.031000 44.580262 
1.032000 43.770786 
1.033000 42.959582 
1.034000 42.146682 
1.035000 41.332119 
1.036000 40.515923 
1.037000 39.698128 
1.038000 38.878766 
1.039000 38.057869 
1.040000 37.235469 
1.041000 36.411600 
1.042000 35.586293 
1.043000 34.759581 
1.044000 33.931497 
1.045000 33.102073 
1.046000 32.271342 
1.047000 31.439338 
1.048000 30.606092 
1.049000 29.771638 
1.050000 28.936009 
1.051000 28.099237 
1.052000 27.261356 
1.053000 26.422399 
1.054000 25.582399 
1.055000 24.741388 
1.056000 23.899401 
1.057000 23.056471 
1.058000 22.212630 
1.059000 21.367912 
1.060000 20.522351 
1.061000 19.675980 
1.062000 18.828832 
1.063000 17.980940 
1.064000 17.132339 
1.065000 16.283061 
1.066000 15.433140 
1.067000 14.582610 
1.068000 13.731505 
1.069000 12.879857 
1.070000 12.027701 
1.071000 11.175070 
1.072000 10.321998 
1.073000 9.468519 
1.074000 8.614665 
1.075000 7.760472 
1.076000 6.905972 
1.077000 6.051199 
1.078000 5.196188 
1.079000 4.340971 
1.080000 3.485583 
1.081000 2.630058 
1.082000 1.774429 
1.083000 0.918729 
1.084000 0.062993 
1.085000 -0.792745 
1.086000 -1.648452 
1.087000 -2.504093 
1.088000 -3.359636 
1.089000 -4.215047 
1.090000 -5.070290 
1.091000 -5.925334 
1.092000 -6.780144 
1.093000 -7.634686 
1.094000 -8.488927 
1.095000 -9.342832 
1.096000 -10.196369 
1.097000 -11.049503 
1.098000 -11.902201 
1.099000 -12.754430 
1.100000 -13.606154 
1.101000 -14.457342 
1.102000 -15.307958 
1.103000 -16.157971 
1.104000 -17.007345 
1.105000 -17.856048 
1.106000 -18.704046 
1.107000 -19.551306 
1.108000 -20.397794 
1.109000 -21.243477 
1.110000 -22.088321 
1.111000 -22.932293 
1.112000 -23.775359 
1.113000 -24.617487 
1.114000 -25.458643 
1.115000 -26.298794 
1.116000 -27.137907 
1.117000 -27.975949 
1.118000 -28.812886 
1.119000 -29.648685 
1.120000 -30.483315 
1.121000 -31.316740 
1.122000 -32.148930 
1.123000 -32.979850 
1.124000 -33.809468 
1.125000 -34.637751 
1.126000 -35.464667 
1.127000 -36.290183 
1.128000 -37.114266 
1.129000 -37.936884 
1.130000 -38.758005 
1.131000 -39.577595 
1.132000 -40.395623 
1.133000 -41.212056 
1.134000 -42.026862 
1.135000 -42.840009 
1.136000 -43.651464 
1.137000 -44.461197 
1.138000 -45.269174 
1.139000 -46.075364 
1.140000 -46.879735 
1.141000 -47.682255 
1.142000 -48.482893 
1.143000 -49.281617 
1.144000 -50.078395 
1.145000 -50.873196 
1.146000 -51.665989 
1.147000 -52.456742 
1.148000 -53.245425 
1.149000 -54.032005 
1.150000 -54.816452 
1.151000 -55.598735 
1.152000 -56.378823 
1.153000 -57.156686 
1.154000 -57.932292 
1.155000 -58.705610 
1.156000 -59.476612 
1.157000 -60.245265 
1.158000 -61.011540 
1.159000 -61.775406 
1.160000 -62.536834 
1.161000 -63.295792 
1.162000 -64.052252 
1.163000 -64.806183 
1.164000 -65.557556 
1.165000 -66.306341 
1.166000 -67.052507 
1.167000 -67.796027 
1.168000 -68.536871 
1.169000 -69.275008 
1.170000 -70.010411 
1.171000 -70.743050 
1.172000 -71.472896 
1.173000 -72.199920 
1.174000 -72.924095 
1.175000 -73.645390 
1.176000 -74.363778 
1.177000 -75.079230 
1.178000 -75.791718 
1.179000 -76.501214 
1.180000 -77.207689 
1.181000 -77.911117 
1.182000 -78.611469 
1.183000 -79.308717 
1.184000 -80.002835 
1.185000 -80.693794 
1.186000 -81.381568 
1.187000 -82.066128 
1.188000 -82.747449 
1.189000 -83.425503 
1.190000 -84.100264 
1.191000 -84.771705 
1.192000 -85.439798 
1.193000 -86.104519 
1.194000 -86.765841 
1.195000 -87.423737 
1.196000 -88.078182 
1.197000 -88.729150 
1.198000 -89.376615 
1.199000 -90.020551 
1.200000 -90.660934 
1.201000 -91.297737 
1.202000 -91.930936 
1.203000 -92.560506 
1.204000 -93.186422 
1.205000 -93.808659 
1.206000 -94.427192 
1.207000 -95.041998 
1.208000 -95.653051 
1.209000 -96.260329 
1.210000 -96.863806 
1.211000 -97.463459 
1.212000 -98.059264 
1.213000 -98.651199 
1.214000 -99.239238 
1.215000 -99.823360 
1.216000 -100.403541 
1.217000 -100.979758 
1.218000 -101.551989 
1.219000 -102.120211 
1.220000 -102.684401 
1.221000 -103.244537 
1.222000 -103.800597 
1.223000 -104.352560 
1.224000 -104.900403 
1.225000 -105.444104 
1.226000 -105.983643 
1.227000 -106.518998 
1.228000 -107.050147 
1.229000 -107.577071 
1.230000 -108.099747 
1.231000 -108.618156 
1.232000 -109.132277 
1.233000 -109.642089 
1.234000 -110.147573 
1.235000 -110.648709 
1.236000 -111.145476 
1.237000 -111.637856 
1.238000 -112.125828 
1.239000 -112.609373 
1.240000 -113.088474 
1.241000 -113.563109 
1.242000 -114.033261 
1.243000 -114.498912 
1.244000 -114.960042 
1.245000 -115.416634 
1.246000 -115.868669 
1.247000 -116.316130 
1.248000 -116.758999 
1.249000 -117.197258 
1.250000 -117.630891 
1.251000 -118.059880 
1.252000 -118.484208 
1.253000 -118.903859 
1.254000 -119.318815 
1.255000 -119.729061 
1.256000 -120.134581 
1.257000 -120.535357 
1.258000 -120.931375 
1.259000 -121.322619 
1.260000 -121.709074 
1.261000 -122.090723 
1.262000 -122.467552 
1.263000 -122.839547 
1.264000 -123.206692 
1.265000 -123.568974 
1.266000 -123.926376 
1.267000 -124.278887 
1.268000 -124.626491 
1.269000 -124.969175 
1.270000 -125.306926 
1.271000 -125.639729 
1.272000 -125.967573 
1.273000 -126.290444 
1.274000 -126.608329 
1.275000 -126.921215 
1.276000 -127.229091 
1.277000 -127.531944 
1.278000 -127.829763 
1.279000 -128.122535 
1.280000 -128.410249 
1.281000 -128.692893 
1.282000 -128.970457 
1.283000 -129.242930 
1.284000 -129.510300 
1.285000 -129.772557 
1.286000 -130.029691 
1.287000 -130.281692 
1.288000 -130.528549 
1.289000 -130.770254 
1.290000 -131.006795 
1.291000 -131.238165 
1.292000 -131.464354 
1.293000 -131.685353 
1.294000 -131.901153 
1.295000 -132.111746 
1.296000 -132.317123 
1.297000 -132.517277 
1.298000 -132.712199 
1.299000 -132.901882 
1.300000 -133.086318 
1.301000 -133.265500 
1.302000 -133.439421 
1.303000 -133.608074 
1.304000 -133.771452 
1.305000 -133.929550 
1.306000 -134.082360 
1.307000 -134.229876 
1.308000 -134.372094 
1.309000 -134.509007 
1.310000 -134.640609 
1.311000 -134.766897 
1.312000 -134.887863 
1.313000 -135.003505 
1.314000 -135.113817 
1.315000 -135.218795 
1.316000 -135.318435 
1.317000 -135.412732 
1.318000 -135.501684 
1.319000 -135.585286 
1.320000 -135.663536 
1.321000 -135.736430 
1.322000 -135.803965 
1.323000 -135.866139 
1.324000 -135.922949 
1.325000 -135.974393 
1.326000 -136.020470 
1.327000 -136.061176 
1.328000 -136.096511 
1.329000 -136.126473 
1.330000 -136.151061 
1.331000 -136.170273 
1.332000 -136.184111 
1.333000 -136.192571 
1.334000 -136.195656 
1.335000 -136.193363 
1.336000 -136.185694 
1.337000 -136.172648 
1.338000 -136.154227 
1.339000 -136.130430 
1.340000 -136.101259 
1.341000 -136.066715 
1.342000 -136.026800 
1.343000 -135.981514 
1.344000 -135.930860 
1.345000 -135.874840 
1.346000 -135.813455 
1.347000 -135.746709 
1.348000 -135.674604 
1.349000 -135.597143 
1.350000 -135.514328 
1.351000 -135.426164 
1.352000 -135.332653 
1.353000 -135.233800 
1.354000 -135.129607 
1.355000 -135.020080 
1.356000 -134.905223 
1.357000 -134.785040 
1.358000 -134.659536 
1.359000 -134.528715 
1.360000 -134.392584 
1.361000 -134.251147 
1.362000 -134.104410 
1.363000 -133.952379 
1.364000 -133.795060 
1.365000 -133.632459 
1.366000 -133.464582 
1.367000 -133.291436 
1.368000 -133.113028 
1.369000 -132.929365 
1.370000 -132.740454 
1.371000 -132.546303 
1.372000 -132.346919 
1.373000 -132.142310 
1.374000 -131.932484 
1.375000 -131.717451 
1.376000 -131.497217 
1.377000 -131.271791 
1.378000 -131.041184 
1.379000 -130.805403 
1.380000 -130.564458 
1.381000 -130.318358 
1.382000 -130.067114 
1.383000 -129.810735 
1.384000 -129.549232 
1.385000 -129.282614 
1.386000 -129.010892 
1.387000 -128.734077 
1.388000 -128.452180 
1.389000 -128.165211 
1.390000 -127.873183 
1.391000 -127.576107 
1.392000 -127.273995 
1.393000 -126.966857 
1.394000 -126.654708 
1.395000 -126.337558 
1.396000 -126.015420 
1.397000 -125.688308 
1.398000 -125.356234 
1.399000 -125.019211 
1.400000 -124.677252 
1.401000 -124.330371 
1.402000 -123.978582 
1.403000 -123.621899 
1.404000 -123.260335 
1.405000 -122.893905 
1.406000 -122.522623 
1.407000 -122.146505 
1.408000 -121.765564 
1.409000 -121.379816 
1.410000 -120.989276 
1.411000 -120.593960 
1.412000 -120.193883 
1.413000 -119.789061 
1.414000 -119.379510 
1.415000 -118.965246 
1.416000 -118.546286 
1.417000 -118.122645 
1.418000 -117.694341 
1.419000 -117.261391 
1.420000 -116.823811 
1.421000 -116.381620 
1.422000 -115.934834 
1.423000 -115.483471 
1.424000 -115.027549 
1.425000 -114.567086 
1.426000 -114.102100 
1.427000 -113.632609 
1.428000 -113.158633 
1.429000 -112.680189 
1.430000 -112.197296 
1.431000 -111.709975 
1.432000 -111.218243 
1.433000 -110.722120 
1.434000 -110.221627 
1.435000 -109.716782 
1.436000 -109.207605 
1.437000 -108.694117 
1.438000 -108.176339 
1.439000 -107.654289 
1.440000 -107.127990 
1.441000 -106.597461 
1.442000 -106.062724 
1.443000 -105.523800 
1.444000 -104.980710 
1.445000 -104.433475 
1.446000 -103.882118 
1.447000 -103.326660 
1.448000 -102.767122 
1.449000 -102.203527 
1.450000 -101.635898 
1.451000 -101.064256 
1.452000 -100.488624 
1.453000 -99.909025 
1.454000 -99.325482 
1.455000 -98.738018 
1.456000 -98.146656 
1.457000 -97.551419 
1.458000 -96.952330 
1.459000 -96.349415 
1.460000 -95.742695 
1.461000 -95.132196 
1.462000 -94.517942 
1.463000 -93.899955 
1.464000 -93.278262 
1.465000 -92.652887 
1.466000 -92.023853 
1.467000 -91.391187 
1.468000 -90.754912 
1.469000 -90.115055 
1.470000 -89.471640 
1.471000 -88.824693 
1.472000 -88.174240 
1.473000 -87.520305 
1.474000 -86.862915 
1.475000 -86.202097 
1.476000 -85.537875 
1.477000 -84.870276 
1.478000 -84.199326 
1.479000 -83.525053 
1.480000 -82.847482 
1.481000 -82.166640 
1.482000 -81.482555 
1.483000 -80.795252 
1.484000 -80.104761 
1.485000 -79.411106 
1.486000 -78.714317 
1.487000 -78.014420 
1.488000 -77.311444 
1.489000 -76.605415 
1.490000 -75.896362 
1.491000 -75.184313 
1.492000 -74.469295 
1.493000 -73.751338 
1.494000 -73.030469 
1.495000 -72.306717 
1.496000 -71.580110 
1.497000 -70.850678 
1.498000 -70.118448 
1.499000 -69.383450 
