descriptor BJD Tc_folded phase mod 
2455326.949950 0.000000 0.000000 -0.013857
2455327.049950 0.000000 0.000000 -0.014616
2455327.149950 0.000000 0.000000 -0.014552
2455327.249950 0.000000 0.000000 -0.013375
2455327.349950 0.000000 0.000000 -0.010906
2455327.449950 0.000000 0.000000 -0.007157
2455327.549950 0.000000 0.000000 -0.002372
2455327.649950 0.000000 0.000000 0.002992
2455327.749950 0.000000 0.000000 0.008326
2455327.849950 0.000000 0.000000 0.012981
2455327.949950 0.000000 0.000000 0.016383
2455328.049950 0.000000 0.000000 0.018145
2455328.149950 0.000000 0.000000 0.018131
2455328.249950 0.000000 0.000000 0.016475
2455328.349950 0.000000 0.000000 0.013530
2455328.449950 0.000000 0.000000 0.009787
2455328.549950 0.000000 0.000000 0.005762
2455328.649950 0.000000 0.000000 0.001892
2455328.749950 0.000000 0.000000 -0.001539
2455328.849950 0.000000 0.000000 -0.004424
2455328.949950 0.000000 0.000000 -0.006809
2455329.049950 0.000000 0.000000 -0.008828
2455329.149950 0.000000 0.000000 -0.010615
2455329.249950 0.000000 0.000000 -0.012226
2455329.349950 0.000000 0.000000 -0.013589
2455329.449950 0.000000 0.000000 -0.014498
2455329.549950 0.000000 0.000000 -0.014658
2455329.649950 0.000000 0.000000 -0.013769
2455329.749950 0.000000 0.000000 -0.011615
2455329.849950 0.000000 0.000000 -0.008158
2455329.949950 0.000000 0.000000 -0.003586
2455330.049950 0.000000 0.000000 0.001691
2455330.149950 0.000000 0.000000 0.007092
2455330.249950 0.000000 0.000000 0.011965
2455330.349950 0.000000 0.000000 0.015710
2455330.449950 0.000000 0.000000 0.017885
2455330.549950 0.000000 0.000000 0.018293
2455330.649950 0.000000 0.000000 0.017003
2455330.749950 0.000000 0.000000 0.014324
2455330.849950 0.000000 0.000000 0.010724
2455330.949950 0.000000 0.000000 0.006722
2455331.049950 0.000000 0.000000 0.002783
2455331.149950 0.000000 0.000000 -0.000769
2455331.249950 0.000000 0.000000 -0.003785
2455331.349950 0.000000 0.000000 -0.006279
2455331.449950 0.000000 0.000000 -0.008372
2455331.549950 0.000000 0.000000 -0.010205
2455331.649950 0.000000 0.000000 -0.011859
2455331.749950 0.000000 0.000000 -0.013295
2455331.849950 0.000000 0.000000 -0.014337
2455331.949950 0.000000 0.000000 -0.014705
2455332.049950 0.000000 0.000000 -0.014090
2455332.149950 0.000000 0.000000 -0.012249
2455332.249950 0.000000 0.000000 -0.009095
2455332.349950 0.000000 0.000000 -0.004759
2455332.449950 0.000000 0.000000 0.000398
2455332.549950 0.000000 0.000000 0.005827
2455332.649950 0.000000 0.000000 0.010885
2455332.749950 0.000000 0.000000 0.014946
2455332.849950 0.000000 0.000000 0.017524
2455332.949950 0.000000 0.000000 0.018357
2455333.049950 0.000000 0.000000 0.017452
2455333.149950 0.000000 0.000000 0.015066
2455333.249950 0.000000 0.000000 0.011639
2455333.349950 0.000000 0.000000 0.007687
2455333.449950 0.000000 0.000000 0.003696
2455333.549950 0.000000 0.000000 0.000032
2455333.649950 0.000000 0.000000 -0.003116
2455333.749950 0.000000 0.000000 -0.005727
2455333.849950 0.000000 0.000000 -0.007901
2455333.949950 0.000000 0.000000 -0.009785
2455334.049950 0.000000 0.000000 -0.011481
2455334.149950 0.000000 0.000000 -0.012980
2455334.249950 0.000000 0.000000 -0.014138
2455334.349950 0.000000 0.000000 -0.014695
2455334.449950 0.000000 0.000000 -0.014341
2455334.549950 0.000000 0.000000 -0.012807
2455334.649950 0.000000 0.000000 -0.009963
2455334.749950 0.000000 0.000000 -0.005885
2455334.849950 0.000000 0.000000 -0.000880
2455334.949950 0.000000 0.000000 0.004542
2455335.049950 0.000000 0.000000 0.009748
2455335.149950 0.000000 0.000000 0.014098
2455335.249950 0.000000 0.000000 0.017062
2455335.349950 0.000000 0.000000 0.018321
2455335.449950 0.000000 0.000000 0.017815
2455335.549950 0.000000 0.000000 0.015748
2455335.649950 0.000000 0.000000 0.012523
2455335.749950 0.000000 0.000000 0.008649
2455335.849950 0.000000 0.000000 0.004629
2455335.949950 0.000000 0.000000 0.000863
2455336.049950 0.000000 0.000000 -0.002416
2455336.149950 0.000000 0.000000 -0.005149
2455336.249950 0.000000 0.000000 -0.007414
2455336.349950 0.000000 0.000000 -0.009356
2455336.449950 0.000000 0.000000 -0.011092
2455336.549950 0.000000 0.000000 -0.012646
2455336.649950 0.000000 0.000000 -0.013905
2455336.749950 0.000000 0.000000 -0.014633
2455336.849950 0.000000 0.000000 -0.014524
2455336.949950 0.000000 0.000000 -0.013290
2455337.049950 0.000000 0.000000 -0.010760
2455337.149950 0.000000 0.000000 -0.006956
2455337.249950 0.000000 0.000000 -0.002133
2455337.349950 0.000000 0.000000 0.003244
2455337.449950 0.000000 0.000000 0.008561
2455337.549950 0.000000 0.000000 0.013169
2455337.649950 0.000000 0.000000 0.016502
2455337.749950 0.000000 0.000000 0.018183
2455337.849950 0.000000 0.000000 0.018089
2455337.949950 0.000000 0.000000 0.016364
2455338.049950 0.000000 0.000000 0.013371
2455338.149950 0.000000 0.000000 0.009604
2455338.249950 0.000000 0.000000 0.005577
2455338.349950 0.000000 0.000000 0.001722
2455338.449950 0.000000 0.000000 -0.001684
2455338.549950 0.000000 0.000000 -0.004544
2455338.649950 0.000000 0.000000 -0.006909
2455338.749950 0.000000 0.000000 -0.008915
2455338.849950 0.000000 0.000000 -0.010693
2455338.949950 0.000000 0.000000 -0.012295
2455339.049950 0.000000 0.000000 -0.013643
2455339.149950 0.000000 0.000000 -0.014524
2455339.249950 0.000000 0.000000 -0.014643
2455339.349950 0.000000 0.000000 -0.013698
2455339.449950 0.000000 0.000000 -0.011483
2455339.549950 0.000000 0.000000 -0.007969
2455339.649950 0.000000 0.000000 -0.003354
2455339.749950 0.000000 0.000000 0.001943
2455339.849950 0.000000 0.000000 0.007333
2455339.949950 0.000000 0.000000 0.012167
2455340.049950 0.000000 0.000000 0.015847
2455340.149950 0.000000 0.000000 0.017943
2455340.249950 0.000000 0.000000 0.018269
2455340.349950 0.000000 0.000000 0.016907
2455340.449950 0.000000 0.000000 0.014175
2455340.549950 0.000000 0.000000 0.010544
2455340.649950 0.000000 0.000000 0.006536
2455340.749950 0.000000 0.000000 0.002608
2455340.849950 0.000000 0.000000 -0.000921
2455340.949950 0.000000 0.000000 -0.003911
2455341.049950 0.000000 0.000000 -0.006384
2455341.149950 0.000000 0.000000 -0.008461
2455341.249950 0.000000 0.000000 -0.010285
2455341.349950 0.000000 0.000000 -0.011931
2455341.449950 0.000000 0.000000 -0.013354
2455341.549950 0.000000 0.000000 -0.014371
2455341.649950 0.000000 0.000000 -0.014700
2455341.749950 0.000000 0.000000 -0.014033
2455341.849950 0.000000 0.000000 -0.012132
2455341.949950 0.000000 0.000000 -0.008919
2455342.049950 0.000000 0.000000 -0.004535
2455342.149950 0.000000 0.000000 0.000647
2455342.249950 0.000000 0.000000 0.006074
2455342.349950 0.000000 0.000000 0.011099
2455342.449950 0.000000 0.000000 0.015101
2455342.549950 0.000000 0.000000 0.017602
2455342.649950 0.000000 0.000000 0.018352
2455342.749950 0.000000 0.000000 0.017371
2455342.849950 0.000000 0.000000 0.014927
2455342.949950 0.000000 0.000000 0.011464
2455343.049950 0.000000 0.000000 0.007500
2455343.149950 0.000000 0.000000 0.003518
2455343.249950 0.000000 0.000000 -0.000126
2455343.349950 0.000000 0.000000 -0.003248
2455343.449950 0.000000 0.000000 -0.005835
2455343.549950 0.000000 0.000000 -0.007994
2455343.649950 0.000000 0.000000 -0.009867
2455343.749950 0.000000 0.000000 -0.011555
2455343.849950 0.000000 0.000000 -0.013043
2455343.949950 0.000000 0.000000 -0.014179
2455344.049950 0.000000 0.000000 -0.014701
2455344.149950 0.000000 0.000000 -0.014298
2455344.249950 0.000000 0.000000 -0.012705
2455344.349950 0.000000 0.000000 -0.009800
2455344.449950 0.000000 0.000000 -0.005671
2455344.549950 0.000000 0.000000 -0.000634
2455344.649950 0.000000 0.000000 0.004792
2455344.749950 0.000000 0.000000 0.009972
2455344.849950 0.000000 0.000000 0.014268
2455344.949950 0.000000 0.000000 0.017159
2455345.049950 0.000000 0.000000 0.018335
2455345.149950 0.000000 0.000000 0.017752
2455345.249950 0.000000 0.000000 0.015621
2455345.349950 0.000000 0.000000 0.012355
2455345.449950 0.000000 0.000000 0.008463
2455345.549950 0.000000 0.000000 0.004447
2455345.649950 0.000000 0.000000 0.000700
2455345.749950 0.000000 0.000000 -0.002554
2455345.849950 0.000000 0.000000 -0.005263
2455345.949950 0.000000 0.000000 -0.007510
2455346.049950 0.000000 0.000000 -0.009440
2455346.149950 0.000000 0.000000 -0.011168
2455346.249950 0.000000 0.000000 -0.012712
2455346.349950 0.000000 0.000000 -0.013953
2455346.449950 0.000000 0.000000 -0.014649
2455346.549950 0.000000 0.000000 -0.014494
2455346.649950 0.000000 0.000000 -0.013202
2455346.749950 0.000000 0.000000 -0.010611
2455346.849950 0.000000 0.000000 -0.006753
2455346.949950 0.000000 0.000000 -0.001893
2455347.049950 0.000000 0.000000 0.003495
2455347.149950 0.000000 0.000000 0.008794
2455347.249950 0.000000 0.000000 0.013355
2455347.349950 0.000000 0.000000 0.016618
2455347.449950 0.000000 0.000000 0.018218
2455347.549950 0.000000 0.000000 0.018043
2455347.649950 0.000000 0.000000 0.016250
2455347.749950 0.000000 0.000000 0.013210
2455347.849950 0.000000 0.000000 0.009420
2455347.949950 0.000000 0.000000 0.005393
2455348.049950 0.000000 0.000000 0.001554
2455348.149950 0.000000 0.000000 -0.001828
2455348.249950 0.000000 0.000000 -0.004663
2455348.349950 0.000000 0.000000 -0.007009
2455348.449950 0.000000 0.000000 -0.009001
2455348.549950 0.000000 0.000000 -0.010771
2455348.649950 0.000000 0.000000 -0.012364
2455348.749950 0.000000 0.000000 -0.013696
2455348.849950 0.000000 0.000000 -0.014549
2455348.949950 0.000000 0.000000 -0.014624
2455349.049950 0.000000 0.000000 -0.013625
2455349.149950 0.000000 0.000000 -0.011349
2455349.249950 0.000000 0.000000 -0.007778
2455349.349950 0.000000 0.000000 -0.003120
2455349.449950 0.000000 0.000000 0.002194
2455349.549950 0.000000 0.000000 0.007574
2455349.649950 0.000000 0.000000 0.012367
2455349.749950 0.000000 0.000000 0.015981
2455349.849950 0.000000 0.000000 0.017998
2455349.949950 0.000000 0.000000 0.018242
2455350.049950 0.000000 0.000000 0.016808
2455350.149950 0.000000 0.000000 0.014023
2455350.249950 0.000000 0.000000 0.010364
2455350.349950 0.000000 0.000000 0.006350
2455350.449950 0.000000 0.000000 0.002435
2455350.549950 0.000000 0.000000 -0.001071
2455350.649950 0.000000 0.000000 -0.004036
2455350.749950 0.000000 0.000000 -0.006487
2455350.849950 0.000000 0.000000 -0.008550
2455350.949950 0.000000 0.000000 -0.010365
2455351.049950 0.000000 0.000000 -0.012003
2455351.149950 0.000000 0.000000 -0.013412
2455351.249950 0.000000 0.000000 -0.014404
2455351.349950 0.000000 0.000000 -0.014694
2455351.449950 0.000000 0.000000 -0.013974
2455351.549950 0.000000 0.000000 -0.012012
2455351.649950 0.000000 0.000000 -0.008740
2455351.749950 0.000000 0.000000 -0.004310
2455351.849950 0.000000 0.000000 0.000897
2455351.949950 0.000000 0.000000 0.006320
2455352.049950 0.000000 0.000000 0.011311
2455352.149950 0.000000 0.000000 0.015252
2455352.249950 0.000000 0.000000 0.017676
2455352.349950 0.000000 0.000000 0.018344
2455352.449950 0.000000 0.000000 0.017288
2455352.549950 0.000000 0.000000 0.014786
2455352.649950 0.000000 0.000000 0.011288
2455352.749950 0.000000 0.000000 0.007313
2455352.849950 0.000000 0.000000 0.003340
2455352.949950 0.000000 0.000000 -0.000282
2455353.049950 0.000000 0.000000 -0.003379
2455353.149950 0.000000 0.000000 -0.005943
2455353.249950 0.000000 0.000000 -0.008085
2455353.349950 0.000000 0.000000 -0.009949
2455353.449950 0.000000 0.000000 -0.011629
2455353.549950 0.000000 0.000000 -0.013104
2455353.649950 0.000000 0.000000 -0.014219
2455353.749950 0.000000 0.000000 -0.014705
2455353.849950 0.000000 0.000000 -0.014252
2455353.949950 0.000000 0.000000 -0.012600
2455354.049950 0.000000 0.000000 -0.009635
2455354.149950 0.000000 0.000000 -0.005455
2455354.249950 0.000000 0.000000 -0.000388
2455354.349950 0.000000 0.000000 0.005041
2455354.449950 0.000000 0.000000 0.010194
2455354.549950 0.000000 0.000000 0.014436
2455354.649950 0.000000 0.000000 0.017253
2455354.749950 0.000000 0.000000 0.018347
2455354.849950 0.000000 0.000000 0.017685
2455354.949950 0.000000 0.000000 0.015492
2455355.049950 0.000000 0.000000 0.012185
2455355.149950 0.000000 0.000000 0.008277
2455355.249950 0.000000 0.000000 0.004266
2455355.349950 0.000000 0.000000 0.000538
2455355.449950 0.000000 0.000000 -0.002691
2455355.549950 0.000000 0.000000 -0.005376
2455355.649950 0.000000 0.000000 -0.007605
2455355.749950 0.000000 0.000000 -0.009523
2455355.849950 0.000000 0.000000 -0.011244
2455355.949950 0.000000 0.000000 -0.012777
2455356.049950 0.000000 0.000000 -0.013999
2455356.149950 0.000000 0.000000 -0.014663
2455356.249950 0.000000 0.000000 -0.014461
2455356.349950 0.000000 0.000000 -0.013112
2455356.449950 0.000000 0.000000 -0.010460
2455356.549950 0.000000 0.000000 -0.006548
2455356.649950 0.000000 0.000000 -0.001651
2455356.749950 0.000000 0.000000 0.003747
2455356.849950 0.000000 0.000000 0.009026
2455356.949950 0.000000 0.000000 0.013538
2455357.049950 0.000000 0.000000 0.016730
2455357.149950 0.000000 0.000000 0.018248
2455357.249950 0.000000 0.000000 0.017994
2455357.349950 0.000000 0.000000 0.016134
2455357.449950 0.000000 0.000000 0.013048
2455357.549950 0.000000 0.000000 0.009236
2455357.649950 0.000000 0.000000 0.005209
2455357.749950 0.000000 0.000000 0.001386
2455357.849950 0.000000 0.000000 -0.001971
2455357.949950 0.000000 0.000000 -0.004782
2455358.049950 0.000000 0.000000 -0.007107
2455358.149950 0.000000 0.000000 -0.009087
2455358.249950 0.000000 0.000000 -0.010849
2455358.349950 0.000000 0.000000 -0.012433
2455358.449950 0.000000 0.000000 -0.013748
2455358.549950 0.000000 0.000000 -0.014572
2455358.649950 0.000000 0.000000 -0.014604
2455358.749950 0.000000 0.000000 -0.013549
2455358.849950 0.000000 0.000000 -0.011212
2455358.949950 0.000000 0.000000 -0.007585
2455359.049950 0.000000 0.000000 -0.002885
2455359.149950 0.000000 0.000000 0.002446
2455359.249950 0.000000 0.000000 0.007813
2455359.349950 0.000000 0.000000 0.012563
2455359.449950 0.000000 0.000000 0.016112
2455359.549950 0.000000 0.000000 0.018048
2455359.649950 0.000000 0.000000 0.018211
2455359.749950 0.000000 0.000000 0.016706
2455359.849950 0.000000 0.000000 0.013869
2455359.949950 0.000000 0.000000 0.010183
2455360.049950 0.000000 0.000000 0.006164
2455360.149950 0.000000 0.000000 0.002263
2455360.249950 0.000000 0.000000 -0.001220
2455360.349950 0.000000 0.000000 -0.004160
2455360.449950 0.000000 0.000000 -0.006590
2455360.549950 0.000000 0.000000 -0.008638
2455360.649950 0.000000 0.000000 -0.010444
2455360.749950 0.000000 0.000000 -0.012074
2455360.849950 0.000000 0.000000 -0.013469
2455360.949950 0.000000 0.000000 -0.014435
2455361.049950 0.000000 0.000000 -0.014685
2455361.149950 0.000000 0.000000 -0.013912
2455361.249950 0.000000 0.000000 -0.011890
2455361.349950 0.000000 0.000000 -0.008559
2455361.449950 0.000000 0.000000 -0.004083
2455361.549950 0.000000 0.000000 0.001147
2455361.649950 0.000000 0.000000 0.006565
2455361.749950 0.000000 0.000000 0.011520
2455361.849950 0.000000 0.000000 0.015400
2455361.949950 0.000000 0.000000 0.017746
2455362.049950 0.000000 0.000000 0.018332
2455362.149950 0.000000 0.000000 0.017201
2455362.249950 0.000000 0.000000 0.014642
2455362.349950 0.000000 0.000000 0.011111
2455362.449950 0.000000 0.000000 0.007127
2455362.549950 0.000000 0.000000 0.003163
2455362.649950 0.000000 0.000000 -0.000437
2455362.749950 0.000000 0.000000 -0.003508
2455362.849950 0.000000 0.000000 -0.006050
2455362.949950 0.000000 0.000000 -0.008176
2455363.049950 0.000000 0.000000 -0.010030
2455363.149950 0.000000 0.000000 -0.011702
2455363.249950 0.000000 0.000000 -0.013166
2455363.349950 0.000000 0.000000 -0.014258
2455363.449950 0.000000 0.000000 -0.014707
2455363.549950 0.000000 0.000000 -0.014203
2455363.649950 0.000000 0.000000 -0.012492
2455363.749950 0.000000 0.000000 -0.009467
2455363.849950 0.000000 0.000000 -0.005237
2455363.949950 0.000000 0.000000 -0.000140
2455364.049950 0.000000 0.000000 0.005290
2455364.149950 0.000000 0.000000 0.010415
2455364.249950 0.000000 0.000000 0.014601
2455364.349950 0.000000 0.000000 0.017342
2455364.449950 0.000000 0.000000 0.018354
2455364.549950 0.000000 0.000000 0.017615
2455364.649950 0.000000 0.000000 0.015360
2455364.749950 0.000000 0.000000 0.012014
2455364.849950 0.000000 0.000000 0.008091
2455364.949950 0.000000 0.000000 0.004085
2455365.049950 0.000000 0.000000 0.000377
2455365.149950 0.000000 0.000000 -0.002826
2455365.249950 0.000000 0.000000 -0.005487
2455365.349950 0.000000 0.000000 -0.007699
2455365.449950 0.000000 0.000000 -0.009607
2455365.549950 0.000000 0.000000 -0.011319
2455365.649950 0.000000 0.000000 -0.012842
2455365.749950 0.000000 0.000000 -0.014044
2455365.849950 0.000000 0.000000 -0.014675
2455365.949950 0.000000 0.000000 -0.014426
2455366.049950 0.000000 0.000000 -0.013019
2455366.149950 0.000000 0.000000 -0.010306
2455366.249950 0.000000 0.000000 -0.006341
2455366.349950 0.000000 0.000000 -0.001409
2455366.449950 0.000000 0.000000 0.003998
2455366.549950 0.000000 0.000000 0.009255
2455366.649950 0.000000 0.000000 0.013718
2455366.749950 0.000000 0.000000 0.016839
2455366.849950 0.000000 0.000000 0.018275
2455366.949950 0.000000 0.000000 0.017941
2455367.049950 0.000000 0.000000 0.016015
2455367.149950 0.000000 0.000000 0.012884
2455367.249950 0.000000 0.000000 0.009051
2455367.349950 0.000000 0.000000 0.005025
2455367.449950 0.000000 0.000000 0.001220
2455367.549950 0.000000 0.000000 -0.002113
2455367.649950 0.000000 0.000000 -0.004899
2455367.749950 0.000000 0.000000 -0.007205
2455367.849950 0.000000 0.000000 -0.009172
2455367.949950 0.000000 0.000000 -0.010926
2455368.049950 0.000000 0.000000 -0.012501
2455368.149950 0.000000 0.000000 -0.013799
2455368.249950 0.000000 0.000000 -0.014593
2455368.349950 0.000000 0.000000 -0.014581
2455368.449950 0.000000 0.000000 -0.013470
2455368.549950 0.000000 0.000000 -0.011072
2455368.649950 0.000000 0.000000 -0.007389
2455368.749950 0.000000 0.000000 -0.002649
2455368.849950 0.000000 0.000000 0.002698
2455368.949950 0.000000 0.000000 0.008051
2455369.049950 0.000000 0.000000 0.012758
2455369.149950 0.000000 0.000000 0.016239
2455369.249950 0.000000 0.000000 0.018095
2455369.349950 0.000000 0.000000 0.018176
2455369.449950 0.000000 0.000000 0.016601
2455369.549950 0.000000 0.000000 0.013714
2455369.649950 0.000000 0.000000 0.010001
2455369.749950 0.000000 0.000000 0.005978
2455369.849950 0.000000 0.000000 0.002091
2455369.949950 0.000000 0.000000 -0.001368
2455370.049950 0.000000 0.000000 -0.004282
2455370.149950 0.000000 0.000000 -0.006691
2455370.249950 0.000000 0.000000 -0.008726
2455370.349950 0.000000 0.000000 -0.010523
2455370.449950 0.000000 0.000000 -0.012144
2455370.549950 0.000000 0.000000 -0.013524
2455370.649950 0.000000 0.000000 -0.014465
2455370.749950 0.000000 0.000000 -0.014674
2455370.849950 0.000000 0.000000 -0.013847
2455370.949950 0.000000 0.000000 -0.011765
2455371.049950 0.000000 0.000000 -0.008376
2455371.149950 0.000000 0.000000 -0.003855
2455371.249950 0.000000 0.000000 0.001398
2455371.349950 0.000000 0.000000 0.006809
2455371.449950 0.000000 0.000000 0.011727
2455371.549950 0.000000 0.000000 0.015545
2455371.649950 0.000000 0.000000 0.017812
2455371.749950 0.000000 0.000000 0.018316
2455371.849950 0.000000 0.000000 0.017112
2455371.949950 0.000000 0.000000 0.014497
2455372.049950 0.000000 0.000000 0.010933
2455372.149950 0.000000 0.000000 0.006940
2455372.249950 0.000000 0.000000 0.002987
2455372.349950 0.000000 0.000000 -0.000591
2455372.449950 0.000000 0.000000 -0.003637
2455372.549950 0.000000 0.000000 -0.006157
2455372.649950 0.000000 0.000000 -0.008267
2455372.749950 0.000000 0.000000 -0.010111
2455372.849950 0.000000 0.000000 -0.011775
2455372.949950 0.000000 0.000000 -0.013226
2455373.049950 0.000000 0.000000 -0.014295
2455373.149950 0.000000 0.000000 -0.014707
2455373.249950 0.000000 0.000000 -0.014153
2455373.349950 0.000000 0.000000 -0.012381
2455373.449950 0.000000 0.000000 -0.009297
2455373.549950 0.000000 0.000000 -0.005018
2455373.649950 0.000000 0.000000 0.000108
2455373.749950 0.000000 0.000000 0.005539
2455373.849950 0.000000 0.000000 0.010633
2455373.949950 0.000000 0.000000 0.014762
2455374.049950 0.000000 0.000000 0.017428
2455374.149950 0.000000 0.000000 0.018357
2455374.249950 0.000000 0.000000 0.017542
2455374.349950 0.000000 0.000000 0.015226
2455374.449950 0.000000 0.000000 0.011841
2455374.549950 0.000000 0.000000 0.007904
2455374.649950 0.000000 0.000000 0.003906
2455374.749950 0.000000 0.000000 0.000217
2455374.849950 0.000000 0.000000 -0.002961
2455374.949950 0.000000 0.000000 -0.005598
2455375.049950 0.000000 0.000000 -0.007793
2455375.149950 0.000000 0.000000 -0.009689
2455375.249950 0.000000 0.000000 -0.011394
2455375.349950 0.000000 0.000000 -0.012906
2455375.449950 0.000000 0.000000 -0.014088
2455375.549950 0.000000 0.000000 -0.014686
2455375.649950 0.000000 0.000000 -0.014388
2455375.749950 0.000000 0.000000 -0.012923
2455375.849950 0.000000 0.000000 -0.010149
2455375.949950 0.000000 0.000000 -0.006131
2455376.049950 0.000000 0.000000 -0.001165
2455376.149950 0.000000 0.000000 0.004249
2455376.249950 0.000000 0.000000 0.009484
2455376.349950 0.000000 0.000000 0.013895
2455376.449950 0.000000 0.000000 0.016944
2455376.549950 0.000000 0.000000 0.018298
2455376.649950 0.000000 0.000000 0.017885
2455376.749950 0.000000 0.000000 0.015893
2455376.849950 0.000000 0.000000 0.012718
2455376.949950 0.000000 0.000000 0.008866
2455377.049950 0.000000 0.000000 0.004842
2455377.149950 0.000000 0.000000 0.001054
2455377.249950 0.000000 0.000000 -0.002254
2455377.349950 0.000000 0.000000 -0.005015
2455377.449950 0.000000 0.000000 -0.007302
2455377.549950 0.000000 0.000000 -0.009257
2455377.649950 0.000000 0.000000 -0.011003
2455377.749950 0.000000 0.000000 -0.012568
2455377.849950 0.000000 0.000000 -0.013848
2455377.949950 0.000000 0.000000 -0.014613
2455378.049950 0.000000 0.000000 -0.014556
2455378.149950 0.000000 0.000000 -0.013388
2455378.249950 0.000000 0.000000 -0.010930
2455378.349950 0.000000 0.000000 -0.007191
2455378.449950 0.000000 0.000000 -0.002412
2455378.549950 0.000000 0.000000 0.002950
2455378.649950 0.000000 0.000000 0.008287
2455378.749950 0.000000 0.000000 0.012949
2455378.849950 0.000000 0.000000 0.016362
2455378.949950 0.000000 0.000000 0.018138
2455379.049950 0.000000 0.000000 0.018138
2455379.149950 0.000000 0.000000 0.016493
2455379.249950 0.000000 0.000000 0.013557
2455379.349950 0.000000 0.000000 0.009818
2455379.449950 0.000000 0.000000 0.005793
2455379.549950 0.000000 0.000000 0.001920
2455379.649950 0.000000 0.000000 -0.001515
2455379.749950 0.000000 0.000000 -0.004404
2455379.849950 0.000000 0.000000 -0.006792
2455379.949950 0.000000 0.000000 -0.008813
2455380.049950 0.000000 0.000000 -0.010602
2455380.149950 0.000000 0.000000 -0.012214
2455380.249950 0.000000 0.000000 -0.013580
2455380.349950 0.000000 0.000000 -0.014493
2455380.449950 0.000000 0.000000 -0.014661
2455380.549950 0.000000 0.000000 -0.013780
2455380.649950 0.000000 0.000000 -0.011636
2455380.749950 0.000000 0.000000 -0.008190
2455380.849950 0.000000 0.000000 -0.003624
2455380.949950 0.000000 0.000000 0.001649
2455381.049950 0.000000 0.000000 0.007052
2455381.149950 0.000000 0.000000 0.011932
2455381.249950 0.000000 0.000000 0.015686
2455381.349950 0.000000 0.000000 0.017875
2455381.449950 0.000000 0.000000 0.018296
2455381.549950 0.000000 0.000000 0.017019
2455381.649950 0.000000 0.000000 0.014349
2455381.749950 0.000000 0.000000 0.010754
2455381.849950 0.000000 0.000000 0.006753
2455381.949950 0.000000 0.000000 0.002812
2455382.049950 0.000000 0.000000 -0.000744
2455382.149950 0.000000 0.000000 -0.003764
2455382.249950 0.000000 0.000000 -0.006262
2455382.349950 0.000000 0.000000 -0.008357
2455382.449950 0.000000 0.000000 -0.010192
2455382.549950 0.000000 0.000000 -0.011847
2455382.649950 0.000000 0.000000 -0.013285
2455382.749950 0.000000 0.000000 -0.014331
2455382.849950 0.000000 0.000000 -0.014705
2455382.949950 0.000000 0.000000 -0.014099
2455383.049950 0.000000 0.000000 -0.012268
2455383.149950 0.000000 0.000000 -0.009124
2455383.249950 0.000000 0.000000 -0.004796
2455383.349950 0.000000 0.000000 0.000356
2455383.449950 0.000000 0.000000 0.005786
2455383.549950 0.000000 0.000000 0.010849
2455383.649950 0.000000 0.000000 0.014920
2455383.749950 0.000000 0.000000 0.017510
2455383.849950 0.000000 0.000000 0.018357
2455383.949950 0.000000 0.000000 0.017465
2455384.049950 0.000000 0.000000 0.015089
2455384.149950 0.000000 0.000000 0.011668
2455384.249950 0.000000 0.000000 0.007718
2455384.349950 0.000000 0.000000 0.003726
2455384.449950 0.000000 0.000000 0.000058
2455384.549950 0.000000 0.000000 -0.003094
2455384.649950 0.000000 0.000000 -0.005708
2455384.749950 0.000000 0.000000 -0.007886
2455384.849950 0.000000 0.000000 -0.009772
2455384.949950 0.000000 0.000000 -0.011468
2455385.049950 0.000000 0.000000 -0.012969
2455385.149950 0.000000 0.000000 -0.014131
2455385.249950 0.000000 0.000000 -0.014694
2455385.349950 0.000000 0.000000 -0.014348
2455385.449950 0.000000 0.000000 -0.012824
2455385.549950 0.000000 0.000000 -0.009990
2455385.649950 0.000000 0.000000 -0.005920
2455385.749950 0.000000 0.000000 -0.000921
2455385.849950 0.000000 0.000000 0.004500
2455385.949950 0.000000 0.000000 0.009710
2455386.049950 0.000000 0.000000 0.014069
2455386.149950 0.000000 0.000000 0.017046
2455386.249950 0.000000 0.000000 0.018318
2455386.349950 0.000000 0.000000 0.017826
2455386.449950 0.000000 0.000000 0.015769
2455386.549950 0.000000 0.000000 0.012551
2455386.649950 0.000000 0.000000 0.008680
2455386.749950 0.000000 0.000000 0.004660
2455386.849950 0.000000 0.000000 0.000890
2455386.949950 0.000000 0.000000 -0.002393
2455387.049950 0.000000 0.000000 -0.005130
2455387.149950 0.000000 0.000000 -0.007398
2455387.249950 0.000000 0.000000 -0.009342
2455387.349950 0.000000 0.000000 -0.011079
2455387.449950 0.000000 0.000000 -0.012635
2455387.549950 0.000000 0.000000 -0.013897
2455387.649950 0.000000 0.000000 -0.014631
2455387.749950 0.000000 0.000000 -0.014529
2455387.849950 0.000000 0.000000 -0.013304
2455387.949950 0.000000 0.000000 -0.010784
2455388.049950 0.000000 0.000000 -0.006990
2455388.149950 0.000000 0.000000 -0.002173
2455388.249950 0.000000 0.000000 0.003202
2455388.349950 0.000000 0.000000 0.008522
2455388.449950 0.000000 0.000000 0.013138
2455388.549950 0.000000 0.000000 0.016483
2455388.649950 0.000000 0.000000 0.018177
2455388.749950 0.000000 0.000000 0.018096
2455388.849950 0.000000 0.000000 0.016383
2455388.949950 0.000000 0.000000 0.013398
2455389.049950 0.000000 0.000000 0.009635
2455389.149950 0.000000 0.000000 0.005608
2455389.249950 0.000000 0.000000 0.001751
2455389.349950 0.000000 0.000000 -0.001660
2455389.449950 0.000000 0.000000 -0.004524
2455389.549950 0.000000 0.000000 -0.006893
2455389.649950 0.000000 0.000000 -0.008900
2455389.749950 0.000000 0.000000 -0.010680
2455389.849950 0.000000 0.000000 -0.012284
2455389.949950 0.000000 0.000000 -0.013634
2455390.049950 0.000000 0.000000 -0.014520
2455390.149950 0.000000 0.000000 -0.014645
2455390.249950 0.000000 0.000000 -0.013710
2455390.349950 0.000000 0.000000 -0.011505
2455390.449950 0.000000 0.000000 -0.008001
2455390.549950 0.000000 0.000000 -0.003393
2455390.649950 0.000000 0.000000 0.001901
2455390.749950 0.000000 0.000000 0.007293
2455390.849950 0.000000 0.000000 0.012134
2455390.949950 0.000000 0.000000 0.015825
2455391.049950 0.000000 0.000000 0.017934
2455391.149950 0.000000 0.000000 0.018273
2455391.249950 0.000000 0.000000 0.016923
2455391.349950 0.000000 0.000000 0.014200
2455391.449950 0.000000 0.000000 0.010574
2455391.549950 0.000000 0.000000 0.006567
2455391.649950 0.000000 0.000000 0.002637
2455391.749950 0.000000 0.000000 -0.000896
2455391.849950 0.000000 0.000000 -0.003890
2455391.949950 0.000000 0.000000 -0.006366
2455392.049950 0.000000 0.000000 -0.008446
2455392.149950 0.000000 0.000000 -0.010272
2455392.249950 0.000000 0.000000 -0.011919
2455392.349950 0.000000 0.000000 -0.013344
2455392.449950 0.000000 0.000000 -0.014366
2455392.549950 0.000000 0.000000 -0.014701
2455392.649950 0.000000 0.000000 -0.014043
2455392.749950 0.000000 0.000000 -0.012152
2455392.849950 0.000000 0.000000 -0.008948
2455392.949950 0.000000 0.000000 -0.004573
2455393.049950 0.000000 0.000000 0.000605
2455393.149950 0.000000 0.000000 0.006033
2455393.249950 0.000000 0.000000 0.011063
2455393.349950 0.000000 0.000000 0.015075
2455393.449950 0.000000 0.000000 0.017589
2455393.549950 0.000000 0.000000 0.018353
2455393.649950 0.000000 0.000000 0.017385
2455393.749950 0.000000 0.000000 0.014950
2455393.849950 0.000000 0.000000 0.011493
2455393.949950 0.000000 0.000000 0.007531
2455394.049950 0.000000 0.000000 0.003548
2455394.149950 0.000000 0.000000 -0.000100
2455394.249950 0.000000 0.000000 -0.003226
2455394.349950 0.000000 0.000000 -0.005817
2455394.449950 0.000000 0.000000 -0.007978
2455394.549950 0.000000 0.000000 -0.009854
2455394.649950 0.000000 0.000000 -0.011543
2455394.749950 0.000000 0.000000 -0.013032
2455394.849950 0.000000 0.000000 -0.014173
2455394.949950 0.000000 0.000000 -0.014700
2455395.049950 0.000000 0.000000 -0.014305
2455395.149950 0.000000 0.000000 -0.012722
2455395.249950 0.000000 0.000000 -0.009828
2455395.349950 0.000000 0.000000 -0.005706
2455395.449950 0.000000 0.000000 -0.000675
2455395.549950 0.000000 0.000000 0.004750
2455395.649950 0.000000 0.000000 0.009935
2455395.749950 0.000000 0.000000 0.014240
2455395.849950 0.000000 0.000000 0.017143
2455395.949950 0.000000 0.000000 0.018333
2455396.049950 0.000000 0.000000 0.017763
2455396.149950 0.000000 0.000000 0.015643
2455396.249950 0.000000 0.000000 0.012383
2455396.349950 0.000000 0.000000 0.008494
2455396.449950 0.000000 0.000000 0.004478
2455396.549950 0.000000 0.000000 0.000727
2455396.649950 0.000000 0.000000 -0.002531
2455396.749950 0.000000 0.000000 -0.005244
2455396.849950 0.000000 0.000000 -0.007494
2455396.949950 0.000000 0.000000 -0.009426
2455397.049950 0.000000 0.000000 -0.011155
2455397.149950 0.000000 0.000000 -0.012701
2455397.249950 0.000000 0.000000 -0.013945
2455397.349950 0.000000 0.000000 -0.014647
2455397.449950 0.000000 0.000000 -0.014499
2455397.549950 0.000000 0.000000 -0.013217
2455397.649950 0.000000 0.000000 -0.010636
2455397.749950 0.000000 0.000000 -0.006787
2455397.849950 0.000000 0.000000 -0.001933
2455397.949950 0.000000 0.000000 0.003453
2455398.049950 0.000000 0.000000 0.008755
2455398.149950 0.000000 0.000000 0.013324
2455398.249950 0.000000 0.000000 0.016599
2455398.349950 0.000000 0.000000 0.018212
2455398.449950 0.000000 0.000000 0.018051
2455398.549950 0.000000 0.000000 0.016269
2455398.649950 0.000000 0.000000 0.013237
2455398.749950 0.000000 0.000000 0.009451
2455398.849950 0.000000 0.000000 0.005424
2455398.949950 0.000000 0.000000 0.001582
2455399.049950 0.000000 0.000000 -0.001805
2455399.149950 0.000000 0.000000 -0.004644
2455399.249950 0.000000 0.000000 -0.006992
2455399.349950 0.000000 0.000000 -0.008987
2455399.449950 0.000000 0.000000 -0.010758
2455399.549950 0.000000 0.000000 -0.012353
2455399.649950 0.000000 0.000000 -0.013687
2455399.749950 0.000000 0.000000 -0.014545
2455399.849950 0.000000 0.000000 -0.014628
2455399.949950 0.000000 0.000000 -0.013637
2455400.049950 0.000000 0.000000 -0.011372
2455400.149950 0.000000 0.000000 -0.007810
2455400.249950 0.000000 0.000000 -0.003159
2455400.349950 0.000000 0.000000 0.002152
2455400.449950 0.000000 0.000000 0.007534
2455400.549950 0.000000 0.000000 0.012333
2455400.649950 0.000000 0.000000 0.015959
2455400.749950 0.000000 0.000000 0.017989
2455400.849950 0.000000 0.000000 0.018247
2455400.949950 0.000000 0.000000 0.016825
2455401.049950 0.000000 0.000000 0.014048
2455401.149950 0.000000 0.000000 0.010394
2455401.249950 0.000000 0.000000 0.006381
2455401.349950 0.000000 0.000000 0.002464
2455401.449950 0.000000 0.000000 -0.001046
2455401.549950 0.000000 0.000000 -0.004015
2455401.649950 0.000000 0.000000 -0.006470
2455401.749950 0.000000 0.000000 -0.008535
2455401.849950 0.000000 0.000000 -0.010352
2455401.949950 0.000000 0.000000 -0.011991
2455402.049950 0.000000 0.000000 -0.013402
2455402.149950 0.000000 0.000000 -0.014399
2455402.249950 0.000000 0.000000 -0.014695
2455402.349950 0.000000 0.000000 -0.013984
2455402.449950 0.000000 0.000000 -0.012032
2455402.549950 0.000000 0.000000 -0.008770
2455402.649950 0.000000 0.000000 -0.004348
2455402.749950 0.000000 0.000000 0.000855
2455402.849950 0.000000 0.000000 0.006279
2455402.949950 0.000000 0.000000 0.011275
2455403.049950 0.000000 0.000000 0.015227
2455403.149950 0.000000 0.000000 0.017664
2455403.249950 0.000000 0.000000 0.018345
2455403.349950 0.000000 0.000000 0.017302
2455403.449950 0.000000 0.000000 0.014809
2455403.549950 0.000000 0.000000 0.011317
2455403.649950 0.000000 0.000000 0.007344
2455403.749950 0.000000 0.000000 0.003370
2455403.849950 0.000000 0.000000 -0.000256
2455403.949950 0.000000 0.000000 -0.003357
2455404.049950 0.000000 0.000000 -0.005925
2455404.149950 0.000000 0.000000 -0.008070
2455404.249950 0.000000 0.000000 -0.009935
2455404.349950 0.000000 0.000000 -0.011616
2455404.449950 0.000000 0.000000 -0.013094
2455404.549950 0.000000 0.000000 -0.014213
2455404.649950 0.000000 0.000000 -0.014705
2455404.749950 0.000000 0.000000 -0.014260
2455404.849950 0.000000 0.000000 -0.012618
2455404.949950 0.000000 0.000000 -0.009663
2455405.049950 0.000000 0.000000 -0.005491
2455405.149950 0.000000 0.000000 -0.000429
2455405.249950 0.000000 0.000000 0.005000
2455405.349950 0.000000 0.000000 0.010157
2455405.449950 0.000000 0.000000 0.014408
2455405.549950 0.000000 0.000000 0.017237
2455405.649950 0.000000 0.000000 0.018345
2455405.749950 0.000000 0.000000 0.017696
2455405.849950 0.000000 0.000000 0.015513
2455405.949950 0.000000 0.000000 0.012213
2455406.049950 0.000000 0.000000 0.008308
2455406.149950 0.000000 0.000000 0.004296
2455406.249950 0.000000 0.000000 0.000564
2455406.349950 0.000000 0.000000 -0.002668
2455406.449950 0.000000 0.000000 -0.005357
2455406.549950 0.000000 0.000000 -0.007589
2455406.649950 0.000000 0.000000 -0.009509
2455406.749950 0.000000 0.000000 -0.011231
2455406.849950 0.000000 0.000000 -0.012766
2455406.949950 0.000000 0.000000 -0.013992
2455407.049950 0.000000 0.000000 -0.014661
2455407.149950 0.000000 0.000000 -0.014466
2455407.249950 0.000000 0.000000 -0.013127
2455407.349950 0.000000 0.000000 -0.010485
2455407.449950 0.000000 0.000000 -0.006583
2455407.549950 0.000000 0.000000 -0.001691
2455407.649950 0.000000 0.000000 0.003705
2455407.749950 0.000000 0.000000 0.008987
2455407.849950 0.000000 0.000000 0.013507
2455407.949950 0.000000 0.000000 0.016712
2455408.049950 0.000000 0.000000 0.018244
2455408.149950 0.000000 0.000000 0.018003
2455408.249950 0.000000 0.000000 0.016154
2455408.349950 0.000000 0.000000 0.013075
2455408.449950 0.000000 0.000000 0.009267
2455408.549950 0.000000 0.000000 0.005240
2455408.649950 0.000000 0.000000 0.001414
2455408.749950 0.000000 0.000000 -0.001948
2455408.849950 0.000000 0.000000 -0.004762
2455408.949950 0.000000 0.000000 -0.007091
2455409.049950 0.000000 0.000000 -0.009073
2455409.149950 0.000000 0.000000 -0.010836
2455409.249950 0.000000 0.000000 -0.012421
2455409.349950 0.000000 0.000000 -0.013739
2455409.449950 0.000000 0.000000 -0.014568
2455409.549950 0.000000 0.000000 -0.014608
2455409.649950 0.000000 0.000000 -0.013562
2455409.749950 0.000000 0.000000 -0.011235
2455409.849950 0.000000 0.000000 -0.007617
2455409.949950 0.000000 0.000000 -0.002925
2455410.049950 0.000000 0.000000 0.002404
2455410.149950 0.000000 0.000000 0.007773
2455410.249950 0.000000 0.000000 0.012531
2455410.349950 0.000000 0.000000 0.016090
2455410.449950 0.000000 0.000000 0.018040
2455410.549950 0.000000 0.000000 0.018216
2455410.649950 0.000000 0.000000 0.016723
2455410.749950 0.000000 0.000000 0.013895
2455410.849950 0.000000 0.000000 0.010213
2455410.949950 0.000000 0.000000 0.006195
2455411.049950 0.000000 0.000000 0.002291
2455411.149950 0.000000 0.000000 -0.001195
2455411.249950 0.000000 0.000000 -0.004139
2455411.349950 0.000000 0.000000 -0.006573
2455411.449950 0.000000 0.000000 -0.008624
2455411.549950 0.000000 0.000000 -0.010431
2455411.649950 0.000000 0.000000 -0.012062
2455411.749950 0.000000 0.000000 -0.013459
2455411.849950 0.000000 0.000000 -0.014430
2455411.949950 0.000000 0.000000 -0.014687
2455412.049950 0.000000 0.000000 -0.013923
2455412.149950 0.000000 0.000000 -0.011910
2455412.249950 0.000000 0.000000 -0.008589
2455412.349950 0.000000 0.000000 -0.004121
2455412.449950 0.000000 0.000000 0.001105
2455412.549950 0.000000 0.000000 0.006524
2455412.649950 0.000000 0.000000 0.011485
2455412.749950 0.000000 0.000000 0.015376
2455412.849950 0.000000 0.000000 0.017734
2455412.949950 0.000000 0.000000 0.018334
2455413.049950 0.000000 0.000000 0.017216
2455413.149950 0.000000 0.000000 0.014666
2455413.249950 0.000000 0.000000 0.011140
2455413.349950 0.000000 0.000000 0.007158
2455413.449950 0.000000 0.000000 0.003193
2455413.549950 0.000000 0.000000 -0.000411
2455413.649950 0.000000 0.000000 -0.003487
2455413.749950 0.000000 0.000000 -0.006033
2455413.849950 0.000000 0.000000 -0.008161
2455413.949950 0.000000 0.000000 -0.010017
2455414.049950 0.000000 0.000000 -0.011690
2455414.149950 0.000000 0.000000 -0.013155
2455414.249950 0.000000 0.000000 -0.014252
2455414.349950 0.000000 0.000000 -0.014707
2455414.449950 0.000000 0.000000 -0.014212
2455414.549950 0.000000 0.000000 -0.012510
2455414.649950 0.000000 0.000000 -0.009496
2455414.749950 0.000000 0.000000 -0.005274
2455414.849950 0.000000 0.000000 -0.000182
2455414.949950 0.000000 0.000000 0.005249
2455415.049950 0.000000 0.000000 0.010378
2455415.149950 0.000000 0.000000 0.014573
2455415.249950 0.000000 0.000000 0.017328
2455415.349950 0.000000 0.000000 0.018353
2455415.449950 0.000000 0.000000 0.017627
2455415.549950 0.000000 0.000000 0.015382
2455415.649950 0.000000 0.000000 0.012042
2455415.749950 0.000000 0.000000 0.008122
2455415.849950 0.000000 0.000000 0.004116
2455415.949950 0.000000 0.000000 0.000403
2455416.049950 0.000000 0.000000 -0.002804
2455416.149950 0.000000 0.000000 -0.005469
2455416.249950 0.000000 0.000000 -0.007684
2455416.349950 0.000000 0.000000 -0.009593
2455416.449950 0.000000 0.000000 -0.011306
2455416.549950 0.000000 0.000000 -0.012831
2455416.649950 0.000000 0.000000 -0.014037
2455416.749950 0.000000 0.000000 -0.014673
2455416.849950 0.000000 0.000000 -0.014432
2455416.949950 0.000000 0.000000 -0.013034
2455417.049950 0.000000 0.000000 -0.010332
2455417.149950 0.000000 0.000000 -0.006376
2455417.249950 0.000000 0.000000 -0.001449
2455417.349950 0.000000 0.000000 0.003956
2455417.449950 0.000000 0.000000 0.009217
2455417.549950 0.000000 0.000000 0.013688
2455417.649950 0.000000 0.000000 0.016821
2455417.749950 0.000000 0.000000 0.018271
2455417.849950 0.000000 0.000000 0.017950
2455417.949950 0.000000 0.000000 0.016035
2455418.049950 0.000000 0.000000 0.012911
2455418.149950 0.000000 0.000000 0.009082
2455418.249950 0.000000 0.000000 0.005056
2455418.349950 0.000000 0.000000 0.001248
2455418.449950 0.000000 0.000000 -0.002090
2455418.549950 0.000000 0.000000 -0.004879
2455418.649950 0.000000 0.000000 -0.007189
2455418.749950 0.000000 0.000000 -0.009158
2455418.849950 0.000000 0.000000 -0.010913
2455418.949950 0.000000 0.000000 -0.012489
2455419.049950 0.000000 0.000000 -0.013790
2455419.149950 0.000000 0.000000 -0.014590
2455419.249950 0.000000 0.000000 -0.014585
2455419.349950 0.000000 0.000000 -0.013483
2455419.449950 0.000000 0.000000 -0.011096
2455419.549950 0.000000 0.000000 -0.007422
2455419.649950 0.000000 0.000000 -0.002689
2455419.749950 0.000000 0.000000 0.002656
2455419.849950 0.000000 0.000000 0.008011
2455419.949950 0.000000 0.000000 0.012725
2455420.049950 0.000000 0.000000 0.016218
2455420.149950 0.000000 0.000000 0.018087
2455420.249950 0.000000 0.000000 0.018182
2455420.349950 0.000000 0.000000 0.016619
2455420.449950 0.000000 0.000000 0.013740
2455420.549950 0.000000 0.000000 0.010031
2455420.649950 0.000000 0.000000 0.006009
2455420.749950 0.000000 0.000000 0.002119
2455420.849950 0.000000 0.000000 -0.001343
2455420.949950 0.000000 0.000000 -0.004262
2455421.049950 0.000000 0.000000 -0.006674
2455421.149950 0.000000 0.000000 -0.008712
2455421.249950 0.000000 0.000000 -0.010510
2455421.349950 0.000000 0.000000 -0.012133
2455421.449950 0.000000 0.000000 -0.013515
2455421.549950 0.000000 0.000000 -0.014460
2455421.649950 0.000000 0.000000 -0.014676
2455421.749950 0.000000 0.000000 -0.013858
2455421.849950 0.000000 0.000000 -0.011786
2455421.949950 0.000000 0.000000 -0.008406
2455422.049950 0.000000 0.000000 -0.003893
2455422.149950 0.000000 0.000000 0.001356
2455422.249950 0.000000 0.000000 0.006768
2455422.349950 0.000000 0.000000 0.011693
2455422.449950 0.000000 0.000000 0.015521
2455422.549950 0.000000 0.000000 0.017802
2455422.649950 0.000000 0.000000 0.018319
2455422.749950 0.000000 0.000000 0.017127
2455422.849950 0.000000 0.000000 0.014521
2455422.949950 0.000000 0.000000 0.010963
2455423.049950 0.000000 0.000000 0.006971
2455423.149950 0.000000 0.000000 0.003016
2455423.249950 0.000000 0.000000 -0.000566
2455423.349950 0.000000 0.000000 -0.003615
2455423.449950 0.000000 0.000000 -0.006139
2455423.549950 0.000000 0.000000 -0.008252
2455423.649950 0.000000 0.000000 -0.010098
2455423.749950 0.000000 0.000000 -0.011763
2455423.849950 0.000000 0.000000 -0.013216
2455423.949950 0.000000 0.000000 -0.014289
2455424.049950 0.000000 0.000000 -0.014708
2455424.149950 0.000000 0.000000 -0.014161
2455424.249950 0.000000 0.000000 -0.012400
2455424.349950 0.000000 0.000000 -0.009326
2455424.449950 0.000000 0.000000 -0.005054
2455424.549950 0.000000 0.000000 0.000066
2455424.649950 0.000000 0.000000 0.005497
2455424.749950 0.000000 0.000000 0.010597
2455424.849950 0.000000 0.000000 0.014735
2455424.949950 0.000000 0.000000 0.017414
2455425.049950 0.000000 0.000000 0.018357
2455425.149950 0.000000 0.000000 0.017554
2455425.249950 0.000000 0.000000 0.015248
2455425.349950 0.000000 0.000000 0.011870
2455425.449950 0.000000 0.000000 0.007935
2455425.549950 0.000000 0.000000 0.003935
2455425.649950 0.000000 0.000000 0.000243
2455425.749950 0.000000 0.000000 -0.002939
2455425.849950 0.000000 0.000000 -0.005580
2455425.949950 0.000000 0.000000 -0.007777
2455426.049950 0.000000 0.000000 -0.009676
2455426.149950 0.000000 0.000000 -0.011381
2455426.249950 0.000000 0.000000 -0.012895
2455426.349950 0.000000 0.000000 -0.014081
2455426.449950 0.000000 0.000000 -0.014684
2455426.549950 0.000000 0.000000 -0.014394
2455426.649950 0.000000 0.000000 -0.012939
2455426.749950 0.000000 0.000000 -0.010176
2455426.849950 0.000000 0.000000 -0.006167
2455426.949950 0.000000 0.000000 -0.001206
2455427.049950 0.000000 0.000000 0.004207
2455427.149950 0.000000 0.000000 0.009446
2455427.249950 0.000000 0.000000 0.013865
2455427.349950 0.000000 0.000000 0.016927
2455427.449950 0.000000 0.000000 0.018295
2455427.549950 0.000000 0.000000 0.017895
2455427.649950 0.000000 0.000000 0.015914
2455427.749950 0.000000 0.000000 0.012746
2455427.849950 0.000000 0.000000 0.008897
2455427.949950 0.000000 0.000000 0.004873
2455428.049950 0.000000 0.000000 0.001082
2455428.149950 0.000000 0.000000 -0.002230
2455428.249950 0.000000 0.000000 -0.004995
2455428.349950 0.000000 0.000000 -0.007286
2455428.449950 0.000000 0.000000 -0.009243
2455428.549950 0.000000 0.000000 -0.010990
2455428.649950 0.000000 0.000000 -0.012557
2455428.749950 0.000000 0.000000 -0.013840
2455428.849950 0.000000 0.000000 -0.014609
2455428.949950 0.000000 0.000000 -0.014561
2455429.049950 0.000000 0.000000 -0.013402
2455429.149950 0.000000 0.000000 -0.010954
2455429.249950 0.000000 0.000000 -0.007224
2455429.349950 0.000000 0.000000 -0.002451
2455429.449950 0.000000 0.000000 0.002908
2455429.549950 0.000000 0.000000 0.008248
2455429.649950 0.000000 0.000000 0.012917
2455429.749950 0.000000 0.000000 0.016342
2455429.849950 0.000000 0.000000 0.018131
2455429.949950 0.000000 0.000000 0.018145
2455430.049950 0.000000 0.000000 0.016511
2455430.149950 0.000000 0.000000 0.013583
2455430.249950 0.000000 0.000000 0.009848
2455430.349950 0.000000 0.000000 0.005824
2455430.449950 0.000000 0.000000 0.001949
2455430.549950 0.000000 0.000000 -0.001490
2455430.649950 0.000000 0.000000 -0.004384
2455430.749950 0.000000 0.000000 -0.006776
2455430.849950 0.000000 0.000000 -0.008799
2455430.949950 0.000000 0.000000 -0.010589
2455431.049950 0.000000 0.000000 -0.012203
2455431.149950 0.000000 0.000000 -0.013570
2455431.249950 0.000000 0.000000 -0.014488
2455431.349950 0.000000 0.000000 -0.014663
2455431.449950 0.000000 0.000000 -0.013792
2455431.549950 0.000000 0.000000 -0.011658
2455431.649950 0.000000 0.000000 -0.008221
2455431.749950 0.000000 0.000000 -0.003663
2455431.849950 0.000000 0.000000 0.001607
2455431.949950 0.000000 0.000000 0.007011
2455432.049950 0.000000 0.000000 0.011898
2455432.149950 0.000000 0.000000 0.015663
2455432.249950 0.000000 0.000000 0.017865
2455432.349950 0.000000 0.000000 0.018300
2455432.449950 0.000000 0.000000 0.017035
2455432.549950 0.000000 0.000000 0.014374
2455432.649950 0.000000 0.000000 0.010784
2455432.749950 0.000000 0.000000 0.006785
2455432.849950 0.000000 0.000000 0.002841
2455432.949950 0.000000 0.000000 -0.000719
2455433.049950 0.000000 0.000000 -0.003743
2455433.149950 0.000000 0.000000 -0.006244
2455433.249950 0.000000 0.000000 -0.008342
2455433.349950 0.000000 0.000000 -0.010178
2455433.449950 0.000000 0.000000 -0.011835
2455433.549950 0.000000 0.000000 -0.013276
2455433.649950 0.000000 0.000000 -0.014325
2455433.749950 0.000000 0.000000 -0.014706
2455433.849950 0.000000 0.000000 -0.014108
2455433.949950 0.000000 0.000000 -0.012287
2455434.049950 0.000000 0.000000 -0.009153
2455434.149950 0.000000 0.000000 -0.004833
2455434.249950 0.000000 0.000000 0.000315
2455434.349950 0.000000 0.000000 0.005745
2455434.449950 0.000000 0.000000 0.010813
2455434.549950 0.000000 0.000000 0.014894
2455434.649950 0.000000 0.000000 0.017497
2455434.749950 0.000000 0.000000 0.018357
2455434.849950 0.000000 0.000000 0.017478
2455434.949950 0.000000 0.000000 0.015112
2455435.049950 0.000000 0.000000 0.011697
2455435.149950 0.000000 0.000000 0.007749
2455435.249950 0.000000 0.000000 0.003756
2455435.349950 0.000000 0.000000 0.000084
2455435.449950 0.000000 0.000000 -0.003072
2455435.549950 0.000000 0.000000 -0.005690
2455435.649950 0.000000 0.000000 -0.007870
2455435.749950 0.000000 0.000000 -0.009758
2455435.849950 0.000000 0.000000 -0.011456
2455435.949950 0.000000 0.000000 -0.012959
2455436.049950 0.000000 0.000000 -0.014124
2455436.149950 0.000000 0.000000 -0.014693
2455436.249950 0.000000 0.000000 -0.014355
2455436.349950 0.000000 0.000000 -0.012840
2455436.449950 0.000000 0.000000 -0.010017
2455436.549950 0.000000 0.000000 -0.005955
2455436.649950 0.000000 0.000000 -0.000961
2455436.749950 0.000000 0.000000 0.004458
2455436.849950 0.000000 0.000000 0.009672
2455436.949950 0.000000 0.000000 0.014040
2455437.049950 0.000000 0.000000 0.017029
2455437.149950 0.000000 0.000000 0.018315
2455437.249950 0.000000 0.000000 0.017836
2455437.349950 0.000000 0.000000 0.015790
2455437.449950 0.000000 0.000000 0.012579
2455437.549950 0.000000 0.000000 0.008711
2455437.649950 0.000000 0.000000 0.004690
2455437.749950 0.000000 0.000000 0.000917
2455437.849950 0.000000 0.000000 -0.002370
2455437.949950 0.000000 0.000000 -0.005111
2455438.049950 0.000000 0.000000 -0.007382
2455438.149950 0.000000 0.000000 -0.009328
2455438.249950 0.000000 0.000000 -0.011066
2455438.349950 0.000000 0.000000 -0.012624
2455438.449950 0.000000 0.000000 -0.013889
2455438.549950 0.000000 0.000000 -0.014628
2455438.649950 0.000000 0.000000 -0.014533
2455438.749950 0.000000 0.000000 -0.013318
2455438.849950 0.000000 0.000000 -0.010809
2455438.949950 0.000000 0.000000 -0.007024
2455439.049950 0.000000 0.000000 -0.002213
2455439.149950 0.000000 0.000000 0.003160
2455439.249950 0.000000 0.000000 0.008483
2455439.349950 0.000000 0.000000 0.013107
2455439.449950 0.000000 0.000000 0.016463
2455439.549950 0.000000 0.000000 0.018171
2455439.649950 0.000000 0.000000 0.018104
2455439.749950 0.000000 0.000000 0.016401
2455439.849950 0.000000 0.000000 0.013424
2455439.949950 0.000000 0.000000 0.009665
2455440.049950 0.000000 0.000000 0.005639
2455440.149950 0.000000 0.000000 0.001779
2455440.249950 0.000000 0.000000 -0.001636
2455440.349950 0.000000 0.000000 -0.004504
2455440.449950 0.000000 0.000000 -0.006876
2455440.549950 0.000000 0.000000 -0.008886
2455440.649950 0.000000 0.000000 -0.010667
2455440.749950 0.000000 0.000000 -0.012272
2455440.849950 0.000000 0.000000 -0.013625
2455440.949950 0.000000 0.000000 -0.014515
2455441.049950 0.000000 0.000000 -0.014648
2455441.149950 0.000000 0.000000 -0.013722
2455441.249950 0.000000 0.000000 -0.011528
2455441.349950 0.000000 0.000000 -0.008033
2455441.449950 0.000000 0.000000 -0.003431
2455441.549950 0.000000 0.000000 0.001859
2455441.649950 0.000000 0.000000 0.007253
2455441.749950 0.000000 0.000000 0.012100
2455441.849950 0.000000 0.000000 0.015802
2455441.949950 0.000000 0.000000 0.017924
2455442.049950 0.000000 0.000000 0.018277
2455442.149950 0.000000 0.000000 0.016939
2455442.249950 0.000000 0.000000 0.014225
2455442.349950 0.000000 0.000000 0.010605
2455442.449950 0.000000 0.000000 0.006598
2455442.549950 0.000000 0.000000 0.002666
2455442.649950 0.000000 0.000000 -0.000870
2455442.749950 0.000000 0.000000 -0.003869
2455442.849950 0.000000 0.000000 -0.006349
2455442.949950 0.000000 0.000000 -0.008431
2455443.049950 0.000000 0.000000 -0.010258
2455443.149950 0.000000 0.000000 -0.011907
2455443.249950 0.000000 0.000000 -0.013334
2455443.349950 0.000000 0.000000 -0.014360
2455443.449950 0.000000 0.000000 -0.014702
2455443.549950 0.000000 0.000000 -0.014052
2455443.649950 0.000000 0.000000 -0.012171
2455443.749950 0.000000 0.000000 -0.008978
2455443.849950 0.000000 0.000000 -0.004610
2455443.949950 0.000000 0.000000 0.000564
2455444.049950 0.000000 0.000000 0.005992
2455444.149950 0.000000 0.000000 0.011028
2455444.249950 0.000000 0.000000 0.015050
2455444.349950 0.000000 0.000000 0.017576
2455444.449950 0.000000 0.000000 0.018354
2455444.549950 0.000000 0.000000 0.017399
2455444.649950 0.000000 0.000000 0.014974
2455444.749950 0.000000 0.000000 0.011522
2455444.849950 0.000000 0.000000 0.007562
2455444.949950 0.000000 0.000000 0.003577
2455445.049950 0.000000 0.000000 -0.000073
2455445.149950 0.000000 0.000000 -0.003204
2455445.249950 0.000000 0.000000 -0.005799
2455445.349950 0.000000 0.000000 -0.007963
2455445.449950 0.000000 0.000000 -0.009840
2455445.549950 0.000000 0.000000 -0.011530
2455445.649950 0.000000 0.000000 -0.013022
2455445.749950 0.000000 0.000000 -0.014166
2455445.849950 0.000000 0.000000 -0.014699
2455445.949950 0.000000 0.000000 -0.014312
2455446.049950 0.000000 0.000000 -0.012739
2455446.149950 0.000000 0.000000 -0.009855
2455446.249950 0.000000 0.000000 -0.005742
2455446.349950 0.000000 0.000000 -0.000716
2455446.449950 0.000000 0.000000 0.004708
2455446.549950 0.000000 0.000000 0.009897
2455446.649950 0.000000 0.000000 0.014212
2455446.749950 0.000000 0.000000 0.017127
2455446.849950 0.000000 0.000000 0.018331
2455446.949950 0.000000 0.000000 0.017773
2455447.049950 0.000000 0.000000 0.015664
2455447.149950 0.000000 0.000000 0.012411
2455447.249950 0.000000 0.000000 0.008525
2455447.349950 0.000000 0.000000 0.004508
2455447.449950 0.000000 0.000000 0.000754
2455447.549950 0.000000 0.000000 -0.002508
2455447.649950 0.000000 0.000000 -0.005225
2455447.749950 0.000000 0.000000 -0.007478
2455447.849950 0.000000 0.000000 -0.009412
2455447.949950 0.000000 0.000000 -0.011143
2455448.049950 0.000000 0.000000 -0.012690
2455448.149950 0.000000 0.000000 -0.013937
2455448.249950 0.000000 0.000000 -0.014644
2455448.349950 0.000000 0.000000 -0.014504
2455448.449950 0.000000 0.000000 -0.013232
2455448.549950 0.000000 0.000000 -0.010661
2455448.649950 0.000000 0.000000 -0.006821
2455448.749950 0.000000 0.000000 -0.001973
2455448.849950 0.000000 0.000000 0.003411
2455448.949950 0.000000 0.000000 0.008716
2455449.049950 0.000000 0.000000 0.013293
2455449.149950 0.000000 0.000000 0.016580
2455449.249950 0.000000 0.000000 0.018206
2455449.349950 0.000000 0.000000 0.018059
2455449.449950 0.000000 0.000000 0.016289
2455449.549950 0.000000 0.000000 0.013264
2455449.649950 0.000000 0.000000 0.009482
2455449.749950 0.000000 0.000000 0.005454
2455449.849950 0.000000 0.000000 0.001610
2455449.949950 0.000000 0.000000 -0.001781
2455450.049950 0.000000 0.000000 -0.004624
2455450.149950 0.000000 0.000000 -0.006976
2455450.249950 0.000000 0.000000 -0.008972
2455450.349950 0.000000 0.000000 -0.010745
2455450.449950 0.000000 0.000000 -0.012341
2455450.549950 0.000000 0.000000 -0.013678
2455450.649950 0.000000 0.000000 -0.014541
2455450.749950 0.000000 0.000000 -0.014631
2455450.849950 0.000000 0.000000 -0.013650
2455450.949950 0.000000 0.000000 -0.011394
2455451.049950 0.000000 0.000000 -0.007842
2455451.149950 0.000000 0.000000 -0.003198
2455451.249950 0.000000 0.000000 0.002110
2455451.349950 0.000000 0.000000 0.007494
2455451.449950 0.000000 0.000000 0.012300
2455451.549950 0.000000 0.000000 0.015937
2455451.649950 0.000000 0.000000 0.017980
2455451.749950 0.000000 0.000000 0.018251
2455451.849950 0.000000 0.000000 0.016841
2455451.949950 0.000000 0.000000 0.014074
2455452.049950 0.000000 0.000000 0.010424
2455452.149950 0.000000 0.000000 0.006412
2455452.249950 0.000000 0.000000 0.002493
2455452.349950 0.000000 0.000000 -0.001021
2455452.449950 0.000000 0.000000 -0.003994
2455452.549950 0.000000 0.000000 -0.006453
2455452.649950 0.000000 0.000000 -0.008520
2455452.749950 0.000000 0.000000 -0.010338
2455452.849950 0.000000 0.000000 -0.011979
2455452.949950 0.000000 0.000000 -0.013392
2455453.049950 0.000000 0.000000 -0.014393
2455453.149950 0.000000 0.000000 -0.014696
2455453.249950 0.000000 0.000000 -0.013994
2455453.349950 0.000000 0.000000 -0.012053
2455453.449950 0.000000 0.000000 -0.008800
2455453.549950 0.000000 0.000000 -0.004386
2455453.649950 0.000000 0.000000 0.000814
2455453.749950 0.000000 0.000000 0.006238
2455453.849950 0.000000 0.000000 0.011240
2455453.949950 0.000000 0.000000 0.015202
2455454.049950 0.000000 0.000000 0.017651
2455454.149950 0.000000 0.000000 0.018347
2455454.249950 0.000000 0.000000 0.017316
2455454.349950 0.000000 0.000000 0.014833
2455454.449950 0.000000 0.000000 0.011347
2455454.549950 0.000000 0.000000 0.007375
2455454.649950 0.000000 0.000000 0.003399
2455454.749950 0.000000 0.000000 -0.000230
2455454.849950 0.000000 0.000000 -0.003335
2455454.949950 0.000000 0.000000 -0.005907
2455455.049950 0.000000 0.000000 -0.008055
2455455.149950 0.000000 0.000000 -0.009922
2455455.249950 0.000000 0.000000 -0.011604
2455455.349950 0.000000 0.000000 -0.013084
2455455.449950 0.000000 0.000000 -0.014206
2455455.549950 0.000000 0.000000 -0.014704
2455455.649950 0.000000 0.000000 -0.014267
2455455.749950 0.000000 0.000000 -0.012635
2455455.849950 0.000000 0.000000 -0.009691
2455455.949950 0.000000 0.000000 -0.005527
2455456.049950 0.000000 0.000000 -0.000470
2455456.149950 0.000000 0.000000 0.004958
2455456.249950 0.000000 0.000000 0.010120
2455456.349950 0.000000 0.000000 0.014380
2455456.449950 0.000000 0.000000 0.017222
2455456.549950 0.000000 0.000000 0.018343
2455456.649950 0.000000 0.000000 0.017708
2455456.749950 0.000000 0.000000 0.015535
2455456.849950 0.000000 0.000000 0.012242
2455456.949950 0.000000 0.000000 0.008339
2455457.049950 0.000000 0.000000 0.004327
2455457.149950 0.000000 0.000000 0.000591
2455457.249950 0.000000 0.000000 -0.002645
2455457.349950 0.000000 0.000000 -0.005338
2455457.449950 0.000000 0.000000 -0.007573
2455457.549950 0.000000 0.000000 -0.009495
2455457.649950 0.000000 0.000000 -0.011218
2455457.749950 0.000000 0.000000 -0.012755
2455457.849950 0.000000 0.000000 -0.013984
2455457.949950 0.000000 0.000000 -0.014659
2455458.049950 0.000000 0.000000 -0.014472
2455458.149950 0.000000 0.000000 -0.013142
2455458.249950 0.000000 0.000000 -0.010511
2455458.349950 0.000000 0.000000 -0.006617
2455458.449950 0.000000 0.000000 -0.001732
2455458.549950 0.000000 0.000000 0.003663
2455458.649950 0.000000 0.000000 0.008948
2455458.749950 0.000000 0.000000 0.013477
2455458.849950 0.000000 0.000000 0.016693
2455458.949950 0.000000 0.000000 0.018239
2455459.049950 0.000000 0.000000 0.018011
2455459.149950 0.000000 0.000000 0.016173
2455459.249950 0.000000 0.000000 0.013102
2455459.349950 0.000000 0.000000 0.009297
2455459.449950 0.000000 0.000000 0.005270
2455459.549950 0.000000 0.000000 0.001442
2455459.649950 0.000000 0.000000 -0.001924
2455459.749950 0.000000 0.000000 -0.004742
2455459.849950 0.000000 0.000000 -0.007074
2455459.949950 0.000000 0.000000 -0.009058
2455460.049950 0.000000 0.000000 -0.010823
2455460.149950 0.000000 0.000000 -0.012410
2455460.249950 0.000000 0.000000 -0.013730
2455460.349950 0.000000 0.000000 -0.014564
2455460.449950 0.000000 0.000000 -0.014611
2455460.549950 0.000000 0.000000 -0.013574
2455460.649950 0.000000 0.000000 -0.011258
2455460.749950 0.000000 0.000000 -0.007649
2455460.849950 0.000000 0.000000 -0.002964
2455460.949950 0.000000 0.000000 0.002362
2455461.049950 0.000000 0.000000 0.007733
2455461.149950 0.000000 0.000000 0.012498
2455461.249950 0.000000 0.000000 0.016069
2455461.349950 0.000000 0.000000 0.018032
2455461.449950 0.000000 0.000000 0.018222
2455461.549950 0.000000 0.000000 0.016740
2455461.649950 0.000000 0.000000 0.013921
2455461.749950 0.000000 0.000000 0.010243
2455461.849950 0.000000 0.000000 0.006226
2455461.949950 0.000000 0.000000 0.002320
2455462.049950 0.000000 0.000000 -0.001171
2455462.149950 0.000000 0.000000 -0.004119
2455462.249950 0.000000 0.000000 -0.006555
2455462.349950 0.000000 0.000000 -0.008609
2455462.449950 0.000000 0.000000 -0.010418
2455462.549950 0.000000 0.000000 -0.012050
2455462.649950 0.000000 0.000000 -0.013450
2455462.749950 0.000000 0.000000 -0.014425
2455462.849950 0.000000 0.000000 -0.014688
2455462.949950 0.000000 0.000000 -0.013933
2455463.049950 0.000000 0.000000 -0.011931
2455463.149950 0.000000 0.000000 -0.008620
2455463.249950 0.000000 0.000000 -0.004159
2455463.349950 0.000000 0.000000 0.001064
2455463.449950 0.000000 0.000000 0.006483
2455463.549950 0.000000 0.000000 0.011450
2455463.649950 0.000000 0.000000 0.015351
2455463.749950 0.000000 0.000000 0.017723
2455463.849950 0.000000 0.000000 0.018336
2455463.949950 0.000000 0.000000 0.017231
2455464.049950 0.000000 0.000000 0.014690
2455464.149950 0.000000 0.000000 0.011170
2455464.249950 0.000000 0.000000 0.007189
2455464.349950 0.000000 0.000000 0.003222
2455464.449950 0.000000 0.000000 -0.000386
2455464.549950 0.000000 0.000000 -0.003465
2455464.649950 0.000000 0.000000 -0.006015
2455464.749950 0.000000 0.000000 -0.008146
2455464.849950 0.000000 0.000000 -0.010003
2455464.949950 0.000000 0.000000 -0.011678
2455465.049950 0.000000 0.000000 -0.013145
2455465.149950 0.000000 0.000000 -0.014245
2455465.249950 0.000000 0.000000 -0.014707
2455465.349950 0.000000 0.000000 -0.014220
2455465.449950 0.000000 0.000000 -0.012528
2455465.549950 0.000000 0.000000 -0.009524
2455465.649950 0.000000 0.000000 -0.005310
2455465.749950 0.000000 0.000000 -0.000223
2455465.849950 0.000000 0.000000 0.005207
2455465.949950 0.000000 0.000000 0.010341
2455466.049950 0.000000 0.000000 0.014546
2455466.149950 0.000000 0.000000 0.017313
2455466.249950 0.000000 0.000000 0.018352
2455466.349950 0.000000 0.000000 0.017639
2455466.449950 0.000000 0.000000 0.015404
2455466.549950 0.000000 0.000000 0.012071
2455466.649950 0.000000 0.000000 0.008153
2455466.749950 0.000000 0.000000 0.004146
2455466.849950 0.000000 0.000000 0.000430
2455466.949950 0.000000 0.000000 -0.002781
2455467.049950 0.000000 0.000000 -0.005450
2455467.149950 0.000000 0.000000 -0.007668
2455467.249950 0.000000 0.000000 -0.009579
2455467.349950 0.000000 0.000000 -0.011294
2455467.449950 0.000000 0.000000 -0.012820
2455467.549950 0.000000 0.000000 -0.014029
2455467.649950 0.000000 0.000000 -0.014671
2455467.749950 0.000000 0.000000 -0.014438
2455467.849950 0.000000 0.000000 -0.013050
2455467.949950 0.000000 0.000000 -0.010358
2455468.049950 0.000000 0.000000 -0.006410
2455468.149950 0.000000 0.000000 -0.001490
2455468.249950 0.000000 0.000000 0.003914
2455468.349950 0.000000 0.000000 0.009179
2455468.449950 0.000000 0.000000 0.013658
2455468.549950 0.000000 0.000000 0.016803
2455468.649950 0.000000 0.000000 0.018267
2455468.749950 0.000000 0.000000 0.017959
2455468.849950 0.000000 0.000000 0.016055
2455468.949950 0.000000 0.000000 0.012938
2455469.049950 0.000000 0.000000 0.009113
2455469.149950 0.000000 0.000000 0.005087
2455469.249950 0.000000 0.000000 0.001275
2455469.349950 0.000000 0.000000 -0.002066
2455469.449950 0.000000 0.000000 -0.004860
2455469.549950 0.000000 0.000000 -0.007172
2455469.649950 0.000000 0.000000 -0.009144
2455469.749950 0.000000 0.000000 -0.010900
2455469.849950 0.000000 0.000000 -0.012478
2455469.949950 0.000000 0.000000 -0.013782
2455470.049950 0.000000 0.000000 -0.014586
2455470.149950 0.000000 0.000000 -0.014589
2455470.249950 0.000000 0.000000 -0.013497
2455470.349950 0.000000 0.000000 -0.011119
2455470.449950 0.000000 0.000000 -0.007454
2455470.549950 0.000000 0.000000 -0.002728
2455470.649950 0.000000 0.000000 0.002614
2455470.749950 0.000000 0.000000 0.007971
2455470.849950 0.000000 0.000000 0.012693
2455470.949950 0.000000 0.000000 0.016197
2455471.049950 0.000000 0.000000 0.018080
2455471.149950 0.000000 0.000000 0.018188
2455471.249950 0.000000 0.000000 0.016636
2455471.349950 0.000000 0.000000 0.013766
2455471.449950 0.000000 0.000000 0.010061
2455471.549950 0.000000 0.000000 0.006040
2455471.649950 0.000000 0.000000 0.002148
2455471.749950 0.000000 0.000000 -0.001319
2455471.849950 0.000000 0.000000 -0.004242
2455471.949950 0.000000 0.000000 -0.006658
2455472.049950 0.000000 0.000000 -0.008697
2455472.149950 0.000000 0.000000 -0.010497
2455472.249950 0.000000 0.000000 -0.012121
2455472.349950 0.000000 0.000000 -0.013506
2455472.449950 0.000000 0.000000 -0.014455
2455472.549950 0.000000 0.000000 -0.014678
2455472.649950 0.000000 0.000000 -0.013869
2455472.749950 0.000000 0.000000 -0.011807
2455472.849950 0.000000 0.000000 -0.008437
2455472.949950 0.000000 0.000000 -0.003931
2455473.049950 0.000000 0.000000 0.001314
2455473.149950 0.000000 0.000000 0.006727
2455473.249950 0.000000 0.000000 0.011658
2455473.349950 0.000000 0.000000 0.015497
2455473.449950 0.000000 0.000000 0.017791
2455473.549950 0.000000 0.000000 0.018322
2455473.649950 0.000000 0.000000 0.017142
2455473.749950 0.000000 0.000000 0.014546
2455473.849950 0.000000 0.000000 0.010992
2455473.949950 0.000000 0.000000 0.007002
2455474.049950 0.000000 0.000000 0.003046
2455474.149950 0.000000 0.000000 -0.000540
2455474.249950 0.000000 0.000000 -0.003594
2455474.349950 0.000000 0.000000 -0.006121
2455474.449950 0.000000 0.000000 -0.008237
2455474.549950 0.000000 0.000000 -0.010084
2455474.649950 0.000000 0.000000 -0.011751
2455474.749950 0.000000 0.000000 -0.013206
2455474.849950 0.000000 0.000000 -0.014283
2455474.949950 0.000000 0.000000 -0.014708
2455475.049950 0.000000 0.000000 -0.014170
2455475.149950 0.000000 0.000000 -0.012419
2455475.249950 0.000000 0.000000 -0.009354
2455475.349950 0.000000 0.000000 -0.005091
2455475.449950 0.000000 0.000000 0.000025
2455475.549950 0.000000 0.000000 0.005456
2455475.649950 0.000000 0.000000 0.010560
2455475.749950 0.000000 0.000000 0.014708
2455475.849950 0.000000 0.000000 0.017400
2455475.949950 0.000000 0.000000 0.018357
2455476.049950 0.000000 0.000000 0.017566
2455476.149950 0.000000 0.000000 0.015271
2455476.249950 0.000000 0.000000 0.011899
2455476.349950 0.000000 0.000000 0.007967
2455476.449950 0.000000 0.000000 0.003965
2455476.549950 0.000000 0.000000 0.000270
2455476.649950 0.000000 0.000000 -0.002916
2455476.749950 0.000000 0.000000 -0.005561
2455476.849950 0.000000 0.000000 -0.007762
2455476.949950 0.000000 0.000000 -0.009662
2455477.049950 0.000000 0.000000 -0.011369
2455477.149950 0.000000 0.000000 -0.012885
2455477.249950 0.000000 0.000000 -0.014074
2455477.349950 0.000000 0.000000 -0.014682
2455477.449950 0.000000 0.000000 -0.014401
2455477.549950 0.000000 0.000000 -0.012955
2455477.649950 0.000000 0.000000 -0.010202
2455477.749950 0.000000 0.000000 -0.006202
2455477.849950 0.000000 0.000000 -0.001246
2455477.949950 0.000000 0.000000 0.004166
2455478.049950 0.000000 0.000000 0.009408
2455478.149950 0.000000 0.000000 0.013836
2455478.249950 0.000000 0.000000 0.016910
2455478.349950 0.000000 0.000000 0.018291
2455478.449950 0.000000 0.000000 0.017904
2455478.549950 0.000000 0.000000 0.015934
2455478.649950 0.000000 0.000000 0.012773
2455478.749950 0.000000 0.000000 0.008928
2455478.849950 0.000000 0.000000 0.004903
2455478.949950 0.000000 0.000000 0.001110
2455479.049950 0.000000 0.000000 -0.002207
2455479.149950 0.000000 0.000000 -0.004976
2455479.249950 0.000000 0.000000 -0.007270
2455479.349950 0.000000 0.000000 -0.009229
2455479.449950 0.000000 0.000000 -0.010977
2455479.549950 0.000000 0.000000 -0.012546
2455479.649950 0.000000 0.000000 -0.013832
2455479.749950 0.000000 0.000000 -0.014606
2455479.849950 0.000000 0.000000 -0.014565
2455479.949950 0.000000 0.000000 -0.013416
2455480.049950 0.000000 0.000000 -0.010978
2455480.149950 0.000000 0.000000 -0.007257
2455480.249950 0.000000 0.000000 -0.002491
2455480.349950 0.000000 0.000000 0.002866
2455480.449950 0.000000 0.000000 0.008208
2455480.549950 0.000000 0.000000 0.012885
2455480.649950 0.000000 0.000000 0.016322
2455480.749950 0.000000 0.000000 0.018124
2455480.849950 0.000000 0.000000 0.018151
2455480.949950 0.000000 0.000000 0.016529
2455481.049950 0.000000 0.000000 0.013609
2455481.149950 0.000000 0.000000 0.009879
2455481.249950 0.000000 0.000000 0.005855
2455481.349950 0.000000 0.000000 0.001977
2455481.449950 0.000000 0.000000 -0.001466
2455481.549950 0.000000 0.000000 -0.004363
2455481.649950 0.000000 0.000000 -0.006759
2455481.749950 0.000000 0.000000 -0.008784
2455481.849950 0.000000 0.000000 -0.010576
2455481.949950 0.000000 0.000000 -0.012191
2455482.049950 0.000000 0.000000 -0.013561
2455482.149950 0.000000 0.000000 -0.014484
2455482.249950 0.000000 0.000000 -0.014665
2455482.349950 0.000000 0.000000 -0.013803
2455482.449950 0.000000 0.000000 -0.011679
2455482.549950 0.000000 0.000000 -0.008252
2455482.649950 0.000000 0.000000 -0.003701
2455482.749950 0.000000 0.000000 0.001565
2455482.849950 0.000000 0.000000 0.006971
2455482.949950 0.000000 0.000000 0.011864
2455483.049950 0.000000 0.000000 0.015640
2455483.149950 0.000000 0.000000 0.017855
2455483.249950 0.000000 0.000000 0.018303
2455483.349950 0.000000 0.000000 0.017050
2455483.449950 0.000000 0.000000 0.014399
2455483.549950 0.000000 0.000000 0.010814
2455483.649950 0.000000 0.000000 0.006816
2455483.749950 0.000000 0.000000 0.002870
2455483.849950 0.000000 0.000000 -0.000693
2455483.949950 0.000000 0.000000 -0.003722
2455484.049950 0.000000 0.000000 -0.006227
2455484.149950 0.000000 0.000000 -0.008327
2455484.249950 0.000000 0.000000 -0.010165
2455484.349950 0.000000 0.000000 -0.011823
2455484.449950 0.000000 0.000000 -0.013266
2455484.549950 0.000000 0.000000 -0.014319
2455484.649950 0.000000 0.000000 -0.014706
2455484.749950 0.000000 0.000000 -0.014117
2455484.849950 0.000000 0.000000 -0.012306
2455484.949950 0.000000 0.000000 -0.009182
2455485.049950 0.000000 0.000000 -0.004870
2455485.149950 0.000000 0.000000 0.000273
2455485.249950 0.000000 0.000000 0.005704
2455485.349950 0.000000 0.000000 0.010777
2455485.449950 0.000000 0.000000 0.014868
2455485.549950 0.000000 0.000000 0.017483
2455485.649950 0.000000 0.000000 0.018358
2455485.749950 0.000000 0.000000 0.017491
2455485.849950 0.000000 0.000000 0.015135
2455485.949950 0.000000 0.000000 0.011726
2455486.049950 0.000000 0.000000 0.007780
2455486.149950 0.000000 0.000000 0.003786
2455486.249950 0.000000 0.000000 0.000111
2455486.349950 0.000000 0.000000 -0.003050
2455486.449950 0.000000 0.000000 -0.005672
2455486.549950 0.000000 0.000000 -0.007855
2455486.649950 0.000000 0.000000 -0.009744
2455486.749950 0.000000 0.000000 -0.011444
2455486.849950 0.000000 0.000000 -0.012948
2455486.949950 0.000000 0.000000 -0.014117
2455487.049950 0.000000 0.000000 -0.014691
2455487.149950 0.000000 0.000000 -0.014361
2455487.249950 0.000000 0.000000 -0.012857
2455487.349950 0.000000 0.000000 -0.010043
2455487.449950 0.000000 0.000000 -0.005991
2455487.549950 0.000000 0.000000 -0.001002
2455487.649950 0.000000 0.000000 0.004416
2455487.749950 0.000000 0.000000 0.009635
2455487.849950 0.000000 0.000000 0.014011
2455487.949950 0.000000 0.000000 0.017012
2455488.049950 0.000000 0.000000 0.018312
2455488.149950 0.000000 0.000000 0.017846
2455488.249950 0.000000 0.000000 0.015811
2455488.349950 0.000000 0.000000 0.012607
2455488.449950 0.000000 0.000000 0.008742
2455488.549950 0.000000 0.000000 0.004721
2455488.649950 0.000000 0.000000 0.000945
2455488.749950 0.000000 0.000000 -0.002347
2455488.849950 0.000000 0.000000 -0.005091
2455488.949950 0.000000 0.000000 -0.007366
2455489.049950 0.000000 0.000000 -0.009313
2455489.149950 0.000000 0.000000 -0.011054
2455489.249950 0.000000 0.000000 -0.012613
2455489.349950 0.000000 0.000000 -0.013881
2455489.449950 0.000000 0.000000 -0.014625
2455489.549950 0.000000 0.000000 -0.014538
2455489.649950 0.000000 0.000000 -0.013333
2455489.749950 0.000000 0.000000 -0.010833
2455489.849950 0.000000 0.000000 -0.007057
2455489.949950 0.000000 0.000000 -0.002253
2455490.049950 0.000000 0.000000 0.003118
2455490.149950 0.000000 0.000000 0.008444
2455490.249950 0.000000 0.000000 0.013075
2455490.349950 0.000000 0.000000 0.016443
2455490.449950 0.000000 0.000000 0.018164
2455490.549950 0.000000 0.000000 0.018111
2455490.649950 0.000000 0.000000 0.016420
2455490.749950 0.000000 0.000000 0.013451
2455490.849950 0.000000 0.000000 0.009696
2455490.949950 0.000000 0.000000 0.005670
2455491.049950 0.000000 0.000000 0.001807
2455491.149950 0.000000 0.000000 -0.001612
2455491.249950 0.000000 0.000000 -0.004484
2455491.349950 0.000000 0.000000 -0.006859
2455491.449950 0.000000 0.000000 -0.008871
2455491.549950 0.000000 0.000000 -0.010654
2455491.649950 0.000000 0.000000 -0.012261
2455491.749950 0.000000 0.000000 -0.013616
2455491.849950 0.000000 0.000000 -0.014511
2455491.949950 0.000000 0.000000 -0.014651
2455492.049950 0.000000 0.000000 -0.013734
2455492.149950 0.000000 0.000000 -0.011549
2455492.249950 0.000000 0.000000 -0.008064
2455492.349950 0.000000 0.000000 -0.003470
2455492.449950 0.000000 0.000000 0.001817
2455492.549950 0.000000 0.000000 0.007213
2455492.649950 0.000000 0.000000 0.012067
2455492.749950 0.000000 0.000000 0.015779
2455492.849950 0.000000 0.000000 0.017915
2455492.949950 0.000000 0.000000 0.018281
2455493.049950 0.000000 0.000000 0.016956
2455493.149950 0.000000 0.000000 0.014250
2455493.249950 0.000000 0.000000 0.010635
2455493.349950 0.000000 0.000000 0.006629
2455493.449950 0.000000 0.000000 0.002696
2455493.549950 0.000000 0.000000 -0.000845
2455493.649950 0.000000 0.000000 -0.003848
2455493.749950 0.000000 0.000000 -0.006332
2455493.849950 0.000000 0.000000 -0.008417
2455493.949950 0.000000 0.000000 -0.010245
2455494.049950 0.000000 0.000000 -0.011895
2455494.149950 0.000000 0.000000 -0.013325
2455494.249950 0.000000 0.000000 -0.014354
2455494.349950 0.000000 0.000000 -0.014703
2455494.449950 0.000000 0.000000 -0.014062
2455494.549950 0.000000 0.000000 -0.012191
2455494.649950 0.000000 0.000000 -0.009007
2455494.749950 0.000000 0.000000 -0.004648
2455494.849950 0.000000 0.000000 0.000522
2455494.949950 0.000000 0.000000 0.005951
2455495.049950 0.000000 0.000000 0.010992
2455495.149950 0.000000 0.000000 0.015024
2455495.249950 0.000000 0.000000 0.017563
2455495.349950 0.000000 0.000000 0.018355
2455495.449950 0.000000 0.000000 0.017412
2455495.549950 0.000000 0.000000 0.014997
2455495.649950 0.000000 0.000000 0.011551
2455495.749950 0.000000 0.000000 0.007593
2455495.849950 0.000000 0.000000 0.003607
2455495.949950 0.000000 0.000000 -0.000047
2455496.049950 0.000000 0.000000 -0.003182
2455496.149950 0.000000 0.000000 -0.005781
2455496.249950 0.000000 0.000000 -0.007948
2455496.349950 0.000000 0.000000 -0.009826
2455496.449950 0.000000 0.000000 -0.011518
2455496.549950 0.000000 0.000000 -0.013011
2455496.649950 0.000000 0.000000 -0.014159
2455496.749950 0.000000 0.000000 -0.014698
2455496.849950 0.000000 0.000000 -0.014319
2455496.949950 0.000000 0.000000 -0.012756
2455497.049950 0.000000 0.000000 -0.009882
2455497.149950 0.000000 0.000000 -0.005778
2455497.249950 0.000000 0.000000 -0.000757
2455497.349950 0.000000 0.000000 0.004667
2455497.449950 0.000000 0.000000 0.009860
2455497.549950 0.000000 0.000000 0.014183
2455497.649950 0.000000 0.000000 0.017111
2455497.749950 0.000000 0.000000 0.018329
2455497.849950 0.000000 0.000000 0.017784
2455497.949950 0.000000 0.000000 0.015685
2455498.049950 0.000000 0.000000 0.012439
2455498.149950 0.000000 0.000000 0.008556
2455498.249950 0.000000 0.000000 0.004538
2455498.349950 0.000000 0.000000 0.000781
2455498.449950 0.000000 0.000000 -0.002485
2455498.549950 0.000000 0.000000 -0.005206
2455498.649950 0.000000 0.000000 -0.007462
2455498.749950 0.000000 0.000000 -0.009398
2455498.849950 0.000000 0.000000 -0.011130
2455498.949950 0.000000 0.000000 -0.012679
2455499.049950 0.000000 0.000000 -0.013929
2455499.149950 0.000000 0.000000 -0.014641
2455499.249950 0.000000 0.000000 -0.014509
2455499.349950 0.000000 0.000000 -0.013246
2455499.449950 0.000000 0.000000 -0.010686
2455499.549950 0.000000 0.000000 -0.006855
2455499.649950 0.000000 0.000000 -0.002013
2455499.749950 0.000000 0.000000 0.003369
2455499.849950 0.000000 0.000000 0.008678
2455499.949950 0.000000 0.000000 0.013262
2455500.049950 0.000000 0.000000 0.016561
2455500.149950 0.000000 0.000000 0.018201
2455500.249950 0.000000 0.000000 0.018067
2455500.349950 0.000000 0.000000 0.016308
2455500.449950 0.000000 0.000000 0.013291
2455500.549950 0.000000 0.000000 0.009512
2455500.649950 0.000000 0.000000 0.005485
2455500.749950 0.000000 0.000000 0.001638
2455500.849950 0.000000 0.000000 -0.001756
2455500.949950 0.000000 0.000000 -0.004604
2455501.049950 0.000000 0.000000 -0.006959
2455501.149950 0.000000 0.000000 -0.008958
2455501.249950 0.000000 0.000000 -0.010732
2455501.349950 0.000000 0.000000 -0.012330
2455501.449950 0.000000 0.000000 -0.013669
2455501.549950 0.000000 0.000000 -0.014536
2455501.649950 0.000000 0.000000 -0.014634
2455501.749950 0.000000 0.000000 -0.013662
2455501.849950 0.000000 0.000000 -0.011417
2455501.949950 0.000000 0.000000 -0.007874
2455502.049950 0.000000 0.000000 -0.003237
2455502.149950 0.000000 0.000000 0.002068
2455502.249950 0.000000 0.000000 0.007454
2455502.349950 0.000000 0.000000 0.012267
2455502.449950 0.000000 0.000000 0.015915
2455502.549950 0.000000 0.000000 0.017971
2455502.649950 0.000000 0.000000 0.018256
2455502.749950 0.000000 0.000000 0.016858
2455502.849950 0.000000 0.000000 0.014099
2455502.949950 0.000000 0.000000 0.010454
2455503.049950 0.000000 0.000000 0.006443
2455503.149950 0.000000 0.000000 0.002522
2455503.249950 0.000000 0.000000 -0.000996
2455503.349950 0.000000 0.000000 -0.003974
2455503.449950 0.000000 0.000000 -0.006435
2455503.549950 0.000000 0.000000 -0.008506
2455503.649950 0.000000 0.000000 -0.010325
2455503.749950 0.000000 0.000000 -0.011967
2455503.849950 0.000000 0.000000 -0.013383
2455503.949950 0.000000 0.000000 -0.014388
2455504.049950 0.000000 0.000000 -0.014697
2455504.149950 0.000000 0.000000 -0.014004
2455504.249950 0.000000 0.000000 -0.012073
2455504.349950 0.000000 0.000000 -0.008830
2455504.449950 0.000000 0.000000 -0.004423
2455504.549950 0.000000 0.000000 0.000772
2455504.649950 0.000000 0.000000 0.006197
2455504.749950 0.000000 0.000000 0.011205
2455504.849950 0.000000 0.000000 0.015177
2455504.949950 0.000000 0.000000 0.017639
2455505.049950 0.000000 0.000000 0.018348
2455505.149950 0.000000 0.000000 0.017330
2455505.249950 0.000000 0.000000 0.014857
2455505.349950 0.000000 0.000000 0.011376
2455505.449950 0.000000 0.000000 0.007407
2455505.549950 0.000000 0.000000 0.003429
2455505.649950 0.000000 0.000000 -0.000204
2455505.749950 0.000000 0.000000 -0.003314
2455505.849950 0.000000 0.000000 -0.005889
2455505.949950 0.000000 0.000000 -0.008039
2455506.049950 0.000000 0.000000 -0.009908
2455506.149950 0.000000 0.000000 -0.011592
2455506.249950 0.000000 0.000000 -0.013074
2455506.349950 0.000000 0.000000 -0.014199
2455506.449950 0.000000 0.000000 -0.014703
2455506.549950 0.000000 0.000000 -0.014275
2455506.649950 0.000000 0.000000 -0.012653
2455506.749950 0.000000 0.000000 -0.009718
2455506.849950 0.000000 0.000000 -0.005563
2455506.949950 0.000000 0.000000 -0.000511
2455507.049950 0.000000 0.000000 0.004916
2455507.149950 0.000000 0.000000 0.010083
2455507.249950 0.000000 0.000000 0.014352
2455507.349950 0.000000 0.000000 0.017206
2455507.449950 0.000000 0.000000 0.018341
2455507.549950 0.000000 0.000000 0.017719
2455507.649950 0.000000 0.000000 0.015557
2455507.749950 0.000000 0.000000 0.012270
2455507.849950 0.000000 0.000000 0.008370
2455507.949950 0.000000 0.000000 0.004357
2455508.049950 0.000000 0.000000 0.000619
2455508.149950 0.000000 0.000000 -0.002623
2455508.249950 0.000000 0.000000 -0.005319
2455508.349950 0.000000 0.000000 -0.007558
2455508.449950 0.000000 0.000000 -0.009482
2455508.549950 0.000000 0.000000 -0.011206
2455508.649950 0.000000 0.000000 -0.012745
2455508.749950 0.000000 0.000000 -0.013976
2455508.849950 0.000000 0.000000 -0.014656
2455508.949950 0.000000 0.000000 -0.014477
2455509.049950 0.000000 0.000000 -0.013157
2455509.149950 0.000000 0.000000 -0.010536
2455509.249950 0.000000 0.000000 -0.006651
2455509.349950 0.000000 0.000000 -0.001772
2455509.449950 0.000000 0.000000 0.003621
2455509.549950 0.000000 0.000000 0.008910
2455509.649950 0.000000 0.000000 0.013446
2455509.749950 0.000000 0.000000 0.016675
2455509.849950 0.000000 0.000000 0.018233
2455509.949950 0.000000 0.000000 0.018019
2455510.049950 0.000000 0.000000 0.016192
2455510.149950 0.000000 0.000000 0.013129
2455510.249950 0.000000 0.000000 0.009328
2455510.349950 0.000000 0.000000 0.005301
2455510.449950 0.000000 0.000000 0.001470
2455510.549950 0.000000 0.000000 -0.001900
2455510.649950 0.000000 0.000000 -0.004723
2455510.749950 0.000000 0.000000 -0.007058
2455510.849950 0.000000 0.000000 -0.009044
2455510.949950 0.000000 0.000000 -0.010810
2455511.049950 0.000000 0.000000 -0.012399
2455511.149950 0.000000 0.000000 -0.013722
2455511.249950 0.000000 0.000000 -0.014560
2455511.349950 0.000000 0.000000 -0.014615
2455511.449950 0.000000 0.000000 -0.013587
2455511.549950 0.000000 0.000000 -0.011281
2455511.649950 0.000000 0.000000 -0.007682
2455511.749950 0.000000 0.000000 -0.003003
2455511.849950 0.000000 0.000000 0.002320
2455511.949950 0.000000 0.000000 0.007693
2455512.049950 0.000000 0.000000 0.012465
2455512.149950 0.000000 0.000000 0.016047
2455512.249950 0.000000 0.000000 0.018023
2455512.349950 0.000000 0.000000 0.018227
2455512.449950 0.000000 0.000000 0.016757
2455512.549950 0.000000 0.000000 0.013946
2455512.649950 0.000000 0.000000 0.010273
2455512.749950 0.000000 0.000000 0.006257
2455512.849950 0.000000 0.000000 0.002349
2455512.949950 0.000000 0.000000 -0.001146
2455513.049950 0.000000 0.000000 -0.004098
2455513.149950 0.000000 0.000000 -0.006538
2455513.249950 0.000000 0.000000 -0.008594
2455513.349950 0.000000 0.000000 -0.010404
2455513.449950 0.000000 0.000000 -0.012038
2455513.549950 0.000000 0.000000 -0.013440
2455513.649950 0.000000 0.000000 -0.014420
2455513.749950 0.000000 0.000000 -0.014690
2455513.849950 0.000000 0.000000 -0.013943
2455513.949950 0.000000 0.000000 -0.011951
2455514.049950 0.000000 0.000000 -0.008650
2455514.149950 0.000000 0.000000 -0.004197
2455514.249950 0.000000 0.000000 0.001022
2455514.349950 0.000000 0.000000 0.006442
2455514.449950 0.000000 0.000000 0.011415
2455514.549950 0.000000 0.000000 0.015327
2455514.649950 0.000000 0.000000 0.017711
2455514.749950 0.000000 0.000000 0.018338
2455514.849950 0.000000 0.000000 0.017245
2455514.949950 0.000000 0.000000 0.014714
2455515.049950 0.000000 0.000000 0.011199
2455515.149950 0.000000 0.000000 0.007220
2455515.249950 0.000000 0.000000 0.003252
2455515.349950 0.000000 0.000000 -0.000360
2455515.449950 0.000000 0.000000 -0.003444
2455515.549950 0.000000 0.000000 -0.005997
2455515.649950 0.000000 0.000000 -0.008131
2455515.749950 0.000000 0.000000 -0.009990
2455515.849950 0.000000 0.000000 -0.011665
2455515.949950 0.000000 0.000000 -0.013135
2455516.049950 0.000000 0.000000 -0.014239
2455516.149950 0.000000 0.000000 -0.014707
2455516.249950 0.000000 0.000000 -0.014228
2455516.349950 0.000000 0.000000 -0.012546
2455516.449950 0.000000 0.000000 -0.009552
2455516.549950 0.000000 0.000000 -0.005346
2455516.649950 0.000000 0.000000 -0.000264
2455516.749950 0.000000 0.000000 0.005166
2455516.849950 0.000000 0.000000 0.010305
2455516.949950 0.000000 0.000000 0.014519
2455517.049950 0.000000 0.000000 0.017298
2455517.149950 0.000000 0.000000 0.018351
2455517.249950 0.000000 0.000000 0.017650
2455517.349950 0.000000 0.000000 0.015426
2455517.449950 0.000000 0.000000 0.012099
2455517.549950 0.000000 0.000000 0.008184
2455517.649950 0.000000 0.000000 0.004176
2455517.749950 0.000000 0.000000 0.000457
2455517.849950 0.000000 0.000000 -0.002759
2455517.949950 0.000000 0.000000 -0.005432
2455518.049950 0.000000 0.000000 -0.007652
2455518.149950 0.000000 0.000000 -0.009565
2455518.249950 0.000000 0.000000 -0.011281
2455518.349950 0.000000 0.000000 -0.012810
2455518.449950 0.000000 0.000000 -0.014022
2455518.549950 0.000000 0.000000 -0.014669
2455518.649950 0.000000 0.000000 -0.014444
2455518.749950 0.000000 0.000000 -0.013066
2455518.849950 0.000000 0.000000 -0.010383
2455518.949950 0.000000 0.000000 -0.006445
2455519.049950 0.000000 0.000000 -0.001530
2455519.149950 0.000000 0.000000 0.003873
2455519.249950 0.000000 0.000000 0.009141
2455519.349950 0.000000 0.000000 0.013628
2455519.449950 0.000000 0.000000 0.016785
2455519.549950 0.000000 0.000000 0.018262
2455519.649950 0.000000 0.000000 0.017968
2455519.749950 0.000000 0.000000 0.016075
2455519.849950 0.000000 0.000000 0.012966
2455519.949950 0.000000 0.000000 0.009143
2455520.049950 0.000000 0.000000 0.005117
2455520.149950 0.000000 0.000000 0.001303
2455520.249950 0.000000 0.000000 -0.002042
2455520.349950 0.000000 0.000000 -0.004840
2455520.449950 0.000000 0.000000 -0.007156
2455520.549950 0.000000 0.000000 -0.009130
2455520.649950 0.000000 0.000000 -0.010887
2455520.749950 0.000000 0.000000 -0.012467
2455520.849950 0.000000 0.000000 -0.013773
2455520.949950 0.000000 0.000000 -0.014583
2455521.049950 0.000000 0.000000 -0.014593
2455521.149950 0.000000 0.000000 -0.013510
2455521.249950 0.000000 0.000000 -0.011143
2455521.349950 0.000000 0.000000 -0.007487
2455521.449950 0.000000 0.000000 -0.002768
2455521.549950 0.000000 0.000000 0.002572
2455521.649950 0.000000 0.000000 0.007932
2455521.749950 0.000000 0.000000 0.012661
2455521.849950 0.000000 0.000000 0.016176
2455521.949950 0.000000 0.000000 0.018072
2455522.049950 0.000000 0.000000 0.018194
2455522.149950 0.000000 0.000000 0.016654
2455522.249950 0.000000 0.000000 0.013792
2455522.349950 0.000000 0.000000 0.010092
2455522.449950 0.000000 0.000000 0.006071
2455522.549950 0.000000 0.000000 0.002177
2455522.649950 0.000000 0.000000 -0.001294
2455522.749950 0.000000 0.000000 -0.004221
2455522.849950 0.000000 0.000000 -0.006641
2455522.949950 0.000000 0.000000 -0.008682
2455523.049950 0.000000 0.000000 -0.010484
2455523.149950 0.000000 0.000000 -0.012109
2455523.249950 0.000000 0.000000 -0.013497
2455523.349950 0.000000 0.000000 -0.014450
2455523.449950 0.000000 0.000000 -0.014680
2455523.549950 0.000000 0.000000 -0.013880
2455523.649950 0.000000 0.000000 -0.011828
2455523.749950 0.000000 0.000000 -0.008468
2455523.849950 0.000000 0.000000 -0.003969
2455523.949950 0.000000 0.000000 0.001272
2455524.049950 0.000000 0.000000 0.006687
2455524.149950 0.000000 0.000000 0.011624
2455524.249950 0.000000 0.000000 0.015473
2455524.349950 0.000000 0.000000 0.017780
2455524.449950 0.000000 0.000000 0.018324
2455524.549950 0.000000 0.000000 0.017157
2455524.649950 0.000000 0.000000 0.014570
2455524.749950 0.000000 0.000000 0.011022
2455524.849950 0.000000 0.000000 0.007033
2455524.949950 0.000000 0.000000 0.003075
2455525.049950 0.000000 0.000000 -0.000514
2455525.149950 0.000000 0.000000 -0.003573
2455525.249950 0.000000 0.000000 -0.006104
2455525.349950 0.000000 0.000000 -0.008222
2455525.449950 0.000000 0.000000 -0.010071
2455525.549950 0.000000 0.000000 -0.011738
2455525.649950 0.000000 0.000000 -0.013196
2455525.749950 0.000000 0.000000 -0.014277
2455525.849950 0.000000 0.000000 -0.014708
2455525.949950 0.000000 0.000000 -0.014178
2455526.049950 0.000000 0.000000 -0.012437
2455526.149950 0.000000 0.000000 -0.009383
2455526.249950 0.000000 0.000000 -0.005128
2455526.349950 0.000000 0.000000 -0.000017
2455526.449950 0.000000 0.000000 0.005414
2455526.549950 0.000000 0.000000 0.010524
2455526.649950 0.000000 0.000000 0.014682
2455526.749950 0.000000 0.000000 0.017386
2455526.849950 0.000000 0.000000 0.018356
2455526.949950 0.000000 0.000000 0.017579
2455527.049950 0.000000 0.000000 0.015293
2455527.149950 0.000000 0.000000 0.011928
2455527.249950 0.000000 0.000000 0.007998
2455527.349950 0.000000 0.000000 0.003996
2455527.449950 0.000000 0.000000 0.000297
2455527.549950 0.000000 0.000000 -0.002894
2455527.649950 0.000000 0.000000 -0.005543
2455527.749950 0.000000 0.000000 -0.007746
2455527.849950 0.000000 0.000000 -0.009648
2455527.949950 0.000000 0.000000 -0.011356
2455528.049950 0.000000 0.000000 -0.012874
2455528.149950 0.000000 0.000000 -0.014066
2455528.249950 0.000000 0.000000 -0.014681
2455528.349950 0.000000 0.000000 -0.014407
2455528.449950 0.000000 0.000000 -0.012971
2455528.549950 0.000000 0.000000 -0.010228
2455528.649950 0.000000 0.000000 -0.006237
2455528.749950 0.000000 0.000000 -0.001287
2455528.849950 0.000000 0.000000 0.004124
2455528.949950 0.000000 0.000000 0.009370
2455529.049950 0.000000 0.000000 0.013806
2455529.149950 0.000000 0.000000 0.016892
2455529.249950 0.000000 0.000000 0.018287
2455529.349950 0.000000 0.000000 0.017914
2455529.449950 0.000000 0.000000 0.015954
2455529.549950 0.000000 0.000000 0.012801
2455529.649950 0.000000 0.000000 0.008958
2455529.749950 0.000000 0.000000 0.004934
2455529.849950 0.000000 0.000000 0.001137
2455529.949950 0.000000 0.000000 -0.002183
2455530.049950 0.000000 0.000000 -0.004957
2455530.149950 0.000000 0.000000 -0.007254
2455530.249950 0.000000 0.000000 -0.009215
2455530.349950 0.000000 0.000000 -0.010964
2455530.449950 0.000000 0.000000 -0.012534
2455530.549950 0.000000 0.000000 -0.013824
2455530.649950 0.000000 0.000000 -0.014603
2455530.749950 0.000000 0.000000 -0.014569
2455530.849950 0.000000 0.000000 -0.013430
2455530.949950 0.000000 0.000000 -0.011001
2455531.049950 0.000000 0.000000 -0.007290
2455531.149950 0.000000 0.000000 -0.002531
2455531.249950 0.000000 0.000000 0.002824
2455531.349950 0.000000 0.000000 0.008169
2455531.449950 0.000000 0.000000 0.012854
2455531.549950 0.000000 0.000000 0.016301
2455531.649950 0.000000 0.000000 0.018117
2455531.749950 0.000000 0.000000 0.018158
2455531.849950 0.000000 0.000000 0.016547
2455531.949950 0.000000 0.000000 0.013635
2455532.049950 0.000000 0.000000 0.009909
2455532.149950 0.000000 0.000000 0.005886
2455532.249950 0.000000 0.000000 0.002006
2455532.349950 0.000000 0.000000 -0.001441
2455532.449950 0.000000 0.000000 -0.004343
2455532.549950 0.000000 0.000000 -0.006742
2455532.649950 0.000000 0.000000 -0.008770
2455532.749950 0.000000 0.000000 -0.010563
2455532.849950 0.000000 0.000000 -0.012179
2455532.949950 0.000000 0.000000 -0.013552
2455533.049950 0.000000 0.000000 -0.014479
2455533.149950 0.000000 0.000000 -0.014668
2455533.249950 0.000000 0.000000 -0.013814
2455533.349950 0.000000 0.000000 -0.011701
2455533.449950 0.000000 0.000000 -0.008283
2455533.549950 0.000000 0.000000 -0.003740
2455533.649950 0.000000 0.000000 0.001523
2455533.749950 0.000000 0.000000 0.006930
2455533.849950 0.000000 0.000000 0.011829
2455533.949950 0.000000 0.000000 0.015616
2455534.049950 0.000000 0.000000 0.017844
2455534.149950 0.000000 0.000000 0.018307
2455534.249950 0.000000 0.000000 0.017066
2455534.349950 0.000000 0.000000 0.014423
2455534.449950 0.000000 0.000000 0.010844
2455534.549950 0.000000 0.000000 0.006847
