descriptor BJD Tc_folded phase mod 
2455326.949950 -0.785003 0.762451 122.552195
2455327.049950 -0.685003 0.803708 134.184456
2455327.149950 -0.585003 0.844966 136.850014
2455327.249950 -0.485003 0.886223 130.370745
2455327.349950 -0.385003 0.927481 115.179618
2455327.449950 -0.285003 0.968738 92.291761
2455327.549950 -0.185003 0.009996 63.236626
2455327.649950 -0.085003 0.051253 29.955785
2455327.749950 0.014997 0.092510 -5.326813
2455327.849950 0.114997 0.133768 -40.253454
2455327.949950 0.214997 0.175025 -72.490210
2455328.049950 0.314997 0.216283 -99.882900
2455328.149950 0.414997 0.257540 -120.601044
2455328.249950 0.514997 0.298798 -133.260178
2455328.349950 0.614997 0.340055 -137.014371
2455328.449950 0.714997 0.381312 -131.612756
2455328.549950 0.814997 0.422570 -117.416287
2455328.649950 0.914997 0.463827 -95.373625
2455328.749950 1.014997 0.505085 -66.957744
2455328.849950 1.114997 0.546342 -34.067497
2455328.949950 -1.208809 0.587599 1.099267
2455329.049950 -1.108809 0.628857 36.192573
2455329.149950 -1.008809 0.670114 68.867357
2455329.249950 -0.908809 0.711372 96.940169
2455329.349950 -0.808809 0.752629 118.535078
2455329.449950 -0.708809 0.793887 132.209033
2455329.549950 -0.608809 0.835144 137.048289
2455329.649950 -0.508809 0.876401 132.729469
2455329.749950 -0.408809 0.917659 119.541173
2455329.849950 -0.308809 0.958916 98.364692
2455329.949950 -0.208809 0.000174 70.615116
2455330.049950 -0.108809 0.041431 38.146776
2455330.149950 -0.008809 0.082689 3.129326
2455330.249950 0.091191 0.123946 -32.097236
2455330.349950 0.191191 0.165203 -65.178942
2455330.449950 0.291191 0.206461 -93.905149
2455330.549950 0.391191 0.247718 -116.356265
2455330.649950 0.491191 0.288976 -131.032023
2455330.749950 0.591191 0.330233 -136.951734
2455330.849950 0.691191 0.371491 -133.719822
2455330.949950 0.791191 0.412748 -121.552254
2455331.049950 0.891191 0.454005 -101.262113
2455331.149950 0.991191 0.495263 -74.205261
2455331.249950 1.091191 0.536520 -42.189738
2455331.349950 1.191191 0.577778 -7.354940
2455331.449950 -1.132615 0.619035 27.971342
2455331.549950 -1.032615 0.660293 61.428476
2455331.649950 -0.932615 0.701550 90.780730
2455331.749950 -0.832615 0.742807 114.066679
2455331.849950 -0.732615 0.784065 129.730268
2455331.949950 -0.632615 0.825322 136.724799
2455332.049950 -0.532615 0.866580 134.582871
2455332.149950 -0.432615 0.907837 123.447615
2455332.249950 -0.332615 0.949095 104.063131
2455332.349950 -0.232615 0.990352 77.724762
2455332.449950 -0.132615 0.031609 46.192536
2455332.549950 -0.032615 0.072867 11.573552
2455332.649950 0.067385 0.114124 -23.818819
2455332.749950 0.167385 0.155382 -57.619528
2455332.849950 0.267385 0.196639 -87.569886
2455332.949950 0.367385 0.237897 -111.668499
2455333.049950 0.467385 0.279154 -128.305008
2455333.149950 0.567385 0.320411 -136.367700
2455333.249950 0.667385 0.361669 -135.317795
2455333.349950 0.767385 0.402926 -125.225453
2455333.449950 0.867385 0.444184 -106.765080
2455333.549950 0.967385 0.485441 -81.170268
2455333.649950 1.067385 0.526699 -50.151357
2455333.749950 1.167385 0.567956 -15.781146
2455333.849950 -1.156421 0.609213 19.643620
2455333.949950 -1.056421 0.650471 53.755726
2455334.049950 -0.956421 0.691728 84.275675
2455334.149950 -0.856421 0.732986 109.164010
2455334.249950 -0.756421 0.774243 126.757600
2455334.349950 -0.656421 0.815501 135.880776
2455334.449950 -0.556421 0.856758 135.923895
2455334.549950 -0.456421 0.898015 126.884073
2455334.649950 -0.356421 0.939273 109.365386
2455334.749950 -0.256421 0.980530 84.538498
2455334.849950 -0.156421 0.021788 54.062433
2455334.949950 -0.056421 0.063045 19.973716
2455335.049950 0.043579 0.104302 -15.449719
2455335.149950 0.143579 0.145560 -49.840747
2455335.249950 0.243579 0.186817 -80.901231
2455335.349950 0.343579 0.228075 -106.555594
2455335.449950 0.443579 0.269332 -125.089516
2455335.549950 0.543579 0.310590 -135.264492
2455335.649950 0.643579 0.351847 -136.400592
2455335.749950 0.743579 0.393104 -128.421898
2455335.849950 0.843579 0.434362 -111.861575
2455335.949950 0.943579 0.475619 -87.826246
2455336.049950 1.043579 0.516877 -57.922041
2455336.149950 1.143579 0.558134 -24.147270
2455336.249950 -1.180227 0.599392 11.241111
2455336.349950 -1.080227 0.640649 45.878319
2455336.449950 -0.980227 0.681906 77.449768
2455336.549950 -0.880227 0.723164 103.845735
2455336.649950 -0.780227 0.764421 123.302345
2455336.749950 -0.680227 0.805679 134.519434
2455336.849950 -0.580227 0.846936 136.747434
2455336.949950 -0.480227 0.888194 129.837463
2455337.049950 -0.380227 0.929451 114.251270
2455337.149950 -0.280227 0.970708 91.030382
2455337.249950 -0.180227 0.011966 61.726507
2455337.349950 -0.080227 0.053223 28.297836
2455337.449950 0.019773 0.094481 -7.021800
2455337.549950 0.119773 0.135738 -41.872214
2455337.649950 0.219773 0.176996 -73.924572
2455337.749950 0.319773 0.218253 -101.037014
2455337.849950 0.419773 0.259510 -121.397788
2455337.949950 0.519773 0.300768 -133.646310
2455338.049950 0.619773 0.342025 -136.964090
2455338.149950 0.719773 0.383283 -131.129420
2455338.249950 0.819773 0.424540 -116.532195
2455338.349950 0.919773 0.465798 -94.147856
2455338.449950 1.019773 0.507055 -65.472207
2455338.549950 1.119773 0.548312 -32.421462
2455338.649950 -1.204033 0.589570 2.795805
2455338.749950 -1.104033 0.630827 37.826247
2455338.849950 -1.004033 0.672085 70.328998
2455338.949950 -0.904033 0.713342 98.132104
2455339.049950 -0.804033 0.754600 119.377658
2455339.149950 -0.704033 0.795857 132.645954
2455339.249950 -0.604033 0.837114 137.050354
2455339.349950 -0.504033 0.878372 132.296540
2455339.449950 -0.404033 0.919629 118.702180
2455339.549950 -0.304033 0.960887 97.175699
2455339.649950 -0.204033 0.002144 69.155577
2455339.749950 -0.104033 0.043402 36.514222
2455339.849950 -0.004033 0.084659 1.432852
2455339.949950 0.095967 0.125916 -33.744268
2455340.049950 0.195967 0.167174 -66.666469
2455340.149950 0.295967 0.208431 -95.133770
2455340.249950 0.395967 0.249689 -117.243879
2455340.349950 0.495967 0.290946 -131.519316
2455340.449950 0.595967 0.332204 -137.006144
2455340.549950 0.695967 0.373461 -133.337712
2455340.649950 0.795967 0.414718 -120.759159
2455340.749950 0.895967 0.455976 -100.111030
2455340.849950 0.995967 0.497233 -72.773110
2455340.949950 1.095967 0.538491 -40.572220
2455341.049950 1.195967 0.579748 -5.660144
2455341.149950 -1.127839 0.621006 29.630163
2455341.249950 -1.027839 0.662263 62.940474
2455341.349950 -0.927839 0.703520 92.044868
2455341.449950 -0.827839 0.744778 114.998481
2455341.549950 -0.727839 0.786035 130.267469
2455341.649950 -0.627839 0.827293 136.831501
2455341.749950 -0.527839 0.868550 134.251944
2455341.849950 -0.427839 0.909807 122.701172
2455341.949950 -0.327839 0.951065 102.951053
2455342.049950 -0.227839 0.992322 76.321361
2455342.149950 -0.127839 0.033580 44.591593
2455342.249950 -0.027839 0.074837 9.882049
2455342.349950 0.072161 0.116095 -25.487851
2455342.449950 0.172161 0.157352 -59.154557
2455342.549950 0.272161 0.198609 -88.868337
2455342.649950 0.372161 0.239867 -112.643604
2455342.749950 0.472161 0.281124 -128.891606
2455342.849950 0.572161 0.322382 -136.526593
2455342.949950 0.672161 0.363639 -135.038365
2455343.049950 0.772161 0.404897 -124.526372
2455343.149950 0.872161 0.446154 -105.693065
2455343.249950 0.972161 0.487411 -79.796953
2455343.349950 1.072161 0.528669 -48.568513
2455343.449950 1.172161 0.569926 -14.094545
2455343.549950 -1.151645 0.611184 21.321273
2455343.649950 -1.051645 0.652441 55.312325
2455343.749950 -0.951645 0.693699 85.607202
2455343.849950 -0.851645 0.734956 110.181487
2455343.949950 -0.751645 0.776213 127.393036
2455344.049950 -0.651645 0.817471 136.091709
2455344.149950 -0.551645 0.858728 135.696228
2455344.249950 -0.451645 0.899986 126.233021
2455344.349950 -0.351645 0.941243 108.334455
2455344.449950 -0.251645 0.982501 83.196578
2455344.549950 -0.151645 0.023758 52.499196
2455344.649950 -0.051645 0.065015 18.293623
2455344.749950 0.048355 0.106273 -17.134398
2455344.849950 0.148355 0.147530 -51.417435
2455344.949950 0.248355 0.188788 -82.264567
2455345.049950 0.348355 0.230045 -107.614476
2455345.149950 0.448355 0.271303 -125.773186
2455345.249950 0.548355 0.312560 -135.527263
2455345.349950 0.648355 0.353817 -136.224906
2455345.449950 0.748355 0.395075 -127.819494
2455345.549950 0.848355 0.436332 -110.872709
2455345.649950 0.948355 0.477590 -86.516997
2455345.749950 1.048355 0.518847 -56.379898
2455345.849950 1.148355 0.560105 -22.475285
2455345.949950 -1.175451 0.601362 12.931210
2455346.049950 -1.075451 0.642619 47.473594
2455346.149950 -0.975451 0.683877 78.843616
2455346.249950 -0.875451 0.725134 104.945014
2455346.349950 -0.775451 0.766392 124.033597
2455346.449950 -0.675451 0.807649 134.833794
2455346.549950 -0.575451 0.848907 136.623896
2455346.649950 -0.475451 0.890164 129.284281
2455346.749950 -0.375451 0.931421 113.305411
2455346.849950 -0.275451 0.972679 89.755051
2455346.949950 -0.175451 0.013936 60.206926
2455347.049950 -0.075451 0.055194 26.635551
2455347.149950 0.024549 0.096451 -8.715711
2455347.249950 0.124549 0.137709 -43.484557
2455347.349950 0.224549 0.178966 -75.347603
2455347.449950 0.324549 0.220223 -102.175643
2455347.549950 0.424549 0.261481 -122.175926
2455347.649950 0.524549 0.302738 -134.011960
2455347.749950 0.624549 0.343996 -136.892817
2455347.849950 0.724549 0.385253 -130.625987
2455347.949950 0.824549 0.426510 -115.630243
2455348.049950 0.924549 0.467768 -92.907657
2455348.149950 1.024549 0.509025 -63.976636
2455348.249950 1.124549 0.550283 -30.770459
2455348.349950 -1.199257 0.591540 4.491915
2455348.449950 -1.099257 0.632798 39.454123
2455348.549950 -0.999257 0.674055 71.779859
2455348.649950 -0.899257 0.715312 99.308999
2455348.749950 -0.799257 0.756570 120.201942
2455348.849950 -0.699257 0.797827 133.062545
2455348.949950 -0.599257 0.839085 137.031414
2455349.049950 -0.499257 0.880342 131.843335
2455349.149950 -0.399257 0.921600 117.844994
2455349.249950 -0.299257 0.962857 95.971813
2455349.349950 -0.199257 0.004114 67.685439
2455349.449950 -0.099257 0.045372 34.876073
2455349.549950 0.000743 0.086629 -0.263843
2455349.649950 0.100743 0.127887 -35.386127
2455349.749950 0.200743 0.169144 -68.143779
2455349.849950 0.300743 0.210402 -96.347811
2455349.949950 0.400743 0.251659 -118.113523
2455350.049950 0.500743 0.292916 -131.986452
2455350.149950 0.600743 0.334174 -137.039555
2455350.249950 0.700743 0.375431 -132.935166
2455350.349950 0.800743 0.416689 -119.947555
2455350.449950 0.900743 0.457946 -98.944603
2455350.549950 1.000743 0.499204 -71.329805
2455350.649950 1.100743 0.540461 -38.948484
2455350.749950 1.200743 0.581718 -3.964481
2455350.849950 -1.123063 0.622976 31.284444
2455350.949950 -1.023063 0.664233 64.442825
2455351.049950 -0.923063 0.705491 93.294898
2455351.149950 -0.823063 0.746748 115.912659
2455351.249950 -0.723063 0.788006 130.784705
2455351.349950 -0.623063 0.829263 136.917231
2455351.449950 -0.523063 0.870520 133.900440
2455351.549950 -0.423063 0.911778 121.935923
2455351.649950 -0.323063 0.953035 101.823195
2455351.749950 -0.223063 0.994293 74.906263
2455351.849950 -0.123063 0.035550 42.983816
2455351.949950 -0.023063 0.076808 8.189030
2455352.049950 0.076937 0.118065 -27.152977
2455352.149950 0.176937 0.159322 -60.680521
2455352.249950 0.276937 0.200580 -90.153167
2455352.349950 0.376937 0.241837 -113.601443
2455352.449950 0.476937 0.283095 -129.458449
2455352.549950 0.576937 0.324352 -136.664561
2455352.649950 0.676937 0.365610 -134.738239
2455352.749950 0.776937 0.406867 -123.808207
2455352.849950 0.876937 0.448124 -104.604850
2455352.949950 0.976937 0.489382 -78.411409
2455353.049950 1.076937 0.530639 -46.978226
2455353.149950 1.176937 0.571897 -12.405784
2455353.249950 -1.146869 0.613154 22.995660
2455353.349950 -1.046869 0.654412 56.860447
2455353.449950 -0.946869 0.695669 86.925608
2455353.549950 -0.846869 0.736926 111.182078
2455353.649950 -0.746869 0.778184 128.008947
2455353.749950 -0.646869 0.819441 136.281783
2455353.849950 -0.546869 0.860699 135.447764
2455353.949950 -0.446869 0.901956 125.562622
2455354.049950 -0.346869 0.943214 107.286920
2455354.149950 -0.246869 0.984471 81.841906
2455354.249950 -0.146869 0.025728 50.927912
2455354.349950 -0.046869 0.066986 16.610726
2455354.449950 0.053131 0.108243 -18.816450
2455354.549950 0.153131 0.149501 -52.986242
2455354.649950 0.253131 0.190758 -83.615295
2455354.749950 0.353131 0.232015 -108.656865
2455354.849950 0.453131 0.273273 -126.437578
2455354.949950 0.553131 0.314530 -135.769263
2455355.049950 0.653131 0.355788 -136.028341
2455355.149950 0.753131 0.397045 -127.197501
2455355.249950 0.853131 0.438303 -109.866850
2455355.349950 0.953131 0.479560 -85.194488
2455355.449950 1.053131 0.520817 -54.829114
2455355.549950 1.153131 0.562075 -20.799855
2455355.649950 -1.170676 0.603332 14.619327
2455355.749950 -1.070676 0.644590 49.061592
2455355.849950 -0.970676 0.685847 80.225379
2455355.949950 -0.870676 0.727105 106.028208
2455356.049950 -0.770676 0.768362 124.745839
2455356.149950 -0.670676 0.809619 135.127488
2455356.249950 -0.570676 0.850877 136.479417
2455356.349950 -0.470676 0.892134 128.711285
2455356.449950 -0.370676 0.933392 112.342186
2455356.549950 -0.270676 0.974649 88.465964
2455356.649950 -0.170676 0.015907 58.678118
2455356.749950 -0.070676 0.057164 24.969183
2455356.849950 0.029324 0.098421 -10.408287
2455356.949950 0.129324 0.139679 -45.090235
2455357.049950 0.229324 0.180936 -76.759087
2455357.149950 0.329324 0.222194 -103.298612
2455357.249950 0.429324 0.263451 -122.935339
2455357.349950 0.529324 0.304709 -134.357070
2455357.449950 0.629324 0.345966 -136.800563
2455357.549950 0.729324 0.387223 -130.102533
2455357.649950 0.829324 0.428481 -114.710569
2455357.749950 0.929324 0.469738 -91.653219
2455357.849950 1.029324 0.510996 -62.471260
2455357.949950 1.129324 0.552253 -29.114739
2455358.049950 -1.194482 0.593511 6.187337
2455358.149950 -1.094482 0.634768 41.075952
2455358.249950 -0.994482 0.676025 73.219719
2455358.349950 -0.894482 0.717283 100.470673
2455358.449950 -0.794482 0.758540 121.007803
2455358.549950 -0.694482 0.799798 133.458742
2455358.649950 -0.594482 0.841055 136.991472
2455358.749950 -0.494482 0.882313 131.369922
2455358.849950 -0.394482 0.923570 116.969747
2455358.949950 -0.294482 0.964827 94.753218
2455359.049950 -0.194482 0.006085 66.204927
2455359.149950 -0.094482 0.047342 33.232577
2455359.249950 0.005518 0.088600 -1.960497
2455359.349950 0.105518 0.129857 -37.022563
2455359.449950 0.205518 0.171115 -69.610645
2455359.549950 0.305518 0.212372 -97.547084
2455359.649950 0.405518 0.253629 -118.965065
2455359.749950 0.505518 0.294887 -132.433358
2455359.849950 0.605518 0.336144 -137.051962
2455359.949950 0.705518 0.377402 -132.512245
2455360.049950 0.805518 0.418659 -119.117567
2455360.149950 0.905518 0.459917 -97.763011
2455360.249950 1.005518 0.501174 -69.875567
2455360.349950 1.105518 0.542431 -37.318778
2455360.449950 1.205518 0.583689 -2.268210
2455360.549950 -1.118288 0.624946 32.933929
2455360.649950 -1.018288 0.666204 65.935300
2455360.749950 -0.918288 0.707461 94.530629
2455360.849950 -0.818288 0.748718 116.809071
2455360.949950 -0.718288 0.789976 131.281896
2455361.049950 -0.618288 0.831233 136.981977
2455361.149950 -0.518288 0.872491 133.528414
2455361.249950 -0.418288 0.913748 121.151985
2455361.349950 -0.318288 0.955006 100.679731
2455361.449950 -0.218288 0.996263 73.479684
2455361.549950 -0.118288 0.037520 41.369450
2455361.649950 -0.018288 0.078778 6.494757
2455361.749950 0.081712 0.120035 -28.813941
2455361.849950 0.181712 0.161293 -62.197184
2455361.949950 0.281712 0.202550 -91.424179
2455362.049950 0.381712 0.243808 -114.541872
2455362.149950 0.481712 0.285065 -130.005451
2455362.249950 0.581712 0.326322 -136.781583
2455362.349950 0.681712 0.367580 -134.417461
2455362.449950 0.781712 0.408837 -123.071065
2455362.549950 0.881712 0.450095 -103.500603
2455362.649950 0.981712 0.491352 -77.013847
2455362.749950 1.081712 0.532610 -45.380738
2455362.849950 1.181712 0.573867 -10.715121
2455362.949950 -1.142094 0.615124 24.666521
2455363.049950 -1.042094 0.656382 58.399854
2455363.149950 -0.942094 0.697639 88.230692
2455363.249950 -0.842094 0.738897 112.165628
2455363.349950 -0.742094 0.780154 128.605239
2455363.449950 -0.642094 0.821412 136.450970
2455363.549950 -0.542094 0.862669 135.178541
2455363.649950 -0.442094 0.903926 124.872979
2455363.749950 -0.342094 0.945184 106.222941
2455363.849950 -0.242094 0.986441 80.474691
2455363.949950 -0.142094 0.027699 49.348823
2455364.049950 -0.042094 0.068956 14.925284
2455364.149950 0.057906 0.110214 -20.495619
2455364.249950 0.157906 0.151471 -54.546928
2455364.349950 0.257906 0.192728 -84.953208
2455364.449950 0.357906 0.233986 -109.682600
2455364.549950 0.457906 0.275243 -127.082593
2455364.649950 0.557906 0.316501 -135.990454
2455364.749950 0.657906 0.357758 -135.810928
2455364.849950 0.757906 0.399016 -126.556012
2455364.949950 0.857906 0.440273 -108.844152
2455365.049950 0.957906 0.481530 -83.858922
2455365.149950 1.057906 0.522788 -53.269927
2455365.249950 1.157906 0.564045 -19.121238
2455365.349950 -1.165900 0.605303 16.305204
2455365.449950 -1.065900 0.646560 50.642071
2455365.549950 -0.965900 0.687818 81.594847
2455365.649950 -0.865900 0.729075 107.095152
2455365.749950 -0.765900 0.770332 125.438961
2455365.849950 -0.665900 0.811590 135.400473
2455365.949950 -0.565900 0.852847 136.314022
2455366.049950 -0.465900 0.894105 128.118561
2455366.149950 -0.365900 0.935362 111.361742
2455366.249950 -0.265900 0.976620 87.163318
2455366.349950 -0.165900 0.017877 57.140317
2455366.449950 -0.065900 0.059134 23.298988
2455366.549950 0.034100 0.100392 -12.099266
2455366.649950 0.134100 0.141649 -46.689003
2455366.749950 0.234100 0.182907 -78.158806
2455366.849950 0.334100 0.224164 -104.405748
2455366.949950 0.434100 0.265422 -123.675910
2455367.049950 0.534100 0.306679 -134.681588
2455367.149950 0.634100 0.347936 -136.687342
2455367.249950 0.734100 0.389194 -129.559140
2455367.349950 0.834100 0.430451 -113.773314
2455367.449950 0.934100 0.471709 -90.384733
2455367.549950 1.034100 0.512966 -60.956309
2455367.649950 1.134100 0.554223 -27.454557
2455367.749950 -1.189706 0.595481 7.881810
2455367.849950 -1.089706 0.636738 42.691486
2455367.949950 -0.989706 0.677996 74.648357
2455368.049950 -0.889706 0.719253 101.616948
2455368.149950 -0.789706 0.760511 121.795117
2455368.249950 -0.689706 0.801768 133.834484
2455368.349950 -0.589706 0.843025 136.930533
2455368.449950 -0.489706 0.884283 130.876375
2455368.549950 -0.389706 0.925540 116.076572
2455368.649950 -0.289706 0.966798 93.520101
2455368.749950 -0.189706 0.008055 64.714269
2455368.849950 -0.089706 0.049313 31.583989
2455368.949950 0.010294 0.090570 -3.656850
2455369.049950 0.110294 0.131827 -38.653325
2455369.149950 0.210294 0.173085 -71.066842
2455369.249950 0.310294 0.214342 -98.731407
2455369.349950 0.410294 0.255600 -119.798374
2455369.449950 0.510294 0.296857 -132.859967
2455369.549950 0.610294 0.338115 -137.043365
2455369.649950 0.710294 0.379372 -132.069015
2455369.749950 0.810294 0.420629 -118.269323
2455369.849950 0.910294 0.461887 -96.566435
2455369.949950 1.010294 0.503144 -68.410620
2455370.049950 1.110294 0.544402 -35.683352
2455370.149950 1.210294 0.585659 -0.571591
2455370.249950 -1.113512 0.626917 34.578367
2455370.349950 -1.013512 0.668174 67.417669
2455370.449950 -0.913512 0.709431 95.751872
2455370.549950 -0.813512 0.750689 117.687580
2455370.649950 -0.713512 0.791946 131.758966
2455370.749950 -0.613512 0.833204 137.025728
2455370.849950 -0.513512 0.874461 133.135922
2455370.949950 -0.413512 0.915719 120.349479
2455371.049950 -0.313512 0.956976 99.520837
2455371.149950 -0.213512 0.998233 72.041843
2455371.249950 -0.113512 0.039491 39.748745
2455371.349950 -0.013512 0.080748 4.799488
2455371.449950 0.086488 0.122006 -30.470489
2455371.549950 0.186488 0.163263 -63.704314
2455371.649950 0.286488 0.204521 -92.681180
2455371.749950 0.386488 0.245778 -115.464745
2455371.849950 0.486488 0.287035 -130.532528
2455371.949950 0.586488 0.328293 -136.877641
2455372.049950 0.686488 0.369550 -134.076082
2455372.149950 0.786488 0.410808 -122.315061
2455372.249950 0.886488 0.452065 -102.380493
2455372.349950 0.986488 0.493323 -75.604481
2455372.449950 1.086488 0.534580 -43.776296
2455372.549950 1.186488 0.575837 -9.022816
2455372.649950 -1.137318 0.617095 26.333602
2455372.749950 -1.037318 0.658352 59.930311
2455372.849950 -0.937318 0.699610 89.522254
2455372.949950 -0.837318 0.740867 113.131987
2455373.049950 -0.737318 0.782125 129.181820
2455373.149950 -0.637318 0.823382 136.599244
2455373.249950 -0.537318 0.864639 134.888599
2455373.349950 -0.437318 0.905897 124.164197
2455373.449950 -0.337318 0.947154 105.142682
2455373.549950 -0.237318 0.988412 79.095142
2455373.649950 -0.137318 0.029669 47.762171
2455373.749950 -0.037318 0.070926 13.237554
2455373.849950 0.062682 0.112184 -22.171646
2455373.949950 0.162682 0.153441 -56.099253
2455374.049950 0.262682 0.194699 -86.278101
2455374.149950 0.362682 0.235956 -110.691524
2455374.249950 0.462682 0.277214 -127.708129
2455374.349950 0.562682 0.318471 -136.190803
2455374.449950 0.662682 0.359728 -135.572700
2455374.549950 0.762682 0.400986 -125.895127
2455374.649950 0.862682 0.442243 -107.804773
2455374.749950 0.962682 0.483501 -82.510503
2455374.849950 1.062682 0.524758 -51.702575
2455374.949950 1.162682 0.566016 -17.439689
2455375.049950 -1.161124 0.607273 17.988582
2455375.149950 -1.061124 0.648530 52.214789
2455375.249950 -0.961124 0.689788 82.951809
2455375.349950 -0.861124 0.731045 108.145682
2455375.449950 -0.761124 0.772303 126.112858
2455375.549950 -0.661124 0.813560 135.652705
2455375.649950 -0.561124 0.854818 136.127734
2455375.749950 -0.461124 0.896075 127.506202
2455375.849950 -0.361124 0.937332 110.364231
2455375.949950 -0.261124 0.978590 85.847313
2455376.049950 -0.161124 0.019847 55.593758
2455376.149950 -0.061124 0.061105 21.625222
2455376.249950 0.038876 0.102362 -13.788392
2455376.349950 0.138876 0.143620 -48.280614
2455376.449950 0.238876 0.184877 -79.546547
2455376.549950 0.338876 0.226134 -105.496883
2455376.649950 0.438876 0.267392 -124.397526
2455376.749950 0.538876 0.308649 -134.985464
2455376.849950 0.638876 0.349907 -136.553171
2455376.949950 0.738876 0.391164 -128.995889
2455377.049950 0.838876 0.432422 -112.818622
2455377.149950 0.938876 0.473679 -89.102395
2455377.249950 1.038876 0.514936 -59.432015
2455377.349950 1.138876 0.556194 -25.790167
2455377.449950 -1.184930 0.597451 9.575076
2455377.549950 -1.084930 0.638709 44.300476
2455377.649950 -0.984930 0.679966 76.065554
2455377.749950 -0.884930 0.721224 102.747649
2455377.849950 -0.784930 0.762481 122.563765
2455377.949950 -0.684930 0.803738 134.189714
2455378.049950 -0.584930 0.844996 136.848608
2455378.149950 -0.484930 0.886253 130.362770
2455378.249950 -0.384930 0.927511 115.165607
2455378.349950 -0.284930 0.968768 92.272650
2455378.449950 -0.184930 0.010026 63.213692
2455378.549950 -0.084930 0.051283 29.930560
2455378.649950 0.015070 0.092540 -5.352643
2455378.749950 0.115070 0.133798 -40.278163
2455378.849950 0.215070 0.175055 -72.512146
2455378.949950 0.315070 0.216313 -99.900598
2455379.049950 0.415070 0.257570 -120.613321
2455379.149950 0.515070 0.298828 -133.266214
2455379.249950 0.615070 0.340085 -137.013763
2455379.349950 0.715070 0.381342 -131.605543
2455379.449950 0.815070 0.422600 -117.402952
2455379.549950 0.915070 0.463857 -95.355060
2455379.649950 1.015070 0.505115 -66.935188
2455379.749950 1.115070 0.546372 -34.042458
2455379.849950 -1.208736 0.587630 1.125116
2455379.949950 -1.108736 0.628887 36.217505
2455380.049950 -1.008736 0.670144 68.889705
2455380.149950 -0.908736 0.711402 96.958440
2455380.249950 -0.808736 0.752659 118.548051
2455380.349950 -0.708736 0.793917 132.215842
2455380.449950 -0.608736 0.835174 137.048478
2455380.549950 -0.508736 0.876431 132.723026
2455380.649950 -0.408736 0.917689 119.528528
2455380.749950 -0.308736 0.958946 98.346690
2455380.849950 -0.208736 0.000204 70.592960
2455380.949950 -0.108736 0.041461 38.121947
2455381.049950 -0.008736 0.082719 3.103483
2455381.149950 0.091264 0.123976 -32.122366
2455381.249950 0.191264 0.165233 -65.201680
2455381.349950 0.291264 0.206491 -93.923976
2455381.449950 0.391264 0.247748 -116.369922
2455381.549950 0.491264 0.289006 -131.039598
2455381.649950 0.591264 0.330263 -136.952721
2455381.749950 0.691264 0.371521 -133.714154
2455381.849950 0.791264 0.412778 -121.540311
2455381.949950 0.891264 0.454035 -101.244692
2455382.049950 0.991264 0.495293 -74.183527
2455382.149950 1.091264 0.536550 -42.165143
2455382.249950 1.191264 0.577808 -7.329128
2455382.349950 -1.132542 0.619065 27.996647
2455382.449950 -1.032542 0.660323 61.451582
2455382.549950 -0.932542 0.701580 90.800094
2455382.649950 -0.832542 0.742837 114.081007
2455382.749950 -0.732542 0.784095 129.738602
2455382.849950 -0.632542 0.825352 136.726582
2455382.949950 -0.532542 0.866610 134.577984
2455383.049950 -0.432542 0.907867 123.436385
2455383.149950 -0.332542 0.949125 104.046308
2455383.249950 -0.232542 0.990382 77.703470
2455383.349950 -0.132542 0.031639 46.168198
2455383.449950 -0.032542 0.072897 11.547795
2455383.549950 0.067458 0.114154 -23.844275
2455383.649950 0.167458 0.155412 -57.642981
2455383.749950 0.267458 0.196669 -87.589770
2455383.849950 0.367458 0.237927 -111.683484
2455383.949950 0.467458 0.279184 -128.314093
2455384.049950 0.567458 0.320441 -136.370278
2455384.149950 0.667458 0.361699 -135.313694
2455384.249950 0.767458 0.402956 -125.214946
2455384.349950 0.867458 0.444214 -106.748870
2455384.449950 0.967458 0.485471 -81.149438
2455384.549950 1.067458 0.526729 -50.127299
2455384.649950 1.167458 0.567986 -15.755468
2455384.749950 -1.156348 0.609243 19.669202
2455384.849950 -1.056348 0.650501 53.779503
2455384.949950 -0.956348 0.691758 84.296058
2455385.049950 -0.856348 0.733016 109.179637
2455385.149950 -0.756348 0.774273 126.767427
2455385.249950 -0.656348 0.815531 135.884146
2455385.349950 -0.556348 0.856788 135.920582
2455385.449950 -0.456348 0.898045 126.874300
2455385.549950 -0.356348 0.939303 109.349805
2455385.649950 -0.256348 0.980560 84.518150
2455385.749950 -0.156348 0.021818 54.038679
2455385.849950 -0.056348 0.063075 19.948142
2455385.949950 0.043652 0.104333 -15.475404
2455386.049950 0.143652 0.145590 -49.864826
2455386.149950 0.243652 0.186847 -80.922095
2455386.249950 0.343652 0.228105 -106.571849
2455386.349950 0.443652 0.269362 -125.100076
2455386.449950 0.543652 0.310620 -135.268651
2455386.549950 0.643652 0.351877 -136.398072
2455386.649950 0.743652 0.393134 -128.412867
2455386.749950 0.843652 0.434392 -111.846638
2455386.849950 0.943652 0.475649 -87.806400
2455386.949950 1.043652 0.516907 -57.898613
2455387.049950 1.143652 0.558164 -24.121825
2455387.149950 -1.180154 0.599422 11.266873
2455387.249950 -1.080154 0.640679 45.902677
2455387.349950 -0.980154 0.681936 77.471093
2455387.449950 -0.880154 0.723194 103.862603
2455387.549950 -0.780154 0.764451 123.313628
2455387.649950 -0.680154 0.805709 134.524378
2455387.749950 -0.580154 0.846966 136.745709
2455387.849950 -0.480154 0.888224 129.829184
2455387.949950 -0.380154 0.929481 114.236990
2455388.049950 -0.280154 0.970738 91.011057
2455388.149950 -0.180154 0.011996 61.703426
2455388.249950 -0.080154 0.053253 28.272543
2455388.349950 0.019846 0.094511 -7.047616
2455388.449950 0.119846 0.135768 -41.896828
2455388.549950 0.219846 0.177026 -73.946337
2455388.649950 0.319846 0.218283 -101.054478
2455388.749950 0.419846 0.259540 -121.409783
2455388.849950 0.519846 0.300798 -133.652035
2455388.949950 0.619846 0.342055 -136.963162
2455389.049950 0.719846 0.383313 -131.121901
2455389.149950 0.819846 0.424570 -116.518587
2455389.249950 0.919846 0.465828 -94.129069
2455389.349950 1.019846 0.507085 -65.449497
2455389.449950 1.119846 0.548342 -32.396346
2455389.549950 -1.203960 0.589600 2.821650
2455389.649950 -1.103960 0.630857 37.851092
2455389.749950 -1.003960 0.672115 70.351183
2455389.849950 -0.903960 0.713372 98.150147
2455389.949950 -0.803960 0.754630 119.390354
2455390.049950 -0.703960 0.795887 132.652453
2455390.149950 -0.603960 0.837144 137.050223
2455390.249950 -0.503960 0.878402 132.289787
2455390.349950 -0.403960 0.919659 118.689257
2455390.449950 -0.303960 0.960917 97.157469
2455390.549950 -0.203960 0.002174 69.133258
2455390.649950 -0.103960 0.043432 36.489306
2455390.749950 -0.003960 0.084689 1.407003
2455390.849950 0.096040 0.125946 -33.769321
2455390.949950 0.196040 0.167204 -66.689054
2455391.049950 0.296040 0.208461 -95.152376
2455391.149950 0.396040 0.249719 -117.257263
2455391.249950 0.496040 0.290976 -131.526584
2455391.349950 0.596040 0.332234 -137.006810
2455391.449950 0.696040 0.373491 -133.331732
2455391.549950 0.796040 0.414748 -120.746932
2455391.649950 0.896040 0.456006 -100.093374
2455391.749950 0.996040 0.497263 -72.751204
2455391.849950 1.096040 0.538521 -40.547528
2455391.949950 1.196040 0.579778 -5.634317
2455392.049950 -1.127766 0.621036 29.655401
2455392.149950 -1.027766 0.662293 62.963435
2455392.249950 -0.927766 0.703550 92.064018
2455392.349950 -0.827766 0.744808 115.012542
2455392.449950 -0.727766 0.786065 130.275500
2455392.549950 -0.627766 0.827323 136.832965
2455392.649950 -0.527766 0.868580 134.246743
2455392.749950 -0.427766 0.909838 122.689654
2455392.849950 -0.327766 0.951095 102.933988
2455392.949950 -0.227766 0.992352 76.299889
2455393.049950 -0.127766 0.033610 44.567149
2455393.149950 -0.027766 0.074867 9.856266
2455393.249950 0.072234 0.116125 -25.513249
2455393.349950 0.172234 0.157382 -59.177874
2455393.449950 0.272234 0.198639 -88.888014
2455393.549950 0.372234 0.239897 -112.658326
2455393.649950 0.472234 0.281154 -128.900391
2455393.749950 0.572234 0.322412 -136.528852
2455393.849950 0.672234 0.363669 -135.033948
2455393.949950 0.772234 0.404927 -124.515574
2455394.049950 0.872234 0.446184 -105.676607
2455394.149950 0.972234 0.487441 -79.775936
2455394.249950 1.072234 0.528699 -48.544340
2455394.349950 1.172234 0.569956 -14.068832
2455394.449950 -1.151572 0.611214 21.346808
2455394.549950 -1.051572 0.652471 55.335975
2455394.649950 -0.951572 0.693729 85.627387
2455394.749950 -0.851572 0.734986 110.196858
2455394.849950 -0.751572 0.776243 127.402566
2455394.949950 -0.651572 0.817501 136.094761
2455395.049950 -0.551572 0.858758 135.692599
2455395.149950 -0.451572 0.900016 126.222953
2455395.249950 -0.351572 0.941273 108.318620
2455395.349950 -0.251572 0.982531 83.176034
2455395.449950 -0.151572 0.023788 52.475317
2455395.549950 -0.051572 0.065045 18.268004
2455395.649950 0.048428 0.106303 -17.160045
2455395.749950 0.148428 0.147560 -51.441395
2455395.849950 0.248428 0.188818 -82.285241
2455395.949950 0.348428 0.230075 -107.630481
2455396.049950 0.448428 0.271333 -125.783452
2455396.149950 0.548428 0.312590 -135.531106
2455396.249950 0.648428 0.353847 -136.222068
2455396.349950 0.748428 0.395105 -127.810165
2455396.449950 0.848428 0.436362 -110.857512
2455396.549950 0.948428 0.477620 -86.496948
2455396.649950 1.048428 0.518877 -56.356336
2455396.749950 1.148428 0.560135 -22.449785
2455396.849950 -1.175379 0.601392 12.956944
2455396.949950 -1.075379 0.642649 47.497842
2455397.049950 -0.975379 0.683907 78.864758
2455397.149950 -0.875379 0.725164 104.961638
2455397.249950 -0.775379 0.766422 124.044591
2455397.349950 -0.675379 0.807679 134.838423
2455397.449950 -0.575379 0.848937 136.621851
2455397.549950 -0.475379 0.890194 129.275700
2455397.649950 -0.375379 0.931451 113.290866
2455397.749950 -0.275379 0.972709 89.735515
2455397.849950 -0.175379 0.013966 60.183703
2455397.949950 -0.075379 0.055224 26.610193
2455398.049950 0.024621 0.096481 -8.741509
2455398.149950 0.124621 0.137739 -43.509071
2455398.249950 0.224621 0.178996 -75.369195
2455398.349950 0.324621 0.220253 -102.192869
2455398.449950 0.424621 0.261511 -122.187637
2455398.549950 0.524621 0.302768 -134.017372
2455398.649950 0.624621 0.344026 -136.891569
2455398.749950 0.724621 0.385283 -130.618162
2455398.849950 0.824621 0.426541 -115.616365
2455398.949950 0.924621 0.467798 -92.888652
2455399.049950 1.024621 0.509055 -63.953775
2455399.149950 1.124621 0.550313 -30.745268
2455399.249950 -1.199185 0.591570 4.517751
2455399.349950 -1.099185 0.632828 39.478878
2455399.449950 -0.999185 0.674085 71.801879
2455399.549950 -0.899185 0.715342 99.326812
2455399.649950 -0.799185 0.756600 120.214358
2455399.749950 -0.699185 0.797857 133.068734
2455399.849950 -0.599185 0.839115 137.030963
2455399.949950 -0.499185 0.880372 131.836274
2455400.049950 -0.399185 0.921630 117.831795
2455400.149950 -0.299185 0.962887 95.953358
2455400.249950 -0.199185 0.004144 67.662961
2455400.349950 -0.099185 0.045402 34.851073
2455400.449950 0.000815 0.086659 -0.289693
2455400.549950 0.100815 0.127917 -35.411100
2455400.649950 0.200815 0.169174 -68.166206
2455400.749950 0.300815 0.210432 -96.366193
2455400.849950 0.400815 0.251689 -118.126633
2455400.949950 0.500815 0.292946 -131.993412
2455401.049950 0.600815 0.334204 -137.039901
2455401.149950 0.700815 0.375461 -132.928875
2455401.249950 0.800815 0.416719 -119.935047
2455401.349950 0.900815 0.457976 -98.926714
2455401.449950 1.000815 0.499234 -71.307730
2455401.549950 1.100815 0.540491 -38.923699
2455401.649950 1.200815 0.581748 -3.938642
2455401.749950 -1.122991 0.623006 31.309610
2455401.849950 -1.022991 0.664263 64.465638
2455401.949950 -0.922991 0.705521 93.313832
2455402.049950 -0.822991 0.746778 115.926449
2455402.149950 -0.722991 0.788036 130.792430
2455402.249950 -0.622991 0.829293 136.918375
2455402.349950 -0.522991 0.870550 133.894926
2455402.449950 -0.422991 0.911808 121.924120
2455402.549950 -0.322991 0.953065 101.805891
2455402.649950 -0.222991 0.994323 74.884614
2455402.749950 -0.122991 0.035580 42.959269
2455402.849950 -0.022991 0.076838 8.163226
2455402.949950 0.077009 0.118095 -27.178313
2455403.049950 0.177009 0.159352 -60.703698
2455403.149950 0.277009 0.200610 -90.172635
2455403.249950 0.377009 0.241867 -113.615902
2455403.349950 0.477009 0.283125 -129.466932
2455403.449950 0.577009 0.324382 -136.666501
2455403.549950 0.677009 0.365640 -134.733506
2455403.649950 0.777009 0.406897 -123.797118
2455403.749950 0.877009 0.448154 -104.588147
2455403.849950 0.977009 0.489412 -78.390206
2455403.949950 1.077009 0.530669 -46.953941
2455404.049950 1.177009 0.571927 -12.380040
2455404.149950 -1.146797 0.613184 23.021142
2455404.249950 -1.046797 0.654442 56.883966
2455404.349950 -0.946797 0.695699 86.945592
2455404.449950 -0.846797 0.736956 111.197190
2455404.549950 -0.746797 0.778214 128.018179
2455404.649950 -0.646797 0.819471 136.284518
2455404.749950 -0.546797 0.860729 135.443818
2455404.849950 -0.446797 0.901986 125.552260
2455404.949950 -0.346797 0.943244 107.270833
2455405.049950 -0.246797 0.984501 81.821170
2455405.149950 -0.146797 0.025758 50.903913
2455405.249950 -0.046797 0.067016 16.585067
2455405.349950 0.053203 0.108273 -18.842055
2455405.449950 0.153203 0.149531 -53.010080
2455405.549950 0.253203 0.190788 -83.635775
2455405.649950 0.353203 0.232046 -108.672617
2455405.749950 0.453203 0.273303 -126.447551
2455405.849950 0.553203 0.314560 -135.772789
2455405.949950 0.653203 0.355818 -136.025185
2455406.049950 0.753203 0.397075 -127.187873
2455406.149950 0.853203 0.438333 -109.851395
2455406.249950 0.953203 0.479590 -85.174238
2455406.349950 1.053203 0.520847 -54.805422
2455406.449950 1.153203 0.562105 -20.774305
2455406.549950 -1.170603 0.603362 14.645029
2455406.649950 -1.070603 0.644620 49.085728
2455406.749950 -0.970603 0.685877 80.246336
2455406.849950 -0.870603 0.727135 106.044586
2455406.949950 -0.770603 0.768392 124.756542
2455407.049950 -0.670603 0.809649 135.131803
2455407.149950 -0.570603 0.850907 136.477054
2455407.249950 -0.470603 0.892164 128.702402
2455407.349950 -0.370603 0.933422 112.327377
2455407.449950 -0.270603 0.974679 88.446219
2455407.549950 -0.170603 0.015937 58.654757
2455407.649950 -0.070603 0.057194 24.943765
2455407.749950 0.029397 0.098451 -10.434061
2455407.849950 0.129397 0.139709 -45.114645
2455407.949950 0.229397 0.180966 -76.780501
2455408.049950 0.329397 0.222224 -103.315598
2455408.149950 0.429397 0.263481 -122.946763
2455408.249950 0.529397 0.304739 -134.362169
2455408.349950 0.629397 0.345996 -136.798995
2455408.449950 0.729397 0.387253 -130.094404
2455408.549950 0.829397 0.428511 -114.696422
2455408.649950 0.929397 0.469768 -91.633998
2455408.749950 1.029397 0.511026 -62.448250
2455408.849950 1.129397 0.552283 -29.089479
2455408.949950 -1.194409 0.593541 6.213160
2455409.049950 -1.094409 0.634798 41.100613
2455409.149950 -0.994409 0.676055 73.241569
2455409.249950 -0.894409 0.717313 100.488252
2455409.349950 -0.794409 0.758570 121.019937
2455409.449950 -0.694409 0.799828 133.464620
2455409.549950 -0.594409 0.841085 136.990701
2455409.649950 -0.494409 0.882343 131.362554
2455409.749950 -0.394409 0.923600 116.956273
2455409.849950 -0.294409 0.964857 94.734540
2455409.949950 -0.194409 0.006115 66.182293
2455410.049950 -0.094409 0.047372 33.207499
2455410.149950 0.005591 0.088630 -1.986344
2455410.249950 0.105591 0.129887 -37.047452
2455410.349950 0.205591 0.171145 -69.632911
2455410.449950 0.305591 0.212402 -97.565240
2455410.549950 0.405591 0.253659 -118.977898
2455410.649950 0.505591 0.294917 -132.440010
2455410.749950 0.605591 0.336174 -137.051989
2455410.849950 0.705591 0.377432 -132.505644
2455410.949950 0.805591 0.418689 -119.104781
2455411.049950 0.905591 0.459947 -97.744893
2455411.149950 1.005591 0.501204 -69.853328
2455411.249950 1.105591 0.542461 -37.293904
2455411.349950 1.205591 0.583719 -2.242363
2455411.449950 -1.118215 0.624976 32.959021
2455411.549950 -1.018215 0.666234 65.957960
2455411.649950 -0.918215 0.707491 94.549344
2455411.749950 -0.818215 0.748749 116.822589
2455411.849950 -0.718215 0.790006 131.289315
2455411.949950 -0.618215 0.831263 136.982801
2455412.049950 -0.518215 0.872521 133.522587
2455412.149950 -0.418215 0.913778 121.139898
2455412.249950 -0.318215 0.955036 100.662191
2455412.349950 -0.218215 0.996293 73.457862
2455412.449950 -0.118215 0.037550 41.344806
2455412.549950 -0.018215 0.078808 6.468936
2455412.649950 0.081785 0.120065 -28.839212
2455412.749950 0.181785 0.161323 -62.220217
2455412.849950 0.281785 0.202580 -91.443436
2455412.949950 0.381785 0.243838 -114.556064
2455413.049950 0.481785 0.285095 -130.013631
2455413.149950 0.581785 0.326352 -136.783204
2455413.249950 0.681785 0.367610 -134.412415
2455413.349950 0.781785 0.408867 -123.059689
2455413.449950 0.881785 0.450125 -103.483657
2455413.549950 0.981785 0.491382 -76.992463
2455413.649950 1.081785 0.532640 -45.356346
2455413.749950 1.181785 0.573897 -10.689350
2455413.849950 -1.142021 0.615154 24.691948
2455413.949950 -1.042021 0.656412 58.423239
2455414.049950 -0.942021 0.697669 88.250471
2455414.149950 -0.842021 0.738927 112.180480
2455414.249950 -0.742021 0.780184 128.614171
2455414.349950 -0.642021 0.821442 136.453386
2455414.449950 -0.542021 0.862699 135.174279
2455414.549950 -0.442021 0.903956 124.862324
2455414.649950 -0.342021 0.945214 106.206605
2455414.749950 -0.242021 0.986471 80.453765
2455414.849950 -0.142021 0.027729 49.324706
2455414.949950 -0.042021 0.068986 14.899587
2455415.049950 0.057979 0.110244 -20.521177
2455415.149950 0.157979 0.151501 -54.570641
2455415.249950 0.257979 0.192758 -84.973491
2455415.349950 0.357979 0.234016 -109.698097
2455415.449950 0.457979 0.275273 -127.092269
2455415.549950 0.557979 0.316531 -135.993663
2455415.649950 0.657979 0.357788 -135.807455
2455415.749950 0.757979 0.399046 -126.546088
2455415.849950 0.857979 0.440303 -108.828442
2455415.949950 0.957979 0.481560 -83.838475
2455416.049950 1.057979 0.522818 -53.246109
2455416.149950 1.157979 0.564075 -19.095640
2455416.249950 -1.165827 0.605333 16.330870
2455416.349950 -1.065827 0.646590 50.666091
2455416.449950 -0.965827 0.687848 81.615615
2455416.549950 -0.865827 0.729105 107.111281
2455416.649950 -0.765827 0.770362 125.449373
2455416.749950 -0.665827 0.811620 135.404471
2455416.849950 -0.565827 0.852877 136.311340
2455416.949950 -0.465827 0.894135 128.109379
2455417.049950 -0.365827 0.935392 111.346673
2455417.149950 -0.265827 0.976650 87.143368
2455417.249950 -0.165827 0.017907 57.116820
2455417.349950 -0.065827 0.059164 23.273514
2455417.449950 0.034173 0.100422 -12.125015
2455417.549950 0.134173 0.141679 -46.713305
2455417.649950 0.234173 0.182937 -78.180039
2455417.749950 0.334173 0.224194 -104.422492
2455417.849950 0.434173 0.265452 -123.687046
2455417.949950 0.534173 0.306709 -134.686373
2455418.049950 0.634173 0.347966 -136.685455
2455418.149950 0.734173 0.389224 -129.550707
2455418.249950 0.834173 0.430481 -113.758900
2455418.349950 0.934173 0.471739 -90.365300
2455418.449950 1.034173 0.512996 -60.933155
2455418.549950 1.134173 0.554254 -27.429231
2455418.649950 -1.189633 0.595511 7.907617
2455418.749950 -1.089633 0.636768 42.716048
2455418.849950 -0.989633 0.678026 74.670035
2455418.949950 -0.889633 0.719283 101.634292
2455419.049950 -0.789633 0.760541 121.806968
2455419.149950 -0.689633 0.801798 133.840050
2455419.249950 -0.589633 0.843055 136.929443
2455419.349950 -0.489633 0.884313 130.868701
2455419.449950 -0.389633 0.925570 116.062826
2455419.549950 -0.289633 0.966828 93.501203
2455419.649950 -0.189633 0.008085 64.691481
2455419.749950 -0.089633 0.049343 31.558834
2455419.849950 0.010367 0.090600 -3.682691
2455419.949950 0.110367 0.131857 -38.678125
2455420.049950 0.210367 0.173115 -71.088943
2455420.149950 0.310367 0.214372 -98.749334
2455420.249950 0.410367 0.255630 -119.810927
2455420.349950 0.510367 0.296887 -132.866309
2455420.449950 0.610367 0.338145 -137.043071
2455420.549950 0.710367 0.379402 -132.062105
2455420.649950 0.810367 0.420659 -118.256259
2455420.749950 0.910367 0.461917 -96.548090
2455420.849950 1.010367 0.503174 -68.388219
2455420.949950 1.110367 0.544432 -35.658393
2455421.049950 1.210367 0.585689 -0.545741
2455421.149950 -1.113439 0.626947 34.603379
2455421.249950 -1.013439 0.668204 67.440174
2455421.349950 -0.913439 0.709461 95.770365
2455421.449950 -0.813439 0.750719 117.700825
2455421.549950 -0.713439 0.791976 131.766078
2455421.649950 -0.613439 0.833234 137.026232
2455421.749950 -0.513439 0.874491 133.129785
2455421.849950 -0.413439 0.915749 120.337110
2455421.949950 -0.313439 0.957006 99.503063
2455422.049950 -0.213439 0.998263 72.019851
2455422.149950 -0.113439 0.039521 39.724005
2455422.249950 -0.013439 0.080778 4.773654
2455422.349950 0.086561 0.122036 -30.495691
2455422.449950 0.186561 0.163293 -63.727200
2455422.549950 0.286561 0.204551 -92.700221
2455422.649950 0.386561 0.245808 -115.478669
2455422.749950 0.486561 0.287065 -130.540403
2455422.849950 0.586561 0.328323 -136.878942
2455422.949950 0.686561 0.369580 -134.070722
2455423.049950 0.786561 0.410838 -122.303398
2455423.149950 0.886561 0.452095 -102.363307
2455423.249950 0.986561 0.493353 -75.582919
2455423.349950 1.086561 0.534610 -43.751799
2455423.449950 1.186561 0.575867 -8.997022
2455423.549950 -1.137245 0.617125 26.358970
2455423.649950 -1.037245 0.658382 59.953557
2455423.749950 -0.937245 0.699640 89.541825
2455423.849950 -0.837245 0.740897 113.146576
2455423.949950 -0.737245 0.782155 129.190451
2455424.049950 -0.637245 0.823412 136.601341
2455424.149950 -0.537245 0.864669 134.884022
2455424.249950 -0.437245 0.905927 124.153251
2455424.349950 -0.337245 0.947184 105.126099
2455424.449950 -0.237245 0.988442 79.074030
2455424.549950 -0.137245 0.029699 47.737940
2455424.649950 -0.037245 0.070957 13.211825
2455424.749950 0.062755 0.112214 -22.197155
2455424.849950 0.162755 0.153471 -56.122837
2455424.949950 0.262755 0.194729 -86.298184
2455425.049950 0.362755 0.235986 -110.706765
2455425.149950 0.462755 0.277244 -127.717508
2455425.249950 0.562755 0.318501 -136.193694
2455425.349950 0.662755 0.359758 -135.568910
2455425.449950 0.762755 0.401016 -125.884908
2455425.549950 0.862755 0.442273 -107.788809
2455425.649950 0.962755 0.483531 -82.489861
2455425.749950 1.062755 0.524788 -51.678635
2455425.849950 1.162755 0.566046 -17.414049
2455425.949950 -1.161051 0.607303 18.014207
2455426.049950 -1.061051 0.648560 52.238688
2455426.149950 -0.961051 0.689818 82.972385
2455426.249950 -0.861051 0.731075 108.161559
2455426.349950 -0.761051 0.772333 126.122976
2455426.449950 -0.661051 0.813590 135.656387
2455426.549950 -0.561051 0.854848 136.124734
2455426.649950 -0.461051 0.896105 127.496721
2455426.749950 -0.361051 0.937362 110.348903
2455426.849950 -0.261051 0.978620 85.827161
2455426.949950 -0.161051 0.019877 55.570130
2455427.049950 -0.061051 0.061135 21.599696
2455427.149950 0.038949 0.102392 -13.814110
2455427.249950 0.138949 0.143650 -48.304806
2455427.349950 0.238949 0.184907 -79.567595
2455427.449950 0.338949 0.226164 -105.513382
2455427.549950 0.438949 0.267422 -124.408373
2455427.649950 0.538949 0.308679 -134.989934
2455427.749950 0.638949 0.349937 -136.550965
2455427.849950 0.738949 0.391194 -128.987155
2455427.949950 0.838949 0.432452 -112.803943
2455428.049950 0.938949 0.473709 -89.082752
2455428.149950 1.038949 0.514966 -59.408721
2455428.249950 1.138949 0.556224 -25.764779
2455428.349950 -1.184857 0.597481 9.600862
2455428.449950 -1.084857 0.638739 44.324937
2455428.549950 -0.984857 0.679996 76.087056
2455428.649950 -0.884857 0.721254 102.764754
2455428.749950 -0.784857 0.762511 122.575330
2455428.849950 -0.684857 0.803768 134.194967
2455428.949950 -0.584857 0.845026 136.847198
2455429.049950 -0.484857 0.886283 130.354790
2455429.149950 -0.384857 0.927541 115.151591
2455429.249950 -0.284857 0.968798 92.253535
2455429.349950 -0.184857 0.010056 63.190755
2455429.449950 -0.084857 0.051313 29.905333
2455429.549950 0.015143 0.092570 -5.378473
2455429.649950 0.115143 0.133828 -40.302871
2455429.749950 0.215143 0.175085 -72.534080
2455429.849950 0.315143 0.216343 -99.918293
2455429.949950 0.415143 0.257600 -120.625594
2455430.049950 0.515143 0.298858 -133.272245
2455430.149950 0.615143 0.340115 -137.013149
2455430.249950 0.715143 0.381372 -131.598326
2455430.349950 0.815143 0.422630 -117.389613
2455430.449950 0.915143 0.463887 -95.336491
2455430.549950 1.015143 0.505145 -66.912629
2455430.649950 1.115143 0.546402 -34.017418
2455430.749950 -1.208663 0.587660 1.150965
2455430.849950 -1.108663 0.628917 36.242435
2455430.949950 -1.008663 0.670174 68.912051
2455431.049950 -0.908663 0.711432 96.976708
2455431.149950 -0.808663 0.752689 118.561021
2455431.249950 -0.708663 0.793947 132.222646
2455431.349950 -0.608663 0.835204 137.048662
2455431.449950 -0.508663 0.876462 132.716578
2455431.549950 -0.408663 0.917719 119.515879
2455431.649950 -0.308663 0.958976 98.328684
2455431.749950 -0.208663 0.000234 70.570802
2455431.849950 -0.108663 0.041491 38.097117
2455431.949950 -0.008663 0.082749 3.077640
2455432.049950 0.091337 0.124006 -32.147496
2455432.149950 0.191337 0.165263 -65.224416
2455432.249950 0.291337 0.206521 -93.942799
2455432.349950 0.391337 0.247778 -116.383575
2455432.449950 0.491337 0.289036 -131.047168
2455432.549950 0.591337 0.330293 -136.953702
2455432.649950 0.691337 0.371551 -133.708481
2455432.749950 0.791337 0.412808 -121.528363
2455432.849950 0.891337 0.454065 -101.227268
2455432.949950 0.991337 0.495323 -74.161790
2455433.049950 1.091337 0.536580 -42.140547
2455433.149950 1.191337 0.577838 -7.303315
2455433.249950 -1.132469 0.619095 28.021951
2455433.349950 -1.032469 0.660353 61.474687
2455433.449950 -0.932469 0.701610 90.819455
2455433.549950 -0.832469 0.742867 114.095330
2455433.649950 -0.732469 0.784125 129.746931
2455433.749950 -0.632469 0.825382 136.728360
2455433.849950 -0.532469 0.866640 134.573092
2455433.949950 -0.432469 0.907897 123.425150
2455434.049950 -0.332469 0.949155 104.029481
2455434.149950 -0.232469 0.990412 77.682175
2455434.249950 -0.132469 0.031669 46.143858
2455434.349950 -0.032469 0.072927 11.522037
2455434.449950 0.067531 0.114184 -23.869730
2455434.549950 0.167531 0.155442 -57.666432
2455434.649950 0.267531 0.196699 -87.609650
2455434.749950 0.367531 0.237957 -111.698465
2455434.849950 0.467531 0.279214 -128.323173
2455434.949950 0.567531 0.320471 -136.372850
2455435.049950 0.667531 0.361729 -135.309587
2455435.149950 0.767531 0.402986 -125.204434
2455435.249950 0.867531 0.444244 -106.732656
2455435.349950 0.967531 0.485501 -81.128605
2455435.449950 1.067531 0.526759 -50.103240
2455435.549950 1.167531 0.568016 -15.729789
2455435.649950 -1.156275 0.609273 19.694784
2455435.749950 -1.056275 0.650531 53.803279
2455435.849950 -0.956275 0.691788 84.316438
2455435.949950 -0.856275 0.733046 109.195260
2455436.049950 -0.756275 0.774303 126.777249
2455436.149950 -0.656275 0.815561 135.887511
2455436.249950 -0.556275 0.856818 135.917265
2455436.349950 -0.456275 0.898075 126.864522
2455436.449950 -0.356275 0.939333 109.334220
2455436.549950 -0.256275 0.980590 84.497800
2455436.649950 -0.156275 0.021848 54.014922
2455436.749950 -0.056275 0.063105 19.922567
2455436.849950 0.043725 0.104363 -15.501088
2455436.949950 0.143725 0.145620 -49.888903
2455437.049950 0.243725 0.186877 -80.942956
2455437.149950 0.343725 0.228135 -106.588100
2455437.249950 0.443725 0.269392 -125.110631
2455437.349950 0.543725 0.310650 -135.272805
2455437.449950 0.643725 0.351907 -136.395548
2455437.549950 0.743725 0.393165 -128.403833
2455437.649950 0.843725 0.434422 -111.831697
2455437.749950 0.943725 0.475679 -87.786551
2455437.849950 1.043725 0.516937 -57.875182
2455437.949950 1.143725 0.558194 -24.096378
2455438.049950 -1.180082 0.599452 11.292635
2455438.149950 -1.080082 0.640709 45.927033
2455438.249950 -0.980082 0.681966 77.492415
2455438.349950 -0.880082 0.723224 103.879467
2455438.449950 -0.780082 0.764481 123.324906
2455438.549950 -0.680082 0.805739 134.529317
2455438.649950 -0.580082 0.846996 136.743979
2455438.749950 -0.480082 0.888254 129.820901
2455438.849950 -0.380082 0.929511 114.222707
2455438.949950 -0.280082 0.970768 90.991728
2455439.049950 -0.180082 0.012026 61.680343
2455439.149950 -0.080082 0.053283 28.247249
2455439.249950 0.019918 0.094541 -7.073432
2455439.349950 0.119918 0.135798 -41.921439
2455439.449950 0.219918 0.177056 -73.968100
2455439.549950 0.319918 0.218313 -101.071938
2455439.649950 0.419918 0.259570 -121.421773
2455439.749950 0.519918 0.300828 -133.657755
2455439.849950 0.619918 0.342085 -136.962228
2455439.949950 0.719918 0.383343 -131.114377
2455440.049950 0.819918 0.424600 -116.504976
2455440.149950 0.919918 0.465858 -94.110279
2455440.249950 1.019918 0.507115 -65.426784
2455440.349950 1.119918 0.548372 -32.371228
2455440.449950 -1.203888 0.589630 2.847494
2455440.549950 -1.103888 0.630887 37.875935
2455440.649950 -1.003888 0.672145 70.373366
2455440.749950 -0.903888 0.713402 98.168187
2455440.849950 -0.803888 0.754660 119.403045
2455440.949950 -0.703888 0.795917 132.658948
2455441.049950 -0.603888 0.837174 137.050087
2455441.149950 -0.503888 0.878432 132.283030
2455441.249950 -0.403888 0.919689 118.676329
2455441.349950 -0.303888 0.960947 97.139236
2455441.449950 -0.203888 0.002204 69.110937
2455441.549950 -0.103888 0.043462 36.464389
2455441.649950 -0.003888 0.084719 1.381155
2455441.749950 0.096112 0.125976 -33.794373
2455441.849950 0.196112 0.167234 -66.711636
2455441.949950 0.296112 0.208491 -95.170979
2455442.049950 0.396112 0.249749 -117.270643
2455442.149950 0.496112 0.291006 -131.533848
2455442.249950 0.596112 0.332264 -137.007472
2455442.349950 0.696112 0.373521 -133.325748
2455442.449950 0.796112 0.414778 -120.734701
2455442.549950 0.896112 0.456036 -100.075714
2455442.649950 0.996112 0.497293 -72.729295
2455442.749950 1.096112 0.538551 -40.522835
2455442.849950 1.196112 0.579808 -5.608489
2455442.949950 -1.127694 0.621066 29.680638
2455443.049950 -1.027694 0.662323 62.986394
2455443.149950 -0.927694 0.703580 92.083166
2455443.249950 -0.827694 0.744838 115.026598
2455443.349950 -0.727694 0.786095 130.283525
2455443.449950 -0.627694 0.827353 136.834423
2455443.549950 -0.527694 0.868610 134.241537
2455443.649950 -0.427694 0.909868 122.678132
2455443.749950 -0.327694 0.951125 102.916919
2455443.849950 -0.227694 0.992382 76.278414
2455443.949950 -0.127694 0.033640 44.542703
2455444.049950 -0.027694 0.074897 9.830483
2455444.149950 0.072306 0.116155 -25.538647
2455444.249950 0.172306 0.157412 -59.201189
2455444.349950 0.272306 0.198670 -88.907688
2455444.449950 0.372306 0.239927 -112.673045
2455444.549950 0.472306 0.281184 -128.909170
2455444.649950 0.572306 0.322442 -136.531106
2455444.749950 0.672306 0.363699 -135.029526
2455444.849950 0.772306 0.404957 -124.504771
2455444.949950 0.872306 0.446214 -105.660145
2455445.049950 0.972306 0.487471 -79.754915
2455445.149950 1.072306 0.528729 -48.520166
2455445.249950 1.172306 0.569986 -14.043118
2455445.349950 -1.151500 0.611244 21.372342
2455445.449950 -1.051500 0.652501 55.359623
2455445.549950 -0.951500 0.693759 85.647569
2455445.649950 -0.851500 0.735016 110.212226
2455445.749950 -0.751500 0.776273 127.412092
2455445.849950 -0.651500 0.817531 136.097809
2455445.949950 -0.551500 0.858788 135.688964
2455446.049950 -0.451500 0.900046 126.212879
2455446.149950 -0.351500 0.941303 108.302781
2455446.249950 -0.251500 0.982561 83.155488
2455446.349950 -0.151500 0.023818 52.451436
2455446.449950 -0.051500 0.065075 18.242385
2455446.549950 0.048500 0.106333 -17.185691
2455446.649950 0.148500 0.147590 -51.465354
2455446.749950 0.248500 0.188848 -82.305912
2455446.849950 0.348500 0.230105 -107.646482
2455446.949950 0.448500 0.271363 -125.793715
2455447.049950 0.548500 0.312620 -135.534944
2455447.149950 0.648500 0.353877 -136.219225
2455447.249950 0.748500 0.395135 -127.800831
2455447.349950 0.848500 0.436392 -110.842310
2455447.449950 0.948500 0.477650 -86.476895
2455447.549950 1.048500 0.518907 -56.332772
2455447.649950 1.148500 0.560165 -22.424284
2455447.749950 -1.175306 0.601422 12.982678
2455447.849950 -1.075306 0.642679 47.522089
2455447.949950 -0.975306 0.683937 78.885898
2455448.049950 -0.875306 0.725194 104.978258
2455448.149950 -0.775306 0.766452 124.055580
2455448.249950 -0.675306 0.807709 134.843048
2455448.349950 -0.575306 0.848967 136.619802
2455448.449950 -0.475306 0.890224 129.267114
2455448.549950 -0.375306 0.931481 113.276317
2455448.649950 -0.275306 0.972739 89.715975
2455448.749950 -0.175306 0.013996 60.160478
2455448.849950 -0.075306 0.055254 26.584835
2455448.949950 0.024694 0.096511 -8.767306
2455449.049950 0.124694 0.137769 -43.533582
2455449.149950 0.224694 0.179026 -75.390783
2455449.249950 0.324694 0.220283 -102.210092
2455449.349950 0.424694 0.261541 -122.199343
2455449.449950 0.524694 0.302798 -134.022779
2455449.549950 0.624694 0.344056 -136.890316
2455449.649950 0.724694 0.385313 -130.610333
2455449.749950 0.824694 0.426571 -115.602482
2455449.849950 0.924694 0.467828 -92.869643
2455449.949950 1.024694 0.509085 -63.930911
2455450.049950 1.124694 0.550343 -30.720077
2455450.149950 -1.199112 0.591600 4.543587
2455450.249950 -1.099112 0.632858 39.503631
2455450.349950 -0.999112 0.674115 71.823896
2455450.449950 -0.899112 0.715373 99.344621
2455450.549950 -0.799112 0.756630 120.226769
2455450.649950 -0.699112 0.797887 133.074918
2455450.749950 -0.599112 0.839145 137.030507
2455450.849950 -0.499112 0.880402 131.829208
2455450.949950 -0.399112 0.921660 117.818591
2455451.049950 -0.299112 0.962917 95.934899
2455451.149950 -0.199112 0.004175 67.640480
2455451.249950 -0.099112 0.045432 34.826072
2455451.349950 0.000888 0.086689 -0.315542
2455451.449950 0.100888 0.127947 -35.436071
2455451.549950 0.200888 0.169204 -68.188630
2455451.649950 0.300888 0.210462 -96.384572
2455451.749950 0.400888 0.251719 -118.139738
2455451.849950 0.500888 0.292976 -132.000368
2455451.949950 0.600888 0.334234 -137.040243
2455452.049950 0.700888 0.375491 -132.922580
2455452.149950 0.800888 0.416749 -119.922536
2455452.249950 0.900888 0.458006 -98.908822
2455452.349950 1.000888 0.499264 -71.285654
2455452.449950 1.100888 0.540521 -38.898913
2455452.549950 1.200888 0.581778 -3.912803
2455452.649950 -1.122918 0.623036 31.334776
2455452.749950 -1.022918 0.664293 64.488448
2455452.849950 -0.922918 0.705551 93.332763
2455452.949950 -0.822918 0.746808 115.940236
2455453.049950 -0.722918 0.788066 130.800151
2455453.149950 -0.622918 0.829323 136.919514
2455453.249950 -0.522918 0.870580 133.889407
2455453.349950 -0.422918 0.911838 121.912312
2455453.449950 -0.322918 0.953095 101.788583
2455453.549950 -0.222918 0.994353 74.862963
2455453.649950 -0.122918 0.035610 42.934721
2455453.749950 -0.022918 0.076868 8.137422
2455453.849950 0.077082 0.118125 -27.203649
2455453.949950 0.177082 0.159382 -60.726872
2455454.049950 0.277082 0.200640 -90.192100
2455454.149950 0.377082 0.241897 -113.630356
2455454.249950 0.477082 0.283155 -129.475410
2455454.349950 0.577082 0.324412 -136.668436
2455454.449950 0.677082 0.365670 -134.728769
2455454.549950 0.777082 0.406927 -123.786025
2455454.649950 0.877082 0.448184 -104.571439
2455454.749950 0.977082 0.489442 -78.369001
2455454.849950 1.077082 0.530699 -46.929655
2455454.949950 1.177082 0.571957 -12.354295
2455455.049950 -1.146724 0.613214 23.046625
2455455.149950 -1.046724 0.654472 56.907483
2455455.249950 -0.946724 0.695729 86.965573
2455455.349950 -0.846724 0.736986 111.212299
2455455.449950 -0.746724 0.778244 128.027407
2455455.549950 -0.646724 0.819501 136.287247
2455455.649950 -0.546724 0.860759 135.439867
2455455.749950 -0.446724 0.902016 125.541893
2455455.849950 -0.346724 0.943274 107.254742
2455455.949950 -0.246724 0.984531 81.800431
2455456.049950 -0.146724 0.025788 50.879911
2455456.149950 -0.046724 0.067046 16.559407
2455456.249950 0.053276 0.108303 -18.867659
2455456.349950 0.153276 0.149561 -53.033917
2455456.449950 0.253276 0.190818 -83.656252
2455456.549950 0.353276 0.232076 -108.688366
2455456.649950 0.453276 0.273333 -126.457519
2455456.749950 0.553276 0.314590 -135.776310
2455456.849950 0.653276 0.355848 -136.022025
2455456.949950 0.753276 0.397105 -127.178242
2455457.049950 0.853276 0.438363 -109.835936
2455457.149950 0.953276 0.479620 -85.153985
2455457.249950 1.053276 0.520878 -54.781729
2455457.349950 1.153276 0.562135 -20.748753
2455457.449950 -1.170530 0.603392 14.670731
2455457.549950 -1.070530 0.644650 49.109862
2455457.649950 -0.970530 0.685907 80.267290
2455457.749950 -0.870530 0.727165 106.060959
2455457.849950 -0.770530 0.768422 124.767241
2455457.949950 -0.670530 0.809679 135.136113
2455458.049950 -0.570530 0.850937 136.474687
2455458.149950 -0.470530 0.892194 128.693515
2455458.249950 -0.370530 0.933452 112.312565
2455458.349950 -0.270530 0.974709 88.426471
2455458.449950 -0.170530 0.015967 58.631393
2455458.549950 -0.070530 0.057224 24.918347
2455458.649950 0.029470 0.098481 -10.459836
2455458.749950 0.129470 0.139739 -45.139054
2455458.849950 0.229470 0.180996 -76.801912
2455458.949950 0.329470 0.222254 -103.332581
2455459.049950 0.429470 0.263511 -122.958183
2455459.149950 0.529470 0.304769 -134.367263
2455459.249950 0.629470 0.346026 -136.797422
2455459.349950 0.729470 0.387283 -130.086270
2455459.449950 0.829470 0.428541 -114.682270
2455459.549950 0.929470 0.469798 -91.614774
2455459.649950 1.029470 0.511056 -62.425239
2455459.749950 1.129470 0.552313 -29.064217
2455459.849950 -1.194336 0.593571 6.238983
2455459.949950 -1.094336 0.634828 41.125272
2455460.049950 -0.994336 0.676085 73.263417
2455460.149950 -0.894336 0.717343 100.505828
2455460.249950 -0.794336 0.758600 121.032067
2455460.349950 -0.694336 0.799858 133.470493
2455460.449950 -0.594336 0.841115 136.989925
2455460.549950 -0.494336 0.882373 131.355181
2455460.649950 -0.394336 0.923630 116.942796
2455460.749950 -0.294336 0.964887 94.715858
2455460.849950 -0.194336 0.006145 66.159655
2455460.949950 -0.094336 0.047402 33.182418
2455461.049950 0.005664 0.088660 -2.012191
2455461.149950 0.105664 0.129917 -37.072338
2455461.249950 0.205664 0.171175 -69.655174
2455461.349950 0.305664 0.212432 -97.583393
2455461.449950 0.405664 0.253689 -118.990726
2455461.549950 0.505664 0.294947 -132.446657
2455461.649950 0.605664 0.336204 -137.052011
2455461.749950 0.705664 0.377462 -132.499039
2455461.849950 0.805664 0.418719 -119.091990
2455461.949950 0.905664 0.459977 -97.726771
2455462.049950 1.005664 0.501234 -69.831087
2455462.149950 1.105664 0.542491 -37.269029
2455462.249950 1.205664 0.583749 -2.216517
2455462.349950 -1.118142 0.625006 32.984111
2455462.449950 -1.018142 0.666264 65.980619
2455462.549950 -0.918142 0.707521 94.568056
2455462.649950 -0.818142 0.748779 116.836104
2455462.749950 -0.718142 0.790036 131.296730
2455462.849950 -0.618142 0.831293 136.983620
2455462.949950 -0.518142 0.872551 133.516756
2455463.049950 -0.418142 0.913808 121.127807
2455463.149950 -0.318142 0.955066 100.644647
2455463.249950 -0.218142 0.996323 73.436037
2455463.349950 -0.118142 0.037581 41.320159
2455463.449950 -0.018142 0.078838 6.443115
2455463.549950 0.081858 0.120095 -28.864483
2455463.649950 0.181858 0.161353 -62.243248
2455463.749950 0.281858 0.202610 -91.462689
2455463.849950 0.381858 0.243868 -114.570252
2455463.949950 0.481858 0.285125 -130.021806
2455464.049950 0.581858 0.326383 -136.784820
2455464.149950 0.681858 0.367640 -134.407363
2455464.249950 0.781858 0.408897 -123.048308
2455464.349950 0.881858 0.450155 -103.466707
2455464.449950 0.981858 0.491412 -76.971076
2455464.549950 1.081858 0.532670 -45.331952
2455464.649950 1.181858 0.573927 -10.663579
2455464.749950 -1.141948 0.615184 24.717375
2455464.849950 -1.041948 0.656442 58.446621
2455464.949950 -0.941948 0.697699 88.270247
2455465.049950 -0.841948 0.738957 112.195328
2455465.149950 -0.741948 0.780214 128.623099
2455465.249950 -0.641948 0.821472 136.455797
2455465.349950 -0.541948 0.862729 135.170012
2455465.449950 -0.441948 0.903986 124.851664
2455465.549950 -0.341948 0.945244 106.190265
2455465.649950 -0.241948 0.986501 80.432837
2455465.749950 -0.141948 0.027759 49.300588
2455465.849950 -0.041948 0.069016 14.873891
2455465.949950 0.058052 0.110274 -20.546735
2455466.049950 0.158052 0.151531 -54.594352
2455466.149950 0.258052 0.192788 -84.993771
2455466.249950 0.358052 0.234046 -109.713591
2455466.349950 0.458052 0.275303 -127.101941
2455466.449950 0.558052 0.316561 -135.996867
2455466.549950 0.658052 0.357818 -135.803977
2455466.649950 0.758052 0.399076 -126.536161
2455466.749950 0.858052 0.440333 -108.812728
2455466.849950 0.958052 0.481590 -83.818024
2455466.949950 1.058052 0.522848 -53.222289
2455467.049950 1.158052 0.564105 -19.070042
2455467.149950 -1.165754 0.605363 16.356535
2455467.249950 -1.065754 0.646620 50.690108
2455467.349950 -0.965754 0.687878 81.636380
2455467.449950 -0.865754 0.729135 107.127405
2455467.549950 -0.765754 0.770392 125.459780
2455467.649950 -0.665754 0.811650 135.408465
2455467.749950 -0.565754 0.852907 136.308654
2455467.849950 -0.465754 0.894165 128.100192
2455467.949950 -0.365754 0.935422 111.331599
2455468.049950 -0.265754 0.976680 87.123415
2455468.149950 -0.165754 0.017937 57.093321
2455468.249950 -0.065754 0.059194 23.248039
2455468.349950 0.034246 0.100452 -12.150763
2455468.449950 0.134246 0.141709 -46.737607
2455468.549950 0.234246 0.182967 -78.201269
2455468.649950 0.334246 0.224224 -104.439233
2455468.749950 0.434246 0.265482 -123.698178
2455468.849950 0.534246 0.306739 -134.691152
2455468.949950 0.634246 0.347996 -136.683563
2455469.049950 0.734246 0.389254 -129.542270
2455469.149950 0.834246 0.430511 -113.744481
2455469.249950 0.934246 0.471769 -90.345864
2455469.349950 1.034246 0.513026 -60.910000
2455469.449950 1.134246 0.554284 -27.403903
2455469.549950 -1.189560 0.595541 7.933424
2455469.649950 -1.089560 0.636798 42.740610
2455469.749950 -0.989560 0.678056 74.691710
2455469.849950 -0.889560 0.719313 101.651632
2455469.949950 -0.789560 0.760571 121.818815
2455470.049950 -0.689560 0.801828 133.845611
2455470.149950 -0.589560 0.843086 136.928347
2455470.249950 -0.489560 0.884343 130.861022
2455470.349950 -0.389560 0.925600 116.049077
2455470.449950 -0.289560 0.966858 93.482301
2455470.549950 -0.189560 0.008115 64.668691
2455470.649950 -0.089560 0.049373 31.533679
2455470.749950 0.010440 0.090630 -3.708531
2455470.849950 0.110440 0.131887 -38.702923
2455470.949950 0.210440 0.173145 -71.111042
2455471.049950 0.310440 0.214402 -98.767257
2455471.149950 0.410440 0.255660 -119.823477
2455471.249950 0.510440 0.296917 -132.872647
2455471.349950 0.610440 0.338175 -137.042773
2455471.449950 0.710440 0.379432 -132.055191
2455471.549950 0.810440 0.420689 -118.243191
2455471.649950 0.910440 0.461947 -96.529742
2455471.749950 1.010440 0.503204 -68.365817
2455471.849950 1.110440 0.544462 -35.633433
2455471.949950 1.210440 0.585719 -0.519892
2455472.049950 -1.113366 0.626977 34.628391
2455472.149950 -1.013366 0.668234 67.462676
2455472.249950 -0.913366 0.709491 95.788854
2455472.349950 -0.813366 0.750749 117.714066
2455472.449950 -0.713366 0.792006 131.773186
2455472.549950 -0.613366 0.833264 137.026732
2455472.649950 -0.513366 0.874521 133.123642
2455472.749950 -0.413366 0.915779 120.324737
2455472.849950 -0.313366 0.957036 99.485285
2455472.949950 -0.213366 0.998293 71.997857
2455473.049950 -0.113366 0.039551 39.699264
2455473.149950 -0.013366 0.080808 4.747820
2455473.249950 0.086634 0.122066 -30.520892
2455473.349950 0.186634 0.163323 -63.750084
2455473.449950 0.286634 0.204581 -92.719259
2455473.549950 0.386634 0.245838 -115.492589
2455473.649950 0.486634 0.287095 -130.548274
2455473.749950 0.586634 0.328353 -136.880239
2455473.849950 0.686634 0.369610 -134.065357
2455473.949950 0.786634 0.410868 -122.291731
2455474.049950 0.886634 0.452125 -102.346116
2455474.149950 0.986634 0.493383 -75.561354
2455474.249950 1.086634 0.534640 -43.727301
2455474.349950 1.186634 0.575897 -8.971228
2455474.449950 -1.137172 0.617155 26.384337
2455474.549950 -1.037172 0.658412 59.976801
2455474.649950 -0.937172 0.699670 89.561393
2455474.749950 -0.837172 0.740927 113.161160
2455474.849950 -0.737172 0.782185 129.199078
2455474.949950 -0.637172 0.823442 136.603434
2455475.049950 -0.537172 0.864699 134.879440
2455475.149950 -0.437172 0.905957 124.142301
2455475.249950 -0.337172 0.947214 105.109512
2455475.349950 -0.237172 0.988472 79.052915
2455475.449950 -0.137172 0.029729 47.713709
2455475.549950 -0.037172 0.070987 13.186095
2455475.649950 0.062828 0.112244 -22.222663
2455475.749950 0.162828 0.153501 -56.146419
2455475.849950 0.262828 0.194759 -86.318264
2455475.949950 0.362828 0.236016 -110.722001
2455476.049950 0.462828 0.277274 -127.726883
2455476.149950 0.562828 0.318531 -136.196580
2455476.249950 0.662828 0.359789 -135.565115
2455476.349950 0.762828 0.401046 -125.874686
2455476.449950 0.862828 0.442303 -107.772842
2455476.549950 0.962828 0.483561 -82.469217
2455476.649950 1.062828 0.524818 -51.654692
2455476.749950 1.162828 0.566076 -17.388409
2455476.849950 -1.160978 0.607333 18.039833
2455476.949950 -1.060978 0.648591 52.262585
2455477.049950 -0.960978 0.689848 82.992958
2455477.149950 -0.860978 0.731105 108.177433
2455477.249950 -0.760978 0.772363 126.133089
2455477.349950 -0.660978 0.813620 135.660064
2455477.449950 -0.560978 0.854878 136.121730
2455477.549950 -0.460978 0.896135 127.487236
2455477.649950 -0.360978 0.937392 110.333571
2455477.749950 -0.260978 0.978650 85.807006
2455477.849950 -0.160978 0.019907 55.546499
2455477.949950 -0.060978 0.061165 21.574169
2455478.049950 0.039022 0.102422 -13.839828
2455478.149950 0.139022 0.143680 -48.328996
2455478.249950 0.239022 0.184937 -79.588641
2455478.349950 0.339022 0.226194 -105.529877
2455478.449950 0.439022 0.267452 -124.419215
2455478.549950 0.539022 0.308709 -134.994398
2455478.649950 0.639022 0.349967 -136.548755
2455478.749950 0.739022 0.391224 -128.978416
2455478.849950 0.839022 0.432482 -112.789260
2455478.949950 0.939022 0.473739 -89.063106
2455479.049950 1.039022 0.514996 -59.385425
2455479.149950 1.139022 0.556254 -25.739389
2455479.249950 -1.184785 0.597511 9.626648
2455479.349950 -1.084785 0.638769 44.349397
2455479.449950 -0.984785 0.680026 76.108555
2455479.549950 -0.884785 0.721284 102.781856
2455479.649950 -0.784785 0.762541 122.586891
2455479.749950 -0.684785 0.803798 134.200216
2455479.849950 -0.584785 0.845056 136.845783
2455479.949950 -0.484785 0.886313 130.346806
2455480.049950 -0.384785 0.927571 115.137571
2455480.149950 -0.284785 0.968828 92.234417
2455480.249950 -0.184785 0.010086 63.167815
2455480.349950 -0.084785 0.051343 29.880106
2455480.449950 0.015215 0.092600 -5.404303
2455480.549950 0.115215 0.133858 -40.327577
2455480.649950 0.215215 0.175115 -72.556012
2455480.749950 0.315215 0.216373 -99.935984
2455480.849950 0.415215 0.257630 -120.637863
2455480.949950 0.515215 0.298888 -133.278272
2455481.049950 0.615215 0.340145 -137.012531
2455481.149950 0.715215 0.381402 -131.591104
2455481.249950 0.815215 0.422660 -117.376270
2455481.349950 0.915215 0.463917 -95.317918
2455481.449950 1.015215 0.505175 -66.890069
2455481.549950 1.115215 0.546432 -33.992376
2455481.649950 -1.208591 0.587690 1.176813
2455481.749950 -1.108591 0.628947 36.267364
2455481.849950 -1.008591 0.670204 68.934394
2455481.949950 -0.908591 0.711462 96.994972
2455482.049950 -0.808591 0.752719 118.573986
2455482.149950 -0.708591 0.793977 132.229445
2455482.249950 -0.608591 0.835234 137.048841
2455482.349950 -0.508591 0.876492 132.710125
2455482.449950 -0.408591 0.917749 119.503225
2455482.549950 -0.308591 0.959006 98.310676
2455482.649950 -0.208591 0.000264 70.548641
2455482.749950 -0.108591 0.041521 38.072285
2455482.849950 -0.008591 0.082779 3.051797
2455482.949950 0.091409 0.124036 -32.172624
2455483.049950 0.191409 0.165294 -65.247150
2455483.149950 0.291409 0.206551 -93.961619
2455483.249950 0.391409 0.247808 -116.397224
2455483.349950 0.491409 0.289066 -131.054733
2455483.449950 0.591409 0.330323 -136.954679
2455483.549950 0.691409 0.371581 -133.702804
2455483.649950 0.791409 0.412838 -121.516411
2455483.749950 0.891409 0.454095 -101.209839
2455483.849950 0.991409 0.495353 -74.140051
2455483.949950 1.091409 0.536610 -42.115948
2455484.049950 1.191409 0.577868 -7.277502
2455484.149950 -1.132397 0.619125 28.047255
2455484.249950 -1.032397 0.660383 61.497789
2455484.349950 -0.932397 0.701640 90.838813
2455484.449950 -0.832397 0.742897 114.109650
2455484.549950 -0.732397 0.784155 129.755256
2455484.649950 -0.632397 0.825412 136.730133
2455484.749950 -0.532397 0.866670 134.568195
2455484.849950 -0.432397 0.907927 123.413911
2455484.949950 -0.332397 0.949185 104.012650
2455485.049950 -0.232397 0.990442 77.660877
2455485.149950 -0.132397 0.031699 46.119517
2455485.249950 -0.032397 0.072957 11.496278
2455485.349950 0.067603 0.114214 -23.895184
2455485.449950 0.167603 0.155472 -57.689882
2455485.549950 0.267603 0.196729 -87.629527
2455485.649950 0.367603 0.237987 -111.713441
2455485.749950 0.467603 0.279244 -128.332249
2455485.849950 0.567603 0.320501 -136.375418
2455485.949950 0.667603 0.361759 -135.305476
2455486.049950 0.767603 0.403016 -125.193919
2455486.149950 0.867603 0.444274 -106.716439
2455486.249950 0.967603 0.485531 -81.107770
2455486.349950 1.067603 0.526789 -50.079178
2455486.449950 1.167603 0.568046 -15.704110
2455486.549950 -1.156203 0.609303 19.720365
2455486.649950 -1.056203 0.650561 53.827052
2455486.749950 -0.956203 0.691818 84.336816
2455486.849950 -0.856203 0.733076 109.210880
2455486.949950 -0.756203 0.774333 126.787067
2455487.049950 -0.656203 0.815591 135.890872
2455487.149950 -0.556203 0.856848 135.913943
2455487.249950 -0.456203 0.898105 126.854740
2455487.349950 -0.356203 0.939363 109.318632
2455487.449950 -0.256203 0.980620 84.477446
2455487.549950 -0.156203 0.021878 53.991164
2455487.649950 -0.056203 0.063135 19.896991
2455487.749950 0.043797 0.104393 -15.526772
2455487.849950 0.143797 0.145650 -49.912979
2455487.949950 0.243797 0.186907 -80.963815
2455488.049950 0.343797 0.228165 -106.604348
2455488.149950 0.443797 0.269422 -125.121182
2455488.249950 0.543797 0.310680 -135.276955
2455488.349950 0.643797 0.351937 -136.393018
2455488.449950 0.743797 0.393195 -128.394793
2455488.549950 0.843797 0.434452 -111.816751
2455488.649950 0.943797 0.475709 -87.766699
2455488.749950 1.043797 0.516967 -57.851749
2455488.849950 1.143797 0.558224 -24.070930
2455488.949950 -1.180009 0.599482 11.318397
2455489.049950 -1.080009 0.640739 45.951387
2455489.149950 -0.980009 0.681997 77.513735
2455489.249950 -0.880009 0.723254 103.896327
2455489.349950 -0.780009 0.764511 123.336180
2455489.449950 -0.680009 0.805769 134.534252
2455489.549950 -0.580009 0.847026 136.742245
2455489.649950 -0.480009 0.888284 129.812613
2455489.749950 -0.380009 0.929541 114.208420
2455489.849950 -0.280009 0.970799 90.972396
2455489.949950 -0.180009 0.012056 61.657258
2455490.049950 -0.080009 0.053313 28.221954
2455490.149950 0.019991 0.094571 -7.099247
2455490.249950 0.119991 0.135828 -41.946049
2455490.349950 0.219991 0.177086 -73.989861
2455490.449950 0.319991 0.218343 -101.089395
2455490.549950 0.419991 0.259600 -121.433760
2455490.649950 0.519991 0.300858 -133.663470
2455490.749950 0.619991 0.342115 -136.961290
2455490.849950 0.719991 0.383373 -131.106848
2455490.949950 0.819991 0.424630 -116.491360
2455491.049950 0.919991 0.465888 -94.091485
2455491.149950 1.019991 0.507145 -65.404069
2455491.249950 1.119991 0.548402 -32.346109
2455491.349950 -1.203815 0.589660 2.873338
2455491.449950 -1.103815 0.630917 37.900778
2455491.549950 -1.003815 0.672175 70.395547
2455491.649950 -0.903815 0.713432 98.186224
2455491.749950 -0.803815 0.754690 119.415732
2455491.849950 -0.703815 0.795947 132.665438
2455491.949950 -0.603815 0.837204 137.049946
2455492.049950 -0.503815 0.878462 132.276268
2455492.149950 -0.403815 0.919719 118.663398
2455492.249950 -0.303815 0.960977 97.120999
2455492.349950 -0.203815 0.002234 69.088613
2455492.449950 -0.103815 0.043492 36.439470
2455492.549950 -0.003815 0.084749 1.355306
2455492.649950 0.096185 0.126006 -33.819424
2455492.749950 0.196185 0.167264 -66.734215
2455492.849950 0.296185 0.208521 -95.189578
2455492.949950 0.396185 0.249779 -117.284019
2455493.049950 0.496185 0.291036 -131.541107
2455493.149950 0.596185 0.332294 -137.008129
2455493.249950 0.696185 0.373551 -133.319758
2455493.349950 0.796185 0.414808 -120.722467
2455493.449950 0.896185 0.456066 -100.058051
2455493.549950 0.996185 0.497323 -72.707384
2455493.649950 1.096185 0.538581 -40.498140
2455493.749950 1.196185 0.579838 -5.582660
2455493.849950 -1.127621 0.621096 29.705874
2455493.949950 -1.027621 0.662353 63.009351
2455494.049950 -0.927621 0.703610 92.102310
2455494.149950 -0.827621 0.744868 115.040650
2455494.249950 -0.727621 0.786125 130.291546
2455494.349950 -0.627621 0.827383 136.835877
2455494.449950 -0.527621 0.868640 134.236326
2455494.549950 -0.427621 0.909898 122.666605
2455494.649950 -0.327621 0.951155 102.899846
2455494.749950 -0.227621 0.992412 76.256937
2455494.849950 -0.127621 0.033670 44.518256
2455494.949950 -0.027621 0.074927 9.804700
2455495.049950 0.072379 0.116185 -25.564043
2455495.149950 0.172379 0.157442 -59.224502
2455495.249950 0.272379 0.198700 -88.927359
2455495.349950 0.372379 0.239957 -112.687760
2455495.449950 0.472379 0.281214 -128.917946
2455495.549950 0.572379 0.322472 -136.533355
2455495.649950 0.672379 0.363729 -135.025099
2455495.749950 0.772379 0.404987 -124.493964
2455495.849950 0.872379 0.446244 -105.643679
2455495.949950 0.972379 0.487502 -79.733892
2455496.049950 1.072379 0.528759 -48.495989
2455496.149950 1.172379 0.570016 -14.017405
2455496.249950 -1.151427 0.611274 21.397875
2455496.349950 -1.051427 0.652531 55.383269
2455496.449950 -0.951427 0.693789 85.667748
2455496.549950 -0.851427 0.735046 110.227589
2455496.649950 -0.751427 0.776303 127.421613
2455496.749950 -0.651427 0.817561 136.100851
2455496.849950 -0.551427 0.858818 135.685325
2455496.949950 -0.451427 0.900076 126.202802
2455497.049950 -0.351427 0.941333 108.286938
2455497.149950 -0.251427 0.982591 83.134938
2455497.249950 -0.151427 0.023848 52.427553
2455497.349950 -0.051427 0.065105 18.216765
2455497.449950 0.048573 0.106363 -17.211336
2455497.549950 0.148573 0.147620 -51.489311
2455497.649950 0.248573 0.188878 -82.326579
2455497.749950 0.348573 0.230135 -107.662480
2455497.849950 0.448573 0.271393 -125.803973
2455497.949950 0.548573 0.312650 -135.538777
2455498.049950 0.648573 0.353907 -136.216377
2455498.149950 0.748573 0.395165 -127.791492
2455498.249950 0.848573 0.436422 -110.827105
2455498.349950 0.948573 0.477680 -86.456839
2455498.449950 1.048573 0.518937 -56.309206
2455498.549950 1.148573 0.560195 -22.398782
2455498.649950 -1.175233 0.601452 13.008411
2455498.749950 -1.075233 0.642709 47.546334
2455498.849950 -0.975233 0.683967 78.907035
2455498.949950 -0.875233 0.725224 104.994874
2455499.049950 -0.775233 0.766482 124.066566
2455499.149950 -0.675233 0.807739 134.847668
2455499.249950 -0.575233 0.848997 136.617749
2455499.349950 -0.475233 0.890254 129.258523
2455499.449950 -0.375233 0.931511 113.261764
2455499.549950 -0.275233 0.972769 89.696432
2455499.649950 -0.175233 0.014026 60.137251
2455499.749950 -0.075233 0.055284 26.559476
2455499.849950 0.024767 0.096541 -8.793102
2455499.949950 0.124767 0.137799 -43.558093
2455500.049950 0.224767 0.179056 -75.412369
2455500.149950 0.324767 0.220313 -102.227311
2455500.249950 0.424767 0.261571 -122.211045
2455500.349950 0.524767 0.302828 -134.028182
2455500.449950 0.624767 0.344086 -136.889058
2455500.549950 0.724767 0.385343 -130.602498
2455500.649950 0.824767 0.426601 -115.588595
2455500.749950 0.924767 0.467858 -92.850632
2455500.849950 1.024767 0.509115 -63.908044
2455500.949950 1.124767 0.550373 -30.694884
2455501.049950 -1.199039 0.591630 4.569422
2455501.149950 -1.099039 0.632888 39.528383
2455501.249950 -0.999039 0.674145 71.845910
2455501.349950 -0.899039 0.715403 99.362427
2455501.449950 -0.799039 0.756660 120.239177
2455501.549950 -0.699039 0.797917 133.081098
2455501.649950 -0.599039 0.839175 137.030046
2455501.749950 -0.499039 0.880432 131.822137
2455501.849950 -0.399039 0.921690 117.805384
2455501.949950 -0.299039 0.962947 95.916436
2455502.049950 -0.199039 0.004205 67.617996
2455502.149950 -0.099039 0.045462 34.801071
2455502.249950 0.000961 0.086719 -0.341392
2455502.349950 0.100961 0.127977 -35.461041
2455502.449950 0.200961 0.169234 -68.211052
2455502.549950 0.300961 0.210492 -96.402947
2455502.649950 0.400961 0.251749 -118.152839
2455502.749950 0.500961 0.293007 -132.007319
2455502.849950 0.600961 0.334264 -137.040580
2455502.949950 0.700961 0.375521 -132.916280
2455503.049950 0.800961 0.416779 -119.910020
2455503.149950 0.900961 0.458036 -98.890927
2455503.249950 1.000961 0.499294 -71.263575
2455503.349950 1.100961 0.540551 -38.874126
2455503.449950 1.200961 0.581808 -3.886963
2455503.549950 -1.122845 0.623066 31.359941
2455503.649950 -1.022845 0.664323 64.511257
2455503.749950 -0.922845 0.705581 93.351691
2455503.849950 -0.822845 0.746838 115.954018
2455503.949950 -0.722845 0.788096 130.807867
2455504.049950 -0.622845 0.829353 136.920648
2455504.149950 -0.522845 0.870610 133.883883
2455504.249950 -0.422845 0.911868 121.900500
2455504.349950 -0.322845 0.953125 101.771272
2455504.449950 -0.222845 0.994383 74.841309
2455504.549950 -0.122845 0.035640 42.910172
2455504.649950 -0.022845 0.076898 8.111618
2455504.749950 0.077155 0.118155 -27.228984
2455504.849950 0.177155 0.159412 -60.750045
2455504.949950 0.277155 0.200670 -90.211562
2455505.049950 0.377155 0.241927 -113.644807
2455505.149950 0.477155 0.283185 -129.483884
2455505.249950 0.577155 0.324442 -136.670366
2455505.349950 0.677155 0.365700 -134.724027
2455505.449950 0.777155 0.406957 -123.774928
2455505.549950 0.877155 0.448214 -104.554728
2455505.649950 0.977155 0.489472 -78.347793
2455505.749950 1.077155 0.530729 -46.905367
2455505.849950 1.177155 0.571987 -12.328551
2455505.949950 -1.146651 0.613244 23.072106
2455506.049950 -1.046651 0.654502 56.930998
2455506.149950 -0.946651 0.695759 86.985550
2455506.249950 -0.846651 0.737016 111.227404
2455506.349950 -0.746651 0.778274 128.036630
2455506.449950 -0.646651 0.819531 136.289972
2455506.549950 -0.546651 0.860789 135.435912
2455506.649950 -0.446651 0.902046 125.531521
2455506.749950 -0.346651 0.943304 107.238647
2455506.849950 -0.246651 0.984561 81.779689
2455506.949950 -0.146651 0.025818 50.855908
2455507.049950 -0.046651 0.067076 16.533746
2455507.149950 0.053349 0.108333 -18.893262
2455507.249950 0.153349 0.149591 -53.057752
2455507.349950 0.253349 0.190848 -83.676726
2455507.449950 0.353349 0.232106 -108.704111
2455507.549950 0.453349 0.273363 -126.467482
2455507.649950 0.553349 0.314620 -135.779827
2455507.749950 0.653349 0.355878 -136.018859
2455507.849950 0.753349 0.397135 -127.168605
2455507.949950 0.853349 0.438393 -109.820473
2455508.049950 0.953349 0.479650 -85.133729
2455508.149950 1.053349 0.520908 -54.758033
2455508.249950 1.153349 0.562165 -20.723201
2455508.349950 -1.170457 0.603422 14.696432
2455508.449950 -1.070457 0.644680 49.133995
2455508.549950 -0.970457 0.685937 80.288241
2455508.649950 -0.870457 0.727195 106.077329
2455508.749950 -0.770457 0.768452 124.777936
2455508.849950 -0.670457 0.809710 135.140417
2455508.949950 -0.570457 0.850967 136.472314
2455509.049950 -0.470457 0.892224 128.684623
2455509.149950 -0.370457 0.933482 112.297748
2455509.249950 -0.270457 0.974739 88.406720
2455509.349950 -0.170457 0.015997 58.608027
2455509.449950 -0.070457 0.057254 24.892927
2455509.549950 0.029543 0.098511 -10.485610
2455509.649950 0.129543 0.139769 -45.163460
2455509.749950 0.229543 0.181026 -76.823320
2455509.849950 0.329543 0.222284 -103.349560
2455509.949950 0.429543 0.263541 -122.969599
2455510.049950 0.529543 0.304799 -134.372352
2455510.149950 0.629543 0.346056 -136.795845
2455510.249950 0.729543 0.387313 -130.078132
2455510.349950 0.829543 0.428571 -114.668114
2455510.449950 0.929543 0.469828 -91.595547
2455510.549950 1.029543 0.511086 -62.402225
2455510.649950 1.129543 0.552343 -29.038955
2455510.749950 -1.194263 0.593601 6.264806
2455510.849950 -1.094263 0.634858 41.149930
2455510.949950 -0.994263 0.676115 73.285262
2455511.049950 -0.894263 0.717373 100.523401
2455511.149950 -0.794263 0.758630 121.044193
2455511.249950 -0.694263 0.799888 133.476362
2455511.349950 -0.594263 0.841145 136.989144
2455511.449950 -0.494263 0.882403 131.347803
2455511.549950 -0.394263 0.923660 116.929314
2455511.649950 -0.294263 0.964917 94.697173
2455511.749950 -0.194263 0.006175 66.137016
2455511.849950 -0.094263 0.047432 33.157337
2455511.949950 0.005737 0.088690 -2.038038
2455512.049950 0.105737 0.129947 -37.097224
2455512.149950 0.205737 0.171205 -69.677435
2455512.249950 0.305737 0.212462 -97.601542
2455512.349950 0.405737 0.253719 -119.003550
2455512.449950 0.505737 0.294977 -132.453300
2455512.549950 0.605737 0.336234 -137.052027
2455512.649950 0.705737 0.377492 -132.492429
2455512.749950 0.805737 0.418749 -119.079195
2455512.849950 0.905737 0.460007 -97.708646
2455512.949950 1.005737 0.501264 -69.808843
2455513.049950 1.105737 0.542521 -37.244153
2455513.149950 1.205737 0.583779 -2.190671
2455513.249950 -1.118069 0.625036 33.009201
2455513.349950 -1.018069 0.666294 66.003274
2455513.449950 -0.918069 0.707551 94.586764
2455513.549950 -0.818069 0.748809 116.849615
2455513.649950 -0.718069 0.790066 131.304140
2455513.749950 -0.618069 0.831323 136.984435
2455513.849950 -0.518069 0.872581 133.510921
2455513.949950 -0.418069 0.913838 121.115711
2455514.049950 -0.318069 0.955096 100.627099
2455514.149950 -0.218069 0.996353 73.414210
2455514.249950 -0.118069 0.037611 41.295512
2455514.349950 -0.018069 0.078868 6.417293
2455514.449950 0.081931 0.120125 -28.889752
2455514.549950 0.181931 0.161383 -62.266277
2455514.649950 0.281931 0.202640 -91.481938
2455514.749950 0.381931 0.243898 -114.584436
2455514.849950 0.481931 0.285155 -130.029977
2455514.949950 0.581931 0.326413 -136.786431
2455515.049950 0.681931 0.367670 -134.402307
2455515.149950 0.781931 0.408927 -123.036922
2455515.249950 0.881931 0.450185 -103.449753
2455515.349950 0.981931 0.491442 -76.949687
2455515.449950 1.081931 0.532700 -45.307556
2455515.549950 1.181931 0.573957 -10.637807
2455515.649950 -1.141875 0.615215 24.742800
2455515.749950 -1.041875 0.656472 58.470002
2455515.849950 -0.941875 0.697729 88.290020
2455515.949950 -0.841875 0.738987 112.210172
2455516.049950 -0.741875 0.780244 128.632022
2455516.149950 -0.641875 0.821502 136.458204
2455516.249950 -0.541875 0.862759 135.165741
2455516.349950 -0.441875 0.904016 124.841000
2455516.449950 -0.341875 0.945274 106.173921
2455516.549950 -0.241875 0.986531 80.411905
2455516.649950 -0.141875 0.027789 49.276468
2455516.749950 -0.041875 0.069046 14.848193
2455516.849950 0.058125 0.110304 -20.572293
2455516.949950 0.158125 0.151561 -54.618061
2455517.049950 0.258125 0.192818 -85.014048
2455517.149950 0.358125 0.234076 -109.729081
2455517.249950 0.458125 0.275333 -127.111608
2455517.349950 0.558125 0.316591 -136.000066
2455517.449950 0.658125 0.357848 -135.800494
2455517.549950 0.758125 0.399106 -126.526228
2455517.649950 0.858125 0.440363 -108.797010
2455517.749950 0.958125 0.481620 -83.797571
2455517.849950 1.058125 0.522878 -53.198467
2455517.949950 1.158125 0.564135 -19.044444
2455518.049950 -1.165681 0.605393 16.382200
2455518.149950 -1.065681 0.646650 50.714124
2455518.249950 -0.965681 0.687908 81.657142
2455518.349950 -0.865681 0.729165 107.143526
2455518.449950 -0.765681 0.770422 125.470182
2455518.549950 -0.665681 0.811680 135.412454
2455518.649950 -0.565681 0.852937 136.305963
2455518.749950 -0.465681 0.894195 128.091001
2455518.849950 -0.365681 0.935452 111.316522
2455518.949950 -0.265681 0.976710 87.103459
2455519.049950 -0.165681 0.017967 57.069820
2455519.149950 -0.065681 0.059224 23.222564
2455519.249950 0.034319 0.100482 -12.176511
2455519.349950 0.134319 0.141739 -46.761906
2455519.449950 0.234319 0.182997 -78.222497
2455519.549950 0.334319 0.224254 -104.455969
2455519.649950 0.434319 0.265512 -123.709306
2455519.749950 0.534319 0.306769 -134.695927
2455519.849950 0.634319 0.348026 -136.681666
2455519.949950 0.734319 0.389284 -129.533828
2455520.049950 0.834319 0.430541 -113.730059
2455520.149950 0.934319 0.471799 -90.326424
2455520.249950 1.034319 0.513056 -60.886842
2455520.349950 1.134319 0.554314 -27.378575
2455520.449950 -1.189488 0.595571 7.959230
2455520.549950 -1.089488 0.636828 42.765170
2455520.649950 -0.989488 0.678086 74.713382
2455520.749950 -0.889488 0.719343 101.668968
2455520.849950 -0.789488 0.760601 121.830657
2455520.949950 -0.689488 0.801858 133.851168
2455521.049950 -0.589488 0.843116 136.927246
2455521.149950 -0.489488 0.884373 130.853338
2455521.249950 -0.389488 0.925630 116.035323
2455521.349950 -0.289488 0.966888 93.463397
2455521.449950 -0.189488 0.008145 64.645899
2455521.549950 -0.089488 0.049403 31.508522
2455521.649950 0.010512 0.090660 -3.734372
2455521.749950 0.110512 0.131918 -38.727720
2455521.849950 0.210512 0.173175 -71.133139
2455521.949950 0.310512 0.214432 -98.785177
2455522.049950 0.410512 0.255690 -119.836022
2455522.149950 0.510512 0.296947 -132.878980
2455522.249950 0.610512 0.338205 -137.042470
2455522.349950 0.710512 0.379462 -132.048273
2455522.449950 0.810512 0.420719 -118.230119
2455522.549950 0.910512 0.461977 -96.511390
2455522.649950 1.010512 0.503234 -68.343411
2455522.749950 1.110512 0.544492 -35.608472
2455522.849950 1.210512 0.585749 -0.494042
2455522.949950 -1.113294 0.627007 34.653402
2455523.049950 -1.013294 0.668264 67.485176
2455523.149950 -0.913294 0.709521 95.807340
2455523.249950 -0.813294 0.750779 117.727302
2455523.349950 -0.713294 0.792036 131.780288
2455523.449950 -0.613294 0.833294 137.027226
2455523.549950 -0.513294 0.874551 133.117495
2455523.649950 -0.413294 0.915809 120.312359
2455523.749950 -0.313294 0.957066 99.467503
2455523.849950 -0.213294 0.998323 71.975860
2455523.949950 -0.113294 0.039581 39.674522
2455524.049950 -0.013294 0.080838 4.721985
2455524.149950 0.086706 0.122096 -30.546092
2455524.249950 0.186706 0.163353 -63.772966
2455524.349950 0.286706 0.204611 -92.738294
2455524.449950 0.386706 0.245868 -115.506504
2455524.549950 0.486706 0.287125 -130.556140
2455524.649950 0.586706 0.328383 -136.881530
2455524.749950 0.686706 0.369640 -134.059988
2455524.849950 0.786706 0.410898 -122.280059
2455524.949950 0.886706 0.452155 -102.328922
2455525.049950 0.986706 0.493413 -75.539786
2455525.149950 1.086706 0.534670 -43.702802
2455525.249950 1.186706 0.575927 -8.945433
2455525.349950 -1.137100 0.617185 26.409702
2455525.449950 -1.037100 0.658442 60.000043
2455525.549950 -0.937100 0.699700 89.580959
2455525.649950 -0.837100 0.740957 113.175741
2455525.749950 -0.737100 0.782215 129.207700
2455525.849950 -0.637100 0.823472 136.605521
2455525.949950 -0.537100 0.864729 134.874853
2455526.049950 -0.437100 0.905987 124.131346
2455526.149950 -0.337100 0.947244 105.092922
2455526.249950 -0.237100 0.988502 79.031798
2455526.349950 -0.137100 0.029759 47.689475
2455526.449950 -0.037100 0.071017 13.160365
2455526.549950 0.062900 0.112274 -22.248170
2455526.649950 0.162900 0.153531 -56.170000
2455526.749950 0.262900 0.194789 -86.338341
2455526.849950 0.362900 0.236046 -110.737234
2455526.949950 0.462900 0.277304 -127.736253
2455527.049950 0.562900 0.318561 -136.199461
2455527.149950 0.662900 0.359819 -135.561315
2455527.249950 0.762900 0.401076 -125.864459
2455527.349950 0.862900 0.442333 -107.756871
2455527.449950 0.962900 0.483591 -82.448569
2455527.549950 1.062900 0.524848 -51.630748
2455527.649950 1.162900 0.566106 -17.362768
2455527.749950 -1.160906 0.607363 18.065457
2455527.849950 -1.060906 0.648621 52.286481
2455527.949950 -0.960906 0.689878 83.013528
2455528.049950 -0.860906 0.731135 108.193302
2455528.149950 -0.760906 0.772393 126.143198
2455528.249950 -0.660906 0.813650 135.663737
2455528.349950 -0.560906 0.854908 136.118721
2455528.449950 -0.460906 0.896165 127.477746
2455528.549950 -0.360906 0.937423 110.318234
2455528.649950 -0.260906 0.978680 85.786848
2455528.749950 -0.160906 0.019937 55.522867
2455528.849950 -0.060906 0.061195 21.548641
2455528.949950 0.039094 0.102452 -13.865546
2455529.049950 0.139094 0.143710 -48.353185
2455529.149950 0.239094 0.184967 -79.609684
2455529.249950 0.339094 0.226224 -105.546369
2455529.349950 0.439094 0.267482 -124.430053
2455529.449950 0.539094 0.308739 -134.998859
2455529.549950 0.639094 0.349997 -136.546539
2455529.649950 0.739094 0.391254 -128.969672
2455529.749950 0.839094 0.432512 -112.774573
2455529.849950 0.939094 0.473769 -89.043457
2455529.949950 1.039094 0.515026 -59.362127
2455530.049950 1.139094 0.556284 -25.713999
2455530.149950 -1.184712 0.597541 9.652434
2455530.249950 -1.084712 0.638799 44.373855
2455530.349950 -0.984712 0.680056 76.130051
2455530.449950 -0.884712 0.721314 102.798954
2455530.549950 -0.784712 0.762571 122.598448
2455530.649950 -0.684712 0.803828 134.205459
2455530.749950 -0.584712 0.845086 136.844362
2455530.849950 -0.484712 0.886343 130.338817
2455530.949950 -0.384712 0.927601 115.123548
2455531.049950 -0.284712 0.968858 92.215295
2455531.149950 -0.184712 0.010116 63.144874
2455531.249950 -0.084712 0.051373 29.854877
2455531.349950 0.015288 0.092630 -5.430133
2455531.449950 0.115288 0.133888 -40.352281
2455531.549950 0.215288 0.175145 -72.577941
2455531.649950 0.315288 0.216403 -99.953672
2455531.749950 0.415288 0.257660 -120.650128
2455531.849950 0.515288 0.298918 -133.284294
2455531.949950 0.615288 0.340175 -137.011908
2455532.049950 0.715288 0.381432 -131.583877
2455532.149950 0.815288 0.422690 -117.362923
2455532.249950 0.915288 0.463947 -95.299342
2455532.349950 1.015288 0.505205 -66.867505
2455532.449950 1.115288 0.546462 -33.967333
2455532.549950 -1.208518 0.587720 1.202662
2455532.649950 -1.108518 0.628977 36.292291
2455532.749950 -1.008518 0.670234 68.956735
2455532.849950 -0.908518 0.711492 97.013233
2455532.949950 -0.808518 0.752749 118.586946
2455533.049950 -0.708518 0.794007 132.236240
2455533.149950 -0.608518 0.835264 137.049016
2455533.249950 -0.508518 0.876522 132.703668
2455533.349950 -0.408518 0.917779 119.490567
2455533.449950 -0.308518 0.959036 98.292663
2455533.549950 -0.208518 0.000294 70.526478
2455533.649950 -0.108518 0.041551 38.047452
2455533.749950 -0.008518 0.082809 3.025953
2455533.849950 0.091482 0.124066 -32.197750
2455533.949950 0.191482 0.165324 -65.269881
2455534.049950 0.291482 0.206581 -93.980436
2455534.149950 0.391482 0.247838 -116.410868
2455534.249950 0.491482 0.289096 -131.062294
2455534.349950 0.591482 0.330353 -136.955651
2455534.449950 0.691482 0.371611 -133.697122
2455534.549950 0.791482 0.412868 -121.504454
