descriptor x_phase m_phase 
-1.500000 -3.759232 
-1.499000 -3.733345 
-1.498000 -3.707311 
-1.497000 -3.681131 
-1.496000 -3.654805 
-1.495000 -3.628335 
-1.494000 -3.601722 
-1.493000 -3.574967 
-1.492000 -3.548070 
-1.491000 -3.521034 
-1.490000 -3.493858 
-1.489000 -3.466545 
-1.488000 -3.439094 
-1.487000 -3.411508 
-1.486000 -3.383787 
-1.485000 -3.355933 
-1.484000 -3.327946 
-1.483000 -3.299828 
-1.482000 -3.271579 
-1.481000 -3.243202 
-1.480000 -3.214696 
-1.479000 -3.186064 
-1.478000 -3.157305 
-1.477000 -3.128422 
-1.476000 -3.099416 
-1.475000 -3.070287 
-1.474000 -3.041037 
-1.473000 -3.011666 
-1.472000 -2.982177 
-1.471000 -2.952570 
-1.470000 -2.922847 
-1.469000 -2.893008 
-1.468000 -2.863055 
-1.467000 -2.832989 
-1.466000 -2.802812 
-1.465000 -2.772523 
-1.464000 -2.742125 
-1.463000 -2.711619 
-1.462000 -2.681006 
-1.461000 -2.650287 
-1.460000 -2.619463 
-1.459000 -2.588536 
-1.458000 -2.557507 
-1.457000 -2.526376 
-1.456000 -2.495146 
-1.455000 -2.463818 
-1.454000 -2.432392 
-1.453000 -2.400870 
-1.452000 -2.369254 
-1.451000 -2.337543 
-1.450000 -2.305741 
-1.449000 -2.273848 
-1.448000 -2.241864 
-1.447000 -2.209793 
-1.446000 -2.177634 
-1.445000 -2.145389 
-1.444000 -2.113059 
-1.443000 -2.080646 
-1.442000 -2.048151 
-1.441000 -2.015575 
-1.440000 -1.982919 
-1.439000 -1.950185 
-1.438000 -1.917375 
-1.437000 -1.884488 
-1.436000 -1.851527 
-1.435000 -1.818493 
-1.434000 -1.785387 
-1.433000 -1.752211 
-1.432000 -1.718965 
-1.431000 -1.685652 
-1.430000 -1.652272 
-1.429000 -1.618827 
-1.428000 -1.585318 
-1.427000 -1.551746 
-1.426000 -1.518113 
-1.425000 -1.484420 
-1.424000 -1.450669 
-1.423000 -1.416860 
-1.422000 -1.382996 
-1.421000 -1.349076 
-1.420000 -1.315104 
-1.419000 -1.281079 
-1.418000 -1.247004 
-1.417000 -1.212880 
-1.416000 -1.178708 
-1.415000 -1.144489 
-1.414000 -1.110226 
-1.413000 -1.075918 
-1.412000 -1.041568 
-1.411000 -1.007177 
-1.410000 -0.972746 
-1.409000 -0.938276 
-1.408000 -0.903770 
-1.407000 -0.869228 
-1.406000 -0.834651 
-1.405000 -0.800042 
-1.404000 -0.765401 
-1.403000 -0.730730 
-1.402000 -0.696030 
-1.401000 -0.661302 
-1.400000 -0.626548 
-1.399000 -0.591770 
-1.398000 -0.556968 
-1.397000 -0.522145 
-1.396000 -0.487300 
-1.395000 -0.452437 
-1.394000 -0.417555 
-1.393000 -0.382657 
-1.392000 -0.347744 
-1.391000 -0.312818 
-1.390000 -0.277879 
-1.389000 -0.242928 
-1.388000 -0.207969 
-1.387000 -0.173001 
-1.386000 -0.138026 
-1.385000 -0.103046 
-1.384000 -0.068062 
-1.383000 -0.033075 
-1.382000 0.001913 
-1.381000 0.036901 
-1.380000 0.071888 
-1.379000 0.106872 
-1.378000 0.141852 
-1.377000 0.176826 
-1.376000 0.211793 
-1.375000 0.246751 
-1.374000 0.281700 
-1.373000 0.316638 
-1.372000 0.351563 
-1.371000 0.386475 
-1.370000 0.421371 
-1.369000 0.456250 
-1.368000 0.491112 
-1.367000 0.525954 
-1.366000 0.560776 
-1.365000 0.595575 
-1.364000 0.630350 
-1.363000 0.665101 
-1.362000 0.699826 
-1.361000 0.734523 
-1.360000 0.769191 
-1.359000 0.803828 
-1.358000 0.838434 
-1.357000 0.873007 
-1.356000 0.907545 
-1.355000 0.942048 
-1.354000 0.976513 
-1.353000 1.010940 
-1.352000 1.045327 
-1.351000 1.079672 
-1.350000 1.113975 
-1.349000 1.148234 
-1.348000 1.182448 
-1.347000 1.216615 
-1.346000 1.250733 
-1.345000 1.284803 
-1.344000 1.318822 
-1.343000 1.352789 
-1.342000 1.386702 
-1.341000 1.420560 
-1.340000 1.454363 
-1.339000 1.488108 
-1.338000 1.521794 
-1.337000 1.555421 
-1.336000 1.588986 
-1.335000 1.622488 
-1.334000 1.655926 
-1.333000 1.689298 
-1.332000 1.722605 
-1.331000 1.755843 
-1.330000 1.789011 
-1.329000 1.822109 
-1.328000 1.855135 
-1.327000 1.888088 
-1.326000 1.920967 
-1.325000 1.953769 
-1.324000 1.986495 
-1.323000 2.019142 
-1.322000 2.051709 
-1.321000 2.084195 
-1.320000 2.116599 
-1.319000 2.148919 
-1.318000 2.181155 
-1.317000 2.213304 
-1.316000 2.245367 
-1.315000 2.277340 
-1.314000 2.309224 
-1.313000 2.341016 
-1.312000 2.372716 
-1.311000 2.404322 
-1.310000 2.435834 
-1.309000 2.467249 
-1.308000 2.498567 
-1.307000 2.529786 
-1.306000 2.560905 
-1.305000 2.591923 
-1.304000 2.622839 
-1.303000 2.653651 
-1.302000 2.684359 
-1.301000 2.714961 
-1.300000 2.745455 
-1.299000 2.775841 
-1.298000 2.806117 
-1.297000 2.836283 
-1.296000 2.866337 
-1.295000 2.896277 
-1.294000 2.926103 
-1.293000 2.955814 
-1.292000 2.985408 
-1.291000 3.014884 
-1.290000 3.044241 
-1.289000 3.073478 
-1.288000 3.102594 
-1.287000 3.131587 
-1.286000 3.160456 
-1.285000 3.189201 
-1.284000 3.217820 
-1.283000 3.246312 
-1.282000 3.274675 
-1.281000 3.302910 
-1.280000 3.331013 
-1.279000 3.358986 
-1.278000 3.386826 
-1.277000 3.414532 
-1.276000 3.442103 
-1.275000 3.469539 
-1.274000 3.496837 
-1.273000 3.523997 
-1.272000 3.551019 
-1.271000 3.577900 
-1.270000 3.604640 
-1.269000 3.631237 
-1.268000 3.657691 
-1.267000 3.684001 
-1.266000 3.710165 
-1.265000 3.736183 
-1.264000 3.762054 
-1.263000 3.787776 
-1.262000 3.813348 
-1.261000 3.838770 
-1.260000 3.864040 
-1.259000 3.889158 
-1.258000 3.914122 
-1.257000 3.938931 
-1.256000 3.963585 
-1.255000 3.988083 
-1.254000 4.012423 
-1.253000 4.036605 
-1.252000 4.060628 
-1.251000 4.084490 
-1.250000 4.108191 
-1.249000 4.131729 
-1.248000 4.155105 
-1.247000 4.178316 
-1.246000 4.201363 
-1.245000 4.224244 
-1.244000 4.246958 
-1.243000 4.269504 
-1.242000 4.291882 
-1.241000 4.314090 
-1.240000 4.336128 
-1.239000 4.357995 
-1.238000 4.379690 
-1.237000 4.401212 
-1.236000 4.422560 
-1.235000 4.443733 
-1.234000 4.464731 
-1.233000 4.485553 
-1.232000 4.506198 
-1.231000 4.526665 
-1.230000 4.546953 
-1.229000 4.567062 
-1.228000 4.586990 
-1.227000 4.606737 
-1.226000 4.626303 
-1.225000 4.645685 
-1.224000 4.664885 
-1.223000 4.683900 
-1.222000 4.702730 
-1.221000 4.721375 
-1.220000 4.739833 
-1.219000 4.758104 
-1.218000 4.776187 
-1.217000 4.794082 
-1.216000 4.811788 
-1.215000 4.829303 
-1.214000 4.846628 
-1.213000 4.863761 
-1.212000 4.880703 
-1.211000 4.897452 
-1.210000 4.914007 
-1.209000 4.930369 
-1.208000 4.946535 
-1.207000 4.962507 
-1.206000 4.978283 
-1.205000 4.993862 
-1.204000 5.009244 
-1.203000 5.024428 
-1.202000 5.039414 
-1.201000 5.054201 
-1.200000 5.068788 
-1.199000 5.083175 
-1.198000 5.097362 
-1.197000 5.111347 
-1.196000 5.125131 
-1.195000 5.138712 
-1.194000 5.152090 
-1.193000 5.165265 
-1.192000 5.178236 
-1.191000 5.191003 
-1.190000 5.203564 
-1.189000 5.215921 
-1.188000 5.228071 
-1.187000 5.240015 
-1.186000 5.251752 
-1.185000 5.263282 
-1.184000 5.274604 
-1.183000 5.285717 
-1.182000 5.296623 
-1.181000 5.307318 
-1.180000 5.317805 
-1.179000 5.328081 
-1.178000 5.338148 
-1.177000 5.348003 
-1.176000 5.357647 
-1.175000 5.367080 
-1.174000 5.376301 
-1.173000 5.385310 
-1.172000 5.394106 
-1.171000 5.402689 
-1.170000 5.411058 
-1.169000 5.419215 
-1.168000 5.427157 
-1.167000 5.434885 
-1.166000 5.442398 
-1.165000 5.449697 
-1.164000 5.456780 
-1.163000 5.463648 
-1.162000 5.470301 
-1.161000 5.476737 
-1.160000 5.482957 
-1.159000 5.488961 
-1.158000 5.494748 
-1.157000 5.500318 
-1.156000 5.505671 
-1.155000 5.510806 
-1.154000 5.515724 
-1.153000 5.520424 
-1.152000 5.524907 
-1.151000 5.529171 
-1.150000 5.533217 
-1.149000 5.537044 
-1.148000 5.540653 
-1.147000 5.544043 
-1.146000 5.547215 
-1.145000 5.550167 
-1.144000 5.552900 
-1.143000 5.555414 
-1.142000 5.557709 
-1.141000 5.559784 
-1.140000 5.561640 
-1.139000 5.563276 
-1.138000 5.564692 
-1.137000 5.565889 
-1.136000 5.566866 
-1.135000 5.567624 
-1.134000 5.568161 
-1.133000 5.568479 
-1.132000 5.568577 
-1.131000 5.568455 
-1.130000 5.568113 
-1.129000 5.567552 
-1.128000 5.566770 
-1.127000 5.565769 
-1.126000 5.564548 
-1.125000 5.563108 
-1.124000 5.561447 
-1.123000 5.559568 
-1.122000 5.557468 
-1.121000 5.555150 
-1.120000 5.552612 
-1.119000 5.549855 
-1.118000 5.546878 
-1.117000 5.543683 
-1.116000 5.540269 
-1.115000 5.536636 
-1.114000 5.532785 
-1.113000 5.528715 
-1.112000 5.524427 
-1.111000 5.519921 
-1.110000 5.515197 
-1.109000 5.510255 
-1.108000 5.505096 
-1.107000 5.499719 
-1.106000 5.494125 
-1.105000 5.488315 
-1.104000 5.482287 
-1.103000 5.476044 
-1.102000 5.469584 
-1.101000 5.462908 
-1.100000 5.456016 
-1.099000 5.448909 
-1.098000 5.441587 
-1.097000 5.434050 
-1.096000 5.426299 
-1.095000 5.418333 
-1.094000 5.410154 
-1.093000 5.401760 
-1.092000 5.393154 
-1.091000 5.384335 
-1.090000 5.375303 
-1.089000 5.366059 
-1.088000 5.356603 
-1.087000 5.346935 
-1.086000 5.337057 
-1.085000 5.326968 
-1.084000 5.316668 
-1.083000 5.306159 
-1.082000 5.295440 
-1.081000 5.284512 
-1.080000 5.273376 
-1.079000 5.262031 
-1.078000 5.250479 
-1.077000 5.238719 
-1.076000 5.226752 
-1.075000 5.214579 
-1.074000 5.202201 
-1.073000 5.189617 
-1.072000 5.176828 
-1.071000 5.163834 
-1.070000 5.150637 
-1.069000 5.137236 
-1.068000 5.123633 
-1.067000 5.109827 
-1.066000 5.095820 
-1.065000 5.081611 
-1.064000 5.067202 
-1.063000 5.052593 
-1.062000 5.037784 
-1.061000 5.022777 
-1.060000 5.007571 
-1.059000 4.992167 
-1.058000 4.976567 
-1.057000 4.960770 
-1.056000 4.944777 
-1.055000 4.928589 
-1.054000 4.912206 
-1.053000 4.895629 
-1.052000 4.878859 
-1.051000 4.861897 
-1.050000 4.844742 
-1.049000 4.827397 
-1.048000 4.809860 
-1.047000 4.792134 
-1.046000 4.774219 
-1.045000 4.756115 
-1.044000 4.737823 
-1.043000 4.719345 
-1.042000 4.700680 
-1.041000 4.681829 
-1.040000 4.662794 
-1.039000 4.643574 
-1.038000 4.624172 
-1.037000 4.604586 
-1.036000 4.584819 
-1.035000 4.564871 
-1.034000 4.544743 
-1.033000 4.524435 
-1.032000 4.503949 
-1.031000 4.483285 
-1.030000 4.462443 
-1.029000 4.441426 
-1.028000 4.420233 
-1.027000 4.398866 
-1.026000 4.377325 
-1.025000 4.355612 
-1.024000 4.333726 
-1.023000 4.311670 
-1.022000 4.289443 
-1.021000 4.267046 
-1.020000 4.244482 
-1.019000 4.221749 
-1.018000 4.198851 
-1.017000 4.175786 
-1.016000 4.152556 
-1.015000 4.129163 
-1.014000 4.105606 
-1.013000 4.081888 
-1.012000 4.058008 
-1.011000 4.033968 
-1.010000 4.009769 
-1.009000 3.985412 
-1.008000 3.960897 
-1.007000 3.936226 
-1.006000 3.911399 
-1.005000 3.886418 
-1.004000 3.861284 
-1.003000 3.835997 
-1.002000 3.810558 
-1.001000 3.784970 
-1.000000 3.759232 
-0.999000 3.733345 
-0.998000 3.707311 
-0.997000 3.681131 
-0.996000 3.654805 
-0.995000 3.628335 
-0.994000 3.601722 
-0.993000 3.574967 
-0.992000 3.548070 
-0.991000 3.521034 
-0.990000 3.493858 
-0.989000 3.466545 
-0.988000 3.439094 
-0.987000 3.411508 
-0.986000 3.383787 
-0.985000 3.355933 
-0.984000 3.327946 
-0.983000 3.299828 
-0.982000 3.271579 
-0.981000 3.243202 
-0.980000 3.214696 
-0.979000 3.186064 
-0.978000 3.157305 
-0.977000 3.128422 
-0.976000 3.099416 
-0.975000 3.070287 
-0.974000 3.041037 
-0.973000 3.011666 
-0.972000 2.982177 
-0.971000 2.952570 
-0.970000 2.922847 
-0.969000 2.893008 
-0.968000 2.863055 
-0.967000 2.832989 
-0.966000 2.802812 
-0.965000 2.772523 
-0.964000 2.742125 
-0.963000 2.711619 
-0.962000 2.681006 
-0.961000 2.650287 
-0.960000 2.619463 
-0.959000 2.588536 
-0.958000 2.557507 
-0.957000 2.526376 
-0.956000 2.495146 
-0.955000 2.463818 
-0.954000 2.432392 
-0.953000 2.400870 
-0.952000 2.369254 
-0.951000 2.337543 
-0.950000 2.305741 
-0.949000 2.273848 
-0.948000 2.241864 
-0.947000 2.209793 
-0.946000 2.177634 
-0.945000 2.145389 
-0.944000 2.113059 
-0.943000 2.080646 
-0.942000 2.048151 
-0.941000 2.015575 
-0.940000 1.982919 
-0.939000 1.950185 
-0.938000 1.917375 
-0.937000 1.884488 
-0.936000 1.851527 
-0.935000 1.818493 
-0.934000 1.785387 
-0.933000 1.752211 
-0.932000 1.718965 
-0.931000 1.685652 
-0.930000 1.652272 
-0.929000 1.618827 
-0.928000 1.585318 
-0.927000 1.551746 
-0.926000 1.518113 
-0.925000 1.484420 
-0.924000 1.450669 
-0.923000 1.416860 
-0.922000 1.382996 
-0.921000 1.349076 
-0.920000 1.315104 
-0.919000 1.281079 
-0.918000 1.247004 
-0.917000 1.212880 
-0.916000 1.178708 
-0.915000 1.144489 
-0.914000 1.110226 
-0.913000 1.075918 
-0.912000 1.041568 
-0.911000 1.007177 
-0.910000 0.972746 
-0.909000 0.938276 
-0.908000 0.903770 
-0.907000 0.869228 
-0.906000 0.834651 
-0.905000 0.800042 
-0.904000 0.765401 
-0.903000 0.730730 
-0.902000 0.696030 
-0.901000 0.661302 
-0.900000 0.626548 
-0.899000 0.591770 
-0.898000 0.556968 
-0.897000 0.522145 
-0.896000 0.487300 
-0.895000 0.452437 
-0.894000 0.417555 
-0.893000 0.382657 
-0.892000 0.347744 
-0.891000 0.312818 
-0.890000 0.277879 
-0.889000 0.242928 
-0.888000 0.207969 
-0.887000 0.173001 
-0.886000 0.138026 
-0.885000 0.103046 
-0.884000 0.068062 
-0.883000 0.033075 
-0.882000 -0.001913 
-0.881000 -0.036901 
-0.880000 -0.071888 
-0.879000 -0.106872 
-0.878000 -0.141852 
-0.877000 -0.176826 
-0.876000 -0.211793 
-0.875000 -0.246751 
-0.874000 -0.281700 
-0.873000 -0.316638 
-0.872000 -0.351563 
-0.871000 -0.386475 
-0.870000 -0.421371 
-0.869000 -0.456250 
-0.868000 -0.491112 
-0.867000 -0.525954 
-0.866000 -0.560776 
-0.865000 -0.595575 
-0.864000 -0.630350 
-0.863000 -0.665101 
-0.862000 -0.699826 
-0.861000 -0.734523 
-0.860000 -0.769191 
-0.859000 -0.803828 
-0.858000 -0.838434 
-0.857000 -0.873007 
-0.856000 -0.907545 
-0.855000 -0.942048 
-0.854000 -0.976513 
-0.853000 -1.010940 
-0.852000 -1.045327 
-0.851000 -1.079672 
-0.850000 -1.113975 
-0.849000 -1.148234 
-0.848000 -1.182448 
-0.847000 -1.216615 
-0.846000 -1.250733 
-0.845000 -1.284803 
-0.844000 -1.318822 
-0.843000 -1.352789 
-0.842000 -1.386702 
-0.841000 -1.420560 
-0.840000 -1.454363 
-0.839000 -1.488108 
-0.838000 -1.521794 
-0.837000 -1.555421 
-0.836000 -1.588986 
-0.835000 -1.622488 
-0.834000 -1.655926 
-0.833000 -1.689298 
-0.832000 -1.722605 
-0.831000 -1.755843 
-0.830000 -1.789011 
-0.829000 -1.822109 
-0.828000 -1.855135 
-0.827000 -1.888088 
-0.826000 -1.920967 
-0.825000 -1.953769 
-0.824000 -1.986495 
-0.823000 -2.019142 
-0.822000 -2.051709 
-0.821000 -2.084195 
-0.820000 -2.116599 
-0.819000 -2.148919 
-0.818000 -2.181155 
-0.817000 -2.213304 
-0.816000 -2.245367 
-0.815000 -2.277340 
-0.814000 -2.309224 
-0.813000 -2.341016 
-0.812000 -2.372716 
-0.811000 -2.404322 
-0.810000 -2.435834 
-0.809000 -2.467249 
-0.808000 -2.498567 
-0.807000 -2.529786 
-0.806000 -2.560905 
-0.805000 -2.591923 
-0.804000 -2.622839 
-0.803000 -2.653651 
-0.802000 -2.684359 
-0.801000 -2.714961 
-0.800000 -2.745455 
-0.799000 -2.775841 
-0.798000 -2.806117 
-0.797000 -2.836283 
-0.796000 -2.866337 
-0.795000 -2.896277 
-0.794000 -2.926103 
-0.793000 -2.955814 
-0.792000 -2.985408 
-0.791000 -3.014884 
-0.790000 -3.044241 
-0.789000 -3.073478 
-0.788000 -3.102594 
-0.787000 -3.131587 
-0.786000 -3.160456 
-0.785000 -3.189201 
-0.784000 -3.217820 
-0.783000 -3.246312 
-0.782000 -3.274675 
-0.781000 -3.302910 
-0.780000 -3.331013 
-0.779000 -3.358986 
-0.778000 -3.386826 
-0.777000 -3.414532 
-0.776000 -3.442103 
-0.775000 -3.469539 
-0.774000 -3.496837 
-0.773000 -3.523997 
-0.772000 -3.551019 
-0.771000 -3.577900 
-0.770000 -3.604640 
-0.769000 -3.631237 
-0.768000 -3.657691 
-0.767000 -3.684001 
-0.766000 -3.710165 
-0.765000 -3.736183 
-0.764000 -3.762054 
-0.763000 -3.787776 
-0.762000 -3.813348 
-0.761000 -3.838770 
-0.760000 -3.864040 
-0.759000 -3.889158 
-0.758000 -3.914122 
-0.757000 -3.938931 
-0.756000 -3.963585 
-0.755000 -3.988083 
-0.754000 -4.012423 
-0.753000 -4.036605 
-0.752000 -4.060628 
-0.751000 -4.084490 
-0.750000 -4.108191 
-0.749000 -4.131729 
-0.748000 -4.155105 
-0.747000 -4.178316 
-0.746000 -4.201363 
-0.745000 -4.224244 
-0.744000 -4.246958 
-0.743000 -4.269504 
-0.742000 -4.291882 
-0.741000 -4.314090 
-0.740000 -4.336128 
-0.739000 -4.357995 
-0.738000 -4.379690 
-0.737000 -4.401212 
-0.736000 -4.422560 
-0.735000 -4.443733 
-0.734000 -4.464731 
-0.733000 -4.485553 
-0.732000 -4.506198 
-0.731000 -4.526665 
-0.730000 -4.546953 
-0.729000 -4.567062 
-0.728000 -4.586990 
-0.727000 -4.606737 
-0.726000 -4.626303 
-0.725000 -4.645685 
-0.724000 -4.664885 
-0.723000 -4.683900 
-0.722000 -4.702730 
-0.721000 -4.721375 
-0.720000 -4.739833 
-0.719000 -4.758104 
-0.718000 -4.776187 
-0.717000 -4.794082 
-0.716000 -4.811788 
-0.715000 -4.829303 
-0.714000 -4.846628 
-0.713000 -4.863761 
-0.712000 -4.880703 
-0.711000 -4.897452 
-0.710000 -4.914007 
-0.709000 -4.930369 
-0.708000 -4.946535 
-0.707000 -4.962507 
-0.706000 -4.978283 
-0.705000 -4.993862 
-0.704000 -5.009244 
-0.703000 -5.024428 
-0.702000 -5.039414 
-0.701000 -5.054201 
-0.700000 -5.068788 
-0.699000 -5.083175 
-0.698000 -5.097362 
-0.697000 -5.111347 
-0.696000 -5.125131 
-0.695000 -5.138712 
-0.694000 -5.152090 
-0.693000 -5.165265 
-0.692000 -5.178236 
-0.691000 -5.191003 
-0.690000 -5.203564 
-0.689000 -5.215921 
-0.688000 -5.228071 
-0.687000 -5.240015 
-0.686000 -5.251752 
-0.685000 -5.263282 
-0.684000 -5.274604 
-0.683000 -5.285717 
-0.682000 -5.296623 
-0.681000 -5.307318 
-0.680000 -5.317805 
-0.679000 -5.328081 
-0.678000 -5.338148 
-0.677000 -5.348003 
-0.676000 -5.357647 
-0.675000 -5.367080 
-0.674000 -5.376301 
-0.673000 -5.385310 
-0.672000 -5.394106 
-0.671000 -5.402689 
-0.670000 -5.411058 
-0.669000 -5.419215 
-0.668000 -5.427157 
-0.667000 -5.434885 
-0.666000 -5.442398 
-0.665000 -5.449697 
-0.664000 -5.456780 
-0.663000 -5.463648 
-0.662000 -5.470301 
-0.661000 -5.476737 
-0.660000 -5.482957 
-0.659000 -5.488961 
-0.658000 -5.494748 
-0.657000 -5.500318 
-0.656000 -5.505671 
-0.655000 -5.510806 
-0.654000 -5.515724 
-0.653000 -5.520424 
-0.652000 -5.524907 
-0.651000 -5.529171 
-0.650000 -5.533217 
-0.649000 -5.537044 
-0.648000 -5.540653 
-0.647000 -5.544043 
-0.646000 -5.547215 
-0.645000 -5.550167 
-0.644000 -5.552900 
-0.643000 -5.555414 
-0.642000 -5.557709 
-0.641000 -5.559784 
-0.640000 -5.561640 
-0.639000 -5.563276 
-0.638000 -5.564692 
-0.637000 -5.565889 
-0.636000 -5.566866 
-0.635000 -5.567624 
-0.634000 -5.568161 
-0.633000 -5.568479 
-0.632000 -5.568577 
-0.631000 -5.568455 
-0.630000 -5.568113 
-0.629000 -5.567552 
-0.628000 -5.566770 
-0.627000 -5.565769 
-0.626000 -5.564548 
-0.625000 -5.563108 
-0.624000 -5.561447 
-0.623000 -5.559568 
-0.622000 -5.557468 
-0.621000 -5.555150 
-0.620000 -5.552612 
-0.619000 -5.549855 
-0.618000 -5.546878 
-0.617000 -5.543683 
-0.616000 -5.540269 
-0.615000 -5.536636 
-0.614000 -5.532785 
-0.613000 -5.528715 
-0.612000 -5.524427 
-0.611000 -5.519921 
-0.610000 -5.515197 
-0.609000 -5.510255 
-0.608000 -5.505096 
-0.607000 -5.499719 
-0.606000 -5.494125 
-0.605000 -5.488315 
-0.604000 -5.482287 
-0.603000 -5.476044 
-0.602000 -5.469584 
-0.601000 -5.462908 
-0.600000 -5.456016 
-0.599000 -5.448909 
-0.598000 -5.441587 
-0.597000 -5.434050 
-0.596000 -5.426299 
-0.595000 -5.418333 
-0.594000 -5.410154 
-0.593000 -5.401760 
-0.592000 -5.393154 
-0.591000 -5.384335 
-0.590000 -5.375303 
-0.589000 -5.366059 
-0.588000 -5.356603 
-0.587000 -5.346935 
-0.586000 -5.337057 
-0.585000 -5.326968 
-0.584000 -5.316668 
-0.583000 -5.306159 
-0.582000 -5.295440 
-0.581000 -5.284512 
-0.580000 -5.273376 
-0.579000 -5.262031 
-0.578000 -5.250479 
-0.577000 -5.238719 
-0.576000 -5.226752 
-0.575000 -5.214579 
-0.574000 -5.202201 
-0.573000 -5.189617 
-0.572000 -5.176828 
-0.571000 -5.163834 
-0.570000 -5.150637 
-0.569000 -5.137236 
-0.568000 -5.123633 
-0.567000 -5.109827 
-0.566000 -5.095820 
-0.565000 -5.081611 
-0.564000 -5.067202 
-0.563000 -5.052593 
-0.562000 -5.037784 
-0.561000 -5.022777 
-0.560000 -5.007571 
-0.559000 -4.992167 
-0.558000 -4.976567 
-0.557000 -4.960770 
-0.556000 -4.944777 
-0.555000 -4.928589 
-0.554000 -4.912206 
-0.553000 -4.895629 
-0.552000 -4.878859 
-0.551000 -4.861897 
-0.550000 -4.844742 
-0.549000 -4.827397 
-0.548000 -4.809860 
-0.547000 -4.792134 
-0.546000 -4.774219 
-0.545000 -4.756115 
-0.544000 -4.737823 
-0.543000 -4.719345 
-0.542000 -4.700680 
-0.541000 -4.681829 
-0.540000 -4.662794 
-0.539000 -4.643574 
-0.538000 -4.624172 
-0.537000 -4.604586 
-0.536000 -4.584819 
-0.535000 -4.564871 
-0.534000 -4.544743 
-0.533000 -4.524435 
-0.532000 -4.503949 
-0.531000 -4.483285 
-0.530000 -4.462443 
-0.529000 -4.441426 
-0.528000 -4.420233 
-0.527000 -4.398866 
-0.526000 -4.377325 
-0.525000 -4.355612 
-0.524000 -4.333726 
-0.523000 -4.311670 
-0.522000 -4.289443 
-0.521000 -4.267046 
-0.520000 -4.244482 
-0.519000 -4.221749 
-0.518000 -4.198851 
-0.517000 -4.175786 
-0.516000 -4.152556 
-0.515000 -4.129163 
-0.514000 -4.105606 
-0.513000 -4.081888 
-0.512000 -4.058008 
-0.511000 -4.033968 
-0.510000 -4.009769 
-0.509000 -3.985412 
-0.508000 -3.960897 
-0.507000 -3.936226 
-0.506000 -3.911399 
-0.505000 -3.886418 
-0.504000 -3.861284 
-0.503000 -3.835997 
-0.502000 -3.810558 
-0.501000 -3.784970 
-0.500000 -3.759232 
-0.499000 -3.733345 
-0.498000 -3.707311 
-0.497000 -3.681131 
-0.496000 -3.654805 
-0.495000 -3.628335 
-0.494000 -3.601722 
-0.493000 -3.574967 
-0.492000 -3.548070 
-0.491000 -3.521034 
-0.490000 -3.493858 
-0.489000 -3.466545 
-0.488000 -3.439094 
-0.487000 -3.411508 
-0.486000 -3.383787 
-0.485000 -3.355933 
-0.484000 -3.327946 
-0.483000 -3.299828 
-0.482000 -3.271579 
-0.481000 -3.243202 
-0.480000 -3.214696 
-0.479000 -3.186064 
-0.478000 -3.157305 
-0.477000 -3.128422 
-0.476000 -3.099416 
-0.475000 -3.070287 
-0.474000 -3.041037 
-0.473000 -3.011666 
-0.472000 -2.982177 
-0.471000 -2.952570 
-0.470000 -2.922847 
-0.469000 -2.893008 
-0.468000 -2.863055 
-0.467000 -2.832989 
-0.466000 -2.802812 
-0.465000 -2.772523 
-0.464000 -2.742125 
-0.463000 -2.711619 
-0.462000 -2.681006 
-0.461000 -2.650287 
-0.460000 -2.619463 
-0.459000 -2.588536 
-0.458000 -2.557507 
-0.457000 -2.526376 
-0.456000 -2.495146 
-0.455000 -2.463818 
-0.454000 -2.432392 
-0.453000 -2.400870 
-0.452000 -2.369254 
-0.451000 -2.337543 
-0.450000 -2.305741 
-0.449000 -2.273848 
-0.448000 -2.241864 
-0.447000 -2.209793 
-0.446000 -2.177634 
-0.445000 -2.145389 
-0.444000 -2.113059 
-0.443000 -2.080646 
-0.442000 -2.048151 
-0.441000 -2.015575 
-0.440000 -1.982919 
-0.439000 -1.950185 
-0.438000 -1.917375 
-0.437000 -1.884488 
-0.436000 -1.851527 
-0.435000 -1.818493 
-0.434000 -1.785387 
-0.433000 -1.752211 
-0.432000 -1.718965 
-0.431000 -1.685652 
-0.430000 -1.652272 
-0.429000 -1.618827 
-0.428000 -1.585318 
-0.427000 -1.551746 
-0.426000 -1.518113 
-0.425000 -1.484420 
-0.424000 -1.450669 
-0.423000 -1.416860 
-0.422000 -1.382996 
-0.421000 -1.349076 
-0.420000 -1.315104 
-0.419000 -1.281079 
-0.418000 -1.247004 
-0.417000 -1.212880 
-0.416000 -1.178708 
-0.415000 -1.144489 
-0.414000 -1.110226 
-0.413000 -1.075918 
-0.412000 -1.041568 
-0.411000 -1.007177 
-0.410000 -0.972746 
-0.409000 -0.938276 
-0.408000 -0.903770 
-0.407000 -0.869228 
-0.406000 -0.834651 
-0.405000 -0.800042 
-0.404000 -0.765401 
-0.403000 -0.730730 
-0.402000 -0.696030 
-0.401000 -0.661302 
-0.400000 -0.626548 
-0.399000 -0.591770 
-0.398000 -0.556968 
-0.397000 -0.522145 
-0.396000 -0.487300 
-0.395000 -0.452437 
-0.394000 -0.417555 
-0.393000 -0.382657 
-0.392000 -0.347744 
-0.391000 -0.312818 
-0.390000 -0.277879 
-0.389000 -0.242928 
-0.388000 -0.207969 
-0.387000 -0.173001 
-0.386000 -0.138026 
-0.385000 -0.103046 
-0.384000 -0.068062 
-0.383000 -0.033075 
-0.382000 0.001913 
-0.381000 0.036901 
-0.380000 0.071888 
-0.379000 0.106872 
-0.378000 0.141852 
-0.377000 0.176826 
-0.376000 0.211793 
-0.375000 0.246751 
-0.374000 0.281700 
-0.373000 0.316638 
-0.372000 0.351563 
-0.371000 0.386475 
-0.370000 0.421371 
-0.369000 0.456250 
-0.368000 0.491112 
-0.367000 0.525954 
-0.366000 0.560776 
-0.365000 0.595575 
-0.364000 0.630350 
-0.363000 0.665101 
-0.362000 0.699826 
-0.361000 0.734523 
-0.360000 0.769191 
-0.359000 0.803828 
-0.358000 0.838434 
-0.357000 0.873007 
-0.356000 0.907545 
-0.355000 0.942048 
-0.354000 0.976513 
-0.353000 1.010940 
-0.352000 1.045327 
-0.351000 1.079672 
-0.350000 1.113975 
-0.349000 1.148234 
-0.348000 1.182448 
-0.347000 1.216615 
-0.346000 1.250733 
-0.345000 1.284803 
-0.344000 1.318822 
-0.343000 1.352789 
-0.342000 1.386702 
-0.341000 1.420560 
-0.340000 1.454363 
-0.339000 1.488108 
-0.338000 1.521794 
-0.337000 1.555421 
-0.336000 1.588986 
-0.335000 1.622488 
-0.334000 1.655926 
-0.333000 1.689298 
-0.332000 1.722605 
-0.331000 1.755843 
-0.330000 1.789011 
-0.329000 1.822109 
-0.328000 1.855135 
-0.327000 1.888088 
-0.326000 1.920967 
-0.325000 1.953769 
-0.324000 1.986495 
-0.323000 2.019142 
-0.322000 2.051709 
-0.321000 2.084195 
-0.320000 2.116599 
-0.319000 2.148919 
-0.318000 2.181155 
-0.317000 2.213304 
-0.316000 2.245367 
-0.315000 2.277340 
-0.314000 2.309224 
-0.313000 2.341016 
-0.312000 2.372716 
-0.311000 2.404322 
-0.310000 2.435834 
-0.309000 2.467249 
-0.308000 2.498567 
-0.307000 2.529786 
-0.306000 2.560905 
-0.305000 2.591923 
-0.304000 2.622839 
-0.303000 2.653651 
-0.302000 2.684359 
-0.301000 2.714961 
-0.300000 2.745455 
-0.299000 2.775841 
-0.298000 2.806117 
-0.297000 2.836283 
-0.296000 2.866337 
-0.295000 2.896277 
-0.294000 2.926103 
-0.293000 2.955814 
-0.292000 2.985408 
-0.291000 3.014884 
-0.290000 3.044241 
-0.289000 3.073478 
-0.288000 3.102594 
-0.287000 3.131587 
-0.286000 3.160456 
-0.285000 3.189201 
-0.284000 3.217820 
-0.283000 3.246312 
-0.282000 3.274675 
-0.281000 3.302910 
-0.280000 3.331013 
-0.279000 3.358986 
-0.278000 3.386826 
-0.277000 3.414532 
-0.276000 3.442103 
-0.275000 3.469539 
-0.274000 3.496837 
-0.273000 3.523997 
-0.272000 3.551019 
-0.271000 3.577900 
-0.270000 3.604640 
-0.269000 3.631237 
-0.268000 3.657691 
-0.267000 3.684001 
-0.266000 3.710165 
-0.265000 3.736183 
-0.264000 3.762054 
-0.263000 3.787776 
-0.262000 3.813348 
-0.261000 3.838770 
-0.260000 3.864040 
-0.259000 3.889158 
-0.258000 3.914122 
-0.257000 3.938931 
-0.256000 3.963585 
-0.255000 3.988083 
-0.254000 4.012423 
-0.253000 4.036605 
-0.252000 4.060628 
-0.251000 4.084490 
-0.250000 4.108191 
-0.249000 4.131729 
-0.248000 4.155105 
-0.247000 4.178316 
-0.246000 4.201363 
-0.245000 4.224244 
-0.244000 4.246958 
-0.243000 4.269504 
-0.242000 4.291882 
-0.241000 4.314090 
-0.240000 4.336128 
-0.239000 4.357995 
-0.238000 4.379690 
-0.237000 4.401212 
-0.236000 4.422560 
-0.235000 4.443733 
-0.234000 4.464731 
-0.233000 4.485553 
-0.232000 4.506198 
-0.231000 4.526665 
-0.230000 4.546953 
-0.229000 4.567062 
-0.228000 4.586990 
-0.227000 4.606737 
-0.226000 4.626303 
-0.225000 4.645685 
-0.224000 4.664885 
-0.223000 4.683900 
-0.222000 4.702730 
-0.221000 4.721375 
-0.220000 4.739833 
-0.219000 4.758104 
-0.218000 4.776187 
-0.217000 4.794082 
-0.216000 4.811788 
-0.215000 4.829303 
-0.214000 4.846628 
-0.213000 4.863761 
-0.212000 4.880703 
-0.211000 4.897452 
-0.210000 4.914007 
-0.209000 4.930369 
-0.208000 4.946535 
-0.207000 4.962507 
-0.206000 4.978283 
-0.205000 4.993862 
-0.204000 5.009244 
-0.203000 5.024428 
-0.202000 5.039414 
-0.201000 5.054201 
-0.200000 5.068788 
-0.199000 5.083175 
-0.198000 5.097362 
-0.197000 5.111347 
-0.196000 5.125131 
-0.195000 5.138712 
-0.194000 5.152090 
-0.193000 5.165265 
-0.192000 5.178236 
-0.191000 5.191003 
-0.190000 5.203564 
-0.189000 5.215921 
-0.188000 5.228071 
-0.187000 5.240015 
-0.186000 5.251752 
-0.185000 5.263282 
-0.184000 5.274604 
-0.183000 5.285717 
-0.182000 5.296623 
-0.181000 5.307318 
-0.180000 5.317805 
-0.179000 5.328081 
-0.178000 5.338148 
-0.177000 5.348003 
-0.176000 5.357647 
-0.175000 5.367080 
-0.174000 5.376301 
-0.173000 5.385310 
-0.172000 5.394106 
-0.171000 5.402689 
-0.170000 5.411058 
-0.169000 5.419215 
-0.168000 5.427157 
-0.167000 5.434885 
-0.166000 5.442398 
-0.165000 5.449697 
-0.164000 5.456780 
-0.163000 5.463648 
-0.162000 5.470301 
-0.161000 5.476737 
-0.160000 5.482957 
-0.159000 5.488961 
-0.158000 5.494748 
-0.157000 5.500318 
-0.156000 5.505671 
-0.155000 5.510806 
-0.154000 5.515724 
-0.153000 5.520424 
-0.152000 5.524907 
-0.151000 5.529171 
-0.150000 5.533217 
-0.149000 5.537044 
-0.148000 5.540653 
-0.147000 5.544043 
-0.146000 5.547215 
-0.145000 5.550167 
-0.144000 5.552900 
-0.143000 5.555414 
-0.142000 5.557709 
-0.141000 5.559784 
-0.140000 5.561640 
-0.139000 5.563276 
-0.138000 5.564692 
-0.137000 5.565889 
-0.136000 5.566866 
-0.135000 5.567624 
-0.134000 5.568161 
-0.133000 5.568479 
-0.132000 5.568577 
-0.131000 5.568455 
-0.130000 5.568113 
-0.129000 5.567552 
-0.128000 5.566770 
-0.127000 5.565769 
-0.126000 5.564548 
-0.125000 5.563108 
-0.124000 5.561447 
-0.123000 5.559568 
-0.122000 5.557468 
-0.121000 5.555150 
-0.120000 5.552612 
-0.119000 5.549855 
-0.118000 5.546878 
-0.117000 5.543683 
-0.116000 5.540269 
-0.115000 5.536636 
-0.114000 5.532785 
-0.113000 5.528715 
-0.112000 5.524427 
-0.111000 5.519921 
-0.110000 5.515197 
-0.109000 5.510255 
-0.108000 5.505096 
-0.107000 5.499719 
-0.106000 5.494125 
-0.105000 5.488315 
-0.104000 5.482287 
-0.103000 5.476044 
-0.102000 5.469584 
-0.101000 5.462908 
-0.100000 5.456016 
-0.099000 5.448909 
-0.098000 5.441587 
-0.097000 5.434050 
-0.096000 5.426299 
-0.095000 5.418333 
-0.094000 5.410154 
-0.093000 5.401760 
-0.092000 5.393154 
-0.091000 5.384335 
-0.090000 5.375303 
-0.089000 5.366059 
-0.088000 5.356603 
-0.087000 5.346935 
-0.086000 5.337057 
-0.085000 5.326968 
-0.084000 5.316668 
-0.083000 5.306159 
-0.082000 5.295440 
-0.081000 5.284512 
-0.080000 5.273376 
-0.079000 5.262031 
-0.078000 5.250479 
-0.077000 5.238719 
-0.076000 5.226752 
-0.075000 5.214579 
-0.074000 5.202201 
-0.073000 5.189617 
-0.072000 5.176828 
-0.071000 5.163834 
-0.070000 5.150637 
-0.069000 5.137236 
-0.068000 5.123633 
-0.067000 5.109827 
-0.066000 5.095820 
-0.065000 5.081611 
-0.064000 5.067202 
-0.063000 5.052593 
-0.062000 5.037784 
-0.061000 5.022777 
-0.060000 5.007571 
-0.059000 4.992167 
-0.058000 4.976567 
-0.057000 4.960770 
-0.056000 4.944777 
-0.055000 4.928589 
-0.054000 4.912206 
-0.053000 4.895629 
-0.052000 4.878859 
-0.051000 4.861897 
-0.050000 4.844742 
-0.049000 4.827397 
-0.048000 4.809860 
-0.047000 4.792134 
-0.046000 4.774219 
-0.045000 4.756115 
-0.044000 4.737823 
-0.043000 4.719345 
-0.042000 4.700680 
-0.041000 4.681829 
-0.040000 4.662794 
-0.039000 4.643574 
-0.038000 4.624172 
-0.037000 4.604586 
-0.036000 4.584819 
-0.035000 4.564871 
-0.034000 4.544743 
-0.033000 4.524435 
-0.032000 4.503949 
-0.031000 4.483285 
-0.030000 4.462443 
-0.029000 4.441426 
-0.028000 4.420233 
-0.027000 4.398866 
-0.026000 4.377325 
-0.025000 4.355612 
-0.024000 4.333726 
-0.023000 4.311670 
-0.022000 4.289443 
-0.021000 4.267046 
-0.020000 4.244482 
-0.019000 4.221749 
-0.018000 4.198851 
-0.017000 4.175786 
-0.016000 4.152556 
-0.015000 4.129163 
-0.014000 4.105606 
-0.013000 4.081888 
-0.012000 4.058008 
-0.011000 4.033968 
-0.010000 4.009769 
-0.009000 3.985412 
-0.008000 3.960897 
-0.007000 3.936226 
-0.006000 3.911399 
-0.005000 3.886418 
-0.004000 3.861284 
-0.003000 3.835997 
-0.002000 3.810558 
-0.001000 3.784970 
-0.000000 3.759232 
0.001000 3.733345 
0.002000 3.707311 
0.003000 3.681131 
0.004000 3.654805 
0.005000 3.628335 
0.006000 3.601722 
0.007000 3.574967 
0.008000 3.548070 
0.009000 3.521034 
0.010000 3.493858 
0.011000 3.466545 
0.012000 3.439094 
0.013000 3.411508 
0.014000 3.383787 
0.015000 3.355933 
0.016000 3.327946 
0.017000 3.299828 
0.018000 3.271579 
0.019000 3.243202 
0.020000 3.214696 
0.021000 3.186064 
0.022000 3.157305 
0.023000 3.128422 
0.024000 3.099416 
0.025000 3.070287 
0.026000 3.041037 
0.027000 3.011666 
0.028000 2.982177 
0.029000 2.952570 
0.030000 2.922847 
0.031000 2.893008 
0.032000 2.863055 
0.033000 2.832989 
0.034000 2.802812 
0.035000 2.772523 
0.036000 2.742125 
0.037000 2.711619 
0.038000 2.681006 
0.039000 2.650287 
0.040000 2.619463 
0.041000 2.588536 
0.042000 2.557507 
0.043000 2.526376 
0.044000 2.495146 
0.045000 2.463818 
0.046000 2.432392 
0.047000 2.400870 
0.048000 2.369254 
0.049000 2.337543 
0.050000 2.305741 
0.051000 2.273848 
0.052000 2.241864 
0.053000 2.209793 
0.054000 2.177634 
0.055000 2.145389 
0.056000 2.113059 
0.057000 2.080646 
0.058000 2.048151 
0.059000 2.015575 
0.060000 1.982919 
0.061000 1.950185 
0.062000 1.917375 
0.063000 1.884488 
0.064000 1.851527 
0.065000 1.818493 
0.066000 1.785387 
0.067000 1.752211 
0.068000 1.718965 
0.069000 1.685652 
0.070000 1.652272 
0.071000 1.618827 
0.072000 1.585318 
0.073000 1.551746 
0.074000 1.518113 
0.075000 1.484420 
0.076000 1.450669 
0.077000 1.416860 
0.078000 1.382996 
0.079000 1.349076 
0.080000 1.315104 
0.081000 1.281079 
0.082000 1.247004 
0.083000 1.212880 
0.084000 1.178708 
0.085000 1.144489 
0.086000 1.110226 
0.087000 1.075918 
0.088000 1.041568 
0.089000 1.007177 
0.090000 0.972746 
0.091000 0.938276 
0.092000 0.903770 
0.093000 0.869228 
0.094000 0.834651 
0.095000 0.800042 
0.096000 0.765401 
0.097000 0.730730 
0.098000 0.696030 
0.099000 0.661302 
0.100000 0.626548 
0.101000 0.591770 
0.102000 0.556968 
0.103000 0.522145 
0.104000 0.487300 
0.105000 0.452437 
0.106000 0.417555 
0.107000 0.382657 
0.108000 0.347744 
0.109000 0.312818 
0.110000 0.277879 
0.111000 0.242928 
0.112000 0.207969 
0.113000 0.173001 
0.114000 0.138026 
0.115000 0.103046 
0.116000 0.068062 
0.117000 0.033075 
0.118000 -0.001913 
0.119000 -0.036901 
0.120000 -0.071888 
0.121000 -0.106872 
0.122000 -0.141852 
0.123000 -0.176826 
0.124000 -0.211793 
0.125000 -0.246751 
0.126000 -0.281700 
0.127000 -0.316638 
0.128000 -0.351563 
0.129000 -0.386475 
0.130000 -0.421371 
0.131000 -0.456250 
0.132000 -0.491112 
0.133000 -0.525954 
0.134000 -0.560776 
0.135000 -0.595575 
0.136000 -0.630350 
0.137000 -0.665101 
0.138000 -0.699826 
0.139000 -0.734523 
0.140000 -0.769191 
0.141000 -0.803828 
0.142000 -0.838434 
0.143000 -0.873007 
0.144000 -0.907545 
0.145000 -0.942048 
0.146000 -0.976513 
0.147000 -1.010940 
0.148000 -1.045327 
0.149000 -1.079672 
0.150000 -1.113975 
0.151000 -1.148234 
0.152000 -1.182448 
0.153000 -1.216615 
0.154000 -1.250733 
0.155000 -1.284803 
0.156000 -1.318822 
0.157000 -1.352789 
0.158000 -1.386702 
0.159000 -1.420560 
0.160000 -1.454363 
0.161000 -1.488108 
0.162000 -1.521794 
0.163000 -1.555421 
0.164000 -1.588986 
0.165000 -1.622488 
0.166000 -1.655926 
0.167000 -1.689298 
0.168000 -1.722605 
0.169000 -1.755843 
0.170000 -1.789011 
0.171000 -1.822109 
0.172000 -1.855135 
0.173000 -1.888088 
0.174000 -1.920967 
0.175000 -1.953769 
0.176000 -1.986495 
0.177000 -2.019142 
0.178000 -2.051709 
0.179000 -2.084195 
0.180000 -2.116599 
0.181000 -2.148919 
0.182000 -2.181155 
0.183000 -2.213304 
0.184000 -2.245367 
0.185000 -2.277340 
0.186000 -2.309224 
0.187000 -2.341016 
0.188000 -2.372716 
0.189000 -2.404322 
0.190000 -2.435834 
0.191000 -2.467249 
0.192000 -2.498567 
0.193000 -2.529786 
0.194000 -2.560905 
0.195000 -2.591923 
0.196000 -2.622839 
0.197000 -2.653651 
0.198000 -2.684359 
0.199000 -2.714961 
0.200000 -2.745455 
0.201000 -2.775841 
0.202000 -2.806117 
0.203000 -2.836283 
0.204000 -2.866337 
0.205000 -2.896277 
0.206000 -2.926103 
0.207000 -2.955814 
0.208000 -2.985408 
0.209000 -3.014884 
0.210000 -3.044241 
0.211000 -3.073478 
0.212000 -3.102594 
0.213000 -3.131587 
0.214000 -3.160456 
0.215000 -3.189201 
0.216000 -3.217820 
0.217000 -3.246312 
0.218000 -3.274675 
0.219000 -3.302910 
0.220000 -3.331013 
0.221000 -3.358986 
0.222000 -3.386826 
0.223000 -3.414532 
0.224000 -3.442103 
0.225000 -3.469539 
0.226000 -3.496837 
0.227000 -3.523997 
0.228000 -3.551019 
0.229000 -3.577900 
0.230000 -3.604640 
0.231000 -3.631237 
0.232000 -3.657691 
0.233000 -3.684001 
0.234000 -3.710165 
0.235000 -3.736183 
0.236000 -3.762054 
0.237000 -3.787776 
0.238000 -3.813348 
0.239000 -3.838770 
0.240000 -3.864040 
0.241000 -3.889158 
0.242000 -3.914122 
0.243000 -3.938931 
0.244000 -3.963585 
0.245000 -3.988083 
0.246000 -4.012423 
0.247000 -4.036605 
0.248000 -4.060628 
0.249000 -4.084490 
0.250000 -4.108191 
0.251000 -4.131729 
0.252000 -4.155105 
0.253000 -4.178316 
0.254000 -4.201363 
0.255000 -4.224244 
0.256000 -4.246958 
0.257000 -4.269504 
0.258000 -4.291882 
0.259000 -4.314090 
0.260000 -4.336128 
0.261000 -4.357995 
0.262000 -4.379690 
0.263000 -4.401212 
0.264000 -4.422560 
0.265000 -4.443733 
0.266000 -4.464731 
0.267000 -4.485553 
0.268000 -4.506198 
0.269000 -4.526665 
0.270000 -4.546953 
0.271000 -4.567062 
0.272000 -4.586990 
0.273000 -4.606737 
0.274000 -4.626303 
0.275000 -4.645685 
0.276000 -4.664885 
0.277000 -4.683900 
0.278000 -4.702730 
0.279000 -4.721375 
0.280000 -4.739833 
0.281000 -4.758104 
0.282000 -4.776187 
0.283000 -4.794082 
0.284000 -4.811788 
0.285000 -4.829303 
0.286000 -4.846628 
0.287000 -4.863761 
0.288000 -4.880703 
0.289000 -4.897452 
0.290000 -4.914007 
0.291000 -4.930369 
0.292000 -4.946535 
0.293000 -4.962507 
0.294000 -4.978283 
0.295000 -4.993862 
0.296000 -5.009244 
0.297000 -5.024428 
0.298000 -5.039414 
0.299000 -5.054201 
0.300000 -5.068788 
0.301000 -5.083175 
0.302000 -5.097362 
0.303000 -5.111347 
0.304000 -5.125131 
0.305000 -5.138712 
0.306000 -5.152090 
0.307000 -5.165265 
0.308000 -5.178236 
0.309000 -5.191003 
0.310000 -5.203564 
0.311000 -5.215921 
0.312000 -5.228071 
0.313000 -5.240015 
0.314000 -5.251752 
0.315000 -5.263282 
0.316000 -5.274604 
0.317000 -5.285717 
0.318000 -5.296623 
0.319000 -5.307318 
0.320000 -5.317805 
0.321000 -5.328081 
0.322000 -5.338148 
0.323000 -5.348003 
0.324000 -5.357647 
0.325000 -5.367080 
0.326000 -5.376301 
0.327000 -5.385310 
0.328000 -5.394106 
0.329000 -5.402689 
0.330000 -5.411058 
0.331000 -5.419215 
0.332000 -5.427157 
0.333000 -5.434885 
0.334000 -5.442398 
0.335000 -5.449697 
0.336000 -5.456780 
0.337000 -5.463648 
0.338000 -5.470301 
0.339000 -5.476737 
0.340000 -5.482957 
0.341000 -5.488961 
0.342000 -5.494748 
0.343000 -5.500318 
0.344000 -5.505671 
0.345000 -5.510806 
0.346000 -5.515724 
0.347000 -5.520424 
0.348000 -5.524907 
0.349000 -5.529171 
0.350000 -5.533217 
0.351000 -5.537044 
0.352000 -5.540653 
0.353000 -5.544043 
0.354000 -5.547215 
0.355000 -5.550167 
0.356000 -5.552900 
0.357000 -5.555414 
0.358000 -5.557709 
0.359000 -5.559784 
0.360000 -5.561640 
0.361000 -5.563276 
0.362000 -5.564692 
0.363000 -5.565889 
0.364000 -5.566866 
0.365000 -5.567624 
0.366000 -5.568161 
0.367000 -5.568479 
0.368000 -5.568577 
0.369000 -5.568455 
0.370000 -5.568113 
0.371000 -5.567552 
0.372000 -5.566770 
0.373000 -5.565769 
0.374000 -5.564548 
0.375000 -5.563108 
0.376000 -5.561447 
0.377000 -5.559568 
0.378000 -5.557468 
0.379000 -5.555150 
0.380000 -5.552612 
0.381000 -5.549855 
0.382000 -5.546878 
0.383000 -5.543683 
0.384000 -5.540269 
0.385000 -5.536636 
0.386000 -5.532785 
0.387000 -5.528715 
0.388000 -5.524427 
0.389000 -5.519921 
0.390000 -5.515197 
0.391000 -5.510255 
0.392000 -5.505096 
0.393000 -5.499719 
0.394000 -5.494125 
0.395000 -5.488315 
0.396000 -5.482287 
0.397000 -5.476044 
0.398000 -5.469584 
0.399000 -5.462908 
0.400000 -5.456016 
0.401000 -5.448909 
0.402000 -5.441587 
0.403000 -5.434050 
0.404000 -5.426299 
0.405000 -5.418333 
0.406000 -5.410154 
0.407000 -5.401760 
0.408000 -5.393154 
0.409000 -5.384335 
0.410000 -5.375303 
0.411000 -5.366059 
0.412000 -5.356603 
0.413000 -5.346935 
0.414000 -5.337057 
0.415000 -5.326968 
0.416000 -5.316668 
0.417000 -5.306159 
0.418000 -5.295440 
0.419000 -5.284512 
0.420000 -5.273376 
0.421000 -5.262031 
0.422000 -5.250479 
0.423000 -5.238719 
0.424000 -5.226752 
0.425000 -5.214579 
0.426000 -5.202201 
0.427000 -5.189617 
0.428000 -5.176828 
0.429000 -5.163834 
0.430000 -5.150637 
0.431000 -5.137236 
0.432000 -5.123633 
0.433000 -5.109827 
0.434000 -5.095820 
0.435000 -5.081611 
0.436000 -5.067202 
0.437000 -5.052593 
0.438000 -5.037784 
0.439000 -5.022777 
0.440000 -5.007571 
0.441000 -4.992167 
0.442000 -4.976567 
0.443000 -4.960770 
0.444000 -4.944777 
0.445000 -4.928589 
0.446000 -4.912206 
0.447000 -4.895629 
0.448000 -4.878859 
0.449000 -4.861897 
0.450000 -4.844742 
0.451000 -4.827397 
0.452000 -4.809860 
0.453000 -4.792134 
0.454000 -4.774219 
0.455000 -4.756115 
0.456000 -4.737823 
0.457000 -4.719345 
0.458000 -4.700680 
0.459000 -4.681829 
0.460000 -4.662794 
0.461000 -4.643574 
0.462000 -4.624172 
0.463000 -4.604586 
0.464000 -4.584819 
0.465000 -4.564871 
0.466000 -4.544743 
0.467000 -4.524435 
0.468000 -4.503949 
0.469000 -4.483285 
0.470000 -4.462443 
0.471000 -4.441426 
0.472000 -4.420233 
0.473000 -4.398866 
0.474000 -4.377325 
0.475000 -4.355612 
0.476000 -4.333726 
0.477000 -4.311670 
0.478000 -4.289443 
0.479000 -4.267046 
0.480000 -4.244482 
0.481000 -4.221749 
0.482000 -4.198851 
0.483000 -4.175786 
0.484000 -4.152556 
0.485000 -4.129163 
0.486000 -4.105606 
0.487000 -4.081888 
0.488000 -4.058008 
0.489000 -4.033968 
0.490000 -4.009769 
0.491000 -3.985412 
0.492000 -3.960897 
0.493000 -3.936226 
0.494000 -3.911399 
0.495000 -3.886418 
0.496000 -3.861284 
0.497000 -3.835997 
0.498000 -3.810558 
0.499000 -3.784970 
0.500000 -3.759232 
0.501000 -3.733345 
0.502000 -3.707311 
0.503000 -3.681131 
0.504000 -3.654805 
0.505000 -3.628335 
0.506000 -3.601722 
0.507000 -3.574967 
0.508000 -3.548070 
0.509000 -3.521034 
0.510000 -3.493858 
0.511000 -3.466545 
0.512000 -3.439094 
0.513000 -3.411508 
0.514000 -3.383787 
0.515000 -3.355933 
0.516000 -3.327946 
0.517000 -3.299828 
0.518000 -3.271579 
0.519000 -3.243202 
0.520000 -3.214696 
0.521000 -3.186064 
0.522000 -3.157305 
0.523000 -3.128422 
0.524000 -3.099416 
0.525000 -3.070287 
0.526000 -3.041037 
0.527000 -3.011666 
0.528000 -2.982177 
0.529000 -2.952570 
0.530000 -2.922847 
0.531000 -2.893008 
0.532000 -2.863055 
0.533000 -2.832989 
0.534000 -2.802812 
0.535000 -2.772523 
0.536000 -2.742125 
0.537000 -2.711619 
0.538000 -2.681006 
0.539000 -2.650287 
0.540000 -2.619463 
0.541000 -2.588536 
0.542000 -2.557507 
0.543000 -2.526376 
0.544000 -2.495146 
0.545000 -2.463818 
0.546000 -2.432392 
0.547000 -2.400870 
0.548000 -2.369254 
0.549000 -2.337543 
0.550000 -2.305741 
0.551000 -2.273848 
0.552000 -2.241864 
0.553000 -2.209793 
0.554000 -2.177634 
0.555000 -2.145389 
0.556000 -2.113059 
0.557000 -2.080646 
0.558000 -2.048151 
0.559000 -2.015575 
0.560000 -1.982919 
0.561000 -1.950185 
0.562000 -1.917375 
0.563000 -1.884488 
0.564000 -1.851527 
0.565000 -1.818493 
0.566000 -1.785387 
0.567000 -1.752211 
0.568000 -1.718965 
0.569000 -1.685652 
0.570000 -1.652272 
0.571000 -1.618827 
0.572000 -1.585318 
0.573000 -1.551746 
0.574000 -1.518113 
0.575000 -1.484420 
0.576000 -1.450669 
0.577000 -1.416860 
0.578000 -1.382996 
0.579000 -1.349076 
0.580000 -1.315104 
0.581000 -1.281079 
0.582000 -1.247004 
0.583000 -1.212880 
0.584000 -1.178708 
0.585000 -1.144489 
0.586000 -1.110226 
0.587000 -1.075918 
0.588000 -1.041568 
0.589000 -1.007177 
0.590000 -0.972746 
0.591000 -0.938276 
0.592000 -0.903770 
0.593000 -0.869228 
0.594000 -0.834651 
0.595000 -0.800042 
0.596000 -0.765401 
0.597000 -0.730730 
0.598000 -0.696030 
0.599000 -0.661302 
0.600000 -0.626548 
0.601000 -0.591770 
0.602000 -0.556968 
0.603000 -0.522145 
0.604000 -0.487300 
0.605000 -0.452437 
0.606000 -0.417555 
0.607000 -0.382657 
0.608000 -0.347744 
0.609000 -0.312818 
0.610000 -0.277879 
0.611000 -0.242928 
0.612000 -0.207969 
0.613000 -0.173001 
0.614000 -0.138026 
0.615000 -0.103046 
0.616000 -0.068062 
0.617000 -0.033075 
0.618000 0.001913 
0.619000 0.036901 
0.620000 0.071888 
0.621000 0.106872 
0.622000 0.141852 
0.623000 0.176826 
0.624000 0.211793 
0.625000 0.246751 
0.626000 0.281700 
0.627000 0.316638 
0.628000 0.351563 
0.629000 0.386475 
0.630000 0.421371 
0.631000 0.456250 
0.632000 0.491112 
0.633000 0.525954 
0.634000 0.560776 
0.635000 0.595575 
0.636000 0.630350 
0.637000 0.665101 
0.638000 0.699826 
0.639000 0.734523 
0.640000 0.769191 
0.641000 0.803828 
0.642000 0.838434 
0.643000 0.873007 
0.644000 0.907545 
0.645000 0.942048 
0.646000 0.976513 
0.647000 1.010940 
0.648000 1.045327 
0.649000 1.079672 
0.650000 1.113975 
0.651000 1.148234 
0.652000 1.182448 
0.653000 1.216615 
0.654000 1.250733 
0.655000 1.284803 
0.656000 1.318822 
0.657000 1.352789 
0.658000 1.386702 
0.659000 1.420560 
0.660000 1.454363 
0.661000 1.488108 
0.662000 1.521794 
0.663000 1.555421 
0.664000 1.588986 
0.665000 1.622488 
0.666000 1.655926 
0.667000 1.689298 
0.668000 1.722605 
0.669000 1.755843 
0.670000 1.789011 
0.671000 1.822109 
0.672000 1.855135 
0.673000 1.888088 
0.674000 1.920967 
0.675000 1.953769 
0.676000 1.986495 
0.677000 2.019142 
0.678000 2.051709 
0.679000 2.084195 
0.680000 2.116599 
0.681000 2.148919 
0.682000 2.181155 
0.683000 2.213304 
0.684000 2.245367 
0.685000 2.277340 
0.686000 2.309224 
0.687000 2.341016 
0.688000 2.372716 
0.689000 2.404322 
0.690000 2.435834 
0.691000 2.467249 
0.692000 2.498567 
0.693000 2.529786 
0.694000 2.560905 
0.695000 2.591923 
0.696000 2.622839 
0.697000 2.653651 
0.698000 2.684359 
0.699000 2.714961 
0.700000 2.745455 
0.701000 2.775841 
0.702000 2.806117 
0.703000 2.836283 
0.704000 2.866337 
0.705000 2.896277 
0.706000 2.926103 
0.707000 2.955814 
0.708000 2.985408 
0.709000 3.014884 
0.710000 3.044241 
0.711000 3.073478 
0.712000 3.102594 
0.713000 3.131587 
0.714000 3.160456 
0.715000 3.189201 
0.716000 3.217820 
0.717000 3.246312 
0.718000 3.274675 
0.719000 3.302910 
0.720000 3.331013 
0.721000 3.358986 
0.722000 3.386826 
0.723000 3.414532 
0.724000 3.442103 
0.725000 3.469539 
0.726000 3.496837 
0.727000 3.523997 
0.728000 3.551019 
0.729000 3.577900 
0.730000 3.604640 
0.731000 3.631237 
0.732000 3.657691 
0.733000 3.684001 
0.734000 3.710165 
0.735000 3.736183 
0.736000 3.762054 
0.737000 3.787776 
0.738000 3.813348 
0.739000 3.838770 
0.740000 3.864040 
0.741000 3.889158 
0.742000 3.914122 
0.743000 3.938931 
0.744000 3.963585 
0.745000 3.988083 
0.746000 4.012423 
0.747000 4.036605 
0.748000 4.060628 
0.749000 4.084490 
0.750000 4.108191 
0.751000 4.131729 
0.752000 4.155105 
0.753000 4.178316 
0.754000 4.201363 
0.755000 4.224244 
0.756000 4.246958 
0.757000 4.269504 
0.758000 4.291882 
0.759000 4.314090 
0.760000 4.336128 
0.761000 4.357995 
0.762000 4.379690 
0.763000 4.401212 
0.764000 4.422560 
0.765000 4.443733 
0.766000 4.464731 
0.767000 4.485553 
0.768000 4.506198 
0.769000 4.526665 
0.770000 4.546953 
0.771000 4.567062 
0.772000 4.586990 
0.773000 4.606737 
0.774000 4.626303 
0.775000 4.645685 
0.776000 4.664885 
0.777000 4.683900 
0.778000 4.702730 
0.779000 4.721375 
0.780000 4.739833 
0.781000 4.758104 
0.782000 4.776187 
0.783000 4.794082 
0.784000 4.811788 
0.785000 4.829303 
0.786000 4.846628 
0.787000 4.863761 
0.788000 4.880703 
0.789000 4.897452 
0.790000 4.914007 
0.791000 4.930369 
0.792000 4.946535 
0.793000 4.962507 
0.794000 4.978283 
0.795000 4.993862 
0.796000 5.009244 
0.797000 5.024428 
0.798000 5.039414 
0.799000 5.054201 
0.800000 5.068788 
0.801000 5.083175 
0.802000 5.097362 
0.803000 5.111347 
0.804000 5.125131 
0.805000 5.138712 
0.806000 5.152090 
0.807000 5.165265 
0.808000 5.178236 
0.809000 5.191003 
0.810000 5.203564 
0.811000 5.215921 
0.812000 5.228071 
0.813000 5.240015 
0.814000 5.251752 
0.815000 5.263282 
0.816000 5.274604 
0.817000 5.285717 
0.818000 5.296623 
0.819000 5.307318 
0.820000 5.317805 
0.821000 5.328081 
0.822000 5.338148 
0.823000 5.348003 
0.824000 5.357647 
0.825000 5.367080 
0.826000 5.376301 
0.827000 5.385310 
0.828000 5.394106 
0.829000 5.402689 
0.830000 5.411058 
0.831000 5.419215 
0.832000 5.427157 
0.833000 5.434885 
0.834000 5.442398 
0.835000 5.449697 
0.836000 5.456780 
0.837000 5.463648 
0.838000 5.470301 
0.839000 5.476737 
0.840000 5.482957 
0.841000 5.488961 
0.842000 5.494748 
0.843000 5.500318 
0.844000 5.505671 
0.845000 5.510806 
0.846000 5.515724 
0.847000 5.520424 
0.848000 5.524907 
0.849000 5.529171 
0.850000 5.533217 
0.851000 5.537044 
0.852000 5.540653 
0.853000 5.544043 
0.854000 5.547215 
0.855000 5.550167 
0.856000 5.552900 
0.857000 5.555414 
0.858000 5.557709 
0.859000 5.559784 
0.860000 5.561640 
0.861000 5.563276 
0.862000 5.564692 
0.863000 5.565889 
0.864000 5.566866 
0.865000 5.567624 
0.866000 5.568161 
0.867000 5.568479 
0.868000 5.568577 
0.869000 5.568455 
0.870000 5.568113 
0.871000 5.567552 
0.872000 5.566770 
0.873000 5.565769 
0.874000 5.564548 
0.875000 5.563108 
0.876000 5.561447 
0.877000 5.559568 
0.878000 5.557468 
0.879000 5.555150 
0.880000 5.552612 
0.881000 5.549855 
0.882000 5.546878 
0.883000 5.543683 
0.884000 5.540269 
0.885000 5.536636 
0.886000 5.532785 
0.887000 5.528715 
0.888000 5.524427 
0.889000 5.519921 
0.890000 5.515197 
0.891000 5.510255 
0.892000 5.505096 
0.893000 5.499719 
0.894000 5.494125 
0.895000 5.488315 
0.896000 5.482287 
0.897000 5.476044 
0.898000 5.469584 
0.899000 5.462908 
0.900000 5.456016 
0.901000 5.448909 
0.902000 5.441587 
0.903000 5.434050 
0.904000 5.426299 
0.905000 5.418333 
0.906000 5.410154 
0.907000 5.401760 
0.908000 5.393154 
0.909000 5.384335 
0.910000 5.375303 
0.911000 5.366059 
0.912000 5.356603 
0.913000 5.346935 
0.914000 5.337057 
0.915000 5.326968 
0.916000 5.316668 
0.917000 5.306159 
0.918000 5.295440 
0.919000 5.284512 
0.920000 5.273376 
0.921000 5.262031 
0.922000 5.250479 
0.923000 5.238719 
0.924000 5.226752 
0.925000 5.214579 
0.926000 5.202201 
0.927000 5.189617 
0.928000 5.176828 
0.929000 5.163834 
0.930000 5.150637 
0.931000 5.137236 
0.932000 5.123633 
0.933000 5.109827 
0.934000 5.095820 
0.935000 5.081611 
0.936000 5.067202 
0.937000 5.052593 
0.938000 5.037784 
0.939000 5.022777 
0.940000 5.007571 
0.941000 4.992167 
0.942000 4.976567 
0.943000 4.960770 
0.944000 4.944777 
0.945000 4.928589 
0.946000 4.912206 
0.947000 4.895629 
0.948000 4.878859 
0.949000 4.861897 
0.950000 4.844742 
0.951000 4.827397 
0.952000 4.809860 
0.953000 4.792134 
0.954000 4.774219 
0.955000 4.756115 
0.956000 4.737823 
0.957000 4.719345 
0.958000 4.700680 
0.959000 4.681829 
0.960000 4.662794 
0.961000 4.643574 
0.962000 4.624172 
0.963000 4.604586 
0.964000 4.584819 
0.965000 4.564871 
0.966000 4.544743 
0.967000 4.524435 
0.968000 4.503949 
0.969000 4.483285 
0.970000 4.462443 
0.971000 4.441426 
0.972000 4.420233 
0.973000 4.398866 
0.974000 4.377325 
0.975000 4.355612 
0.976000 4.333726 
0.977000 4.311670 
0.978000 4.289443 
0.979000 4.267046 
0.980000 4.244482 
0.981000 4.221749 
0.982000 4.198851 
0.983000 4.175786 
0.984000 4.152556 
0.985000 4.129163 
0.986000 4.105606 
0.987000 4.081888 
0.988000 4.058008 
0.989000 4.033968 
0.990000 4.009769 
0.991000 3.985412 
0.992000 3.960897 
0.993000 3.936226 
0.994000 3.911399 
0.995000 3.886418 
0.996000 3.861284 
0.997000 3.835997 
0.998000 3.810558 
0.999000 3.784970 
1.000000 3.759232 
1.001000 3.733345 
1.002000 3.707311 
1.003000 3.681131 
1.004000 3.654805 
1.005000 3.628335 
1.006000 3.601722 
1.007000 3.574967 
1.008000 3.548070 
1.009000 3.521034 
1.010000 3.493858 
1.011000 3.466545 
1.012000 3.439094 
1.013000 3.411508 
1.014000 3.383787 
1.015000 3.355933 
1.016000 3.327946 
1.017000 3.299828 
1.018000 3.271579 
1.019000 3.243202 
1.020000 3.214696 
1.021000 3.186064 
1.022000 3.157305 
1.023000 3.128422 
1.024000 3.099416 
1.025000 3.070287 
1.026000 3.041037 
1.027000 3.011666 
1.028000 2.982177 
1.029000 2.952570 
1.030000 2.922847 
1.031000 2.893008 
1.032000 2.863055 
1.033000 2.832989 
1.034000 2.802812 
1.035000 2.772523 
1.036000 2.742125 
1.037000 2.711619 
1.038000 2.681006 
1.039000 2.650287 
1.040000 2.619463 
1.041000 2.588536 
1.042000 2.557507 
1.043000 2.526376 
1.044000 2.495146 
1.045000 2.463818 
1.046000 2.432392 
1.047000 2.400870 
1.048000 2.369254 
1.049000 2.337543 
1.050000 2.305741 
1.051000 2.273848 
1.052000 2.241864 
1.053000 2.209793 
1.054000 2.177634 
1.055000 2.145389 
1.056000 2.113059 
1.057000 2.080646 
1.058000 2.048151 
1.059000 2.015575 
1.060000 1.982919 
1.061000 1.950185 
1.062000 1.917375 
1.063000 1.884488 
1.064000 1.851527 
1.065000 1.818493 
1.066000 1.785387 
1.067000 1.752211 
1.068000 1.718965 
1.069000 1.685652 
1.070000 1.652272 
1.071000 1.618827 
1.072000 1.585318 
1.073000 1.551746 
1.074000 1.518113 
1.075000 1.484420 
1.076000 1.450669 
1.077000 1.416860 
1.078000 1.382996 
1.079000 1.349076 
1.080000 1.315104 
1.081000 1.281079 
1.082000 1.247004 
1.083000 1.212880 
1.084000 1.178708 
1.085000 1.144489 
1.086000 1.110226 
1.087000 1.075918 
1.088000 1.041568 
1.089000 1.007177 
1.090000 0.972746 
1.091000 0.938276 
1.092000 0.903770 
1.093000 0.869228 
1.094000 0.834651 
1.095000 0.800042 
1.096000 0.765401 
1.097000 0.730730 
1.098000 0.696030 
1.099000 0.661302 
1.100000 0.626548 
1.101000 0.591770 
1.102000 0.556968 
1.103000 0.522145 
1.104000 0.487300 
1.105000 0.452437 
1.106000 0.417555 
1.107000 0.382657 
1.108000 0.347744 
1.109000 0.312818 
1.110000 0.277879 
1.111000 0.242928 
1.112000 0.207969 
1.113000 0.173001 
1.114000 0.138026 
1.115000 0.103046 
1.116000 0.068062 
1.117000 0.033075 
1.118000 -0.001913 
1.119000 -0.036901 
1.120000 -0.071888 
1.121000 -0.106872 
1.122000 -0.141852 
1.123000 -0.176826 
1.124000 -0.211793 
1.125000 -0.246751 
1.126000 -0.281700 
1.127000 -0.316638 
1.128000 -0.351563 
1.129000 -0.386475 
1.130000 -0.421371 
1.131000 -0.456250 
1.132000 -0.491112 
1.133000 -0.525954 
1.134000 -0.560776 
1.135000 -0.595575 
1.136000 -0.630350 
1.137000 -0.665101 
1.138000 -0.699826 
1.139000 -0.734523 
1.140000 -0.769191 
1.141000 -0.803828 
1.142000 -0.838434 
1.143000 -0.873007 
1.144000 -0.907545 
1.145000 -0.942048 
1.146000 -0.976513 
1.147000 -1.010940 
1.148000 -1.045327 
1.149000 -1.079672 
1.150000 -1.113975 
1.151000 -1.148234 
1.152000 -1.182448 
1.153000 -1.216615 
1.154000 -1.250733 
1.155000 -1.284803 
1.156000 -1.318822 
1.157000 -1.352789 
1.158000 -1.386702 
1.159000 -1.420560 
1.160000 -1.454363 
1.161000 -1.488108 
1.162000 -1.521794 
1.163000 -1.555421 
1.164000 -1.588986 
1.165000 -1.622488 
1.166000 -1.655926 
1.167000 -1.689298 
1.168000 -1.722605 
1.169000 -1.755843 
1.170000 -1.789011 
1.171000 -1.822109 
1.172000 -1.855135 
1.173000 -1.888088 
1.174000 -1.920967 
1.175000 -1.953769 
1.176000 -1.986495 
1.177000 -2.019142 
1.178000 -2.051709 
1.179000 -2.084195 
1.180000 -2.116599 
1.181000 -2.148919 
1.182000 -2.181155 
1.183000 -2.213304 
1.184000 -2.245367 
1.185000 -2.277340 
1.186000 -2.309224 
1.187000 -2.341016 
1.188000 -2.372716 
1.189000 -2.404322 
1.190000 -2.435834 
1.191000 -2.467249 
1.192000 -2.498567 
1.193000 -2.529786 
1.194000 -2.560905 
1.195000 -2.591923 
1.196000 -2.622839 
1.197000 -2.653651 
1.198000 -2.684359 
1.199000 -2.714961 
1.200000 -2.745455 
1.201000 -2.775841 
1.202000 -2.806117 
1.203000 -2.836283 
1.204000 -2.866337 
1.205000 -2.896277 
1.206000 -2.926103 
1.207000 -2.955814 
1.208000 -2.985408 
1.209000 -3.014884 
1.210000 -3.044241 
1.211000 -3.073478 
1.212000 -3.102594 
1.213000 -3.131587 
1.214000 -3.160456 
1.215000 -3.189201 
1.216000 -3.217820 
1.217000 -3.246312 
1.218000 -3.274675 
1.219000 -3.302910 
1.220000 -3.331013 
1.221000 -3.358986 
1.222000 -3.386826 
1.223000 -3.414532 
1.224000 -3.442103 
1.225000 -3.469539 
1.226000 -3.496837 
1.227000 -3.523997 
1.228000 -3.551019 
1.229000 -3.577900 
1.230000 -3.604640 
1.231000 -3.631237 
1.232000 -3.657691 
1.233000 -3.684001 
1.234000 -3.710165 
1.235000 -3.736183 
1.236000 -3.762054 
1.237000 -3.787776 
1.238000 -3.813348 
1.239000 -3.838770 
1.240000 -3.864040 
1.241000 -3.889158 
1.242000 -3.914122 
1.243000 -3.938931 
1.244000 -3.963585 
1.245000 -3.988083 
1.246000 -4.012423 
1.247000 -4.036605 
1.248000 -4.060628 
1.249000 -4.084490 
1.250000 -4.108191 
1.251000 -4.131729 
1.252000 -4.155105 
1.253000 -4.178316 
1.254000 -4.201363 
1.255000 -4.224244 
1.256000 -4.246958 
1.257000 -4.269504 
1.258000 -4.291882 
1.259000 -4.314090 
1.260000 -4.336128 
1.261000 -4.357995 
1.262000 -4.379690 
1.263000 -4.401212 
1.264000 -4.422560 
1.265000 -4.443733 
1.266000 -4.464731 
1.267000 -4.485553 
1.268000 -4.506198 
1.269000 -4.526665 
1.270000 -4.546953 
1.271000 -4.567062 
1.272000 -4.586990 
1.273000 -4.606737 
1.274000 -4.626303 
1.275000 -4.645685 
1.276000 -4.664885 
1.277000 -4.683900 
1.278000 -4.702730 
1.279000 -4.721375 
1.280000 -4.739833 
1.281000 -4.758104 
1.282000 -4.776187 
1.283000 -4.794082 
1.284000 -4.811788 
1.285000 -4.829303 
1.286000 -4.846628 
1.287000 -4.863761 
1.288000 -4.880703 
1.289000 -4.897452 
1.290000 -4.914007 
1.291000 -4.930369 
1.292000 -4.946535 
1.293000 -4.962507 
1.294000 -4.978283 
1.295000 -4.993862 
1.296000 -5.009244 
1.297000 -5.024428 
1.298000 -5.039414 
1.299000 -5.054201 
1.300000 -5.068788 
1.301000 -5.083175 
1.302000 -5.097362 
1.303000 -5.111347 
1.304000 -5.125131 
1.305000 -5.138712 
1.306000 -5.152090 
1.307000 -5.165265 
1.308000 -5.178236 
1.309000 -5.191003 
1.310000 -5.203564 
1.311000 -5.215921 
1.312000 -5.228071 
1.313000 -5.240015 
1.314000 -5.251752 
1.315000 -5.263282 
1.316000 -5.274604 
1.317000 -5.285717 
1.318000 -5.296623 
1.319000 -5.307318 
1.320000 -5.317805 
1.321000 -5.328081 
1.322000 -5.338148 
1.323000 -5.348003 
1.324000 -5.357647 
1.325000 -5.367080 
1.326000 -5.376301 
1.327000 -5.385310 
1.328000 -5.394106 
1.329000 -5.402689 
1.330000 -5.411058 
1.331000 -5.419215 
1.332000 -5.427157 
1.333000 -5.434885 
1.334000 -5.442398 
1.335000 -5.449697 
1.336000 -5.456780 
1.337000 -5.463648 
1.338000 -5.470301 
1.339000 -5.476737 
1.340000 -5.482957 
1.341000 -5.488961 
1.342000 -5.494748 
1.343000 -5.500318 
1.344000 -5.505671 
1.345000 -5.510806 
1.346000 -5.515724 
1.347000 -5.520424 
1.348000 -5.524907 
1.349000 -5.529171 
1.350000 -5.533217 
1.351000 -5.537044 
1.352000 -5.540653 
1.353000 -5.544043 
1.354000 -5.547215 
1.355000 -5.550167 
1.356000 -5.552900 
1.357000 -5.555414 
1.358000 -5.557709 
1.359000 -5.559784 
1.360000 -5.561640 
1.361000 -5.563276 
1.362000 -5.564692 
1.363000 -5.565889 
1.364000 -5.566866 
1.365000 -5.567624 
1.366000 -5.568161 
1.367000 -5.568479 
1.368000 -5.568577 
1.369000 -5.568455 
1.370000 -5.568113 
1.371000 -5.567552 
1.372000 -5.566770 
1.373000 -5.565769 
1.374000 -5.564548 
1.375000 -5.563108 
1.376000 -5.561447 
1.377000 -5.559568 
1.378000 -5.557468 
1.379000 -5.555150 
1.380000 -5.552612 
1.381000 -5.549855 
1.382000 -5.546878 
1.383000 -5.543683 
1.384000 -5.540269 
1.385000 -5.536636 
1.386000 -5.532785 
1.387000 -5.528715 
1.388000 -5.524427 
1.389000 -5.519921 
1.390000 -5.515197 
1.391000 -5.510255 
1.392000 -5.505096 
1.393000 -5.499719 
1.394000 -5.494125 
1.395000 -5.488315 
1.396000 -5.482287 
1.397000 -5.476044 
1.398000 -5.469584 
1.399000 -5.462908 
1.400000 -5.456016 
1.401000 -5.448909 
1.402000 -5.441587 
1.403000 -5.434050 
1.404000 -5.426299 
1.405000 -5.418333 
1.406000 -5.410154 
1.407000 -5.401760 
1.408000 -5.393154 
1.409000 -5.384335 
1.410000 -5.375303 
1.411000 -5.366059 
1.412000 -5.356603 
1.413000 -5.346935 
1.414000 -5.337057 
1.415000 -5.326968 
1.416000 -5.316668 
1.417000 -5.306159 
1.418000 -5.295440 
1.419000 -5.284512 
1.420000 -5.273376 
1.421000 -5.262031 
1.422000 -5.250479 
1.423000 -5.238719 
1.424000 -5.226752 
1.425000 -5.214579 
1.426000 -5.202201 
1.427000 -5.189617 
1.428000 -5.176828 
1.429000 -5.163834 
1.430000 -5.150637 
1.431000 -5.137236 
1.432000 -5.123633 
1.433000 -5.109827 
1.434000 -5.095820 
1.435000 -5.081611 
1.436000 -5.067202 
1.437000 -5.052593 
1.438000 -5.037784 
1.439000 -5.022777 
1.440000 -5.007571 
1.441000 -4.992167 
1.442000 -4.976567 
1.443000 -4.960770 
1.444000 -4.944777 
1.445000 -4.928589 
1.446000 -4.912206 
1.447000 -4.895629 
1.448000 -4.878859 
1.449000 -4.861897 
1.450000 -4.844742 
1.451000 -4.827397 
1.452000 -4.809860 
1.453000 -4.792134 
1.454000 -4.774219 
1.455000 -4.756115 
1.456000 -4.737823 
1.457000 -4.719345 
1.458000 -4.700680 
1.459000 -4.681829 
1.460000 -4.662794 
1.461000 -4.643574 
1.462000 -4.624172 
1.463000 -4.604586 
1.464000 -4.584819 
1.465000 -4.564871 
1.466000 -4.544743 
1.467000 -4.524435 
1.468000 -4.503949 
1.469000 -4.483285 
1.470000 -4.462443 
1.471000 -4.441426 
1.472000 -4.420233 
1.473000 -4.398866 
1.474000 -4.377325 
1.475000 -4.355612 
1.476000 -4.333726 
1.477000 -4.311670 
1.478000 -4.289443 
1.479000 -4.267046 
1.480000 -4.244482 
1.481000 -4.221749 
1.482000 -4.198851 
1.483000 -4.175786 
1.484000 -4.152556 
1.485000 -4.129163 
1.486000 -4.105606 
1.487000 -4.081888 
1.488000 -4.058008 
1.489000 -4.033968 
1.490000 -4.009769 
1.491000 -3.985412 
1.492000 -3.960897 
1.493000 -3.936226 
1.494000 -3.911399 
1.495000 -3.886418 
1.496000 -3.861284 
1.497000 -3.835997 
1.498000 -3.810558 
1.499000 -3.784970 
