descriptor Tc_phase m_phase 
-1.500000 -0.000000 
-1.499000 0.034988 
-1.498000 0.069975 
-1.497000 0.104959 
-1.496000 0.139939 
-1.495000 0.174913 
-1.494000 0.209881 
-1.493000 0.244840 
-1.492000 0.279789 
-1.491000 0.314728 
-1.490000 0.349654 
-1.489000 0.384566 
-1.488000 0.419463 
-1.487000 0.454344 
-1.486000 0.489206 
-1.485000 0.524049 
-1.484000 0.558872 
-1.483000 0.593672 
-1.482000 0.628449 
-1.481000 0.663202 
-1.480000 0.697928 
-1.479000 0.732626 
-1.478000 0.767296 
-1.477000 0.801935 
-1.476000 0.836543 
-1.475000 0.871117 
-1.474000 0.905658 
-1.473000 0.940162 
-1.472000 0.974629 
-1.471000 1.009058 
-1.470000 1.043447 
-1.469000 1.077795 
-1.468000 1.112100 
-1.467000 1.146362 
-1.466000 1.180578 
-1.465000 1.214747 
-1.464000 1.248869 
-1.463000 1.282941 
-1.462000 1.316963 
-1.461000 1.350933 
-1.460000 1.384849 
-1.459000 1.418710 
-1.458000 1.452516 
-1.457000 1.486264 
-1.456000 1.519954 
-1.455000 1.553584 
-1.454000 1.587152 
-1.453000 1.620657 
-1.452000 1.654099 
-1.451000 1.687475 
-1.450000 1.720785 
-1.449000 1.754027 
-1.448000 1.787199 
-1.447000 1.820301 
-1.446000 1.853331 
-1.445000 1.886288 
-1.444000 1.919171 
-1.443000 1.951977 
-1.442000 1.984707 
-1.441000 2.017358 
-1.440000 2.049930 
-1.439000 2.082421 
-1.438000 2.114829 
-1.437000 2.147154 
-1.436000 2.179394 
-1.435000 2.211549 
-1.434000 2.243616 
-1.433000 2.275594 
-1.432000 2.307482 
-1.431000 2.339280 
-1.430000 2.370985 
-1.429000 2.402596 
-1.428000 2.434113 
-1.427000 2.465533 
-1.426000 2.496857 
-1.425000 2.528081 
-1.424000 2.559206 
-1.423000 2.590230 
-1.422000 2.621151 
-1.421000 2.651969 
-1.420000 2.682683 
-1.419000 2.713290 
-1.418000 2.743790 
-1.417000 2.774182 
-1.416000 2.804465 
-1.415000 2.834636 
-1.414000 2.864696 
-1.413000 2.894643 
-1.412000 2.924475 
-1.411000 2.954192 
-1.410000 2.983793 
-1.409000 3.013275 
-1.408000 3.042639 
-1.407000 3.071883 
-1.406000 3.101005 
-1.405000 3.130005 
-1.404000 3.158881 
-1.403000 3.187632 
-1.402000 3.216258 
-1.401000 3.244757 
-1.400000 3.273128 
-1.399000 3.301369 
-1.398000 3.329480 
-1.397000 3.357460 
-1.396000 3.385307 
-1.395000 3.413020 
-1.394000 3.440599 
-1.393000 3.468042 
-1.392000 3.495348 
-1.391000 3.522516 
-1.390000 3.549545 
-1.389000 3.576433 
-1.388000 3.603181 
-1.387000 3.629786 
-1.386000 3.656248 
-1.385000 3.682566 
-1.384000 3.708738 
-1.383000 3.734764 
-1.382000 3.760643 
-1.381000 3.786373 
-1.380000 3.811953 
-1.379000 3.837383 
-1.378000 3.862662 
-1.377000 3.887788 
-1.376000 3.912761 
-1.375000 3.937579 
-1.374000 3.962241 
-1.373000 3.986748 
-1.372000 4.011096 
-1.371000 4.035287 
-1.370000 4.059318 
-1.369000 4.083189 
-1.368000 4.106899 
-1.367000 4.130446 
-1.366000 4.153831 
-1.365000 4.177051 
-1.364000 4.200107 
-1.363000 4.222997 
-1.362000 4.245720 
-1.361000 4.268275 
-1.360000 4.290662 
-1.359000 4.312880 
-1.358000 4.334927 
-1.357000 4.356804 
-1.356000 4.378508 
-1.355000 4.400039 
-1.354000 4.421397 
-1.353000 4.442580 
-1.352000 4.463588 
-1.351000 4.484419 
-1.350000 4.505074 
-1.349000 4.525550 
-1.348000 4.545848 
-1.347000 4.565967 
-1.346000 4.585905 
-1.345000 4.605662 
-1.344000 4.625237 
-1.343000 4.644630 
-1.342000 4.663840 
-1.341000 4.682865 
-1.340000 4.701705 
-1.339000 4.720360 
-1.338000 4.738828 
-1.337000 4.757110 
-1.336000 4.775203 
-1.335000 4.793108 
-1.334000 4.810824 
-1.333000 4.828350 
-1.332000 4.845685 
-1.331000 4.862829 
-1.330000 4.879781 
-1.329000 4.896541 
-1.328000 4.913107 
-1.327000 4.929479 
-1.326000 4.945656 
-1.325000 4.961639 
-1.324000 4.977425 
-1.323000 4.993015 
-1.322000 5.008408 
-1.321000 5.023603 
-1.320000 5.038599 
-1.319000 5.053397 
-1.318000 5.067995 
-1.317000 5.082394 
-1.316000 5.096591 
-1.315000 5.110587 
-1.314000 5.124382 
-1.313000 5.137974 
-1.312000 5.151364 
-1.311000 5.164550 
-1.310000 5.177532 
-1.309000 5.190310 
-1.308000 5.202883 
-1.307000 5.215250 
-1.306000 5.227412 
-1.305000 5.239367 
-1.304000 5.251116 
-1.303000 5.262657 
-1.302000 5.273990 
-1.301000 5.285115 
-1.300000 5.296032 
-1.299000 5.306739 
-1.298000 5.317237 
-1.297000 5.327525 
-1.296000 5.337603 
-1.295000 5.347470 
-1.294000 5.357125 
-1.293000 5.366570 
-1.292000 5.375802 
-1.291000 5.384822 
-1.290000 5.393630 
-1.289000 5.402225 
-1.288000 5.410606 
-1.287000 5.418774 
-1.286000 5.426728 
-1.285000 5.434468 
-1.284000 5.441993 
-1.283000 5.449303 
-1.282000 5.456398 
-1.281000 5.463278 
-1.280000 5.469942 
-1.279000 5.476391 
-1.278000 5.482622 
-1.277000 5.488638 
-1.276000 5.494437 
-1.275000 5.500019 
-1.274000 5.505384 
-1.273000 5.510531 
-1.272000 5.515461 
-1.271000 5.520173 
-1.270000 5.524667 
-1.269000 5.528943 
-1.268000 5.533001 
-1.267000 5.536841 
-1.266000 5.540462 
-1.265000 5.543864 
-1.264000 5.547047 
-1.263000 5.550011 
-1.262000 5.552756 
-1.261000 5.555282 
-1.260000 5.557589 
-1.259000 5.559676 
-1.258000 5.561544 
-1.257000 5.563192 
-1.256000 5.564621 
-1.255000 5.565829 
-1.254000 5.566819 
-1.253000 5.567588 
-1.252000 5.568138 
-1.251000 5.568467 
-1.250000 5.568577 
-1.249000 5.568467 
-1.248000 5.568138 
-1.247000 5.567588 
-1.246000 5.566819 
-1.245000 5.565829 
-1.244000 5.564621 
-1.243000 5.563192 
-1.242000 5.561544 
-1.241000 5.559676 
-1.240000 5.557589 
-1.239000 5.555282 
-1.238000 5.552756 
-1.237000 5.550011 
-1.236000 5.547047 
-1.235000 5.543864 
-1.234000 5.540462 
-1.233000 5.536841 
-1.232000 5.533001 
-1.231000 5.528943 
-1.230000 5.524667 
-1.229000 5.520173 
-1.228000 5.515461 
-1.227000 5.510531 
-1.226000 5.505384 
-1.225000 5.500019 
-1.224000 5.494437 
-1.223000 5.488638 
-1.222000 5.482622 
-1.221000 5.476391 
-1.220000 5.469942 
-1.219000 5.463278 
-1.218000 5.456398 
-1.217000 5.449303 
-1.216000 5.441993 
-1.215000 5.434468 
-1.214000 5.426728 
-1.213000 5.418774 
-1.212000 5.410606 
-1.211000 5.402225 
-1.210000 5.393630 
-1.209000 5.384822 
-1.208000 5.375802 
-1.207000 5.366570 
-1.206000 5.357125 
-1.205000 5.347470 
-1.204000 5.337603 
-1.203000 5.327525 
-1.202000 5.317237 
-1.201000 5.306739 
-1.200000 5.296032 
-1.199000 5.285115 
-1.198000 5.273990 
-1.197000 5.262657 
-1.196000 5.251116 
-1.195000 5.239367 
-1.194000 5.227412 
-1.193000 5.215250 
-1.192000 5.202883 
-1.191000 5.190310 
-1.190000 5.177532 
-1.189000 5.164550 
-1.188000 5.151364 
-1.187000 5.137974 
-1.186000 5.124382 
-1.185000 5.110587 
-1.184000 5.096591 
-1.183000 5.082394 
-1.182000 5.067995 
-1.181000 5.053397 
-1.180000 5.038599 
-1.179000 5.023603 
-1.178000 5.008408 
-1.177000 4.993015 
-1.176000 4.977425 
-1.175000 4.961639 
-1.174000 4.945656 
-1.173000 4.929479 
-1.172000 4.913107 
-1.171000 4.896541 
-1.170000 4.879781 
-1.169000 4.862829 
-1.168000 4.845685 
-1.167000 4.828350 
-1.166000 4.810824 
-1.165000 4.793108 
-1.164000 4.775203 
-1.163000 4.757110 
-1.162000 4.738828 
-1.161000 4.720360 
-1.160000 4.701705 
-1.159000 4.682865 
-1.158000 4.663840 
-1.157000 4.644630 
-1.156000 4.625237 
-1.155000 4.605662 
-1.154000 4.585905 
-1.153000 4.565967 
-1.152000 4.545848 
-1.151000 4.525550 
-1.150000 4.505074 
-1.149000 4.484419 
-1.148000 4.463588 
-1.147000 4.442580 
-1.146000 4.421397 
-1.145000 4.400039 
-1.144000 4.378508 
-1.143000 4.356804 
-1.142000 4.334927 
-1.141000 4.312880 
-1.140000 4.290662 
-1.139000 4.268275 
-1.138000 4.245720 
-1.137000 4.222997 
-1.136000 4.200107 
-1.135000 4.177051 
-1.134000 4.153831 
-1.133000 4.130446 
-1.132000 4.106899 
-1.131000 4.083189 
-1.130000 4.059318 
-1.129000 4.035287 
-1.128000 4.011096 
-1.127000 3.986748 
-1.126000 3.962241 
-1.125000 3.937579 
-1.124000 3.912761 
-1.123000 3.887788 
-1.122000 3.862662 
-1.121000 3.837383 
-1.120000 3.811953 
-1.119000 3.786373 
-1.118000 3.760643 
-1.117000 3.734764 
-1.116000 3.708738 
-1.115000 3.682566 
-1.114000 3.656248 
-1.113000 3.629786 
-1.112000 3.603181 
-1.111000 3.576433 
-1.110000 3.549545 
-1.109000 3.522516 
-1.108000 3.495348 
-1.107000 3.468042 
-1.106000 3.440599 
-1.105000 3.413020 
-1.104000 3.385307 
-1.103000 3.357460 
-1.102000 3.329480 
-1.101000 3.301369 
-1.100000 3.273128 
-1.099000 3.244757 
-1.098000 3.216258 
-1.097000 3.187632 
-1.096000 3.158881 
-1.095000 3.130005 
-1.094000 3.101005 
-1.093000 3.071883 
-1.092000 3.042639 
-1.091000 3.013275 
-1.090000 2.983793 
-1.089000 2.954192 
-1.088000 2.924475 
-1.087000 2.894643 
-1.086000 2.864696 
-1.085000 2.834636 
-1.084000 2.804465 
-1.083000 2.774182 
-1.082000 2.743790 
-1.081000 2.713290 
-1.080000 2.682683 
-1.079000 2.651969 
-1.078000 2.621151 
-1.077000 2.590230 
-1.076000 2.559206 
-1.075000 2.528081 
-1.074000 2.496857 
-1.073000 2.465533 
-1.072000 2.434113 
-1.071000 2.402596 
-1.070000 2.370985 
-1.069000 2.339280 
-1.068000 2.307482 
-1.067000 2.275594 
-1.066000 2.243616 
-1.065000 2.211549 
-1.064000 2.179394 
-1.063000 2.147154 
-1.062000 2.114829 
-1.061000 2.082421 
-1.060000 2.049930 
-1.059000 2.017358 
-1.058000 1.984707 
-1.057000 1.951977 
-1.056000 1.919171 
-1.055000 1.886288 
-1.054000 1.853331 
-1.053000 1.820301 
-1.052000 1.787199 
-1.051000 1.754027 
-1.050000 1.720785 
-1.049000 1.687475 
-1.048000 1.654099 
-1.047000 1.620657 
-1.046000 1.587152 
-1.045000 1.553584 
-1.044000 1.519954 
-1.043000 1.486264 
-1.042000 1.452516 
-1.041000 1.418710 
-1.040000 1.384849 
-1.039000 1.350933 
-1.038000 1.316963 
-1.037000 1.282941 
-1.036000 1.248869 
-1.035000 1.214747 
-1.034000 1.180578 
-1.033000 1.146362 
-1.032000 1.112100 
-1.031000 1.077795 
-1.030000 1.043447 
-1.029000 1.009058 
-1.028000 0.974629 
-1.027000 0.940162 
-1.026000 0.905658 
-1.025000 0.871117 
-1.024000 0.836543 
-1.023000 0.801935 
-1.022000 0.767296 
-1.021000 0.732626 
-1.020000 0.697928 
-1.019000 0.663202 
-1.018000 0.628449 
-1.017000 0.593672 
-1.016000 0.558872 
-1.015000 0.524049 
-1.014000 0.489206 
-1.013000 0.454344 
-1.012000 0.419463 
-1.011000 0.384566 
-1.010000 0.349654 
-1.009000 0.314728 
-1.008000 0.279789 
-1.007000 0.244840 
-1.006000 0.209881 
-1.005000 0.174913 
-1.004000 0.139939 
-1.003000 0.104959 
-1.002000 0.069975 
-1.001000 0.034988 
-1.000000 -0.000000 
-0.999000 -0.034988 
-0.998000 -0.069975 
-0.997000 -0.104959 
-0.996000 -0.139939 
-0.995000 -0.174913 
-0.994000 -0.209881 
-0.993000 -0.244840 
-0.992000 -0.279789 
-0.991000 -0.314728 
-0.990000 -0.349654 
-0.989000 -0.384566 
-0.988000 -0.419463 
-0.987000 -0.454344 
-0.986000 -0.489206 
-0.985000 -0.524049 
-0.984000 -0.558872 
-0.983000 -0.593672 
-0.982000 -0.628449 
-0.981000 -0.663202 
-0.980000 -0.697928 
-0.979000 -0.732626 
-0.978000 -0.767296 
-0.977000 -0.801935 
-0.976000 -0.836543 
-0.975000 -0.871117 
-0.974000 -0.905658 
-0.973000 -0.940162 
-0.972000 -0.974629 
-0.971000 -1.009058 
-0.970000 -1.043447 
-0.969000 -1.077795 
-0.968000 -1.112100 
-0.967000 -1.146362 
-0.966000 -1.180578 
-0.965000 -1.214747 
-0.964000 -1.248869 
-0.963000 -1.282941 
-0.962000 -1.316963 
-0.961000 -1.350933 
-0.960000 -1.384849 
-0.959000 -1.418710 
-0.958000 -1.452516 
-0.957000 -1.486264 
-0.956000 -1.519954 
-0.955000 -1.553584 
-0.954000 -1.587152 
-0.953000 -1.620657 
-0.952000 -1.654099 
-0.951000 -1.687475 
-0.950000 -1.720785 
-0.949000 -1.754027 
-0.948000 -1.787199 
-0.947000 -1.820301 
-0.946000 -1.853331 
-0.945000 -1.886288 
-0.944000 -1.919171 
-0.943000 -1.951977 
-0.942000 -1.984707 
-0.941000 -2.017358 
-0.940000 -2.049930 
-0.939000 -2.082421 
-0.938000 -2.114829 
-0.937000 -2.147154 
-0.936000 -2.179394 
-0.935000 -2.211549 
-0.934000 -2.243616 
-0.933000 -2.275594 
-0.932000 -2.307482 
-0.931000 -2.339280 
-0.930000 -2.370985 
-0.929000 -2.402596 
-0.928000 -2.434113 
-0.927000 -2.465533 
-0.926000 -2.496857 
-0.925000 -2.528081 
-0.924000 -2.559206 
-0.923000 -2.590230 
-0.922000 -2.621151 
-0.921000 -2.651969 
-0.920000 -2.682683 
-0.919000 -2.713290 
-0.918000 -2.743790 
-0.917000 -2.774182 
-0.916000 -2.804465 
-0.915000 -2.834636 
-0.914000 -2.864696 
-0.913000 -2.894643 
-0.912000 -2.924475 
-0.911000 -2.954192 
-0.910000 -2.983793 
-0.909000 -3.013275 
-0.908000 -3.042639 
-0.907000 -3.071883 
-0.906000 -3.101005 
-0.905000 -3.130005 
-0.904000 -3.158881 
-0.903000 -3.187632 
-0.902000 -3.216258 
-0.901000 -3.244757 
-0.900000 -3.273128 
-0.899000 -3.301369 
-0.898000 -3.329480 
-0.897000 -3.357460 
-0.896000 -3.385307 
-0.895000 -3.413020 
-0.894000 -3.440599 
-0.893000 -3.468042 
-0.892000 -3.495348 
-0.891000 -3.522516 
-0.890000 -3.549545 
-0.889000 -3.576433 
-0.888000 -3.603181 
-0.887000 -3.629786 
-0.886000 -3.656248 
-0.885000 -3.682566 
-0.884000 -3.708738 
-0.883000 -3.734764 
-0.882000 -3.760643 
-0.881000 -3.786373 
-0.880000 -3.811953 
-0.879000 -3.837383 
-0.878000 -3.862662 
-0.877000 -3.887788 
-0.876000 -3.912761 
-0.875000 -3.937579 
-0.874000 -3.962241 
-0.873000 -3.986748 
-0.872000 -4.011096 
-0.871000 -4.035287 
-0.870000 -4.059318 
-0.869000 -4.083189 
-0.868000 -4.106899 
-0.867000 -4.130446 
-0.866000 -4.153831 
-0.865000 -4.177051 
-0.864000 -4.200107 
-0.863000 -4.222997 
-0.862000 -4.245720 
-0.861000 -4.268275 
-0.860000 -4.290662 
-0.859000 -4.312880 
-0.858000 -4.334927 
-0.857000 -4.356804 
-0.856000 -4.378508 
-0.855000 -4.400039 
-0.854000 -4.421397 
-0.853000 -4.442580 
-0.852000 -4.463588 
-0.851000 -4.484419 
-0.850000 -4.505074 
-0.849000 -4.525550 
-0.848000 -4.545848 
-0.847000 -4.565967 
-0.846000 -4.585905 
-0.845000 -4.605662 
-0.844000 -4.625237 
-0.843000 -4.644630 
-0.842000 -4.663840 
-0.841000 -4.682865 
-0.840000 -4.701705 
-0.839000 -4.720360 
-0.838000 -4.738828 
-0.837000 -4.757110 
-0.836000 -4.775203 
-0.835000 -4.793108 
-0.834000 -4.810824 
-0.833000 -4.828350 
-0.832000 -4.845685 
-0.831000 -4.862829 
-0.830000 -4.879781 
-0.829000 -4.896541 
-0.828000 -4.913107 
-0.827000 -4.929479 
-0.826000 -4.945656 
-0.825000 -4.961639 
-0.824000 -4.977425 
-0.823000 -4.993015 
-0.822000 -5.008408 
-0.821000 -5.023603 
-0.820000 -5.038599 
-0.819000 -5.053397 
-0.818000 -5.067995 
-0.817000 -5.082394 
-0.816000 -5.096591 
-0.815000 -5.110587 
-0.814000 -5.124382 
-0.813000 -5.137974 
-0.812000 -5.151364 
-0.811000 -5.164550 
-0.810000 -5.177532 
-0.809000 -5.190310 
-0.808000 -5.202883 
-0.807000 -5.215250 
-0.806000 -5.227412 
-0.805000 -5.239367 
-0.804000 -5.251116 
-0.803000 -5.262657 
-0.802000 -5.273990 
-0.801000 -5.285115 
-0.800000 -5.296032 
-0.799000 -5.306739 
-0.798000 -5.317237 
-0.797000 -5.327525 
-0.796000 -5.337603 
-0.795000 -5.347470 
-0.794000 -5.357125 
-0.793000 -5.366570 
-0.792000 -5.375802 
-0.791000 -5.384822 
-0.790000 -5.393630 
-0.789000 -5.402225 
-0.788000 -5.410606 
-0.787000 -5.418774 
-0.786000 -5.426728 
-0.785000 -5.434468 
-0.784000 -5.441993 
-0.783000 -5.449303 
-0.782000 -5.456398 
-0.781000 -5.463278 
-0.780000 -5.469942 
-0.779000 -5.476391 
-0.778000 -5.482622 
-0.777000 -5.488638 
-0.776000 -5.494437 
-0.775000 -5.500019 
-0.774000 -5.505384 
-0.773000 -5.510531 
-0.772000 -5.515461 
-0.771000 -5.520173 
-0.770000 -5.524667 
-0.769000 -5.528943 
-0.768000 -5.533001 
-0.767000 -5.536841 
-0.766000 -5.540462 
-0.765000 -5.543864 
-0.764000 -5.547047 
-0.763000 -5.550011 
-0.762000 -5.552756 
-0.761000 -5.555282 
-0.760000 -5.557589 
-0.759000 -5.559676 
-0.758000 -5.561544 
-0.757000 -5.563192 
-0.756000 -5.564621 
-0.755000 -5.565829 
-0.754000 -5.566819 
-0.753000 -5.567588 
-0.752000 -5.568138 
-0.751000 -5.568467 
-0.750000 -5.568577 
-0.749000 -5.568467 
-0.748000 -5.568138 
-0.747000 -5.567588 
-0.746000 -5.566819 
-0.745000 -5.565829 
-0.744000 -5.564621 
-0.743000 -5.563192 
-0.742000 -5.561544 
-0.741000 -5.559676 
-0.740000 -5.557589 
-0.739000 -5.555282 
-0.738000 -5.552756 
-0.737000 -5.550011 
-0.736000 -5.547047 
-0.735000 -5.543864 
-0.734000 -5.540462 
-0.733000 -5.536841 
-0.732000 -5.533001 
-0.731000 -5.528943 
-0.730000 -5.524667 
-0.729000 -5.520173 
-0.728000 -5.515461 
-0.727000 -5.510531 
-0.726000 -5.505384 
-0.725000 -5.500019 
-0.724000 -5.494437 
-0.723000 -5.488638 
-0.722000 -5.482622 
-0.721000 -5.476391 
-0.720000 -5.469942 
-0.719000 -5.463278 
-0.718000 -5.456398 
-0.717000 -5.449303 
-0.716000 -5.441993 
-0.715000 -5.434468 
-0.714000 -5.426728 
-0.713000 -5.418774 
-0.712000 -5.410606 
-0.711000 -5.402225 
-0.710000 -5.393630 
-0.709000 -5.384822 
-0.708000 -5.375802 
-0.707000 -5.366570 
-0.706000 -5.357125 
-0.705000 -5.347470 
-0.704000 -5.337603 
-0.703000 -5.327525 
-0.702000 -5.317237 
-0.701000 -5.306739 
-0.700000 -5.296032 
-0.699000 -5.285115 
-0.698000 -5.273990 
-0.697000 -5.262657 
-0.696000 -5.251116 
-0.695000 -5.239367 
-0.694000 -5.227412 
-0.693000 -5.215250 
-0.692000 -5.202883 
-0.691000 -5.190310 
-0.690000 -5.177532 
-0.689000 -5.164550 
-0.688000 -5.151364 
-0.687000 -5.137974 
-0.686000 -5.124382 
-0.685000 -5.110587 
-0.684000 -5.096591 
-0.683000 -5.082394 
-0.682000 -5.067995 
-0.681000 -5.053397 
-0.680000 -5.038599 
-0.679000 -5.023603 
-0.678000 -5.008408 
-0.677000 -4.993015 
-0.676000 -4.977425 
-0.675000 -4.961639 
-0.674000 -4.945656 
-0.673000 -4.929479 
-0.672000 -4.913107 
-0.671000 -4.896541 
-0.670000 -4.879781 
-0.669000 -4.862829 
-0.668000 -4.845685 
-0.667000 -4.828350 
-0.666000 -4.810824 
-0.665000 -4.793108 
-0.664000 -4.775203 
-0.663000 -4.757110 
-0.662000 -4.738828 
-0.661000 -4.720360 
-0.660000 -4.701705 
-0.659000 -4.682865 
-0.658000 -4.663840 
-0.657000 -4.644630 
-0.656000 -4.625237 
-0.655000 -4.605662 
-0.654000 -4.585905 
-0.653000 -4.565967 
-0.652000 -4.545848 
-0.651000 -4.525550 
-0.650000 -4.505074 
-0.649000 -4.484419 
-0.648000 -4.463588 
-0.647000 -4.442580 
-0.646000 -4.421397 
-0.645000 -4.400039 
-0.644000 -4.378508 
-0.643000 -4.356804 
-0.642000 -4.334927 
-0.641000 -4.312880 
-0.640000 -4.290662 
-0.639000 -4.268275 
-0.638000 -4.245720 
-0.637000 -4.222997 
-0.636000 -4.200107 
-0.635000 -4.177051 
-0.634000 -4.153831 
-0.633000 -4.130446 
-0.632000 -4.106899 
-0.631000 -4.083189 
-0.630000 -4.059318 
-0.629000 -4.035287 
-0.628000 -4.011096 
-0.627000 -3.986748 
-0.626000 -3.962241 
-0.625000 -3.937579 
-0.624000 -3.912761 
-0.623000 -3.887788 
-0.622000 -3.862662 
-0.621000 -3.837383 
-0.620000 -3.811953 
-0.619000 -3.786373 
-0.618000 -3.760643 
-0.617000 -3.734764 
-0.616000 -3.708738 
-0.615000 -3.682566 
-0.614000 -3.656248 
-0.613000 -3.629786 
-0.612000 -3.603181 
-0.611000 -3.576433 
-0.610000 -3.549545 
-0.609000 -3.522516 
-0.608000 -3.495348 
-0.607000 -3.468042 
-0.606000 -3.440599 
-0.605000 -3.413020 
-0.604000 -3.385307 
-0.603000 -3.357460 
-0.602000 -3.329480 
-0.601000 -3.301369 
-0.600000 -3.273128 
-0.599000 -3.244757 
-0.598000 -3.216258 
-0.597000 -3.187632 
-0.596000 -3.158881 
-0.595000 -3.130005 
-0.594000 -3.101005 
-0.593000 -3.071883 
-0.592000 -3.042639 
-0.591000 -3.013275 
-0.590000 -2.983793 
-0.589000 -2.954192 
-0.588000 -2.924475 
-0.587000 -2.894643 
-0.586000 -2.864696 
-0.585000 -2.834636 
-0.584000 -2.804465 
-0.583000 -2.774182 
-0.582000 -2.743790 
-0.581000 -2.713290 
-0.580000 -2.682683 
-0.579000 -2.651969 
-0.578000 -2.621151 
-0.577000 -2.590230 
-0.576000 -2.559206 
-0.575000 -2.528081 
-0.574000 -2.496857 
-0.573000 -2.465533 
-0.572000 -2.434113 
-0.571000 -2.402596 
-0.570000 -2.370985 
-0.569000 -2.339280 
-0.568000 -2.307482 
-0.567000 -2.275594 
-0.566000 -2.243616 
-0.565000 -2.211549 
-0.564000 -2.179394 
-0.563000 -2.147154 
-0.562000 -2.114829 
-0.561000 -2.082421 
-0.560000 -2.049930 
-0.559000 -2.017358 
-0.558000 -1.984707 
-0.557000 -1.951977 
-0.556000 -1.919171 
-0.555000 -1.886288 
-0.554000 -1.853331 
-0.553000 -1.820301 
-0.552000 -1.787199 
-0.551000 -1.754027 
-0.550000 -1.720785 
-0.549000 -1.687475 
-0.548000 -1.654099 
-0.547000 -1.620657 
-0.546000 -1.587152 
-0.545000 -1.553584 
-0.544000 -1.519954 
-0.543000 -1.486264 
-0.542000 -1.452516 
-0.541000 -1.418710 
-0.540000 -1.384849 
-0.539000 -1.350933 
-0.538000 -1.316963 
-0.537000 -1.282941 
-0.536000 -1.248869 
-0.535000 -1.214747 
-0.534000 -1.180578 
-0.533000 -1.146362 
-0.532000 -1.112100 
-0.531000 -1.077795 
-0.530000 -1.043447 
-0.529000 -1.009058 
-0.528000 -0.974629 
-0.527000 -0.940162 
-0.526000 -0.905658 
-0.525000 -0.871117 
-0.524000 -0.836543 
-0.523000 -0.801935 
-0.522000 -0.767296 
-0.521000 -0.732626 
-0.520000 -0.697928 
-0.519000 -0.663202 
-0.518000 -0.628449 
-0.517000 -0.593672 
-0.516000 -0.558872 
-0.515000 -0.524049 
-0.514000 -0.489206 
-0.513000 -0.454344 
-0.512000 -0.419463 
-0.511000 -0.384566 
-0.510000 -0.349654 
-0.509000 -0.314728 
-0.508000 -0.279789 
-0.507000 -0.244840 
-0.506000 -0.209881 
-0.505000 -0.174913 
-0.504000 -0.139939 
-0.503000 -0.104959 
-0.502000 -0.069975 
-0.501000 -0.034988 
-0.500000 -0.000000 
-0.499000 0.034988 
-0.498000 0.069975 
-0.497000 0.104959 
-0.496000 0.139939 
-0.495000 0.174913 
-0.494000 0.209881 
-0.493000 0.244840 
-0.492000 0.279789 
-0.491000 0.314728 
-0.490000 0.349654 
-0.489000 0.384566 
-0.488000 0.419463 
-0.487000 0.454344 
-0.486000 0.489206 
-0.485000 0.524049 
-0.484000 0.558872 
-0.483000 0.593672 
-0.482000 0.628449 
-0.481000 0.663202 
-0.480000 0.697928 
-0.479000 0.732626 
-0.478000 0.767296 
-0.477000 0.801935 
-0.476000 0.836543 
-0.475000 0.871117 
-0.474000 0.905658 
-0.473000 0.940162 
-0.472000 0.974629 
-0.471000 1.009058 
-0.470000 1.043447 
-0.469000 1.077795 
-0.468000 1.112100 
-0.467000 1.146362 
-0.466000 1.180578 
-0.465000 1.214747 
-0.464000 1.248869 
-0.463000 1.282941 
-0.462000 1.316963 
-0.461000 1.350933 
-0.460000 1.384849 
-0.459000 1.418710 
-0.458000 1.452516 
-0.457000 1.486264 
-0.456000 1.519954 
-0.455000 1.553584 
-0.454000 1.587152 
-0.453000 1.620657 
-0.452000 1.654099 
-0.451000 1.687475 
-0.450000 1.720785 
-0.449000 1.754027 
-0.448000 1.787199 
-0.447000 1.820301 
-0.446000 1.853331 
-0.445000 1.886288 
-0.444000 1.919171 
-0.443000 1.951977 
-0.442000 1.984707 
-0.441000 2.017358 
-0.440000 2.049930 
-0.439000 2.082421 
-0.438000 2.114829 
-0.437000 2.147154 
-0.436000 2.179394 
-0.435000 2.211549 
-0.434000 2.243616 
-0.433000 2.275594 
-0.432000 2.307482 
-0.431000 2.339280 
-0.430000 2.370985 
-0.429000 2.402596 
-0.428000 2.434113 
-0.427000 2.465533 
-0.426000 2.496857 
-0.425000 2.528081 
-0.424000 2.559206 
-0.423000 2.590230 
-0.422000 2.621151 
-0.421000 2.651969 
-0.420000 2.682683 
-0.419000 2.713290 
-0.418000 2.743790 
-0.417000 2.774182 
-0.416000 2.804465 
-0.415000 2.834636 
-0.414000 2.864696 
-0.413000 2.894643 
-0.412000 2.924475 
-0.411000 2.954192 
-0.410000 2.983793 
-0.409000 3.013275 
-0.408000 3.042639 
-0.407000 3.071883 
-0.406000 3.101005 
-0.405000 3.130005 
-0.404000 3.158881 
-0.403000 3.187632 
-0.402000 3.216258 
-0.401000 3.244757 
-0.400000 3.273128 
-0.399000 3.301369 
-0.398000 3.329480 
-0.397000 3.357460 
-0.396000 3.385307 
-0.395000 3.413020 
-0.394000 3.440599 
-0.393000 3.468042 
-0.392000 3.495348 
-0.391000 3.522516 
-0.390000 3.549545 
-0.389000 3.576433 
-0.388000 3.603181 
-0.387000 3.629786 
-0.386000 3.656248 
-0.385000 3.682566 
-0.384000 3.708738 
-0.383000 3.734764 
-0.382000 3.760643 
-0.381000 3.786373 
-0.380000 3.811953 
-0.379000 3.837383 
-0.378000 3.862662 
-0.377000 3.887788 
-0.376000 3.912761 
-0.375000 3.937579 
-0.374000 3.962241 
-0.373000 3.986748 
-0.372000 4.011096 
-0.371000 4.035287 
-0.370000 4.059318 
-0.369000 4.083189 
-0.368000 4.106899 
-0.367000 4.130446 
-0.366000 4.153831 
-0.365000 4.177051 
-0.364000 4.200107 
-0.363000 4.222997 
-0.362000 4.245720 
-0.361000 4.268275 
-0.360000 4.290662 
-0.359000 4.312880 
-0.358000 4.334927 
-0.357000 4.356804 
-0.356000 4.378508 
-0.355000 4.400039 
-0.354000 4.421397 
-0.353000 4.442580 
-0.352000 4.463588 
-0.351000 4.484419 
-0.350000 4.505074 
-0.349000 4.525550 
-0.348000 4.545848 
-0.347000 4.565967 
-0.346000 4.585905 
-0.345000 4.605662 
-0.344000 4.625237 
-0.343000 4.644630 
-0.342000 4.663840 
-0.341000 4.682865 
-0.340000 4.701705 
-0.339000 4.720360 
-0.338000 4.738828 
-0.337000 4.757110 
-0.336000 4.775203 
-0.335000 4.793108 
-0.334000 4.810824 
-0.333000 4.828350 
-0.332000 4.845685 
-0.331000 4.862829 
-0.330000 4.879781 
-0.329000 4.896541 
-0.328000 4.913107 
-0.327000 4.929479 
-0.326000 4.945656 
-0.325000 4.961639 
-0.324000 4.977425 
-0.323000 4.993015 
-0.322000 5.008408 
-0.321000 5.023603 
-0.320000 5.038599 
-0.319000 5.053397 
-0.318000 5.067995 
-0.317000 5.082394 
-0.316000 5.096591 
-0.315000 5.110587 
-0.314000 5.124382 
-0.313000 5.137974 
-0.312000 5.151364 
-0.311000 5.164550 
-0.310000 5.177532 
-0.309000 5.190310 
-0.308000 5.202883 
-0.307000 5.215250 
-0.306000 5.227412 
-0.305000 5.239367 
-0.304000 5.251116 
-0.303000 5.262657 
-0.302000 5.273990 
-0.301000 5.285115 
-0.300000 5.296032 
-0.299000 5.306739 
-0.298000 5.317237 
-0.297000 5.327525 
-0.296000 5.337603 
-0.295000 5.347470 
-0.294000 5.357125 
-0.293000 5.366570 
-0.292000 5.375802 
-0.291000 5.384822 
-0.290000 5.393630 
-0.289000 5.402225 
-0.288000 5.410606 
-0.287000 5.418774 
-0.286000 5.426728 
-0.285000 5.434468 
-0.284000 5.441993 
-0.283000 5.449303 
-0.282000 5.456398 
-0.281000 5.463278 
-0.280000 5.469942 
-0.279000 5.476391 
-0.278000 5.482622 
-0.277000 5.488638 
-0.276000 5.494437 
-0.275000 5.500019 
-0.274000 5.505384 
-0.273000 5.510531 
-0.272000 5.515461 
-0.271000 5.520173 
-0.270000 5.524667 
-0.269000 5.528943 
-0.268000 5.533001 
-0.267000 5.536841 
-0.266000 5.540462 
-0.265000 5.543864 
-0.264000 5.547047 
-0.263000 5.550011 
-0.262000 5.552756 
-0.261000 5.555282 
-0.260000 5.557589 
-0.259000 5.559676 
-0.258000 5.561544 
-0.257000 5.563192 
-0.256000 5.564621 
-0.255000 5.565829 
-0.254000 5.566819 
-0.253000 5.567588 
-0.252000 5.568138 
-0.251000 5.568467 
-0.250000 5.568577 
-0.249000 5.568467 
-0.248000 5.568138 
-0.247000 5.567588 
-0.246000 5.566819 
-0.245000 5.565829 
-0.244000 5.564621 
-0.243000 5.563192 
-0.242000 5.561544 
-0.241000 5.559676 
-0.240000 5.557589 
-0.239000 5.555282 
-0.238000 5.552756 
-0.237000 5.550011 
-0.236000 5.547047 
-0.235000 5.543864 
-0.234000 5.540462 
-0.233000 5.536841 
-0.232000 5.533001 
-0.231000 5.528943 
-0.230000 5.524667 
-0.229000 5.520173 
-0.228000 5.515461 
-0.227000 5.510531 
-0.226000 5.505384 
-0.225000 5.500019 
-0.224000 5.494437 
-0.223000 5.488638 
-0.222000 5.482622 
-0.221000 5.476391 
-0.220000 5.469942 
-0.219000 5.463278 
-0.218000 5.456398 
-0.217000 5.449303 
-0.216000 5.441993 
-0.215000 5.434468 
-0.214000 5.426728 
-0.213000 5.418774 
-0.212000 5.410606 
-0.211000 5.402225 
-0.210000 5.393630 
-0.209000 5.384822 
-0.208000 5.375802 
-0.207000 5.366570 
-0.206000 5.357125 
-0.205000 5.347470 
-0.204000 5.337603 
-0.203000 5.327525 
-0.202000 5.317237 
-0.201000 5.306739 
-0.200000 5.296032 
-0.199000 5.285115 
-0.198000 5.273990 
-0.197000 5.262657 
-0.196000 5.251116 
-0.195000 5.239367 
-0.194000 5.227412 
-0.193000 5.215250 
-0.192000 5.202883 
-0.191000 5.190310 
-0.190000 5.177532 
-0.189000 5.164550 
-0.188000 5.151364 
-0.187000 5.137974 
-0.186000 5.124382 
-0.185000 5.110587 
-0.184000 5.096591 
-0.183000 5.082394 
-0.182000 5.067995 
-0.181000 5.053397 
-0.180000 5.038599 
-0.179000 5.023603 
-0.178000 5.008408 
-0.177000 4.993015 
-0.176000 4.977425 
-0.175000 4.961639 
-0.174000 4.945656 
-0.173000 4.929479 
-0.172000 4.913107 
-0.171000 4.896541 
-0.170000 4.879781 
-0.169000 4.862829 
-0.168000 4.845685 
-0.167000 4.828350 
-0.166000 4.810824 
-0.165000 4.793108 
-0.164000 4.775203 
-0.163000 4.757110 
-0.162000 4.738828 
-0.161000 4.720360 
-0.160000 4.701705 
-0.159000 4.682865 
-0.158000 4.663840 
-0.157000 4.644630 
-0.156000 4.625237 
-0.155000 4.605662 
-0.154000 4.585905 
-0.153000 4.565967 
-0.152000 4.545848 
-0.151000 4.525550 
-0.150000 4.505074 
-0.149000 4.484419 
-0.148000 4.463588 
-0.147000 4.442580 
-0.146000 4.421397 
-0.145000 4.400039 
-0.144000 4.378508 
-0.143000 4.356804 
-0.142000 4.334927 
-0.141000 4.312880 
-0.140000 4.290662 
-0.139000 4.268275 
-0.138000 4.245720 
-0.137000 4.222997 
-0.136000 4.200107 
-0.135000 4.177051 
-0.134000 4.153831 
-0.133000 4.130446 
-0.132000 4.106899 
-0.131000 4.083189 
-0.130000 4.059318 
-0.129000 4.035287 
-0.128000 4.011096 
-0.127000 3.986748 
-0.126000 3.962241 
-0.125000 3.937579 
-0.124000 3.912761 
-0.123000 3.887788 
-0.122000 3.862662 
-0.121000 3.837383 
-0.120000 3.811953 
-0.119000 3.786373 
-0.118000 3.760643 
-0.117000 3.734764 
-0.116000 3.708738 
-0.115000 3.682566 
-0.114000 3.656248 
-0.113000 3.629786 
-0.112000 3.603181 
-0.111000 3.576433 
-0.110000 3.549545 
-0.109000 3.522516 
-0.108000 3.495348 
-0.107000 3.468042 
-0.106000 3.440599 
-0.105000 3.413020 
-0.104000 3.385307 
-0.103000 3.357460 
-0.102000 3.329480 
-0.101000 3.301369 
-0.100000 3.273128 
-0.099000 3.244757 
-0.098000 3.216258 
-0.097000 3.187632 
-0.096000 3.158881 
-0.095000 3.130005 
-0.094000 3.101005 
-0.093000 3.071883 
-0.092000 3.042639 
-0.091000 3.013275 
-0.090000 2.983793 
-0.089000 2.954192 
-0.088000 2.924475 
-0.087000 2.894643 
-0.086000 2.864696 
-0.085000 2.834636 
-0.084000 2.804465 
-0.083000 2.774182 
-0.082000 2.743790 
-0.081000 2.713290 
-0.080000 2.682683 
-0.079000 2.651969 
-0.078000 2.621151 
-0.077000 2.590230 
-0.076000 2.559206 
-0.075000 2.528081 
-0.074000 2.496857 
-0.073000 2.465533 
-0.072000 2.434113 
-0.071000 2.402596 
-0.070000 2.370985 
-0.069000 2.339280 
-0.068000 2.307482 
-0.067000 2.275594 
-0.066000 2.243616 
-0.065000 2.211549 
-0.064000 2.179394 
-0.063000 2.147154 
-0.062000 2.114829 
-0.061000 2.082421 
-0.060000 2.049930 
-0.059000 2.017358 
-0.058000 1.984707 
-0.057000 1.951977 
-0.056000 1.919171 
-0.055000 1.886288 
-0.054000 1.853331 
-0.053000 1.820301 
-0.052000 1.787199 
-0.051000 1.754027 
-0.050000 1.720785 
-0.049000 1.687475 
-0.048000 1.654099 
-0.047000 1.620657 
-0.046000 1.587152 
-0.045000 1.553584 
-0.044000 1.519954 
-0.043000 1.486264 
-0.042000 1.452516 
-0.041000 1.418710 
-0.040000 1.384849 
-0.039000 1.350933 
-0.038000 1.316963 
-0.037000 1.282941 
-0.036000 1.248869 
-0.035000 1.214747 
-0.034000 1.180578 
-0.033000 1.146362 
-0.032000 1.112100 
-0.031000 1.077795 
-0.030000 1.043447 
-0.029000 1.009058 
-0.028000 0.974629 
-0.027000 0.940162 
-0.026000 0.905658 
-0.025000 0.871117 
-0.024000 0.836543 
-0.023000 0.801935 
-0.022000 0.767296 
-0.021000 0.732626 
-0.020000 0.697928 
-0.019000 0.663202 
-0.018000 0.628449 
-0.017000 0.593672 
-0.016000 0.558872 
-0.015000 0.524049 
-0.014000 0.489206 
-0.013000 0.454344 
-0.012000 0.419463 
-0.011000 0.384566 
-0.010000 0.349654 
-0.009000 0.314728 
-0.008000 0.279789 
-0.007000 0.244840 
-0.006000 0.209881 
-0.005000 0.174913 
-0.004000 0.139939 
-0.003000 0.104959 
-0.002000 0.069975 
-0.001000 0.034988 
-0.000000 0.000000 
0.001000 -0.034988 
0.002000 -0.069975 
0.003000 -0.104959 
0.004000 -0.139939 
0.005000 -0.174913 
0.006000 -0.209881 
0.007000 -0.244840 
0.008000 -0.279789 
0.009000 -0.314728 
0.010000 -0.349654 
0.011000 -0.384566 
0.012000 -0.419463 
0.013000 -0.454344 
0.014000 -0.489206 
0.015000 -0.524049 
0.016000 -0.558872 
0.017000 -0.593672 
0.018000 -0.628449 
0.019000 -0.663202 
0.020000 -0.697928 
0.021000 -0.732626 
0.022000 -0.767296 
0.023000 -0.801935 
0.024000 -0.836543 
0.025000 -0.871117 
0.026000 -0.905658 
0.027000 -0.940162 
0.028000 -0.974629 
0.029000 -1.009058 
0.030000 -1.043447 
0.031000 -1.077795 
0.032000 -1.112100 
0.033000 -1.146362 
0.034000 -1.180578 
0.035000 -1.214747 
0.036000 -1.248869 
0.037000 -1.282941 
0.038000 -1.316963 
0.039000 -1.350933 
0.040000 -1.384849 
0.041000 -1.418710 
0.042000 -1.452516 
0.043000 -1.486264 
0.044000 -1.519954 
0.045000 -1.553584 
0.046000 -1.587152 
0.047000 -1.620657 
0.048000 -1.654099 
0.049000 -1.687475 
0.050000 -1.720785 
0.051000 -1.754027 
0.052000 -1.787199 
0.053000 -1.820301 
0.054000 -1.853331 
0.055000 -1.886288 
0.056000 -1.919171 
0.057000 -1.951977 
0.058000 -1.984707 
0.059000 -2.017358 
0.060000 -2.049930 
0.061000 -2.082421 
0.062000 -2.114829 
0.063000 -2.147154 
0.064000 -2.179394 
0.065000 -2.211549 
0.066000 -2.243616 
0.067000 -2.275594 
0.068000 -2.307482 
0.069000 -2.339280 
0.070000 -2.370985 
0.071000 -2.402596 
0.072000 -2.434113 
0.073000 -2.465533 
0.074000 -2.496857 
0.075000 -2.528081 
0.076000 -2.559206 
0.077000 -2.590230 
0.078000 -2.621151 
0.079000 -2.651969 
0.080000 -2.682683 
0.081000 -2.713290 
0.082000 -2.743790 
0.083000 -2.774182 
0.084000 -2.804465 
0.085000 -2.834636 
0.086000 -2.864696 
0.087000 -2.894643 
0.088000 -2.924475 
0.089000 -2.954192 
0.090000 -2.983793 
0.091000 -3.013275 
0.092000 -3.042639 
0.093000 -3.071883 
0.094000 -3.101005 
0.095000 -3.130005 
0.096000 -3.158881 
0.097000 -3.187632 
0.098000 -3.216258 
0.099000 -3.244757 
0.100000 -3.273128 
0.101000 -3.301369 
0.102000 -3.329480 
0.103000 -3.357460 
0.104000 -3.385307 
0.105000 -3.413020 
0.106000 -3.440599 
0.107000 -3.468042 
0.108000 -3.495348 
0.109000 -3.522516 
0.110000 -3.549545 
0.111000 -3.576433 
0.112000 -3.603181 
0.113000 -3.629786 
0.114000 -3.656248 
0.115000 -3.682566 
0.116000 -3.708738 
0.117000 -3.734764 
0.118000 -3.760643 
0.119000 -3.786373 
0.120000 -3.811953 
0.121000 -3.837383 
0.122000 -3.862662 
0.123000 -3.887788 
0.124000 -3.912761 
0.125000 -3.937579 
0.126000 -3.962241 
0.127000 -3.986748 
0.128000 -4.011096 
0.129000 -4.035287 
0.130000 -4.059318 
0.131000 -4.083189 
0.132000 -4.106899 
0.133000 -4.130446 
0.134000 -4.153831 
0.135000 -4.177051 
0.136000 -4.200107 
0.137000 -4.222997 
0.138000 -4.245720 
0.139000 -4.268275 
0.140000 -4.290662 
0.141000 -4.312880 
0.142000 -4.334927 
0.143000 -4.356804 
0.144000 -4.378508 
0.145000 -4.400039 
0.146000 -4.421397 
0.147000 -4.442580 
0.148000 -4.463588 
0.149000 -4.484419 
0.150000 -4.505074 
0.151000 -4.525550 
0.152000 -4.545848 
0.153000 -4.565967 
0.154000 -4.585905 
0.155000 -4.605662 
0.156000 -4.625237 
0.157000 -4.644630 
0.158000 -4.663840 
0.159000 -4.682865 
0.160000 -4.701705 
0.161000 -4.720360 
0.162000 -4.738828 
0.163000 -4.757110 
0.164000 -4.775203 
0.165000 -4.793108 
0.166000 -4.810824 
0.167000 -4.828350 
0.168000 -4.845685 
0.169000 -4.862829 
0.170000 -4.879781 
0.171000 -4.896541 
0.172000 -4.913107 
0.173000 -4.929479 
0.174000 -4.945656 
0.175000 -4.961639 
0.176000 -4.977425 
0.177000 -4.993015 
0.178000 -5.008408 
0.179000 -5.023603 
0.180000 -5.038599 
0.181000 -5.053397 
0.182000 -5.067995 
0.183000 -5.082394 
0.184000 -5.096591 
0.185000 -5.110587 
0.186000 -5.124382 
0.187000 -5.137974 
0.188000 -5.151364 
0.189000 -5.164550 
0.190000 -5.177532 
0.191000 -5.190310 
0.192000 -5.202883 
0.193000 -5.215250 
0.194000 -5.227412 
0.195000 -5.239367 
0.196000 -5.251116 
0.197000 -5.262657 
0.198000 -5.273990 
0.199000 -5.285115 
0.200000 -5.296032 
0.201000 -5.306739 
0.202000 -5.317237 
0.203000 -5.327525 
0.204000 -5.337603 
0.205000 -5.347470 
0.206000 -5.357125 
0.207000 -5.366570 
0.208000 -5.375802 
0.209000 -5.384822 
0.210000 -5.393630 
0.211000 -5.402225 
0.212000 -5.410606 
0.213000 -5.418774 
0.214000 -5.426728 
0.215000 -5.434468 
0.216000 -5.441993 
0.217000 -5.449303 
0.218000 -5.456398 
0.219000 -5.463278 
0.220000 -5.469942 
0.221000 -5.476391 
0.222000 -5.482622 
0.223000 -5.488638 
0.224000 -5.494437 
0.225000 -5.500019 
0.226000 -5.505384 
0.227000 -5.510531 
0.228000 -5.515461 
0.229000 -5.520173 
0.230000 -5.524667 
0.231000 -5.528943 
0.232000 -5.533001 
0.233000 -5.536841 
0.234000 -5.540462 
0.235000 -5.543864 
0.236000 -5.547047 
0.237000 -5.550011 
0.238000 -5.552756 
0.239000 -5.555282 
0.240000 -5.557589 
0.241000 -5.559676 
0.242000 -5.561544 
0.243000 -5.563192 
0.244000 -5.564621 
0.245000 -5.565829 
0.246000 -5.566819 
0.247000 -5.567588 
0.248000 -5.568138 
0.249000 -5.568467 
0.250000 -5.568577 
0.251000 -5.568467 
0.252000 -5.568138 
0.253000 -5.567588 
0.254000 -5.566819 
0.255000 -5.565829 
0.256000 -5.564621 
0.257000 -5.563192 
0.258000 -5.561544 
0.259000 -5.559676 
0.260000 -5.557589 
0.261000 -5.555282 
0.262000 -5.552756 
0.263000 -5.550011 
0.264000 -5.547047 
0.265000 -5.543864 
0.266000 -5.540462 
0.267000 -5.536841 
0.268000 -5.533001 
0.269000 -5.528943 
0.270000 -5.524667 
0.271000 -5.520173 
0.272000 -5.515461 
0.273000 -5.510531 
0.274000 -5.505384 
0.275000 -5.500019 
0.276000 -5.494437 
0.277000 -5.488638 
0.278000 -5.482622 
0.279000 -5.476391 
0.280000 -5.469942 
0.281000 -5.463278 
0.282000 -5.456398 
0.283000 -5.449303 
0.284000 -5.441993 
0.285000 -5.434468 
0.286000 -5.426728 
0.287000 -5.418774 
0.288000 -5.410606 
0.289000 -5.402225 
0.290000 -5.393630 
0.291000 -5.384822 
0.292000 -5.375802 
0.293000 -5.366570 
0.294000 -5.357125 
0.295000 -5.347470 
0.296000 -5.337603 
0.297000 -5.327525 
0.298000 -5.317237 
0.299000 -5.306739 
0.300000 -5.296032 
0.301000 -5.285115 
0.302000 -5.273990 
0.303000 -5.262657 
0.304000 -5.251116 
0.305000 -5.239367 
0.306000 -5.227412 
0.307000 -5.215250 
0.308000 -5.202883 
0.309000 -5.190310 
0.310000 -5.177532 
0.311000 -5.164550 
0.312000 -5.151364 
0.313000 -5.137974 
0.314000 -5.124382 
0.315000 -5.110587 
0.316000 -5.096591 
0.317000 -5.082394 
0.318000 -5.067995 
0.319000 -5.053397 
0.320000 -5.038599 
0.321000 -5.023603 
0.322000 -5.008408 
0.323000 -4.993015 
0.324000 -4.977425 
0.325000 -4.961639 
0.326000 -4.945656 
0.327000 -4.929479 
0.328000 -4.913107 
0.329000 -4.896541 
0.330000 -4.879781 
0.331000 -4.862829 
0.332000 -4.845685 
0.333000 -4.828350 
0.334000 -4.810824 
0.335000 -4.793108 
0.336000 -4.775203 
0.337000 -4.757110 
0.338000 -4.738828 
0.339000 -4.720360 
0.340000 -4.701705 
0.341000 -4.682865 
0.342000 -4.663840 
0.343000 -4.644630 
0.344000 -4.625237 
0.345000 -4.605662 
0.346000 -4.585905 
0.347000 -4.565967 
0.348000 -4.545848 
0.349000 -4.525550 
0.350000 -4.505074 
0.351000 -4.484419 
0.352000 -4.463588 
0.353000 -4.442580 
0.354000 -4.421397 
0.355000 -4.400039 
0.356000 -4.378508 
0.357000 -4.356804 
0.358000 -4.334927 
0.359000 -4.312880 
0.360000 -4.290662 
0.361000 -4.268275 
0.362000 -4.245720 
0.363000 -4.222997 
0.364000 -4.200107 
0.365000 -4.177051 
0.366000 -4.153831 
0.367000 -4.130446 
0.368000 -4.106899 
0.369000 -4.083189 
0.370000 -4.059318 
0.371000 -4.035287 
0.372000 -4.011096 
0.373000 -3.986748 
0.374000 -3.962241 
0.375000 -3.937579 
0.376000 -3.912761 
0.377000 -3.887788 
0.378000 -3.862662 
0.379000 -3.837383 
0.380000 -3.811953 
0.381000 -3.786373 
0.382000 -3.760643 
0.383000 -3.734764 
0.384000 -3.708738 
0.385000 -3.682566 
0.386000 -3.656248 
0.387000 -3.629786 
0.388000 -3.603181 
0.389000 -3.576433 
0.390000 -3.549545 
0.391000 -3.522516 
0.392000 -3.495348 
0.393000 -3.468042 
0.394000 -3.440599 
0.395000 -3.413020 
0.396000 -3.385307 
0.397000 -3.357460 
0.398000 -3.329480 
0.399000 -3.301369 
0.400000 -3.273128 
0.401000 -3.244757 
0.402000 -3.216258 
0.403000 -3.187632 
0.404000 -3.158881 
0.405000 -3.130005 
0.406000 -3.101005 
0.407000 -3.071883 
0.408000 -3.042639 
0.409000 -3.013275 
0.410000 -2.983793 
0.411000 -2.954192 
0.412000 -2.924475 
0.413000 -2.894643 
0.414000 -2.864696 
0.415000 -2.834636 
0.416000 -2.804465 
0.417000 -2.774182 
0.418000 -2.743790 
0.419000 -2.713290 
0.420000 -2.682683 
0.421000 -2.651969 
0.422000 -2.621151 
0.423000 -2.590230 
0.424000 -2.559206 
0.425000 -2.528081 
0.426000 -2.496857 
0.427000 -2.465533 
0.428000 -2.434113 
0.429000 -2.402596 
0.430000 -2.370985 
0.431000 -2.339280 
0.432000 -2.307482 
0.433000 -2.275594 
0.434000 -2.243616 
0.435000 -2.211549 
0.436000 -2.179394 
0.437000 -2.147154 
0.438000 -2.114829 
0.439000 -2.082421 
0.440000 -2.049930 
0.441000 -2.017358 
0.442000 -1.984707 
0.443000 -1.951977 
0.444000 -1.919171 
0.445000 -1.886288 
0.446000 -1.853331 
0.447000 -1.820301 
0.448000 -1.787199 
0.449000 -1.754027 
0.450000 -1.720785 
0.451000 -1.687475 
0.452000 -1.654099 
0.453000 -1.620657 
0.454000 -1.587152 
0.455000 -1.553584 
0.456000 -1.519954 
0.457000 -1.486264 
0.458000 -1.452516 
0.459000 -1.418710 
0.460000 -1.384849 
0.461000 -1.350933 
0.462000 -1.316963 
0.463000 -1.282941 
0.464000 -1.248869 
0.465000 -1.214747 
0.466000 -1.180578 
0.467000 -1.146362 
0.468000 -1.112100 
0.469000 -1.077795 
0.470000 -1.043447 
0.471000 -1.009058 
0.472000 -0.974629 
0.473000 -0.940162 
0.474000 -0.905658 
0.475000 -0.871117 
0.476000 -0.836543 
0.477000 -0.801935 
0.478000 -0.767296 
0.479000 -0.732626 
0.480000 -0.697928 
0.481000 -0.663202 
0.482000 -0.628449 
0.483000 -0.593672 
0.484000 -0.558872 
0.485000 -0.524049 
0.486000 -0.489206 
0.487000 -0.454344 
0.488000 -0.419463 
0.489000 -0.384566 
0.490000 -0.349654 
0.491000 -0.314728 
0.492000 -0.279789 
0.493000 -0.244840 
0.494000 -0.209881 
0.495000 -0.174913 
0.496000 -0.139939 
0.497000 -0.104959 
0.498000 -0.069975 
0.499000 -0.034988 
0.500000 -0.000000 
0.501000 0.034988 
0.502000 0.069975 
0.503000 0.104959 
0.504000 0.139939 
0.505000 0.174913 
0.506000 0.209881 
0.507000 0.244840 
0.508000 0.279789 
0.509000 0.314728 
0.510000 0.349654 
0.511000 0.384566 
0.512000 0.419463 
0.513000 0.454344 
0.514000 0.489206 
0.515000 0.524049 
0.516000 0.558872 
0.517000 0.593672 
0.518000 0.628449 
0.519000 0.663202 
0.520000 0.697928 
0.521000 0.732626 
0.522000 0.767296 
0.523000 0.801935 
0.524000 0.836543 
0.525000 0.871117 
0.526000 0.905658 
0.527000 0.940162 
0.528000 0.974629 
0.529000 1.009058 
0.530000 1.043447 
0.531000 1.077795 
0.532000 1.112100 
0.533000 1.146362 
0.534000 1.180578 
0.535000 1.214747 
0.536000 1.248869 
0.537000 1.282941 
0.538000 1.316963 
0.539000 1.350933 
0.540000 1.384849 
0.541000 1.418710 
0.542000 1.452516 
0.543000 1.486264 
0.544000 1.519954 
0.545000 1.553584 
0.546000 1.587152 
0.547000 1.620657 
0.548000 1.654099 
0.549000 1.687475 
0.550000 1.720785 
0.551000 1.754027 
0.552000 1.787199 
0.553000 1.820301 
0.554000 1.853331 
0.555000 1.886288 
0.556000 1.919171 
0.557000 1.951977 
0.558000 1.984707 
0.559000 2.017358 
0.560000 2.049930 
0.561000 2.082421 
0.562000 2.114829 
0.563000 2.147154 
0.564000 2.179394 
0.565000 2.211549 
0.566000 2.243616 
0.567000 2.275594 
0.568000 2.307482 
0.569000 2.339280 
0.570000 2.370985 
0.571000 2.402596 
0.572000 2.434113 
0.573000 2.465533 
0.574000 2.496857 
0.575000 2.528081 
0.576000 2.559206 
0.577000 2.590230 
0.578000 2.621151 
0.579000 2.651969 
0.580000 2.682683 
0.581000 2.713290 
0.582000 2.743790 
0.583000 2.774182 
0.584000 2.804465 
0.585000 2.834636 
0.586000 2.864696 
0.587000 2.894643 
0.588000 2.924475 
0.589000 2.954192 
0.590000 2.983793 
0.591000 3.013275 
0.592000 3.042639 
0.593000 3.071883 
0.594000 3.101005 
0.595000 3.130005 
0.596000 3.158881 
0.597000 3.187632 
0.598000 3.216258 
0.599000 3.244757 
0.600000 3.273128 
0.601000 3.301369 
0.602000 3.329480 
0.603000 3.357460 
0.604000 3.385307 
0.605000 3.413020 
0.606000 3.440599 
0.607000 3.468042 
0.608000 3.495348 
0.609000 3.522516 
0.610000 3.549545 
0.611000 3.576433 
0.612000 3.603181 
0.613000 3.629786 
0.614000 3.656248 
0.615000 3.682566 
0.616000 3.708738 
0.617000 3.734764 
0.618000 3.760643 
0.619000 3.786373 
0.620000 3.811953 
0.621000 3.837383 
0.622000 3.862662 
0.623000 3.887788 
0.624000 3.912761 
0.625000 3.937579 
0.626000 3.962241 
0.627000 3.986748 
0.628000 4.011096 
0.629000 4.035287 
0.630000 4.059318 
0.631000 4.083189 
0.632000 4.106899 
0.633000 4.130446 
0.634000 4.153831 
0.635000 4.177051 
0.636000 4.200107 
0.637000 4.222997 
0.638000 4.245720 
0.639000 4.268275 
0.640000 4.290662 
0.641000 4.312880 
0.642000 4.334927 
0.643000 4.356804 
0.644000 4.378508 
0.645000 4.400039 
0.646000 4.421397 
0.647000 4.442580 
0.648000 4.463588 
0.649000 4.484419 
0.650000 4.505074 
0.651000 4.525550 
0.652000 4.545848 
0.653000 4.565967 
0.654000 4.585905 
0.655000 4.605662 
0.656000 4.625237 
0.657000 4.644630 
0.658000 4.663840 
0.659000 4.682865 
0.660000 4.701705 
0.661000 4.720360 
0.662000 4.738828 
0.663000 4.757110 
0.664000 4.775203 
0.665000 4.793108 
0.666000 4.810824 
0.667000 4.828350 
0.668000 4.845685 
0.669000 4.862829 
0.670000 4.879781 
0.671000 4.896541 
0.672000 4.913107 
0.673000 4.929479 
0.674000 4.945656 
0.675000 4.961639 
0.676000 4.977425 
0.677000 4.993015 
0.678000 5.008408 
0.679000 5.023603 
0.680000 5.038599 
0.681000 5.053397 
0.682000 5.067995 
0.683000 5.082394 
0.684000 5.096591 
0.685000 5.110587 
0.686000 5.124382 
0.687000 5.137974 
0.688000 5.151364 
0.689000 5.164550 
0.690000 5.177532 
0.691000 5.190310 
0.692000 5.202883 
0.693000 5.215250 
0.694000 5.227412 
0.695000 5.239367 
0.696000 5.251116 
0.697000 5.262657 
0.698000 5.273990 
0.699000 5.285115 
0.700000 5.296032 
0.701000 5.306739 
0.702000 5.317237 
0.703000 5.327525 
0.704000 5.337603 
0.705000 5.347470 
0.706000 5.357125 
0.707000 5.366570 
0.708000 5.375802 
0.709000 5.384822 
0.710000 5.393630 
0.711000 5.402225 
0.712000 5.410606 
0.713000 5.418774 
0.714000 5.426728 
0.715000 5.434468 
0.716000 5.441993 
0.717000 5.449303 
0.718000 5.456398 
0.719000 5.463278 
0.720000 5.469942 
0.721000 5.476391 
0.722000 5.482622 
0.723000 5.488638 
0.724000 5.494437 
0.725000 5.500019 
0.726000 5.505384 
0.727000 5.510531 
0.728000 5.515461 
0.729000 5.520173 
0.730000 5.524667 
0.731000 5.528943 
0.732000 5.533001 
0.733000 5.536841 
0.734000 5.540462 
0.735000 5.543864 
0.736000 5.547047 
0.737000 5.550011 
0.738000 5.552756 
0.739000 5.555282 
0.740000 5.557589 
0.741000 5.559676 
0.742000 5.561544 
0.743000 5.563192 
0.744000 5.564621 
0.745000 5.565829 
0.746000 5.566819 
0.747000 5.567588 
0.748000 5.568138 
0.749000 5.568467 
0.750000 5.568577 
0.751000 5.568467 
0.752000 5.568138 
0.753000 5.567588 
0.754000 5.566819 
0.755000 5.565829 
0.756000 5.564621 
0.757000 5.563192 
0.758000 5.561544 
0.759000 5.559676 
0.760000 5.557589 
0.761000 5.555282 
0.762000 5.552756 
0.763000 5.550011 
0.764000 5.547047 
0.765000 5.543864 
0.766000 5.540462 
0.767000 5.536841 
0.768000 5.533001 
0.769000 5.528943 
0.770000 5.524667 
0.771000 5.520173 
0.772000 5.515461 
0.773000 5.510531 
0.774000 5.505384 
0.775000 5.500019 
0.776000 5.494437 
0.777000 5.488638 
0.778000 5.482622 
0.779000 5.476391 
0.780000 5.469942 
0.781000 5.463278 
0.782000 5.456398 
0.783000 5.449303 
0.784000 5.441993 
0.785000 5.434468 
0.786000 5.426728 
0.787000 5.418774 
0.788000 5.410606 
0.789000 5.402225 
0.790000 5.393630 
0.791000 5.384822 
0.792000 5.375802 
0.793000 5.366570 
0.794000 5.357125 
0.795000 5.347470 
0.796000 5.337603 
0.797000 5.327525 
0.798000 5.317237 
0.799000 5.306739 
0.800000 5.296032 
0.801000 5.285115 
0.802000 5.273990 
0.803000 5.262657 
0.804000 5.251116 
0.805000 5.239367 
0.806000 5.227412 
0.807000 5.215250 
0.808000 5.202883 
0.809000 5.190310 
0.810000 5.177532 
0.811000 5.164550 
0.812000 5.151364 
0.813000 5.137974 
0.814000 5.124382 
0.815000 5.110587 
0.816000 5.096591 
0.817000 5.082394 
0.818000 5.067995 
0.819000 5.053397 
0.820000 5.038599 
0.821000 5.023603 
0.822000 5.008408 
0.823000 4.993015 
0.824000 4.977425 
0.825000 4.961639 
0.826000 4.945656 
0.827000 4.929479 
0.828000 4.913107 
0.829000 4.896541 
0.830000 4.879781 
0.831000 4.862829 
0.832000 4.845685 
0.833000 4.828350 
0.834000 4.810824 
0.835000 4.793108 
0.836000 4.775203 
0.837000 4.757110 
0.838000 4.738828 
0.839000 4.720360 
0.840000 4.701705 
0.841000 4.682865 
0.842000 4.663840 
0.843000 4.644630 
0.844000 4.625237 
0.845000 4.605662 
0.846000 4.585905 
0.847000 4.565967 
0.848000 4.545848 
0.849000 4.525550 
0.850000 4.505074 
0.851000 4.484419 
0.852000 4.463588 
0.853000 4.442580 
0.854000 4.421397 
0.855000 4.400039 
0.856000 4.378508 
0.857000 4.356804 
0.858000 4.334927 
0.859000 4.312880 
0.860000 4.290662 
0.861000 4.268275 
0.862000 4.245720 
0.863000 4.222997 
0.864000 4.200107 
0.865000 4.177051 
0.866000 4.153831 
0.867000 4.130446 
0.868000 4.106899 
0.869000 4.083189 
0.870000 4.059318 
0.871000 4.035287 
0.872000 4.011096 
0.873000 3.986748 
0.874000 3.962241 
0.875000 3.937579 
0.876000 3.912761 
0.877000 3.887788 
0.878000 3.862662 
0.879000 3.837383 
0.880000 3.811953 
0.881000 3.786373 
0.882000 3.760643 
0.883000 3.734764 
0.884000 3.708738 
0.885000 3.682566 
0.886000 3.656248 
0.887000 3.629786 
0.888000 3.603181 
0.889000 3.576433 
0.890000 3.549545 
0.891000 3.522516 
0.892000 3.495348 
0.893000 3.468042 
0.894000 3.440599 
0.895000 3.413020 
0.896000 3.385307 
0.897000 3.357460 
0.898000 3.329480 
0.899000 3.301369 
0.900000 3.273128 
0.901000 3.244757 
0.902000 3.216258 
0.903000 3.187632 
0.904000 3.158881 
0.905000 3.130005 
0.906000 3.101005 
0.907000 3.071883 
0.908000 3.042639 
0.909000 3.013275 
0.910000 2.983793 
0.911000 2.954192 
0.912000 2.924475 
0.913000 2.894643 
0.914000 2.864696 
0.915000 2.834636 
0.916000 2.804465 
0.917000 2.774182 
0.918000 2.743790 
0.919000 2.713290 
0.920000 2.682683 
0.921000 2.651969 
0.922000 2.621151 
0.923000 2.590230 
0.924000 2.559206 
0.925000 2.528081 
0.926000 2.496857 
0.927000 2.465533 
0.928000 2.434113 
0.929000 2.402596 
0.930000 2.370985 
0.931000 2.339280 
0.932000 2.307482 
0.933000 2.275594 
0.934000 2.243616 
0.935000 2.211549 
0.936000 2.179394 
0.937000 2.147154 
0.938000 2.114829 
0.939000 2.082421 
0.940000 2.049930 
0.941000 2.017358 
0.942000 1.984707 
0.943000 1.951977 
0.944000 1.919171 
0.945000 1.886288 
0.946000 1.853331 
0.947000 1.820301 
0.948000 1.787199 
0.949000 1.754027 
0.950000 1.720785 
0.951000 1.687475 
0.952000 1.654099 
0.953000 1.620657 
0.954000 1.587152 
0.955000 1.553584 
0.956000 1.519954 
0.957000 1.486264 
0.958000 1.452516 
0.959000 1.418710 
0.960000 1.384849 
0.961000 1.350933 
0.962000 1.316963 
0.963000 1.282941 
0.964000 1.248869 
0.965000 1.214747 
0.966000 1.180578 
0.967000 1.146362 
0.968000 1.112100 
0.969000 1.077795 
0.970000 1.043447 
0.971000 1.009058 
0.972000 0.974629 
0.973000 0.940162 
0.974000 0.905658 
0.975000 0.871117 
0.976000 0.836543 
0.977000 0.801935 
0.978000 0.767296 
0.979000 0.732626 
0.980000 0.697928 
0.981000 0.663202 
0.982000 0.628449 
0.983000 0.593672 
0.984000 0.558872 
0.985000 0.524049 
0.986000 0.489206 
0.987000 0.454344 
0.988000 0.419463 
0.989000 0.384566 
0.990000 0.349654 
0.991000 0.314728 
0.992000 0.279789 
0.993000 0.244840 
0.994000 0.209881 
0.995000 0.174913 
0.996000 0.139939 
0.997000 0.104959 
0.998000 0.069975 
0.999000 0.034988 
1.000000 0.000000 
1.001000 -0.034988 
1.002000 -0.069975 
1.003000 -0.104959 
1.004000 -0.139939 
1.005000 -0.174913 
1.006000 -0.209881 
1.007000 -0.244840 
1.008000 -0.279789 
1.009000 -0.314728 
1.010000 -0.349654 
1.011000 -0.384566 
1.012000 -0.419463 
1.013000 -0.454344 
1.014000 -0.489206 
1.015000 -0.524049 
1.016000 -0.558872 
1.017000 -0.593672 
1.018000 -0.628449 
1.019000 -0.663202 
1.020000 -0.697928 
1.021000 -0.732626 
1.022000 -0.767296 
1.023000 -0.801935 
1.024000 -0.836543 
1.025000 -0.871117 
1.026000 -0.905658 
1.027000 -0.940162 
1.028000 -0.974629 
1.029000 -1.009058 
1.030000 -1.043447 
1.031000 -1.077795 
1.032000 -1.112100 
1.033000 -1.146362 
1.034000 -1.180578 
1.035000 -1.214747 
1.036000 -1.248869 
1.037000 -1.282941 
1.038000 -1.316963 
1.039000 -1.350933 
1.040000 -1.384849 
1.041000 -1.418710 
1.042000 -1.452516 
1.043000 -1.486264 
1.044000 -1.519954 
1.045000 -1.553584 
1.046000 -1.587152 
1.047000 -1.620657 
1.048000 -1.654099 
1.049000 -1.687475 
1.050000 -1.720785 
1.051000 -1.754027 
1.052000 -1.787199 
1.053000 -1.820301 
1.054000 -1.853331 
1.055000 -1.886288 
1.056000 -1.919171 
1.057000 -1.951977 
1.058000 -1.984707 
1.059000 -2.017358 
1.060000 -2.049930 
1.061000 -2.082421 
1.062000 -2.114829 
1.063000 -2.147154 
1.064000 -2.179394 
1.065000 -2.211549 
1.066000 -2.243616 
1.067000 -2.275594 
1.068000 -2.307482 
1.069000 -2.339280 
1.070000 -2.370985 
1.071000 -2.402596 
1.072000 -2.434113 
1.073000 -2.465533 
1.074000 -2.496857 
1.075000 -2.528081 
1.076000 -2.559206 
1.077000 -2.590230 
1.078000 -2.621151 
1.079000 -2.651969 
1.080000 -2.682683 
1.081000 -2.713290 
1.082000 -2.743790 
1.083000 -2.774182 
1.084000 -2.804465 
1.085000 -2.834636 
1.086000 -2.864696 
1.087000 -2.894643 
1.088000 -2.924475 
1.089000 -2.954192 
1.090000 -2.983793 
1.091000 -3.013275 
1.092000 -3.042639 
1.093000 -3.071883 
1.094000 -3.101005 
1.095000 -3.130005 
1.096000 -3.158881 
1.097000 -3.187632 
1.098000 -3.216258 
1.099000 -3.244757 
1.100000 -3.273128 
1.101000 -3.301369 
1.102000 -3.329480 
1.103000 -3.357460 
1.104000 -3.385307 
1.105000 -3.413020 
1.106000 -3.440599 
1.107000 -3.468042 
1.108000 -3.495348 
1.109000 -3.522516 
1.110000 -3.549545 
1.111000 -3.576433 
1.112000 -3.603181 
1.113000 -3.629786 
1.114000 -3.656248 
1.115000 -3.682566 
1.116000 -3.708738 
1.117000 -3.734764 
1.118000 -3.760643 
1.119000 -3.786373 
1.120000 -3.811953 
1.121000 -3.837383 
1.122000 -3.862662 
1.123000 -3.887788 
1.124000 -3.912761 
1.125000 -3.937579 
1.126000 -3.962241 
1.127000 -3.986748 
1.128000 -4.011096 
1.129000 -4.035287 
1.130000 -4.059318 
1.131000 -4.083189 
1.132000 -4.106899 
1.133000 -4.130446 
1.134000 -4.153831 
1.135000 -4.177051 
1.136000 -4.200107 
1.137000 -4.222997 
1.138000 -4.245720 
1.139000 -4.268275 
1.140000 -4.290662 
1.141000 -4.312880 
1.142000 -4.334927 
1.143000 -4.356804 
1.144000 -4.378508 
1.145000 -4.400039 
1.146000 -4.421397 
1.147000 -4.442580 
1.148000 -4.463588 
1.149000 -4.484419 
1.150000 -4.505074 
1.151000 -4.525550 
1.152000 -4.545848 
1.153000 -4.565967 
1.154000 -4.585905 
1.155000 -4.605662 
1.156000 -4.625237 
1.157000 -4.644630 
1.158000 -4.663840 
1.159000 -4.682865 
1.160000 -4.701705 
1.161000 -4.720360 
1.162000 -4.738828 
1.163000 -4.757110 
1.164000 -4.775203 
1.165000 -4.793108 
1.166000 -4.810824 
1.167000 -4.828350 
1.168000 -4.845685 
1.169000 -4.862829 
1.170000 -4.879781 
1.171000 -4.896541 
1.172000 -4.913107 
1.173000 -4.929479 
1.174000 -4.945656 
1.175000 -4.961639 
1.176000 -4.977425 
1.177000 -4.993015 
1.178000 -5.008408 
1.179000 -5.023603 
1.180000 -5.038599 
1.181000 -5.053397 
1.182000 -5.067995 
1.183000 -5.082394 
1.184000 -5.096591 
1.185000 -5.110587 
1.186000 -5.124382 
1.187000 -5.137974 
1.188000 -5.151364 
1.189000 -5.164550 
1.190000 -5.177532 
1.191000 -5.190310 
1.192000 -5.202883 
1.193000 -5.215250 
1.194000 -5.227412 
1.195000 -5.239367 
1.196000 -5.251116 
1.197000 -5.262657 
1.198000 -5.273990 
1.199000 -5.285115 
1.200000 -5.296032 
1.201000 -5.306739 
1.202000 -5.317237 
1.203000 -5.327525 
1.204000 -5.337603 
1.205000 -5.347470 
1.206000 -5.357125 
1.207000 -5.366570 
1.208000 -5.375802 
1.209000 -5.384822 
1.210000 -5.393630 
1.211000 -5.402225 
1.212000 -5.410606 
1.213000 -5.418774 
1.214000 -5.426728 
1.215000 -5.434468 
1.216000 -5.441993 
1.217000 -5.449303 
1.218000 -5.456398 
1.219000 -5.463278 
1.220000 -5.469942 
1.221000 -5.476391 
1.222000 -5.482622 
1.223000 -5.488638 
1.224000 -5.494437 
1.225000 -5.500019 
1.226000 -5.505384 
1.227000 -5.510531 
1.228000 -5.515461 
1.229000 -5.520173 
1.230000 -5.524667 
1.231000 -5.528943 
1.232000 -5.533001 
1.233000 -5.536841 
1.234000 -5.540462 
1.235000 -5.543864 
1.236000 -5.547047 
1.237000 -5.550011 
1.238000 -5.552756 
1.239000 -5.555282 
1.240000 -5.557589 
1.241000 -5.559676 
1.242000 -5.561544 
1.243000 -5.563192 
1.244000 -5.564621 
1.245000 -5.565829 
1.246000 -5.566819 
1.247000 -5.567588 
1.248000 -5.568138 
1.249000 -5.568467 
1.250000 -5.568577 
1.251000 -5.568467 
1.252000 -5.568138 
1.253000 -5.567588 
1.254000 -5.566819 
1.255000 -5.565829 
1.256000 -5.564621 
1.257000 -5.563192 
1.258000 -5.561544 
1.259000 -5.559676 
1.260000 -5.557589 
1.261000 -5.555282 
1.262000 -5.552756 
1.263000 -5.550011 
1.264000 -5.547047 
1.265000 -5.543864 
1.266000 -5.540462 
1.267000 -5.536841 
1.268000 -5.533001 
1.269000 -5.528943 
1.270000 -5.524667 
1.271000 -5.520173 
1.272000 -5.515461 
1.273000 -5.510531 
1.274000 -5.505384 
1.275000 -5.500019 
1.276000 -5.494437 
1.277000 -5.488638 
1.278000 -5.482622 
1.279000 -5.476391 
1.280000 -5.469942 
1.281000 -5.463278 
1.282000 -5.456398 
1.283000 -5.449303 
1.284000 -5.441993 
1.285000 -5.434468 
1.286000 -5.426728 
1.287000 -5.418774 
1.288000 -5.410606 
1.289000 -5.402225 
1.290000 -5.393630 
1.291000 -5.384822 
1.292000 -5.375802 
1.293000 -5.366570 
1.294000 -5.357125 
1.295000 -5.347470 
1.296000 -5.337603 
1.297000 -5.327525 
1.298000 -5.317237 
1.299000 -5.306739 
1.300000 -5.296032 
1.301000 -5.285115 
1.302000 -5.273990 
1.303000 -5.262657 
1.304000 -5.251116 
1.305000 -5.239367 
1.306000 -5.227412 
1.307000 -5.215250 
1.308000 -5.202883 
1.309000 -5.190310 
1.310000 -5.177532 
1.311000 -5.164550 
1.312000 -5.151364 
1.313000 -5.137974 
1.314000 -5.124382 
1.315000 -5.110587 
1.316000 -5.096591 
1.317000 -5.082394 
1.318000 -5.067995 
1.319000 -5.053397 
1.320000 -5.038599 
1.321000 -5.023603 
1.322000 -5.008408 
1.323000 -4.993015 
1.324000 -4.977425 
1.325000 -4.961639 
1.326000 -4.945656 
1.327000 -4.929479 
1.328000 -4.913107 
1.329000 -4.896541 
1.330000 -4.879781 
1.331000 -4.862829 
1.332000 -4.845685 
1.333000 -4.828350 
1.334000 -4.810824 
1.335000 -4.793108 
1.336000 -4.775203 
1.337000 -4.757110 
1.338000 -4.738828 
1.339000 -4.720360 
1.340000 -4.701705 
1.341000 -4.682865 
1.342000 -4.663840 
1.343000 -4.644630 
1.344000 -4.625237 
1.345000 -4.605662 
1.346000 -4.585905 
1.347000 -4.565967 
1.348000 -4.545848 
1.349000 -4.525550 
1.350000 -4.505074 
1.351000 -4.484419 
1.352000 -4.463588 
1.353000 -4.442580 
1.354000 -4.421397 
1.355000 -4.400039 
1.356000 -4.378508 
1.357000 -4.356804 
1.358000 -4.334927 
1.359000 -4.312880 
1.360000 -4.290662 
1.361000 -4.268275 
1.362000 -4.245720 
1.363000 -4.222997 
1.364000 -4.200107 
1.365000 -4.177051 
1.366000 -4.153831 
1.367000 -4.130446 
1.368000 -4.106899 
1.369000 -4.083189 
1.370000 -4.059318 
1.371000 -4.035287 
1.372000 -4.011096 
1.373000 -3.986748 
1.374000 -3.962241 
1.375000 -3.937579 
1.376000 -3.912761 
1.377000 -3.887788 
1.378000 -3.862662 
1.379000 -3.837383 
1.380000 -3.811953 
1.381000 -3.786373 
1.382000 -3.760643 
1.383000 -3.734764 
1.384000 -3.708738 
1.385000 -3.682566 
1.386000 -3.656248 
1.387000 -3.629786 
1.388000 -3.603181 
1.389000 -3.576433 
1.390000 -3.549545 
1.391000 -3.522516 
1.392000 -3.495348 
1.393000 -3.468042 
1.394000 -3.440599 
1.395000 -3.413020 
1.396000 -3.385307 
1.397000 -3.357460 
1.398000 -3.329480 
1.399000 -3.301369 
1.400000 -3.273128 
1.401000 -3.244757 
1.402000 -3.216258 
1.403000 -3.187632 
1.404000 -3.158881 
1.405000 -3.130005 
1.406000 -3.101005 
1.407000 -3.071883 
1.408000 -3.042639 
1.409000 -3.013275 
1.410000 -2.983793 
1.411000 -2.954192 
1.412000 -2.924475 
1.413000 -2.894643 
1.414000 -2.864696 
1.415000 -2.834636 
1.416000 -2.804465 
1.417000 -2.774182 
1.418000 -2.743790 
1.419000 -2.713290 
1.420000 -2.682683 
1.421000 -2.651969 
1.422000 -2.621151 
1.423000 -2.590230 
1.424000 -2.559206 
1.425000 -2.528081 
1.426000 -2.496857 
1.427000 -2.465533 
1.428000 -2.434113 
1.429000 -2.402596 
1.430000 -2.370985 
1.431000 -2.339280 
1.432000 -2.307482 
1.433000 -2.275594 
1.434000 -2.243616 
1.435000 -2.211549 
1.436000 -2.179394 
1.437000 -2.147154 
1.438000 -2.114829 
1.439000 -2.082421 
1.440000 -2.049930 
1.441000 -2.017358 
1.442000 -1.984707 
1.443000 -1.951977 
1.444000 -1.919171 
1.445000 -1.886288 
1.446000 -1.853331 
1.447000 -1.820301 
1.448000 -1.787199 
1.449000 -1.754027 
1.450000 -1.720785 
1.451000 -1.687475 
1.452000 -1.654099 
1.453000 -1.620657 
1.454000 -1.587152 
1.455000 -1.553584 
1.456000 -1.519954 
1.457000 -1.486264 
1.458000 -1.452516 
1.459000 -1.418710 
1.460000 -1.384849 
1.461000 -1.350933 
1.462000 -1.316963 
1.463000 -1.282941 
1.464000 -1.248869 
1.465000 -1.214747 
1.466000 -1.180578 
1.467000 -1.146362 
1.468000 -1.112100 
1.469000 -1.077795 
1.470000 -1.043447 
1.471000 -1.009058 
1.472000 -0.974629 
1.473000 -0.940162 
1.474000 -0.905658 
1.475000 -0.871117 
1.476000 -0.836543 
1.477000 -0.801935 
1.478000 -0.767296 
1.479000 -0.732626 
1.480000 -0.697928 
1.481000 -0.663202 
1.482000 -0.628449 
1.483000 -0.593672 
1.484000 -0.558872 
1.485000 -0.524049 
1.486000 -0.489206 
1.487000 -0.454344 
1.488000 -0.419463 
1.489000 -0.384566 
1.490000 -0.349654 
1.491000 -0.314728 
1.492000 -0.279789 
1.493000 -0.244840 
1.494000 -0.209881 
1.495000 -0.174913 
1.496000 -0.139939 
1.497000 -0.104959 
1.498000 -0.069975 
1.499000 -0.034988 
