descriptor BJD mod 
2455326.949950 3.462437 
2455327.049950 2.228830 
2455327.149950 0.846289 
2455327.249950 -0.592803 
2455327.349950 -1.992282 
2455327.449950 -3.258634 
2455327.549950 -4.307238 
2455327.649950 -5.068026 
2455327.749950 -5.490160 
2455327.849950 -5.545433 
2455327.949950 -5.230150 
2455328.049950 -4.565381 
2455328.149950 -3.595545 
2455328.249950 -2.385449 
2455328.349950 -1.015954 
2455328.449950 0.421429 
2455328.549950 1.830652 
2455328.649950 3.117548 
2455328.749950 4.196123 
2455328.849950 4.994307 
2455328.949950 5.458764 
2455329.049950 5.558456 
2455329.149950 5.286724 
2455329.249950 4.661724 
2455329.349950 3.725220 
2455329.449950 2.539791 
2455329.549950 1.184648 
2455329.649950 -0.249654 
2455329.749950 -1.667274 
2455329.849950 -2.973484 
2455329.949950 -4.081001 
2455330.049950 -4.915819 
2455330.149950 -5.422154 
2455330.249950 -5.566172 
2455330.349950 -5.338248 
2455330.449950 -4.753615 
2455330.549950 -3.851337 
2455330.649950 -2.691706 
2455330.749950 -1.352212 
2455330.849950 0.077640 
2455330.949950 1.502304 
2455331.049950 2.826581 
2455331.149950 3.961982 
2455331.249950 4.832636 
2455331.349950 5.380366 
2455331.449950 5.568571 
2455331.549950 5.384675 
2455331.649950 4.840966 
2455331.749950 3.973776 
2455331.849950 2.841052 
2455331.949950 1.518484 
2455332.049950 0.094448 
2455332.149950 -1.335899 
2455332.249950 -2.676978 
2455332.349950 -3.839178 
2455332.449950 -4.744838 
2455332.549950 -5.333439 
2455332.649950 -5.565652 
2455332.749950 -5.425959 
2455332.849950 -4.923694 
2455332.949950 -4.092420 
2455333.049950 -2.987684 
2455333.149950 -1.683305 
2455333.249950 -0.266446 
2455333.349950 1.168218 
2455333.449950 2.524819 
2455333.549950 3.712708 
2455333.649950 4.652508 
2455333.749950 5.281420 
2455333.849950 5.557418 
2455333.949950 5.462061 
2455334.049950 5.001720 
2455334.149950 4.207155 
2455334.249950 3.131462 
2455334.349950 1.846519 
2455334.449950 0.438189 
2455334.549950 -0.999421 
2455334.649950 -2.370249 
2455334.749950 -3.582693 
2455334.849950 -4.555735 
2455334.949950 -5.224356 
2455335.049950 -5.543876 
2455335.149950 -5.492946 
2455335.249950 -5.074968 
2455335.349950 -4.317873 
2455335.449950 -3.272250 
2455335.549950 -2.007970 
2455335.649950 -0.609514 
2455335.749950 0.829670 
2455335.849950 2.213415 
2455335.949950 3.449255 
2455336.049950 4.454611 
2455336.149950 5.162302 
2455336.249950 5.525040 
2455336.349950 5.518586 
2455336.449950 5.143371 
2455336.549950 4.424467 
2455336.649950 3.409913 
2455336.749950 2.167503 
2455336.849950 0.780257 
2455336.949950 -0.659127 
2455337.049950 -2.054467 
2455337.149950 -3.312524 
2455337.249950 -4.349233 
2455337.349950 -5.095319 
2455337.449950 -5.500928 
2455337.549950 -5.538955 
2455337.649950 -5.206861 
2455337.749950 -4.526835 
2455337.849950 -3.544319 
2455337.949950 -2.324966 
2455338.049950 -0.950255 
2455338.149950 0.487954 
2455338.249950 1.893557 
2455338.349950 3.172629 
2455338.449950 4.239701 
2455338.549950 5.023470 
2455338.649950 5.471562 
2455338.749950 5.554035 
2455338.849950 5.265378 
2455338.949950 4.624880 
2455339.049950 3.675341 
2455339.149950 2.480209 
2455339.249950 1.119345 
2455339.349950 -0.316315 
2455339.449950 -1.730839 
2455339.549950 -3.029704 
2455339.649950 -4.126121 
2455339.749950 -4.946823 
2455339.849950 -5.436970 
2455339.949950 -5.563810 
2455340.049950 -5.318867 
2455340.149950 -4.718509 
2455340.249950 -3.802852 
2455340.349950 -2.633083 
2455340.449950 -1.287366 
2455340.549950 0.144374 
2455340.649950 1.566467 
2455340.749950 2.883886 
2455340.849950 4.008599 
2455340.949950 4.865451 
2455341.049950 5.397186 
2455341.149950 5.568272 
2455341.249950 5.367276 
2455341.349950 4.807631 
2455341.449950 3.926732 
2455341.549950 2.783442 
2455341.649950 1.454158 
2455341.749950 0.027705 
2455341.849950 -1.400600 
2455341.949950 -2.735314 
2455342.049950 -3.887250 
2455342.149950 -4.779433 
2455342.249950 -5.352247 
2455342.349950 -5.567415 
2455342.449950 -5.410560 
2455342.549950 -4.892162 
2455342.649950 -4.046861 
2455342.749950 -2.931143 
2455342.849950 -1.619561 
2455342.949950 -0.199757 
2455343.049950 1.233395 
2455343.149950 2.584129 
2455343.249950 3.762188 
2455343.349950 4.688851 
2455343.449950 5.302197 
2455343.549950 5.561242 
2455343.649950 5.448676 
2455343.749950 4.972020 
2455343.849950 4.163126 
2455343.949950 3.076045 
2455344.049950 1.783417 
2455344.149950 0.371619 
2455344.249950 -1.065012 
2455344.349950 -2.430477 
2455344.449950 -3.633533 
2455344.549950 -4.593790 
2455344.649950 -5.247084 
2455344.749950 -5.549758 
2455344.849950 -5.481588 
2455344.949950 -5.047130 
2455345.049950 -4.275414 
2455345.149950 -3.218009 
2455345.249950 -1.945570 
2455345.349950 -0.543125 
2455345.449950 0.895612 
2455345.549950 2.274503 
2455345.649950 3.501408 
2455345.749950 4.494343 
2455345.849950 5.186959 
2455345.949950 5.532973 
2455346.049950 5.509266 
2455346.149950 5.117420 
2455346.249950 4.383620 
2455346.349950 3.356899 
2455346.449950 2.105865 
2455346.549950 0.714113 
2455346.649950 -0.725356 
2455346.749950 -2.116357 
2455346.849950 -3.365939 
2455346.949950 -4.390603 
2455347.049950 -5.121880 
2455347.149950 -5.510905 
2455347.249950 -5.531682 
2455347.349950 -5.182823 
2455347.449950 -4.487639 
2455347.549950 -3.492584 
2455347.649950 -2.264149 
2455347.749950 -0.884419 
2455347.849950 0.554408 
2455347.949950 1.956190 
2455348.049950 3.227255 
2455348.149950 4.282670 
2455348.249950 5.051910 
2455348.349950 5.483573 
2455348.449950 5.548815 
2455348.549950 5.243276 
2455348.649950 4.587373 
2455348.749950 3.624933 
2455348.849950 2.420270 
2455348.949950 1.053881 
2455349.049950 -0.382931 
2455349.149950 -1.794154 
2455349.249950 -3.085489 
2455349.349950 -4.170647 
2455349.449950 -4.977115 
2455349.549950 -5.451005 
2455349.649950 -5.560649 
2455349.749950 -5.298721 
2455349.849950 -4.682725 
2455349.949950 -3.753821 
2455350.049950 -2.574080 
2455350.149950 -1.222336 
2455350.249950 0.211088 
2455350.349950 1.630405 
2455350.449950 2.940777 
2455350.549950 4.054641 
2455350.649950 4.897567 
2455350.749950 5.413230 
2455350.849950 5.567172 
2455350.949950 5.349107 
2455351.049950 4.773605 
2455351.149950 3.879123 
2455351.249950 2.725432 
2455351.349950 1.389623 
2455351.449950 -0.039043 
2455351.549950 -1.465100 
2455351.649950 -2.793256 
2455351.749950 -3.934763 
2455351.849950 -4.813342 
2455351.949950 -5.370286 
2455352.049950 -5.568379 
2455352.149950 -5.394383 
2455352.249950 -4.859926 
2455352.349950 -4.000721 
2455352.449950 -2.874181 
2455352.549950 -1.555584 
2455352.649950 -0.133039 
2455352.749950 1.298395 
2455352.849950 2.643068 
2455352.949950 3.811127 
2455353.049950 4.724520 
2455353.149950 5.322213 
2455353.249950 5.564267 
2455353.349950 5.434508 
2455353.449950 4.941606 
2455353.549950 4.118498 
2455353.649950 3.020185 
2455353.749950 1.720058 
2455353.849950 0.304995 
2455353.949950 -1.130449 
2455354.049950 -2.490355 
2455354.149950 -3.683851 
2455354.249950 -4.631186 
2455354.349950 -5.269057 
2455354.449950 -5.554842 
2455354.549950 -5.469443 
2455354.649950 -5.018567 
2455354.749950 -4.232342 
2455354.849950 -3.163305 
2455354.949950 -1.882890 
2455355.049950 -0.476658 
2455355.149950 0.961425 
2455355.249950 2.335264 
2455355.349950 3.553057 
2455355.449950 4.533429 
2455355.549950 5.210870 
2455355.649950 5.540112 
2455355.749950 5.499154 
2455355.849950 5.090734 
2455355.949950 4.342143 
2455356.049950 3.303403 
2455356.149950 2.043924 
2455356.249950 0.647867 
2455356.349950 -0.791482 
2455356.449950 -2.177943 
2455356.549950 -3.418870 
2455356.649950 -4.431342 
2455356.749950 -5.147705 
2455356.849950 -5.520090 
2455356.949950 -5.523614 
2455357.049950 -5.158040 
2455357.149950 -4.447798 
2455357.249950 -3.440347 
2455357.349950 -2.203006 
2455357.449950 -0.818457 
2455357.549950 0.620783 
2455357.649950 2.018541 
2455357.749950 3.281417 
2455357.849950 4.325024 
2455357.949950 5.079625 
2455358.049950 5.494797 
2455358.149950 5.542798 
2455358.249950 5.220420 
2455358.349950 4.549205 
2455358.449950 3.574005 
2455358.549950 2.359984 
2455358.649950 0.988265 
2455358.749950 -0.449491 
2455358.849950 -1.857212 
2455358.949950 -3.140831 
2455359.049950 -4.214575 
2455359.149950 -5.006693 
2455359.249950 -5.464256 
2455359.349950 -5.556689 
2455359.449950 -5.277815 
2455359.549950 -4.646268 
2455359.649950 -3.704250 
2455359.749950 -2.514708 
2455359.849950 -1.157130 
2455359.949950 0.277771 
2455360.049950 1.694110 
2455360.149950 2.997245 
2455360.249950 4.100100 
2455360.349950 4.928980 
2455360.449950 5.428497 
2455360.549950 5.565273 
2455360.649950 5.330168 
2455360.749950 4.738893 
2455360.849950 3.830957 
2455360.949950 2.667031 
2455361.049950 1.324889 
2455361.149950 -0.105784 
2455361.249950 -1.529389 
2455361.349950 -2.850797 
2455361.449950 -3.981711 
2455361.549950 -4.846560 
2455361.649950 -5.387553 
2455361.749950 -5.568542 
2455361.849950 -5.377432 
2455361.949950 -4.826993 
2455362.049950 -3.954006 
2455362.149950 -2.816806 
2455362.249950 -1.491383 
2455362.349950 -0.066303 
2455362.449950 1.363208 
2455362.549950 2.701626 
2455362.649950 3.859518 
2455362.749950 4.759510 
2455362.849950 5.341465 
2455362.949950 5.566493 
2455363.049950 5.419560 
2455363.149950 4.910482 
2455363.249950 4.073279 
2455363.349950 2.963892 
2455363.449950 1.656453 
2455363.549950 0.238327 
2455363.649950 -1.195725 
2455363.749950 -2.549876 
2455363.849950 -3.733640 
2455363.949950 -4.667916 
2455364.049950 -5.290274 
2455364.149950 -5.559128 
2455364.249950 -5.456512 
2455364.349950 -4.989282 
2455364.449950 -4.188661 
2455364.549950 -3.108146 
2455364.649950 -1.819940 
2455364.749950 -0.410123 
2455364.849950 1.027100 
2455364.949950 2.395690 
2455365.049950 3.604196 
2455365.149950 4.571864 
2455365.249950 5.234032 
2455365.349950 5.546454 
2455365.449950 5.488253 
2455365.549950 5.063317 
2455365.649950 4.300043 
2455365.749950 3.249433 
2455365.849950 1.981690 
2455365.949950 0.581528 
2455366.049950 -0.857494 
2455366.149950 -2.239216 
2455366.249950 -3.471309 
2455366.349950 -4.471445 
2455366.449950 -5.172791 
2455366.549950 -5.528483 
2455366.649950 -5.514752 
2455366.749950 -5.132517 
2455366.849950 -4.407318 
2455366.949950 -3.387616 
2455367.049950 -2.141547 
2455367.149950 -0.752377 
2455367.249950 0.687069 
2455367.349950 2.080603 
2455367.449950 3.335108 
2455367.549950 4.366756 
2455367.649950 5.106610 
2455367.749950 5.505232 
2455367.849950 5.535985 
2455367.949950 5.196815 
2455368.049950 4.510385 
2455368.149950 3.522564 
2455368.249950 2.299359 
2455368.349950 0.922507 
2455368.449950 -0.515988 
2455368.549950 -1.920003 
2455368.649950 -3.195722 
2455368.749950 -4.257896 
2455368.849950 -5.035552 
2455368.949950 -5.476723 
2455369.049950 -5.551931 
2455369.149950 -5.256149 
2455369.249950 -4.609144 
2455369.349950 -3.654147 
2455369.449950 -2.454975 
2455369.549950 -1.091757 
2455369.649950 0.344414 
2455369.749950 1.757570 
2455369.849950 3.053283 
2455369.949950 4.144971 
2455370.049950 4.959684 
2455370.149950 5.442984 
2455370.249950 5.562574 
2455370.349950 5.310464 
2455370.449950 4.703501 
2455370.549950 3.782241 
2455370.649950 2.608246 
2455370.749950 1.259964 
2455370.849950 -0.172511 
2455370.949950 -1.593459 
2455371.049950 -2.907929 
2455371.149950 -4.028086 
2455371.249950 -4.879081 
2455371.349950 -5.404047 
2455371.449950 -5.567906 
2455371.549950 -5.359708 
2455371.649950 -4.793366 
2455371.749950 -3.906723 
2455371.849950 -2.759027 
2455371.949950 -1.426968 
2455372.049950 0.000443 
2455372.149950 1.427825 
2455372.249950 2.759797 
2455372.349950 3.907355 
2455372.449950 4.793817 
2455372.549950 5.359948 
2455372.649950 5.567919 
2455372.749950 5.403833 
2455372.849950 4.878653 
2455372.949950 4.027474 
2455373.049950 2.907172 
2455373.149950 1.592609 
2455373.249950 0.171625 
2455373.349950 -1.260828 
2455373.449950 -2.609030 
2455373.549950 -3.782892 
2455373.649950 -4.703975 
2455373.749950 -5.310731 
2455373.849950 -5.562615 
2455373.949950 -5.442797 
2455374.049950 -4.959281 
2455374.149950 -4.144378 
2455374.249950 -3.052541 
2455374.349950 -1.756729 
2455374.449950 -0.343529 
2455374.549950 1.092627 
2455374.649950 2.455771 
2455374.749950 3.654817 
2455374.849950 4.609641 
2455374.949950 5.256442 
2455375.049950 5.551999 
2455375.149950 5.476562 
2455375.249950 5.035173 
2455375.349950 4.257325 
2455375.449950 3.194995 
2455375.549950 1.919171 
2455375.649950 0.515105 
2455375.749950 -0.923382 
2455375.849950 -2.300167 
2455375.949950 -3.523250 
2455376.049950 -4.510905 
2455376.149950 -5.197133 
2455376.249950 -5.536081 
2455376.349950 -5.505098 
2455376.449950 -5.106256 
2455376.549950 -4.366205 
2455376.649950 -3.334398 
2455376.749950 -2.079780 
2455376.849950 -0.686189 
2455376.949950 0.753255 
2455377.049950 2.142366 
2455377.149950 3.388320 
2455377.249950 4.407860 
2455377.349950 5.132861 
2455377.449950 5.514875 
2455377.549950 5.528376 
2455377.649950 5.172462 
2455377.749950 4.470916 
2455377.849950 3.470616 
2455377.949950 2.238404 
2455378.049950 0.856617 
2455378.149950 -0.582410 
2455378.249950 -1.982519 
2455378.349950 -3.250153 
2455378.449950 -4.300606 
2455378.549950 -5.063686 
2455378.649950 -5.488403 
2455378.749950 -5.546375 
2455378.849950 -5.233729 
2455378.949950 -4.571357 
2455379.049950 -3.603520 
2455379.149950 -2.394889 
2455379.249950 -1.026228 
2455379.349950 0.411007 
2455379.449950 1.820778 
2455379.549950 3.108882 
2455379.649950 4.189245 
2455379.749950 4.989676 
2455379.849950 5.456689 
2455379.949950 5.559076 
2455380.049950 5.289997 
2455380.149950 4.667432 
2455380.249950 3.732982 
2455380.349950 2.549087 
2455380.449950 1.194858 
2455380.549950 -0.239213 
2455380.649950 -1.657299 
2455380.749950 -2.964642 
2455380.849950 -4.073883 
2455380.949950 -4.910901 
2455381.049950 -5.419763 
2455381.149950 -5.566469 
2455381.249950 -5.341214 
2455381.349950 -4.759050 
2455381.449950 -3.858879 
2455381.549950 -2.700851 
2455381.649950 -1.362348 
2455381.749950 0.067190 
2455381.849950 1.492237 
2455381.949950 2.817571 
2455382.049950 3.954631 
2455382.149950 4.827435 
2455382.249950 5.377662 
2455382.349950 5.568545 
2455382.449950 5.387329 
2455382.549950 4.846123 
2455382.649950 3.981091 
2455382.749950 2.850035 
2455382.849950 1.528536 
2455382.949950 0.104898 
2455383.049950 -1.325750 
2455383.149950 -2.667809 
2455383.249950 -3.831601 
2455383.349950 -4.739359 
2455383.449950 -5.330425 
2455383.549950 -5.565304 
2455383.649950 -5.428299 
2455383.749950 -4.928567 
2455383.849950 -4.099500 
2455383.949950 -2.996498 
2455384.049950 -1.693265 
2455384.149950 -0.276885 
2455384.249950 1.157997 
2455384.349950 2.515500 
2455384.449950 3.704912 
2455384.549950 4.646757 
2455384.649950 5.278097 
2455384.749950 5.556747 
2455384.849950 5.464085 
2455384.949950 5.006305 
2455385.049950 4.213995 
2455385.149950 3.140099 
2455385.249950 1.856376 
2455385.349950 0.448608 
2455385.449950 -0.989138 
2455385.549950 -2.360787 
2455385.649950 -3.574685 
2455385.749950 -4.549717 
2455385.849950 -5.220729 
2455385.949950 -5.542883 
2455386.049950 -5.494653 
2455386.149950 -5.079261 
2455386.249950 -4.324465 
2455386.349950 -3.280701 
2455386.449950 -2.017715 
2455386.549950 -0.619902 
2455386.649950 0.819334 
2455386.749950 2.203821 
2455386.849950 3.441044 
2455386.949950 4.448332 
2455387.049950 5.158375 
2455387.149950 5.523726 
2455387.249950 5.519973 
2455387.349950 5.147367 
2455387.449950 4.430805 
2455387.549950 3.418170 
2455387.649950 2.177126 
2455387.749950 0.790604 
2455387.849950 -0.648748 
2455387.949950 -2.044749 
2455388.049950 -3.304117 
2455388.149950 -4.342699 
2455388.249950 -5.091094 
2455388.349950 -5.499294 
2455388.449950 -5.540022 
2455388.549950 -5.210557 
2455388.649950 -4.532914 
2455388.749950 -3.552374 
2455388.849950 -2.334459 
2455388.949950 -0.960551 
2455389.049950 0.477542 
2455389.149950 1.883725 
2455389.249950 3.164035 
2455389.349950 4.232918 
2455389.449950 5.018951 
2455389.549950 5.469609 
2455389.649950 5.554780 
2455389.749950 5.268770 
2455389.849950 4.630693 
2455389.949950 3.683186 
2455390.049950 2.489562 
2455390.149950 1.129581 
2455390.249950 -0.305880 
2455390.349950 -1.720902 
2455390.449950 -3.020930 
2455390.549950 -4.119095 
2455390.649950 -4.942015 
2455390.749950 -5.434702 
2455390.849950 -5.564232 
2455390.949950 -5.321952 
2455391.049950 -4.724051 
2455391.149950 -3.810480 
2455391.249950 -2.642287 
2455391.349950 -1.297532 
2455391.449950 0.133926 
2455391.549950 1.556435 
2455391.649950 2.874941 
2455391.749950 4.001338 
2455391.849950 4.860359 
2455391.949950 5.394603 
2455392.049950 5.568371 
2455392.149950 5.370052 
2455392.249950 4.812896 
2455392.349950 3.934135 
2455392.449950 2.792489 
2455392.549950 1.464244 
2455392.649950 0.038156 
2455392.749950 -1.390482 
2455392.849950 -2.726205 
2455392.949950 -3.879759 
2455393.049950 -4.774062 
2455393.149950 -5.349353 
2455393.249950 -5.567192 
2455393.349950 -5.413022 
2455393.449950 -4.897145 
2455393.549950 -4.054033 
2455393.649950 -2.940024 
2455393.749950 -1.629557 
2455393.849950 -0.210201 
2455393.949950 1.223201 
2455394.049950 2.574867 
2455394.149950 3.754476 
2455394.249950 4.683205 
2455394.349950 5.298994 
2455394.449950 5.560696 
2455394.549950 5.450823 
2455394.649950 4.976718 
2455394.749950 4.170059 
2455394.849950 3.084751 
2455394.949950 1.793315 
2455395.049950 0.382046 
2455395.149950 -1.054752 
2455395.249950 -2.421069 
2455395.349950 -3.625607 
2455395.449950 -4.587875 
2455395.549950 -5.243575 
2455395.649950 -5.548890 
2455395.749950 -5.483419 
2455395.849950 -5.051537 
2455395.949950 -4.282103 
2455396.049950 -3.226532 
2455396.149950 -1.955359 
2455396.249950 -0.553526 
2455396.349950 0.885295 
2455396.449950 2.264959 
2455396.549950 3.493275 
2455396.649950 4.488164 
2455396.749950 5.183147 
2455396.849950 5.531784 
2455396.949950 5.510778 
2455397.049950 5.121532 
2455397.149950 4.390058 
2455397.249950 3.365232 
2455397.349950 2.115536 
2455397.449950 0.724477 
2455397.549950 -0.714993 
2455397.649950 -2.106686 
2455397.749950 -3.357607 
2455397.849950 -4.384167 
2455397.949950 -5.117770 
2455398.049950 -5.509395 
2455398.149950 -5.532873 
2455398.249950 -5.186636 
2455398.349950 -4.493819 
2455398.449950 -3.500718 
2455398.549950 -2.273693 
2455398.649950 -0.894736 
2455398.749950 0.544008 
2455398.849950 1.946401 
2455398.949950 3.218732 
2455399.049950 4.275983 
2455399.149950 5.047505 
2455399.249950 5.481744 
2455399.349950 5.549685 
2455399.449950 5.246786 
2455399.549950 4.593289 
2455399.649950 3.632861 
2455399.749950 2.429679 
2455399.849950 1.064141 
2455399.949950 -0.372504 
2455400.049950 -1.784257 
2455400.149950 -3.076784 
2455400.249950 -4.163715 
2455400.349950 -4.972419 
2455400.449950 -5.448859 
2455400.549950 -5.561197 
2455400.649950 -5.301926 
2455400.749950 -4.688372 
2455400.849950 -3.761534 
2455400.949950 -2.583344 
2455401.049950 -1.232530 
2455401.149950 0.200643 
2455401.249950 1.620409 
2455401.349950 2.931897 
2455401.449950 4.047470 
2455401.549950 4.892585 
2455401.649950 5.410769 
2455401.749950 5.567397 
2455401.849950 5.352002 
2455401.949950 4.778978 
2455402.049950 3.886615 
2455402.149950 2.734541 
2455402.249950 1.399741 
2455402.349950 -0.028592 
2455402.449950 -1.455014 
2455402.549950 -2.784210 
2455402.649950 -3.927360 
2455402.749950 -4.808078 
2455402.849950 -5.367513 
2455402.949950 -5.568281 
2455403.049950 -5.396967 
2455403.149950 -4.865020 
2455403.249950 -4.007984 
2455403.349950 -2.883128 
2455403.449950 -1.565616 
2455403.549950 -0.143488 
2455403.649950 1.288229 
2455403.749950 2.633864 
2455403.849950 3.803500 
2455403.949950 4.718980 
2455404.049950 5.319130 
2455404.149950 5.563847 
2455404.249950 5.436778 
2455404.349950 4.946415 
2455404.449950 4.125525 
2455404.549950 3.028960 
2455404.649950 1.729996 
2455404.749950 0.315430 
2455404.849950 -1.120214 
2455404.949950 -2.481003 
2455405.049950 -3.676007 
2455405.149950 -4.625374 
2455405.249950 -5.265667 
2455405.349950 -5.554099 
2455405.449950 -5.471397 
2455405.549950 -5.023087 
2455405.649950 -4.239126 
2455405.749950 -3.171900 
2455405.849950 -1.892723 
2455405.949950 -0.487071 
2455406.049950 0.951129 
2455406.149950 2.325772 
2455406.249950 3.545003 
2455406.349950 4.527352 
2455406.449950 5.207175 
2455406.549950 5.539046 
2455406.649950 5.500790 
2455406.749950 5.094961 
2455406.849950 4.348679 
2455406.949950 3.311811 
2455407.049950 2.053643 
2455407.149950 0.658246 
2455407.249950 -0.781135 
2455407.349950 -2.168320 
2455407.449950 -3.410614 
2455407.549950 -4.425005 
2455407.649950 -5.143710 
2455407.749950 -5.518704 
2455407.849950 -5.524930 
2455407.949950 -5.161970 
2455408.049950 -4.454079 
2455408.149950 -3.448559 
2455408.249950 -2.212601 
2455408.349950 -0.828793 
2455408.449950 0.610396 
2455408.549950 2.008797 
2455408.649950 3.272968 
2455408.749950 4.318433 
2455408.849950 5.075333 
2455408.949950 5.493092 
2455409.049950 5.543793 
2455409.149950 5.224049 
2455409.249950 4.555225 
2455409.349950 3.582014 
2455409.449950 2.369446 
2455409.549950 0.998549 
2455409.649950 -0.439073 
2455409.749950 -1.847356 
2455409.849950 -3.132195 
2455409.949950 -4.207736 
2455410.049950 -5.002109 
2455410.149950 -5.462233 
2455410.249950 -5.557362 
2455410.349950 -5.281138 
2455410.449950 -4.652021 
2455410.549950 -3.712047 
2455410.649950 -2.524029 
2455410.749950 -1.167351 
2455410.849950 0.267332 
2455410.949950 1.684151 
2455411.049950 2.988432 
2455411.149950 4.093021 
2455411.249950 4.924108 
2455411.349950 5.426158 
2455411.449950 5.565623 
2455411.549950 5.333184 
2455411.649950 4.744373 
2455411.749950 3.838536 
2455411.849950 2.676201 
2455411.949950 1.335038 
2455412.049950 -0.095335 
2455412.149950 -1.519337 
2455412.249950 -2.841814 
2455412.349950 -3.974397 
2455412.449950 -4.841404 
2455412.549950 -5.384901 
2455412.649950 -5.568569 
2455412.749950 -5.380137 
2455412.849950 -4.832195 
2455412.949950 -3.961358 
2455413.049950 -2.825817 
2455413.149950 -1.501450 
2455413.249950 -0.076753 
2455413.349950 1.353072 
2455413.449950 2.692483 
2455413.549950 3.851977 
2455413.649950 4.754077 
2455413.749950 5.338501 
2455413.849950 5.566197 
2455413.949950 5.421952 
2455414.049950 4.915402 
2455414.149950 4.080398 
2455414.249950 2.972734 
2455414.349950 1.666428 
2455414.449950 0.248768 
2455414.549950 -1.185515 
2455414.649950 -2.540580 
2455414.749950 -3.725879 
2455414.849950 -4.662209 
2455414.949950 -5.287002 
2455415.049950 -5.558510 
2455415.149950 -5.458588 
2455415.249950 -4.993915 
2455415.349950 -4.195540 
2455415.449950 -3.116813 
2455415.549950 -1.829815 
2455415.649950 -0.420545 
2455415.749950 1.016826 
2455415.849950 2.386251 
2455415.949950 3.596222 
2455416.049950 4.565889 
2455416.149950 5.230455 
2455416.249950 5.545513 
2455416.349950 5.490012 
2455416.449950 5.067658 
2455416.549950 4.306676 
2455416.649950 3.257914 
2455416.749950 1.991454 
2455416.849950 0.591921 
2455416.949950 -0.847165 
2455417.049950 -2.229642 
2455417.149950 -3.463131 
2455417.249950 -4.465208 
2455417.349950 -5.168912 
2455417.449950 -5.527221 
2455417.549950 -5.516192 
2455417.649950 -5.136562 
2455417.749950 -4.413699 
2455417.849950 -3.395905 
2455417.949950 -2.151191 
2455418.049950 -0.762731 
2455418.149950 0.676696 
2455418.249950 2.070905 
2455418.349950 3.326733 
2455418.449950 4.360263 
2455418.549950 5.102433 
2455418.649950 5.503650 
2455418.749950 5.537104 
2455418.849950 5.200560 
2455418.949950 4.516506 
2455419.049950 3.530652 
2455419.149950 2.308874 
2455419.249950 0.932813 
2455419.349950 -0.505580 
2455419.449950 -1.910190 
2455419.549950 -3.187157 
2455419.649950 -4.251153 
2455419.749950 -5.031081 
2455419.849950 -5.474823 
2455419.949950 -5.552728 
2455420.049950 -5.259592 
2455420.149950 -4.615000 
2455420.249950 -3.662027 
2455420.349950 -2.464351 
2455420.449950 -1.102004 
2455420.549950 0.333982 
2455420.649950 1.747650 
2455420.749950 3.044538 
2455420.849950 4.137984 
2455420.949950 4.954924 
2455421.049950 5.440767 
2455421.149950 5.563050 
2455421.249950 5.313600 
2455421.349950 4.709087 
2455421.449950 3.789905 
2455421.549950 2.617476 
2455421.649950 1.270142 
2455421.749950 -0.162064 
2455421.849950 -1.583441 
2455421.949950 -2.899010 
2455422.049950 -4.020863 
2455422.149950 -4.874035 
2455422.249950 -5.401515 
2455422.349950 -5.568058 
2455422.449950 -5.362534 
2455422.549950 -4.798677 
2455422.649950 -3.914164 
2455422.749950 -2.768100 
2455422.849950 -1.437068 
2455422.949950 -0.010008 
2455423.049950 1.417721 
2455423.149950 2.750715 
2455423.249950 3.899902 
2455423.349950 4.788491 
2455423.449950 5.357105 
2455423.549950 5.567749 
2455423.649950 5.406346 
2455423.749950 4.883683 
2455423.849950 4.034684 
2455423.949950 2.916081 
2455424.049950 1.602621 
2455424.149950 0.182071 
2455424.249950 -1.250646 
2455424.349950 -2.599792 
2455424.449950 -3.775216 
2455424.549950 -4.698374 
2455424.649950 -5.307578 
2455424.749950 -5.562122 
2455424.849950 -5.444996 
2455424.949950 -4.964026 
2455425.049950 -4.151352 
2455425.149950 -3.061277 
2455425.249950 -1.766643 
2455425.349950 -0.353959 
2455425.449950 1.082377 
2455425.549950 2.446387 
2455425.649950 3.646925 
2455425.749950 4.603770 
2455425.849950 5.252983 
2455425.949950 5.551184 
2455426.049950 5.478445 
2455426.149950 5.039628 
2455426.249950 4.264054 
2455426.349950 3.203550 
2455426.449950 1.928979 
2455426.549950 0.525510 
2455426.649950 -0.913074 
2455426.749950 -2.290645 
2455426.849950 -3.515151 
2455426.949950 -4.504769 
2455427.049950 -5.193371 
2455427.149950 -5.534943 
2455427.249950 -5.506662 
2455427.349950 -5.110416 
2455427.449950 -4.372684 
2455427.549950 -3.342763 
2455427.649950 -2.089472 
2455427.749950 -0.696559 
2455427.849950 0.742899 
2455427.949950 2.132715 
2455428.049950 3.380020 
2455428.149950 4.401466 
2455428.249950 5.128799 
2455428.349950 5.513417 
2455428.449950 5.529620 
2455428.549950 5.176325 
2455428.649950 4.477139 
2455428.749950 3.478783 
2455428.849950 2.247969 
2455428.949950 0.866943 
2455429.049950 -0.572015 
2455429.149950 -1.972749 
2455429.249950 -3.241661 
2455429.349950 -4.293960 
2455429.449950 -5.059329 
2455429.549950 -5.486626 
2455429.649950 -5.547297 
2455429.749950 -5.237289 
2455429.849950 -4.577317 
2455429.949950 -3.611481 
2455430.049950 -2.404320 
2455430.149950 -1.036498 
2455430.249950 0.400584 
2455430.349950 1.810898 
2455430.449950 3.100206 
2455430.549950 4.182352 
2455430.649950 4.985027 
2455430.749950 5.454595 
2455430.849950 5.559677 
2455430.949950 5.293252 
2455431.049950 4.673124 
2455431.149950 3.740730 
2455431.249950 2.558375 
2455431.349950 1.205064 
2455431.449950 -0.228771 
2455431.549950 -1.647319 
2455431.649950 -2.955790 
2455431.749950 -4.066751 
2455431.849950 -4.905965 
2455431.949950 -5.417354 
2455432.049950 -5.566747 
2455432.149950 -5.344160 
2455432.249950 -4.764468 
2455432.349950 -3.866407 
2455432.449950 -2.709986 
2455432.549950 -1.372479 
2455432.649950 0.056739 
2455432.749950 1.482166 
2455432.849950 2.808552 
2455432.949950 3.947265 
2455433.049950 4.822217 
2455433.149950 5.374940 
2455433.249950 5.568500 
2455433.349950 5.389964 
2455433.449950 4.851262 
2455433.549950 3.988391 
2455433.649950 2.859009 
2455433.749950 1.538583 
2455433.849950 0.115347 
2455433.949950 -1.315597 
2455434.049950 -2.658631 
2455434.149950 -3.824010 
2455434.249950 -4.733863 
2455434.349950 -5.327392 
2455434.449950 -5.564935 
2455434.549950 -5.430621 
2455434.649950 -4.933423 
2455434.749950 -4.106566 
2455434.849950 -3.005302 
2455434.949950 -1.703218 
2455435.049950 -0.287323 
2455435.149950 1.147772 
2455435.249950 2.506171 
2455435.349950 3.697103 
2455435.449950 4.640989 
2455435.549950 5.274757 
2455435.649950 5.556056 
2455435.749950 5.466091 
2455435.849950 5.010873 
2455435.949950 4.220820 
2455436.049950 3.148724 
2455436.149950 1.866226 
2455436.249950 0.459024 
2455436.349950 -0.978851 
2455436.449950 -2.351318 
2455436.549950 -3.566665 
2455436.649950 -4.543683 
2455436.749950 -5.217084 
2455436.849950 -5.541871 
2455436.949950 -5.496341 
2455437.049950 -5.083536 
2455437.149950 -4.331042 
2455437.249950 -3.289140 
2455437.349950 -2.027452 
2455437.449950 -0.630287 
2455437.549950 0.808995 
2455437.649950 2.194219 
2455437.749950 3.432821 
2455437.849950 4.442037 
2455437.949950 5.154428 
2455438.049950 5.522393 
2455438.149950 5.521342 
2455438.249950 5.151345 
2455438.349950 4.437128 
2455438.449950 3.426414 
2455438.549950 2.186742 
2455438.649950 0.800948 
2455438.749950 -0.638367 
2455438.849950 -2.035024 
2455438.949950 -3.295699 
2455439.049950 -4.336149 
2455439.149950 -5.086851 
2455439.249950 -5.497641 
2455439.349950 -5.541069 
2455439.449950 -5.214235 
2455439.549950 -4.538976 
2455439.649950 -3.560416 
2455439.749950 -2.343943 
2455439.849950 -0.970844 
2455439.949950 0.467128 
2455440.049950 1.873887 
2455440.149950 3.155429 
2455440.249950 4.226120 
2455440.349950 5.014415 
2455440.449950 5.467638 
2455440.549950 5.555505 
2455440.649950 5.272144 
2455440.749950 4.636490 
2455440.849950 3.691018 
2455440.949950 2.498906 
2455441.049950 1.139813 
2455441.149950 -0.295444 
2455441.249950 -1.710959 
2455441.349950 -3.012145 
2455441.449950 -4.112055 
2455441.549950 -4.937190 
2455441.649950 -5.432414 
2455441.749950 -5.564635 
2455441.849950 -5.325019 
2455441.949950 -4.729576 
2455442.049950 -3.818095 
2455442.149950 -2.651482 
2455442.249950 -1.307693 
2455442.349950 0.123478 
2455442.449950 1.546398 
2455442.549950 2.865985 
2455442.649950 3.994062 
2455442.749950 4.855250 
2455442.849950 5.392002 
2455442.949950 5.568451 
2455443.049950 5.372808 
2455443.149950 4.818145 
2455443.249950 3.941525 
2455443.349950 2.801526 
2455443.449950 1.474325 
2455443.549950 0.048607 
2455443.649950 -1.380359 
2455443.749950 -2.717087 
2455443.849950 -3.872255 
2455443.949950 -4.768673 
2455444.049950 -5.346440 
2455444.149950 -5.566949 
2455444.249950 -5.415466 
2455444.349950 -4.902112 
2455444.449950 -4.061191 
2455444.549950 -2.948895 
2455444.649950 -1.639548 
2455444.749950 -0.220645 
2455444.849950 1.213003 
2455444.949950 2.565595 
2455445.049950 3.746751 
2455445.149950 4.677542 
2455445.249950 5.295772 
2455445.349950 5.560131 
2455445.449950 5.452952 
2455445.549950 4.981398 
2455445.649950 4.176979 
2455445.749950 3.093447 
2455445.849950 1.803206 
2455445.949950 0.392472 
2455446.049950 -1.044488 
2455446.149950 -2.411653 
2455446.249950 -3.617668 
2455446.349950 -4.581944 
2455446.449950 -5.240047 
2455446.549950 -5.548002 
2455446.649950 -5.485230 
2455446.749950 -5.055926 
2455446.849950 -4.288777 
2455446.949950 -3.235045 
2455447.049950 -1.965142 
2455447.149950 -0.563925 
2455447.249950 0.874975 
2455447.349950 2.255407 
2455447.449950 3.485130 
2455447.549950 4.481970 
2455447.649950 5.179317 
2455447.749950 5.530575 
2455447.849950 5.512270 
2455447.949950 5.125626 
2455448.049950 4.396480 
2455448.149950 3.373553 
2455448.249950 2.125200 
2455448.349950 0.734838 
2455448.449950 -0.704627 
2455448.549950 -2.097008 
2455448.649950 -3.349263 
2455448.749950 -4.377715 
2455448.849950 -5.113641 
2455448.949950 -5.507866 
2455449.049950 -5.534045 
2455449.149950 -5.190431 
2455449.249950 -4.499983 
2455449.349950 -3.508840 
2455449.449950 -2.283230 
2455449.549950 -0.905050 
2455449.649950 0.533606 
2455449.749950 1.936605 
2455449.849950 3.210198 
2455449.949950 4.269280 
2455450.049950 5.043082 
2455450.149950 5.479896 
2455450.249950 5.550535 
2455450.349950 5.250279 
2455450.449950 4.599190 
2455450.549950 3.640775 
2455450.649950 2.439078 
2455450.749950 1.074398 
2455450.849950 -0.362075 
2455450.949950 -1.774354 
2455451.049950 -3.068067 
2455451.149950 -4.156767 
2455451.249950 -4.967706 
2455451.349950 -5.446694 
2455451.449950 -5.561725 
2455451.549950 -5.305112 
2455451.649950 -4.694003 
2455451.749950 -3.769234 
2455451.849950 -2.592598 
2455451.949950 -1.242720 
2455452.049950 0.190198 
2455452.149950 1.610407 
2455452.249950 2.923006 
2455452.349950 4.040285 
2455452.449950 4.887585 
2455452.549950 5.408289 
2455452.649950 5.567603 
2455452.749950 5.354879 
2455452.849950 4.784334 
2455452.949950 3.894092 
2455453.049950 2.743641 
2455453.149950 1.409855 
2455453.249950 -0.018140 
2455453.349950 -1.444923 
2455453.449950 -2.775154 
2455453.549950 -3.919944 
2455453.649950 -4.802797 
2455453.749950 -5.364720 
2455453.849950 -5.568163 
2455453.949950 -5.399533 
2455454.049950 -4.870096 
2455454.149950 -4.015232 
2455454.249950 -2.892064 
2455454.349950 -1.575643 
2455454.449950 -0.153935 
2455454.549950 1.278059 
2455454.649950 2.624651 
2455454.749950 3.795860 
2455454.849950 4.713423 
2455454.949950 5.316027 
2455455.049950 5.563406 
2455455.149950 5.439029 
2455455.249950 4.951207 
2455455.349950 4.132537 
2455455.449950 3.037725 
2455455.549950 1.739927 
2455455.649950 0.325864 
2455455.749950 -1.109974 
2455455.849950 -2.471642 
2455455.949950 -3.668150 
2455456.049950 -4.619546 
2455456.149950 -5.262257 
2455456.249950 -5.553336 
2455456.349950 -5.473331 
2455456.449950 -5.027589 
2455456.549950 -4.245896 
2455456.649950 -3.180485 
2455456.749950 -1.902549 
2455456.849950 -0.497481 
2455456.949950 0.940829 
2455457.049950 2.316272 
2455457.149950 3.536937 
2455457.249950 4.521259 
2455457.349950 5.203462 
2455457.449950 5.537962 
2455457.549950 5.502406 
2455457.649950 5.099170 
2455457.749950 4.355200 
2455457.849950 3.320207 
2455457.949950 2.063354 
2455458.049950 0.668623 
2455458.149950 -0.770786 
2455458.249950 -2.158690 
2455458.349950 -3.402346 
2455458.449950 -4.418653 
2455458.549950 -5.139697 
2455458.649950 -5.517299 
2455458.749950 -5.526226 
2455458.849950 -5.165881 
2455458.949950 -4.460344 
2455459.049950 -3.456759 
2455459.149950 -2.222188 
2455459.249950 -0.839127 
2455459.349950 0.600006 
2455459.449950 1.999046 
2455459.549950 3.264506 
2455459.649950 4.311827 
2455459.749950 5.071024 
2455459.849950 5.491367 
2455459.949950 5.544768 
2455460.049950 5.227659 
2455460.149950 4.561228 
2455460.249950 3.590009 
2455460.349950 2.378900 
2455460.449950 1.008829 
2455460.549950 -0.428654 
2455460.649950 -1.837493 
2455460.749950 -3.123549 
2455460.849950 -4.200883 
2455460.949950 -4.997508 
2455461.049950 -5.460191 
2455461.149950 -5.558015 
2455461.249950 -5.284443 
2455461.349950 -4.657757 
2455461.449950 -3.719831 
2455461.549950 -2.533340 
2455461.649950 -1.177568 
2455461.749950 0.256892 
2455461.849950 1.674186 
2455461.949950 2.979608 
2455462.049950 4.085927 
2455462.149950 4.919219 
2455462.249950 5.423800 
2455462.349950 5.565954 
2455462.449950 5.336182 
2455462.549950 4.749837 
2455462.649950 3.846101 
2455462.749950 2.685361 
2455462.849950 1.345182 
2455462.949950 -0.084885 
2455463.049950 -1.509279 
2455463.149950 -2.832821 
2455463.249950 -3.967070 
2455463.349950 -4.836232 
2455463.449950 -5.382229 
2455463.549950 -5.568577 
2455463.649950 -5.382824 
2455463.749950 -4.837381 
2455463.849950 -3.968697 
2455463.949950 -2.834818 
2455464.049950 -1.511511 
2455464.149950 -0.087203 
2455464.249950 1.342932 
2455464.349950 2.683330 
2455464.449950 3.844423 
2455464.549950 4.748626 
2455464.649950 5.335518 
2455464.749950 5.565882 
2455464.849950 5.424325 
2455464.949950 4.920305 
2455465.049950 4.087503 
2455465.149950 2.981567 
2455465.249950 1.676397 
2455465.349950 0.259208 
2455465.449950 -1.175301 
2455465.549950 -2.531275 
2455465.649950 -3.718105 
2455465.749950 -4.656486 
2455465.849950 -5.283712 
2455465.949950 -5.557872 
2455466.049950 -5.460646 
2455466.149950 -4.998530 
2455466.249950 -4.202405 
2455466.349950 -3.125468 
2455466.449950 -1.839682 
2455466.549950 -0.430966 
2455466.649950 1.006548 
2455466.749950 2.376803 
2455466.849950 3.588236 
2455466.949950 4.559898 
2455467.049950 5.226859 
2455467.149950 5.544553 
2455467.249950 5.491751 
2455467.349950 5.071982 
2455467.449950 4.313294 
2455467.549950 3.266385 
2455467.649950 2.001210 
2455467.749950 0.602312 
2455467.849950 -0.836834 
2455467.949950 -2.220062 
2455468.049950 -3.454941 
2455468.149950 -4.458955 
2455468.249950 -5.165015 
2455468.349950 -5.525940 
2455468.449950 -5.517613 
2455468.549950 -5.140589 
2455468.649950 -4.420063 
2455468.749950 -3.404182 
2455468.849950 -2.160827 
2455468.949950 -0.773082 
2455469.049950 0.666321 
2455469.149950 2.061200 
2455469.249950 3.318346 
2455469.349950 4.353754 
2455469.449950 5.098238 
2455469.549950 5.502049 
2455469.649950 5.538204 
2455469.749950 5.204287 
2455469.849950 4.522612 
2455469.949950 3.538728 
2455470.049950 2.318380 
2455470.149950 0.943115 
2455470.249950 -0.495171 
2455470.349950 -1.900369 
2455470.449950 -3.178581 
2455470.549950 -4.244395 
2455470.649950 -5.026592 
2455470.749950 -5.472903 
2455470.849950 -5.553507 
2455470.949950 -5.263015 
2455471.049950 -4.620841 
2455471.149950 -3.669894 
2455471.249950 -2.473719 
2455471.349950 -1.112246 
2455471.449950 0.323549 
2455471.549950 1.737724 
2455471.649950 3.035781 
2455471.749950 4.130983 
2455471.849950 4.950145 
2455471.949950 5.438531 
2455472.049950 5.563505 
2455472.149950 5.316717 
2455472.249950 4.714657 
2455472.349950 3.797556 
2455472.449950 2.626696 
2455472.549950 1.280316 
2455472.649950 -0.151617 
2455472.749950 -1.573419 
2455472.849950 -2.890082 
2455472.949950 -4.013625 
2455473.049950 -4.868971 
2455473.149950 -5.398965 
2455473.249950 -5.568191 
2455473.349950 -5.365341 
2455473.449950 -4.803971 
2455473.549950 -3.921591 
2455473.649950 -2.777164 
2455473.749950 -1.447162 
2455473.849950 -0.020459 
2455473.949950 1.407611 
2455474.049950 2.741623 
2455474.149950 3.892435 
2455474.249950 4.783147 
2455474.349950 5.354243 
2455474.449950 5.567559 
2455474.549950 5.408841 
2455474.649950 4.888696 
2455474.749950 4.041881 
2455474.849950 2.924980 
2455474.949950 1.612627 
2455475.049950 0.192516 
2455475.149950 -1.240459 
2455475.249950 -2.590545 
2455475.349950 -3.767526 
2455475.449950 -4.692755 
2455475.549950 -5.304407 
2455475.649950 -5.561609 
2455475.749950 -5.447176 
2455475.849950 -4.968753 
2455475.949950 -4.158310 
2455476.049950 -3.070002 
2455476.149950 -1.776552 
2455476.249950 -0.364389 
2455476.349950 1.072123 
2455476.449950 2.436993 
2455476.549950 3.639020 
2455476.649950 4.597882 
2455476.749950 5.249505 
2455476.849950 5.550348 
2455476.949950 5.480308 
2455477.049950 5.044065 
2455477.149950 4.270768 
2455477.249950 3.212093 
2455477.349950 1.938779 
2455477.449950 0.535914 
2455477.549950 -0.902762 
2455477.649950 -2.281114 
2455477.749950 -3.507039 
2455477.849950 -4.498617 
2455477.949950 -5.189590 
2455478.049950 -5.533787 
2455478.149950 -5.508207 
2455478.249950 -5.114559 
2455478.349950 -4.379148 
2455478.449950 -3.351115 
2455478.549950 -2.099156 
2455478.649950 -0.706927 
2455478.749950 0.732540 
2455478.849950 2.123057 
2455478.949950 3.371708 
2455479.049950 4.395056 
2455479.149950 5.124719 
2455479.249950 5.511940 
2455479.349950 5.530845 
2455479.449950 5.180169 
2455479.549950 4.483345 
2455479.649950 3.486938 
2455479.749950 2.257527 
2455479.849950 0.877265 
2455479.949950 -0.561617 
2455480.049950 -1.962972 
2455480.149950 -3.233157 
2455480.249950 -4.287298 
2455480.349950 -5.054954 
2455480.449950 -5.484830 
2455480.549950 -5.548200 
2455480.649950 -5.240831 
2455480.749950 -4.583261 
2455480.849950 -3.619430 
2455480.949950 -2.413743 
2455481.049950 -1.046765 
2455481.149950 0.390159 
2455481.249950 1.801012 
2455481.349950 3.091518 
2455481.449950 4.175445 
2455481.549950 4.980361 
2455481.649950 5.452481 
2455481.749950 5.560258 
2455481.849950 5.296489 
2455481.949950 4.678800 
2455482.049950 3.748466 
2455482.149950 2.567653 
2455482.249950 1.215266 
2455482.349950 -0.218328 
2455482.449950 -1.637332 
2455482.549950 -2.946927 
2455482.649950 -4.059604 
2455482.749950 -4.901011 
2455482.849950 -5.414925 
2455482.949950 -5.567005 
2455483.049950 -5.347088 
2455483.149950 -4.769870 
2455483.249950 -3.873922 
2455483.349950 -2.719111 
2455483.449950 -1.382606 
2455483.549950 0.046288 
2455483.649950 1.472089 
2455483.749950 2.799522 
2455483.849950 3.939887 
2455483.949950 4.816982 
2455484.049950 5.372198 
2455484.149950 5.568435 
2455484.249950 5.392581 
2455484.349950 4.856385 
2455484.449950 3.995678 
2455484.549950 2.867973 
2455484.649950 1.548625 
2455484.749950 0.125796 
2455484.849950 -1.305439 
2455484.949950 -2.649443 
2455485.049950 -3.816406 
2455485.149950 -4.728351 
2455485.249950 -5.324340 
2455485.349950 -5.564548 
2455485.449950 -5.432923 
2455485.549950 -4.938262 
2455485.649950 -4.113618 
2455485.749950 -3.014095 
2455485.849950 -1.713166 
2455485.949950 -0.297760 
2455486.049950 1.137543 
2455486.149950 2.496833 
2455486.249950 3.689281 
2455486.349950 4.635205 
2455486.449950 5.271397 
2455486.549950 5.555346 
2455486.649950 5.468077 
2455486.749950 5.015423 
2455486.849950 4.227629 
2455486.949950 3.157339 
2455487.049950 1.876070 
2455487.149950 0.469439 
2455487.249950 -0.968561 
2455487.349950 -2.341840 
2455487.449950 -3.558633 
2455487.549950 -4.537633 
2455487.649950 -5.213420 
2455487.749950 -5.540839 
2455487.849950 -5.498009 
2455487.949950 -5.087794 
2455488.049950 -4.337603 
2455488.149950 -3.297568 
2455488.249950 -2.037183 
2455488.349950 -0.640670 
2455488.449950 0.798653 
2455488.549950 2.184609 
2455488.649950 3.424586 
2455488.749950 4.435726 
2455488.849950 5.150464 
2455488.949950 5.521040 
2455489.049950 5.522690 
2455489.149950 5.155306 
2455489.249950 4.443435 
2455489.349950 3.434647 
2455489.449950 2.196350 
2455489.549950 0.811289 
2455489.649950 -0.627983 
2455489.749950 -2.025292 
2455489.849950 -3.287268 
2455489.949950 -4.329584 
2455490.049950 -5.082589 
2455490.149950 -5.495968 
2455490.249950 -5.542097 
2455490.349950 -5.217894 
2455490.449950 -4.545023 
2455490.549950 -3.568446 
2455490.649950 -2.353419 
2455490.749950 -0.981134 
2455490.849950 0.456713 
2455490.949950 1.864041 
2455491.049950 3.146812 
2455491.149950 4.219307 
2455491.249950 5.009861 
2455491.349950 5.465648 
2455491.449950 5.556211 
2455491.549950 5.275499 
2455491.649950 4.642270 
2455491.749950 3.698837 
2455491.849950 2.508242 
2455491.949950 1.150041 
2455492.049950 -0.285007 
2455492.149950 -1.701010 
2455492.249950 -3.003349 
2455492.349950 -4.105000 
2455492.449950 -4.932347 
2455492.549950 -5.430107 
2455492.649950 -5.565019 
2455492.749950 -5.328067 
2455492.849950 -4.735084 
2455492.949950 -3.825696 
2455493.049950 -2.660668 
2455493.149950 -1.317850 
2455493.249950 0.113029 
2455493.349950 1.536355 
2455493.449950 2.857019 
2455493.549950 3.986773 
2455493.649950 4.850123 
2455493.749950 5.389381 
2455493.849950 5.568512 
2455493.949950 5.375545 
2455494.049950 4.823376 
2455494.149950 3.948901 
2455494.249950 2.810554 
2455494.349950 1.484401 
2455494.449950 0.059058 
2455494.549950 -1.370232 
2455494.649950 -2.707960 
2455494.749950 -3.864738 
2455494.849950 -4.763268 
2455494.949950 -5.343508 
2455495.049950 -5.566687 
2455495.149950 -5.417890 
2455495.249950 -4.907061 
2455495.349950 -4.068335 
2455495.449950 -2.957755 
2455495.549950 -1.649534 
2455495.649950 -0.231088 
2455495.749950 1.202800 
2455495.849950 2.556315 
2455495.949950 3.739012 
2455496.049950 4.671863 
2455496.149950 5.292532 
2455496.249950 5.559545 
2455496.349950 5.455061 
2455496.449950 4.986060 
2455496.549950 4.183883 
2455496.649950 3.102132 
2455496.749950 1.813091 
2455496.849950 0.402897 
2455496.949950 -1.034220 
2455497.049950 -2.402228 
2455497.149950 -3.609716 
2455497.249950 -4.575996 
2455497.349950 -5.236501 
2455497.449950 -5.547094 
2455497.549950 -5.487022 
2455497.649950 -5.060297 
2455497.749950 -4.295436 
2455497.849950 -3.243546 
2455497.949950 -1.974917 
2455498.049950 -0.574321 
2455498.149950 0.864652 
2455498.249950 2.245848 
2455498.349950 3.476972 
2455498.449950 4.475759 
2455498.549950 5.175469 
2455498.649950 5.529346 
2455498.749950 5.513743 
2455498.849950 5.129702 
2455498.949950 4.402886 
2455499.049950 3.381862 
2455499.149950 2.134857 
2455499.249950 0.745197 
2455499.349950 -0.694258 
2455499.449950 -2.087322 
2455499.549950 -3.340908 
2455499.649950 -4.371248 
2455499.749950 -5.109495 
2455499.849950 -5.506317 
2455499.949950 -5.535197 
2455500.049950 -5.194207 
2455500.149950 -4.506132 
2455500.249950 -3.516949 
2455500.349950 -2.292758 
2455500.449950 -0.915361 
2455500.549950 0.523202 
2455500.649950 1.926803 
2455500.749950 3.201653 
2455500.849950 4.262562 
2455500.949950 5.038641 
2455501.049950 5.478029 
2455501.149950 5.551366 
2455501.249950 5.253752 
2455501.349950 4.605074 
2455501.449950 3.648677 
2455501.549950 2.448469 
2455501.649950 1.084651 
2455501.749950 -0.351645 
2455501.849950 -1.764444 
2455501.949950 -3.059340 
2455502.049950 -4.149806 
2455502.149950 -4.962975 
2455502.249950 -5.444509 
2455502.349950 -5.562233 
2455502.449950 -5.308280 
2455502.549950 -4.699618 
2455502.649950 -3.776920 
2455502.749950 -2.601843 
2455502.849950 -1.252905 
2455502.949950 0.179753 
2455503.049950 1.600400 
2455503.149950 2.914105 
2455503.249950 4.033086 
2455503.349950 4.882569 
2455503.449950 5.405790 
2455503.549950 5.567788 
2455503.649950 5.357738 
2455503.749950 4.789674 
2455503.849950 3.901557 
2455503.949950 2.752731 
2455504.049950 1.419963 
2455504.149950 -0.007689 
2455504.249950 -1.434827 
2455504.349950 -2.766088 
2455504.449950 -3.912514 
2455504.549950 -4.797500 
2455504.649950 -5.361909 
2455504.749950 -5.568026 
2455504.849950 -5.402079 
2455504.949950 -4.875156 
2455505.049950 -4.022467 
2455505.149950 -2.900990 
2455505.249950 -1.585665 
2455505.349950 -0.164382 
2455505.449950 1.267884 
2455505.549950 2.615429 
2455505.649950 3.788206 
2455505.749950 4.707849 
2455505.849950 5.312906 
2455505.949950 5.562946 
2455506.049950 5.441261 
2455506.149950 4.955981 
2455506.249950 4.139535 
2455506.349950 3.046479 
2455506.449950 1.749852 
2455506.549950 0.336297 
2455506.649950 -1.099731 
2455506.749950 -2.462272 
2455506.849950 -3.660280 
2455506.949950 -4.613702 
2455507.049950 -5.258830 
2455507.149950 -5.552553 
2455507.249950 -5.475246 
2455507.349950 -5.032074 
2455507.449950 -4.252651 
2455507.549950 -3.189058 
2455507.649950 -1.912368 
2455507.749950 -0.507890 
2455507.849950 0.930527 
2455507.949950 2.306763 
2455508.049950 3.528858 
2455508.149950 4.515149 
2455508.249950 5.199731 
2455508.349950 5.536858 
2455508.449950 5.504003 
2455508.549950 5.103361 
2455508.649950 4.361705 
2455508.749950 3.328592 
2455508.849950 2.073057 
2455508.949950 0.678998 
2455509.049950 -0.760434 
2455509.149950 -2.149052 
2455509.249950 -3.394067 
2455509.349950 -4.412284 
2455509.449950 -5.135666 
2455509.549950 -5.515874 
2455509.649950 -5.527503 
2455509.749950 -5.169774 
2455509.849950 -4.466593 
2455509.949950 -3.464947 
2455510.049950 -2.231767 
2455510.149950 -0.849457 
2455510.249950 0.589615 
2455510.349950 1.989288 
2455510.449950 3.256034 
2455510.549950 4.305206 
2455510.649950 5.066697 
2455510.749950 5.489623 
2455510.849950 5.545724 
2455510.949950 5.231250 
2455511.049950 4.567216 
2455511.149950 3.597993 
2455511.249950 2.388346 
2455511.349950 1.019106 
2455511.449950 -0.418233 
2455511.549950 -1.827624 
2455511.649950 -3.114891 
2455511.749950 -4.194015 
2455511.849950 -4.992889 
2455511.949950 -5.458129 
2455512.049950 -5.558649 
2455512.149950 -5.287730 
2455512.249950 -4.663477 
2455512.349950 -3.727602 
2455512.449950 -2.542643 
2455512.549950 -1.187781 
2455512.649950 0.246451 
2455512.749950 1.664215 
2455512.849950 2.970773 
2455512.949950 4.078819 
2455513.049950 4.914312 
2455513.149950 5.421423 
2455513.249950 5.566265 
2455513.349950 5.339160 
2455513.449950 4.755284 
2455513.549950 3.853652 
2455513.649950 2.694512 
2455513.749950 1.355321 
2455513.849950 -0.074435 
2455513.949950 -1.499217 
2455514.049950 -2.823819 
2455514.149950 -3.959728 
2455514.249950 -4.831042 
2455514.349950 -5.379539 
2455514.449950 -5.568565 
2455514.549950 -5.385491 
2455514.649950 -4.842550 
2455514.749950 -3.976021 
2455514.849950 -2.843808 
2455514.949950 -1.521568 
2455515.049950 -0.097653 
2455515.149950 1.332786 
2455515.249950 2.674167 
2455515.349950 3.836855 
2455515.449950 4.743159 
2455515.549950 5.332517 
2455515.649950 5.565547 
2455515.749950 5.426679 
2455515.849950 4.925191 
2455515.949950 4.094593 
2455516.049950 2.990388 
2455516.149950 1.686361 
2455516.249950 0.269648 
2455516.349950 -1.165083 
2455516.449950 -2.521962 
2455516.549950 -3.710318 
2455516.649950 -4.650746 
2455516.749950 -5.280402 
2455516.849950 -5.557214 
2455516.949950 -5.462684 
2455517.049950 -5.003128 
2455517.149950 -4.209255 
2455517.249950 -3.134112 
2455517.349950 -1.849544 
2455517.449950 -0.441385 
2455517.549950 0.996267 
2455517.649950 2.367348 
2455517.749950 3.580238 
2455517.849950 4.553891 
2455517.949950 5.223245 
2455518.049950 5.543574 
2455518.149950 5.493472 
2455518.249950 5.076287 
2455518.349950 4.319897 
2455518.449950 3.274843 
2455518.549950 2.010960 
2455518.649950 0.612701 
2455518.749950 -0.826500 
2455518.849950 -2.210473 
2455518.949950 -3.446738 
2455519.049950 -4.452687 
2455519.149950 -5.161100 
2455519.249950 -5.524639 
2455519.349950 -5.519014 
2455519.449950 -5.144598 
2455519.549950 -4.426413 
2455519.649950 -3.412447 
2455519.749950 -2.170456 
2455519.849950 -0.783431 
2455519.949950 0.655943 
2455520.049950 2.051487 
2455520.149950 3.309947 
2455520.249950 4.347230 
2455520.349950 5.094025 
2455520.449950 5.500429 
2455520.549950 5.539285 
2455520.649950 5.207996 
2455520.749950 4.528701 
2455520.849950 3.546791 
2455520.949950 2.327879 
2455521.049950 0.953413 
2455521.149950 -0.484760 
2455521.249950 -1.890542 
2455521.349950 -3.169994 
2455521.449950 -4.237622 
2455521.549950 -5.022086 
2455521.649950 -5.470965 
2455521.749950 -5.554265 
2455521.849950 -5.266421 
2455521.949950 -4.626665 
2455522.049950 -3.677748 
2455522.149950 -2.483078 
2455522.249950 -1.122485 
2455522.349950 0.313114 
2455522.449950 1.727791 
2455522.549950 3.027014 
2455522.649950 4.123967 
2455522.749950 4.945350 
2455522.849950 5.436276 
2455522.949950 5.563942 
2455523.049950 5.319815 
2455523.149950 4.720210 
2455523.249950 3.805193 
2455523.349950 2.635907 
2455523.449950 1.290485 
2455523.549950 -0.141169 
2455523.649950 -1.563391 
2455523.749950 -2.881143 
2455523.849950 -4.006373 
2455523.949950 -4.863891 
2455524.049950 -5.396396 
2455524.149950 -5.568304 
2455524.249950 -5.368130 
2455524.349950 -4.809248 
2455524.449950 -3.929004 
2455524.549950 -2.786218 
2455524.649950 -1.457252 
2455524.749950 -0.030910 
2455524.849950 1.397497 
2455524.949950 2.732521 
2455525.049950 3.884954 
2455525.149950 4.777787 
2455525.249950 5.351362 
2455525.349950 5.567349 
2455525.449950 5.411317 
2455525.549950 4.893692 
2455525.649950 4.049063 
2455525.749950 2.933868 
2455525.849950 1.622628 
2455525.949950 0.202961 
2455526.049950 -1.230268 
2455526.149950 -2.581289 
2455526.249950 -3.759824 
2455526.349950 -4.687121 
2455526.449950 -5.301217 
2455526.549950 -5.561077 
2455526.649950 -5.449337 
2455526.749950 -4.973463 
2455526.849950 -4.165254 
2455526.949950 -3.078716 
2455527.049950 -1.786454 
2455527.149950 -0.374817 
2455527.249950 1.061865 
2455527.349950 2.427592 
2455527.449950 3.631103 
2455527.549950 4.591978 
2455527.649950 5.246009 
2455527.749950 5.549494 
2455527.849950 5.482152 
2455527.949950 5.048484 
2455528.049950 4.277468 
2455528.149950 3.220624 
2455528.249950 1.948573 
2455528.349950 0.546316 
2455528.449950 -0.892448 
2455528.549950 -2.271576 
2455528.649950 -3.498914 
2455528.749950 -4.492449 
2455528.849950 -5.185792 
2455528.949950 -5.532611 
2455529.049950 -5.509732 
2455529.149950 -5.118683 
2455529.249950 -4.385596 
2455529.349950 -3.359456 
2455529.449950 -2.108832 
2455529.549950 -0.717293 
2455529.649950 0.722178 
2455529.749950 2.113391 
2455529.849950 3.363384 
2455529.949950 4.388631 
2455530.049950 5.120621 
2455530.149950 5.510444 
2455530.249950 5.532049 
2455530.349950 5.183994 
2455530.449950 4.489536 
2455530.549950 3.495080 
2455530.649950 2.267077 
2455530.749950 0.887584 
2455530.849950 -0.551218 
2455530.949950 -1.953188 
2455531.049950 -3.224642 
2455531.149950 -4.280620 
2455531.249950 -5.050561 
2455531.349950 -5.483014 
2455531.449950 -5.549084 
2455531.549950 -5.244355 
2455531.649950 -4.589189 
2455531.749950 -3.627366 
2455531.849950 -2.423157 
2455531.949950 -1.057028 
2455532.049950 0.379733 
2455532.149950 1.791119 
2455532.249950 3.082820 
2455532.349950 4.168522 
2455532.449950 4.975677 
2455532.549950 5.450349 
2455532.649950 5.560819 
2455532.749950 5.299706 
2455532.849950 4.684459 
2455532.949950 3.756188 
2455533.049950 2.576923 
2455533.149950 1.225463 
2455533.249950 -0.207884 
2455533.349950 -1.627340 
2455533.449950 -2.938054 
2455533.549950 -4.052443 
2455533.649950 -4.896041 
2455533.749950 -5.412477 
2455533.849950 -5.567243 
2455533.949950 -5.349997 
2455534.049950 -4.775255 
2455534.149950 -3.881423 
2455534.249950 -2.728227 
2455534.349950 -1.392727 
2455534.449950 0.035837 
2455534.549950 1.462007 
