descriptor BJD Tc_folded phase mod 
2455326.949950 -0.258855 0.011150 3.462437
2455327.049950 -0.158855 0.052407 2.228830
2455327.149950 -0.058855 0.093664 0.846289
2455327.249950 0.041145 0.134920 -0.592803
2455327.349950 0.141145 0.176177 -1.992282
2455327.449950 0.241145 0.217434 -3.258634
2455327.549950 0.341145 0.258691 -4.307238
2455327.649950 0.441145 0.299947 -5.068026
2455327.749950 0.541145 0.341204 -5.490160
2455327.849950 0.641145 0.382461 -5.545433
2455327.949950 0.741145 0.423718 -5.230150
2455328.049950 0.841145 0.464975 -4.565381
2455328.149950 0.941145 0.506231 -3.595545
2455328.249950 1.041145 0.547488 -2.385449
2455328.349950 1.141145 0.588745 -1.015954
2455328.449950 -1.182699 0.630002 0.421429
2455328.549950 -1.082699 0.671258 1.830652
2455328.649950 -0.982699 0.712515 3.117548
2455328.749950 -0.882699 0.753772 4.196123
2455328.849950 -0.782699 0.795029 4.994307
2455328.949950 -0.682699 0.836286 5.458764
2455329.049950 -0.582699 0.877542 5.558456
2455329.149950 -0.482699 0.918799 5.286724
2455329.249950 -0.382699 0.960056 4.661724
2455329.349950 -0.282699 0.001313 3.725220
2455329.449950 -0.182699 0.042569 2.539791
2455329.549950 -0.082699 0.083826 1.184648
2455329.649950 0.017301 0.125083 -0.249654
2455329.749950 0.117301 0.166340 -1.667274
2455329.849950 0.217301 0.207597 -2.973484
2455329.949950 0.317301 0.248853 -4.081001
2455330.049950 0.417301 0.290110 -4.915819
2455330.149950 0.517301 0.331367 -5.422154
2455330.249950 0.617301 0.372624 -5.566172
2455330.349950 0.717301 0.413881 -5.338248
2455330.449950 0.817301 0.455137 -4.753615
2455330.549950 0.917301 0.496394 -3.851337
2455330.649950 1.017301 0.537651 -2.691706
2455330.749950 1.117301 0.578908 -1.352212
2455330.849950 -1.206543 0.620164 0.077640
2455330.949950 -1.106543 0.661421 1.502304
2455331.049950 -1.006543 0.702678 2.826581
2455331.149950 -0.906543 0.743935 3.961982
2455331.249950 -0.806543 0.785192 4.832636
2455331.349950 -0.706543 0.826448 5.380366
2455331.449950 -0.606543 0.867705 5.568571
2455331.549950 -0.506543 0.908962 5.384675
2455331.649950 -0.406543 0.950219 4.840966
2455331.749950 -0.306543 0.991475 3.973776
2455331.849950 -0.206543 0.032732 2.841052
2455331.949950 -0.106543 0.073989 1.518484
2455332.049950 -0.006543 0.115246 0.094448
2455332.149950 0.093457 0.156503 -1.335899
2455332.249950 0.193457 0.197759 -2.676978
2455332.349950 0.293457 0.239016 -3.839178
2455332.449950 0.393457 0.280273 -4.744838
2455332.549950 0.493457 0.321530 -5.333439
2455332.649950 0.593457 0.362786 -5.565652
2455332.749950 0.693457 0.404043 -5.425959
2455332.849950 0.793457 0.445300 -4.923694
2455332.949950 0.893457 0.486557 -4.092420
2455333.049950 0.993457 0.527814 -2.987684
2455333.149950 1.093457 0.569070 -1.683305
2455333.249950 1.193457 0.610327 -0.266446
2455333.349950 -1.130387 0.651584 1.168218
2455333.449950 -1.030387 0.692841 2.524819
2455333.549950 -0.930387 0.734097 3.712708
2455333.649950 -0.830387 0.775354 4.652508
2455333.749950 -0.730387 0.816611 5.281420
2455333.849950 -0.630387 0.857868 5.557418
2455333.949950 -0.530387 0.899125 5.462061
2455334.049950 -0.430387 0.940381 5.001720
2455334.149950 -0.330387 0.981638 4.207155
2455334.249950 -0.230387 0.022895 3.131462
2455334.349950 -0.130387 0.064152 1.846519
2455334.449950 -0.030387 0.105409 0.438189
2455334.549950 0.069613 0.146665 -0.999421
2455334.649950 0.169613 0.187922 -2.370249
2455334.749950 0.269613 0.229179 -3.582693
2455334.849950 0.369613 0.270436 -4.555735
2455334.949950 0.469613 0.311692 -5.224356
2455335.049950 0.569613 0.352949 -5.543876
2455335.149950 0.669613 0.394206 -5.492946
2455335.249950 0.769613 0.435463 -5.074968
2455335.349950 0.869613 0.476720 -4.317873
2455335.449950 0.969613 0.517976 -3.272250
2455335.549950 1.069613 0.559233 -2.007970
2455335.649950 1.169613 0.600490 -0.609514
2455335.749950 -1.154231 0.641747 0.829670
2455335.849950 -1.054231 0.683003 2.213415
2455335.949950 -0.954231 0.724260 3.449255
2455336.049950 -0.854231 0.765517 4.454611
2455336.149950 -0.754231 0.806774 5.162302
2455336.249950 -0.654231 0.848031 5.525040
2455336.349950 -0.554231 0.889287 5.518586
2455336.449950 -0.454231 0.930544 5.143371
2455336.549950 -0.354231 0.971801 4.424467
2455336.649950 -0.254231 0.013058 3.409913
2455336.749950 -0.154231 0.054314 2.167503
2455336.849950 -0.054231 0.095571 0.780257
2455336.949950 0.045769 0.136828 -0.659127
2455337.049950 0.145769 0.178085 -2.054467
2455337.149950 0.245769 0.219342 -3.312524
2455337.249950 0.345769 0.260598 -4.349233
2455337.349950 0.445769 0.301855 -5.095319
2455337.449950 0.545769 0.343112 -5.500928
2455337.549950 0.645769 0.384369 -5.538955
2455337.649950 0.745769 0.425625 -5.206861
2455337.749950 0.845769 0.466882 -4.526835
2455337.849950 0.945769 0.508139 -3.544319
2455337.949950 1.045769 0.549396 -2.324966
2455338.049950 1.145769 0.590653 -0.950255
2455338.149950 -1.178075 0.631909 0.487954
2455338.249950 -1.078075 0.673166 1.893557
2455338.349950 -0.978075 0.714423 3.172629
2455338.449950 -0.878075 0.755680 4.239701
2455338.549950 -0.778075 0.796937 5.023470
2455338.649950 -0.678075 0.838193 5.471562
2455338.749950 -0.578075 0.879450 5.554035
2455338.849950 -0.478075 0.920707 5.265378
2455338.949950 -0.378075 0.961964 4.624880
2455339.049950 -0.278075 0.003220 3.675341
2455339.149950 -0.178075 0.044477 2.480209
2455339.249950 -0.078075 0.085734 1.119345
2455339.349950 0.021925 0.126991 -0.316315
2455339.449950 0.121925 0.168248 -1.730839
2455339.549950 0.221925 0.209504 -3.029704
2455339.649950 0.321925 0.250761 -4.126121
2455339.749950 0.421925 0.292018 -4.946823
2455339.849950 0.521925 0.333275 -5.436970
2455339.949950 0.621925 0.374531 -5.563810
2455340.049950 0.721925 0.415788 -5.318867
2455340.149950 0.821925 0.457045 -4.718509
2455340.249950 0.921925 0.498302 -3.802852
2455340.349950 1.021925 0.539559 -2.633083
2455340.449950 1.121925 0.580815 -1.287366
2455340.549950 -1.201919 0.622072 0.144374
2455340.649950 -1.101919 0.663329 1.566467
2455340.749950 -1.001919 0.704586 2.883886
2455340.849950 -0.901919 0.745842 4.008599
2455340.949950 -0.801919 0.787099 4.865451
2455341.049950 -0.701919 0.828356 5.397186
2455341.149950 -0.601919 0.869613 5.568272
2455341.249950 -0.501919 0.910870 5.367276
2455341.349950 -0.401919 0.952126 4.807631
2455341.449950 -0.301919 0.993383 3.926732
2455341.549950 -0.201919 0.034640 2.783442
2455341.649950 -0.101919 0.075897 1.454158
2455341.749950 -0.001919 0.117153 0.027705
2455341.849950 0.098081 0.158410 -1.400600
2455341.949950 0.198081 0.199667 -2.735314
2455342.049950 0.298081 0.240924 -3.887250
2455342.149950 0.398081 0.282181 -4.779433
2455342.249950 0.498081 0.323437 -5.352247
2455342.349950 0.598081 0.364694 -5.567415
2455342.449950 0.698081 0.405951 -5.410560
2455342.549950 0.798081 0.447208 -4.892162
2455342.649950 0.898081 0.488465 -4.046861
2455342.749950 0.998081 0.529721 -2.931143
2455342.849950 1.098081 0.570978 -1.619561
2455342.949950 1.198081 0.612235 -0.199757
2455343.049950 -1.125763 0.653492 1.233395
2455343.149950 -1.025763 0.694748 2.584129
2455343.249950 -0.925763 0.736005 3.762188
2455343.349950 -0.825763 0.777262 4.688851
2455343.449950 -0.725763 0.818519 5.302197
2455343.549950 -0.625763 0.859776 5.561242
2455343.649950 -0.525763 0.901032 5.448676
2455343.749950 -0.425763 0.942289 4.972020
2455343.849950 -0.325763 0.983546 4.163126
2455343.949950 -0.225763 0.024803 3.076045
2455344.049950 -0.125763 0.066059 1.783417
2455344.149950 -0.025763 0.107316 0.371619
2455344.249950 0.074237 0.148573 -1.065012
2455344.349950 0.174237 0.189830 -2.430477
2455344.449950 0.274237 0.231087 -3.633533
2455344.549950 0.374237 0.272343 -4.593790
2455344.649950 0.474237 0.313600 -5.247084
2455344.749950 0.574237 0.354857 -5.549758
2455344.849950 0.674237 0.396114 -5.481588
2455344.949950 0.774237 0.437370 -5.047130
2455345.049950 0.874237 0.478627 -4.275414
2455345.149950 0.974237 0.519884 -3.218009
2455345.249950 1.074237 0.561141 -1.945570
2455345.349950 1.174237 0.602398 -0.543125
2455345.449950 -1.149607 0.643654 0.895612
2455345.549950 -1.049607 0.684911 2.274503
2455345.649950 -0.949607 0.726168 3.501408
2455345.749950 -0.849607 0.767425 4.494343
2455345.849950 -0.749607 0.808681 5.186959
2455345.949950 -0.649607 0.849938 5.532973
2455346.049950 -0.549607 0.891195 5.509266
2455346.149950 -0.449607 0.932452 5.117420
2455346.249950 -0.349607 0.973709 4.383620
2455346.349950 -0.249607 0.014965 3.356899
2455346.449950 -0.149607 0.056222 2.105865
2455346.549950 -0.049607 0.097479 0.714113
2455346.649950 0.050393 0.138736 -0.725356
2455346.749950 0.150393 0.179993 -2.116357
2455346.849950 0.250393 0.221249 -3.365939
2455346.949950 0.350393 0.262506 -4.390603
2455347.049950 0.450393 0.303763 -5.121880
2455347.149950 0.550393 0.345020 -5.510905
2455347.249950 0.650393 0.386276 -5.531682
2455347.349950 0.750393 0.427533 -5.182823
2455347.449950 0.850393 0.468790 -4.487639
2455347.549950 0.950393 0.510047 -3.492584
2455347.649950 1.050393 0.551304 -2.264149
2455347.749950 1.150393 0.592560 -0.884419
2455347.849950 -1.173451 0.633817 0.554408
2455347.949950 -1.073451 0.675074 1.956190
2455348.049950 -0.973451 0.716331 3.227255
2455348.149950 -0.873451 0.757587 4.282670
2455348.249950 -0.773451 0.798844 5.051910
2455348.349950 -0.673451 0.840101 5.483573
2455348.449950 -0.573451 0.881358 5.548815
2455348.549950 -0.473451 0.922615 5.243276
2455348.649950 -0.373451 0.963871 4.587373
2455348.749950 -0.273451 0.005128 3.624933
2455348.849950 -0.173451 0.046385 2.420270
2455348.949950 -0.073451 0.087642 1.053881
2455349.049950 0.026549 0.128898 -0.382931
2455349.149950 0.126549 0.170155 -1.794154
2455349.249950 0.226549 0.211412 -3.085489
2455349.349950 0.326549 0.252669 -4.170647
2455349.449950 0.426549 0.293926 -4.977115
2455349.549950 0.526549 0.335182 -5.451005
2455349.649950 0.626549 0.376439 -5.560649
2455349.749950 0.726549 0.417696 -5.298721
2455349.849950 0.826549 0.458953 -4.682725
2455349.949950 0.926549 0.500209 -3.753821
2455350.049950 1.026549 0.541466 -2.574080
2455350.149950 1.126549 0.582723 -1.222336
2455350.249950 -1.197295 0.623980 0.211088
2455350.349950 -1.097295 0.665237 1.630405
2455350.449950 -0.997295 0.706493 2.940777
2455350.549950 -0.897295 0.747750 4.054641
2455350.649950 -0.797295 0.789007 4.897567
2455350.749950 -0.697295 0.830264 5.413230
2455350.849950 -0.597295 0.871521 5.567172
2455350.949950 -0.497295 0.912777 5.349107
2455351.049950 -0.397295 0.954034 4.773605
2455351.149950 -0.297295 0.995291 3.879123
2455351.249950 -0.197295 0.036548 2.725432
2455351.349950 -0.097295 0.077804 1.389623
2455351.449950 0.002705 0.119061 -0.039043
2455351.549950 0.102705 0.160318 -1.465100
2455351.649950 0.202705 0.201575 -2.793256
2455351.749950 0.302705 0.242832 -3.934763
2455351.849950 0.402705 0.284088 -4.813342
2455351.949950 0.502705 0.325345 -5.370286
2455352.049950 0.602705 0.366602 -5.568379
2455352.149950 0.702705 0.407859 -5.394383
2455352.249950 0.802705 0.449115 -4.859926
2455352.349950 0.902705 0.490372 -4.000721
2455352.449950 1.002705 0.531629 -2.874181
2455352.549950 1.102705 0.572886 -1.555584
2455352.649950 1.202705 0.614143 -0.133039
2455352.749950 -1.121139 0.655399 1.298395
2455352.849950 -1.021139 0.696656 2.643068
2455352.949950 -0.921139 0.737913 3.811127
2455353.049950 -0.821139 0.779170 4.724520
2455353.149950 -0.721139 0.820426 5.322213
2455353.249950 -0.621139 0.861683 5.564267
2455353.349950 -0.521139 0.902940 5.434508
2455353.449950 -0.421139 0.944197 4.941606
2455353.549950 -0.321139 0.985454 4.118498
2455353.649950 -0.221139 0.026710 3.020185
2455353.749950 -0.121139 0.067967 1.720058
2455353.849950 -0.021139 0.109224 0.304995
2455353.949950 0.078861 0.150481 -1.130449
2455354.049950 0.178861 0.191737 -2.490355
2455354.149950 0.278861 0.232994 -3.683851
2455354.249950 0.378861 0.274251 -4.631186
2455354.349950 0.478861 0.315508 -5.269057
2455354.449950 0.578861 0.356765 -5.554842
2455354.549950 0.678861 0.398021 -5.469443
2455354.649950 0.778861 0.439278 -5.018567
2455354.749950 0.878861 0.480535 -4.232342
2455354.849950 0.978861 0.521792 -3.163305
2455354.949950 1.078861 0.563049 -1.882890
2455355.049950 1.178861 0.604305 -0.476658
2455355.149950 -1.144983 0.645562 0.961425
2455355.249950 -1.044983 0.686819 2.335264
2455355.349950 -0.944983 0.728076 3.553057
2455355.449950 -0.844983 0.769332 4.533429
2455355.549950 -0.744983 0.810589 5.210870
2455355.649950 -0.644983 0.851846 5.540112
2455355.749950 -0.544983 0.893103 5.499154
2455355.849950 -0.444983 0.934360 5.090734
2455355.949950 -0.344983 0.975616 4.342143
2455356.049950 -0.244983 0.016873 3.303403
2455356.149950 -0.144983 0.058130 2.043924
2455356.249950 -0.044983 0.099387 0.647867
2455356.349950 0.055017 0.140643 -0.791482
2455356.449950 0.155017 0.181900 -2.177943
2455356.549950 0.255017 0.223157 -3.418870
2455356.649950 0.355017 0.264414 -4.431342
2455356.749950 0.455017 0.305671 -5.147705
2455356.849950 0.555017 0.346927 -5.520090
2455356.949950 0.655017 0.388184 -5.523614
2455357.049950 0.755017 0.429441 -5.158040
2455357.149950 0.855017 0.470698 -4.447798
2455357.249950 0.955017 0.511954 -3.440347
2455357.349950 1.055017 0.553211 -2.203006
2455357.449950 1.155017 0.594468 -0.818457
2455357.549950 -1.168827 0.635725 0.620783
2455357.649950 -1.068827 0.676982 2.018541
2455357.749950 -0.968827 0.718238 3.281417
2455357.849950 -0.868827 0.759495 4.325024
2455357.949950 -0.768827 0.800752 5.079625
2455358.049950 -0.668827 0.842009 5.494797
2455358.149950 -0.568827 0.883265 5.542798
2455358.249950 -0.468827 0.924522 5.220420
2455358.349950 -0.368827 0.965779 4.549205
2455358.449950 -0.268827 0.007036 3.574005
2455358.549950 -0.168827 0.048293 2.359984
2455358.649950 -0.068827 0.089549 0.988265
2455358.749950 0.031173 0.130806 -0.449491
2455358.849950 0.131173 0.172063 -1.857212
2455358.949950 0.231173 0.213320 -3.140831
2455359.049950 0.331173 0.254577 -4.214575
2455359.149950 0.431173 0.295833 -5.006693
2455359.249950 0.531173 0.337090 -5.464256
2455359.349950 0.631173 0.378347 -5.556689
2455359.449950 0.731173 0.419604 -5.277815
2455359.549950 0.831173 0.460860 -4.646268
2455359.649950 0.931173 0.502117 -3.704250
2455359.749950 1.031173 0.543374 -2.514708
2455359.849950 1.131173 0.584631 -1.157130
2455359.949950 -1.192671 0.625888 0.277771
2455360.049950 -1.092671 0.667144 1.694110
2455360.149950 -0.992671 0.708401 2.997245
2455360.249950 -0.892671 0.749658 4.100100
2455360.349950 -0.792671 0.790915 4.928980
2455360.449950 -0.692671 0.832171 5.428497
2455360.549950 -0.592671 0.873428 5.565273
2455360.649950 -0.492671 0.914685 5.330168
2455360.749950 -0.392671 0.955942 4.738893
2455360.849950 -0.292671 0.997199 3.830957
2455360.949950 -0.192671 0.038455 2.667031
2455361.049950 -0.092671 0.079712 1.324889
2455361.149950 0.007329 0.120969 -0.105784
2455361.249950 0.107329 0.162226 -1.529389
2455361.349950 0.207329 0.203482 -2.850797
2455361.449950 0.307329 0.244739 -3.981711
2455361.549950 0.407329 0.285996 -4.846560
2455361.649950 0.507329 0.327253 -5.387553
2455361.749950 0.607329 0.368510 -5.568542
2455361.849950 0.707329 0.409766 -5.377432
2455361.949950 0.807329 0.451023 -4.826993
2455362.049950 0.907329 0.492280 -3.954006
2455362.149950 1.007329 0.533537 -2.816806
2455362.249950 1.107329 0.574793 -1.491383
2455362.349950 1.207329 0.616050 -0.066303
2455362.449950 -1.116515 0.657307 1.363208
2455362.549950 -1.016515 0.698564 2.701626
2455362.649950 -0.916515 0.739821 3.859518
2455362.749950 -0.816515 0.781077 4.759510
2455362.849950 -0.716515 0.822334 5.341465
2455362.949950 -0.616515 0.863591 5.566493
2455363.049950 -0.516515 0.904848 5.419560
2455363.149950 -0.416515 0.946105 4.910482
2455363.249950 -0.316515 0.987361 4.073279
2455363.349950 -0.216515 0.028618 2.963892
2455363.449950 -0.116515 0.069875 1.656453
2455363.549950 -0.016515 0.111132 0.238327
2455363.649950 0.083485 0.152388 -1.195725
2455363.749950 0.183485 0.193645 -2.549876
2455363.849950 0.283485 0.234902 -3.733640
2455363.949950 0.383485 0.276159 -4.667916
2455364.049950 0.483485 0.317416 -5.290274
2455364.149950 0.583485 0.358672 -5.559128
2455364.249950 0.683485 0.399929 -5.456512
2455364.349950 0.783485 0.441186 -4.989282
2455364.449950 0.883485 0.482443 -4.188661
2455364.549950 0.983485 0.523699 -3.108146
2455364.649950 1.083485 0.564956 -1.819940
2455364.749950 1.183485 0.606213 -0.410123
2455364.849950 -1.140359 0.647470 1.027100
2455364.949950 -1.040359 0.688727 2.395690
2455365.049950 -0.940359 0.729983 3.604196
2455365.149950 -0.840359 0.771240 4.571864
2455365.249950 -0.740359 0.812497 5.234032
2455365.349950 -0.640359 0.853754 5.546454
2455365.449950 -0.540359 0.895010 5.488253
2455365.549950 -0.440359 0.936267 5.063317
2455365.649950 -0.340359 0.977524 4.300043
2455365.749950 -0.240359 0.018781 3.249433
2455365.849950 -0.140359 0.060038 1.981690
2455365.949950 -0.040359 0.101294 0.581528
2455366.049950 0.059641 0.142551 -0.857494
2455366.149950 0.159641 0.183808 -2.239216
2455366.249950 0.259641 0.225065 -3.471309
2455366.349950 0.359641 0.266322 -4.471445
2455366.449950 0.459641 0.307578 -5.172791
2455366.549950 0.559641 0.348835 -5.528483
2455366.649950 0.659641 0.390092 -5.514752
2455366.749950 0.759641 0.431349 -5.132517
2455366.849950 0.859641 0.472605 -4.407318
2455366.949950 0.959641 0.513862 -3.387616
2455367.049950 1.059641 0.555119 -2.141547
2455367.149950 1.159641 0.596376 -0.752377
2455367.249950 -1.164203 0.637633 0.687069
2455367.349950 -1.064203 0.678889 2.080603
2455367.449950 -0.964203 0.720146 3.335108
2455367.549950 -0.864203 0.761403 4.366756
2455367.649950 -0.764203 0.802660 5.106610
2455367.749950 -0.664203 0.843916 5.505232
2455367.849950 -0.564203 0.885173 5.535985
2455367.949950 -0.464203 0.926430 5.196815
2455368.049950 -0.364203 0.967687 4.510385
2455368.149950 -0.264203 0.008944 3.522564
2455368.249950 -0.164203 0.050200 2.299359
2455368.349950 -0.064203 0.091457 0.922507
2455368.449950 0.035797 0.132714 -0.515988
2455368.549950 0.135797 0.173971 -1.920003
2455368.649950 0.235797 0.215227 -3.195722
2455368.749950 0.335797 0.256484 -4.257896
2455368.849950 0.435797 0.297741 -5.035552
2455368.949950 0.535797 0.338998 -5.476723
2455369.049950 0.635797 0.380255 -5.551931
2455369.149950 0.735797 0.421511 -5.256149
2455369.249950 0.835797 0.462768 -4.609144
2455369.349950 0.935797 0.504025 -3.654147
2455369.449950 1.035797 0.545282 -2.454975
2455369.549950 1.135797 0.586538 -1.091757
2455369.649950 -1.188047 0.627795 0.344414
2455369.749950 -1.088047 0.669052 1.757570
2455369.849950 -0.988047 0.710309 3.053283
2455369.949950 -0.888047 0.751566 4.144971
2455370.049950 -0.788047 0.792822 4.959684
2455370.149950 -0.688047 0.834079 5.442984
2455370.249950 -0.588047 0.875336 5.562574
2455370.349950 -0.488047 0.916593 5.310464
2455370.449950 -0.388047 0.957850 4.703501
2455370.549950 -0.288047 0.999106 3.782241
2455370.649950 -0.188047 0.040363 2.608246
2455370.749950 -0.088047 0.081620 1.259964
2455370.849950 0.011953 0.122877 -0.172511
2455370.949950 0.111953 0.164133 -1.593459
2455371.049950 0.211953 0.205390 -2.907929
2455371.149950 0.311953 0.246647 -4.028086
2455371.249950 0.411953 0.287904 -4.879081
2455371.349950 0.511953 0.329161 -5.404047
2455371.449950 0.611953 0.370417 -5.567906
2455371.549950 0.711953 0.411674 -5.359708
2455371.649950 0.811953 0.452931 -4.793366
2455371.749950 0.911953 0.494188 -3.906723
2455371.849950 1.011953 0.535444 -2.759027
2455371.949950 1.111953 0.576701 -1.426968
2455372.049950 -1.211891 0.617958 0.000443
2455372.149950 -1.111891 0.659215 1.427825
2455372.249950 -1.011891 0.700472 2.759797
2455372.349950 -0.911891 0.741728 3.907355
2455372.449950 -0.811891 0.782985 4.793817
2455372.549950 -0.711891 0.824242 5.359948
2455372.649950 -0.611891 0.865499 5.567919
2455372.749950 -0.511891 0.906755 5.403833
2455372.849950 -0.411891 0.948012 4.878653
2455372.949950 -0.311891 0.989269 4.027474
2455373.049950 -0.211891 0.030526 2.907172
2455373.149950 -0.111891 0.071783 1.592609
2455373.249950 -0.011891 0.113039 0.171625
2455373.349950 0.088109 0.154296 -1.260828
2455373.449950 0.188109 0.195553 -2.609030
2455373.549950 0.288109 0.236810 -3.782892
2455373.649950 0.388109 0.278066 -4.703975
2455373.749950 0.488109 0.319323 -5.310731
2455373.849950 0.588109 0.360580 -5.562615
2455373.949950 0.688109 0.401837 -5.442797
2455374.049950 0.788109 0.443094 -4.959281
2455374.149950 0.888109 0.484350 -4.144378
2455374.249950 0.988109 0.525607 -3.052541
2455374.349950 1.088109 0.566864 -1.756729
2455374.449950 1.188109 0.608121 -0.343529
2455374.549950 -1.135735 0.649378 1.092627
2455374.649950 -1.035735 0.690634 2.455771
2455374.749950 -0.935735 0.731891 3.654817
2455374.849950 -0.835735 0.773148 4.609641
2455374.949950 -0.735735 0.814405 5.256442
2455375.049950 -0.635735 0.855661 5.551999
2455375.149950 -0.535735 0.896918 5.476562
2455375.249950 -0.435735 0.938175 5.035173
2455375.349950 -0.335735 0.979432 4.257325
2455375.449950 -0.235735 0.020689 3.194995
2455375.549950 -0.135735 0.061945 1.919171
2455375.649950 -0.035735 0.103202 0.515105
2455375.749950 0.064265 0.144459 -0.923382
2455375.849950 0.164265 0.185716 -2.300167
2455375.949950 0.264265 0.226972 -3.523250
2455376.049950 0.364265 0.268229 -4.510905
2455376.149950 0.464265 0.309486 -5.197133
2455376.249950 0.564265 0.350743 -5.536081
2455376.349950 0.664265 0.392000 -5.505098
2455376.449950 0.764265 0.433256 -5.106256
2455376.549950 0.864265 0.474513 -4.366205
2455376.649950 0.964265 0.515770 -3.334398
2455376.749950 1.064265 0.557027 -2.079780
2455376.849950 1.164265 0.598283 -0.686189
2455376.949950 -1.159579 0.639540 0.753255
2455377.049950 -1.059579 0.680797 2.142366
2455377.149950 -0.959579 0.722054 3.388320
2455377.249950 -0.859579 0.763311 4.407860
2455377.349950 -0.759579 0.804567 5.132861
2455377.449950 -0.659579 0.845824 5.514875
2455377.549950 -0.559579 0.887081 5.528376
2455377.649950 -0.459579 0.928338 5.172462
2455377.749950 -0.359579 0.969594 4.470916
2455377.849950 -0.259579 0.010851 3.470616
2455377.949950 -0.159579 0.052108 2.238404
2455378.049950 -0.059579 0.093365 0.856617
2455378.149950 0.040421 0.134622 -0.582410
2455378.249950 0.140421 0.175878 -1.982519
2455378.349950 0.240421 0.217135 -3.250153
2455378.449950 0.340421 0.258392 -4.300606
2455378.549950 0.440421 0.299649 -5.063686
2455378.649950 0.540421 0.340906 -5.488403
2455378.749950 0.640421 0.382162 -5.546375
2455378.849950 0.740421 0.423419 -5.233729
2455378.949950 0.840421 0.464676 -4.571357
2455379.049950 0.940421 0.505933 -3.603520
2455379.149950 1.040421 0.547189 -2.394889
2455379.249950 1.140421 0.588446 -1.026228
2455379.349950 -1.183423 0.629703 0.411007
2455379.449950 -1.083423 0.670960 1.820778
2455379.549950 -0.983423 0.712217 3.108882
2455379.649950 -0.883423 0.753473 4.189245
2455379.749950 -0.783423 0.794730 4.989676
2455379.849950 -0.683423 0.835987 5.456689
2455379.949950 -0.583423 0.877244 5.559076
2455380.049950 -0.483423 0.918500 5.289997
2455380.149950 -0.383423 0.959757 4.667432
2455380.249950 -0.283423 0.001014 3.732982
2455380.349950 -0.183423 0.042271 2.549087
2455380.449950 -0.083423 0.083528 1.194858
2455380.549950 0.016577 0.124784 -0.239213
2455380.649950 0.116577 0.166041 -1.657299
2455380.749950 0.216577 0.207298 -2.964642
2455380.849950 0.316577 0.248555 -4.073883
2455380.949950 0.416577 0.289811 -4.910901
2455381.049950 0.516577 0.331068 -5.419763
2455381.149950 0.616577 0.372325 -5.566469
2455381.249950 0.716577 0.413582 -5.341214
2455381.349950 0.816577 0.454839 -4.759050
2455381.449950 0.916577 0.496095 -3.858879
2455381.549950 1.016577 0.537352 -2.700851
2455381.649950 1.116577 0.578609 -1.362348
2455381.749950 -1.207267 0.619866 0.067190
2455381.849950 -1.107267 0.661122 1.492237
2455381.949950 -1.007267 0.702379 2.817571
2455382.049950 -0.907267 0.743636 3.954631
2455382.149950 -0.807267 0.784893 4.827435
2455382.249950 -0.707267 0.826150 5.377662
2455382.349950 -0.607267 0.867406 5.568545
2455382.449950 -0.507267 0.908663 5.387329
2455382.549950 -0.407267 0.949920 4.846123
2455382.649950 -0.307267 0.991177 3.981091
2455382.749950 -0.207267 0.032434 2.850035
2455382.849950 -0.107267 0.073690 1.528536
2455382.949950 -0.007267 0.114947 0.104898
2455383.049950 0.092733 0.156204 -1.325750
2455383.149950 0.192733 0.197461 -2.667809
2455383.249950 0.292733 0.238717 -3.831601
2455383.349950 0.392733 0.279974 -4.739359
2455383.449950 0.492733 0.321231 -5.330425
2455383.549950 0.592733 0.362488 -5.565304
2455383.649950 0.692733 0.403745 -5.428299
2455383.749950 0.792733 0.445001 -4.928567
2455383.849950 0.892733 0.486258 -4.099500
2455383.949950 0.992733 0.527515 -2.996498
2455384.049950 1.092733 0.568772 -1.693265
2455384.149950 1.192733 0.610028 -0.276885
2455384.249950 -1.131111 0.651285 1.157997
2455384.349950 -1.031111 0.692542 2.515500
2455384.449950 -0.931111 0.733799 3.704912
2455384.549950 -0.831111 0.775056 4.646757
2455384.649950 -0.731111 0.816312 5.278097
2455384.749950 -0.631111 0.857569 5.556747
2455384.849950 -0.531111 0.898826 5.464085
2455384.949950 -0.431111 0.940083 5.006305
2455385.049950 -0.331111 0.981339 4.213995
2455385.149950 -0.231111 0.022596 3.140099
2455385.249950 -0.131111 0.063853 1.856376
2455385.349950 -0.031111 0.105110 0.448608
2455385.449950 0.068889 0.146367 -0.989138
2455385.549950 0.168889 0.187623 -2.360787
2455385.649950 0.268889 0.228880 -3.574685
2455385.749950 0.368889 0.270137 -4.549717
2455385.849950 0.468889 0.311394 -5.220729
2455385.949950 0.568889 0.352650 -5.542883
2455386.049950 0.668889 0.393907 -5.494653
2455386.149950 0.768889 0.435164 -5.079261
2455386.249950 0.868889 0.476421 -4.324465
2455386.349950 0.968889 0.517678 -3.280701
2455386.449950 1.068889 0.558934 -2.017715
2455386.549950 1.168889 0.600191 -0.619902
2455386.649950 -1.154955 0.641448 0.819334
2455386.749950 -1.054955 0.682705 2.203821
2455386.849950 -0.954955 0.723962 3.441044
2455386.949950 -0.854955 0.765218 4.448332
2455387.049950 -0.754955 0.806475 5.158375
2455387.149950 -0.654955 0.847732 5.523726
2455387.249950 -0.554955 0.888989 5.519973
2455387.349950 -0.454955 0.930245 5.147367
2455387.449950 -0.354955 0.971502 4.430805
2455387.549950 -0.254955 0.012759 3.418170
2455387.649950 -0.154955 0.054016 2.177126
2455387.749950 -0.054955 0.095273 0.790604
2455387.849950 0.045045 0.136529 -0.648748
2455387.949950 0.145045 0.177786 -2.044749
2455388.049950 0.245045 0.219043 -3.304117
2455388.149950 0.345045 0.260300 -4.342699
2455388.249950 0.445045 0.301556 -5.091094
2455388.349950 0.545045 0.342813 -5.499294
2455388.449950 0.645045 0.384070 -5.540022
2455388.549950 0.745045 0.425327 -5.210557
2455388.649950 0.845045 0.466584 -4.532914
2455388.749950 0.945045 0.507840 -3.552374
2455388.849950 1.045045 0.549097 -2.334459
2455388.949950 1.145045 0.590354 -0.960551
2455389.049950 -1.178799 0.631611 0.477542
2455389.149950 -1.078799 0.672867 1.883725
2455389.249950 -0.978799 0.714124 3.164035
2455389.349950 -0.878799 0.755381 4.232918
2455389.449950 -0.778799 0.796638 5.018951
2455389.549950 -0.678799 0.837895 5.469609
2455389.649950 -0.578799 0.879151 5.554780
2455389.749950 -0.478799 0.920408 5.268770
2455389.849950 -0.378799 0.961665 4.630693
2455389.949950 -0.278799 0.002922 3.683186
2455390.049950 -0.178799 0.044178 2.489562
2455390.149950 -0.078799 0.085435 1.129581
2455390.249950 0.021201 0.126692 -0.305880
2455390.349950 0.121201 0.167949 -1.720902
2455390.449950 0.221201 0.209206 -3.020930
2455390.549950 0.321201 0.250462 -4.119095
2455390.649950 0.421201 0.291719 -4.942015
2455390.749950 0.521201 0.332976 -5.434702
2455390.849950 0.621201 0.374233 -5.564232
2455390.949950 0.721201 0.415490 -5.321952
2455391.049950 0.821201 0.456746 -4.724051
2455391.149950 0.921201 0.498003 -3.810480
2455391.249950 1.021201 0.539260 -2.642287
2455391.349950 1.121201 0.580517 -1.297532
2455391.449950 -1.202643 0.621773 0.133926
2455391.549950 -1.102643 0.663030 1.556435
2455391.649950 -1.002643 0.704287 2.874941
2455391.749950 -0.902643 0.745544 4.001338
2455391.849950 -0.802643 0.786801 4.860359
2455391.949950 -0.702643 0.828057 5.394603
2455392.049950 -0.602643 0.869314 5.568371
2455392.149950 -0.502643 0.910571 5.370052
2455392.249950 -0.402643 0.951828 4.812896
2455392.349950 -0.302643 0.993084 3.934135
2455392.449950 -0.202643 0.034341 2.792489
2455392.549950 -0.102643 0.075598 1.464244
2455392.649950 -0.002643 0.116855 0.038156
2455392.749950 0.097357 0.158112 -1.390482
2455392.849950 0.197357 0.199368 -2.726205
2455392.949950 0.297357 0.240625 -3.879759
2455393.049950 0.397357 0.281882 -4.774062
2455393.149950 0.497357 0.323139 -5.349353
2455393.249950 0.597357 0.364395 -5.567192
2455393.349950 0.697357 0.405652 -5.413022
2455393.449950 0.797357 0.446909 -4.897145
2455393.549950 0.897357 0.488166 -4.054033
2455393.649950 0.997357 0.529423 -2.940024
2455393.749950 1.097357 0.570679 -1.629557
2455393.849950 1.197357 0.611936 -0.210201
2455393.949950 -1.126487 0.653193 1.223201
2455394.049950 -1.026487 0.694450 2.574867
2455394.149950 -0.926487 0.735706 3.754476
2455394.249950 -0.826487 0.776963 4.683205
2455394.349950 -0.726487 0.818220 5.298994
2455394.449950 -0.626487 0.859477 5.560696
2455394.549950 -0.526487 0.900734 5.450823
2455394.649950 -0.426487 0.941990 4.976718
2455394.749950 -0.326487 0.983247 4.170059
2455394.849950 -0.226487 0.024504 3.084751
2455394.949950 -0.126487 0.065761 1.793315
2455395.049950 -0.026487 0.107018 0.382046
2455395.149950 0.073513 0.148274 -1.054752
2455395.249950 0.173513 0.189531 -2.421069
2455395.349950 0.273513 0.230788 -3.625607
2455395.449950 0.373513 0.272045 -4.587875
2455395.549950 0.473513 0.313301 -5.243575
2455395.649950 0.573513 0.354558 -5.548890
2455395.749950 0.673513 0.395815 -5.483419
2455395.849950 0.773513 0.437072 -5.051537
2455395.949950 0.873513 0.478329 -4.282103
2455396.049950 0.973513 0.519585 -3.226532
2455396.149950 1.073513 0.560842 -1.955359
2455396.249950 1.173513 0.602099 -0.553526
2455396.349950 -1.150331 0.643356 0.885295
2455396.449950 -1.050331 0.684612 2.264959
2455396.549950 -0.950331 0.725869 3.493275
2455396.649950 -0.850331 0.767126 4.488164
2455396.749950 -0.750331 0.808383 5.183147
2455396.849950 -0.650331 0.849640 5.531784
2455396.949950 -0.550331 0.890896 5.510778
2455397.049950 -0.450331 0.932153 5.121532
2455397.149950 -0.350331 0.973410 4.390058
2455397.249950 -0.250331 0.014667 3.365232
2455397.349950 -0.150331 0.055923 2.115536
2455397.449950 -0.050331 0.097180 0.724477
2455397.549950 0.049669 0.138437 -0.714993
2455397.649950 0.149669 0.179694 -2.106686
2455397.749950 0.249669 0.220951 -3.357607
2455397.849950 0.349669 0.262207 -4.384167
2455397.949950 0.449669 0.303464 -5.117770
2455398.049950 0.549669 0.344721 -5.509395
2455398.149950 0.649669 0.385978 -5.532873
2455398.249950 0.749669 0.427234 -5.186636
2455398.349950 0.849669 0.468491 -4.493819
2455398.449950 0.949669 0.509748 -3.500718
2455398.549950 1.049669 0.551005 -2.273693
2455398.649950 1.149669 0.592262 -0.894736
2455398.749950 -1.174175 0.633518 0.544008
2455398.849950 -1.074175 0.674775 1.946401
2455398.949950 -0.974175 0.716032 3.218732
2455399.049950 -0.874175 0.757289 4.275983
2455399.149950 -0.774175 0.798546 5.047505
2455399.249950 -0.674175 0.839802 5.481744
2455399.349950 -0.574175 0.881059 5.549685
2455399.449950 -0.474175 0.922316 5.246786
2455399.549950 -0.374175 0.963573 4.593289
2455399.649950 -0.274175 0.004829 3.632861
2455399.749950 -0.174175 0.046086 2.429679
2455399.849950 -0.074175 0.087343 1.064141
2455399.949950 0.025825 0.128600 -0.372504
2455400.049950 0.125825 0.169857 -1.784257
2455400.149950 0.225825 0.211113 -3.076784
2455400.249950 0.325825 0.252370 -4.163715
2455400.349950 0.425825 0.293627 -4.972419
2455400.449950 0.525825 0.334884 -5.448859
2455400.549950 0.625825 0.376140 -5.561197
2455400.649950 0.725825 0.417397 -5.301926
2455400.749950 0.825825 0.458654 -4.688372
2455400.849950 0.925825 0.499911 -3.761534
2455400.949950 1.025825 0.541168 -2.583344
2455401.049950 1.125825 0.582424 -1.232530
2455401.149950 -1.198019 0.623681 0.200643
2455401.249950 -1.098019 0.664938 1.620409
2455401.349950 -0.998019 0.706195 2.931897
2455401.449950 -0.898019 0.747451 4.047470
2455401.549950 -0.798019 0.788708 4.892585
2455401.649950 -0.698019 0.829965 5.410769
2455401.749950 -0.598019 0.871222 5.567397
2455401.849950 -0.498019 0.912479 5.352002
2455401.949950 -0.398019 0.953735 4.778978
2455402.049950 -0.298019 0.994992 3.886615
2455402.149950 -0.198019 0.036249 2.734541
2455402.249950 -0.098019 0.077506 1.399741
2455402.349950 0.001981 0.118762 -0.028592
2455402.449950 0.101981 0.160019 -1.455014
2455402.549950 0.201981 0.201276 -2.784210
2455402.649950 0.301981 0.242533 -3.927360
2455402.749950 0.401981 0.283790 -4.808078
2455402.849950 0.501981 0.325046 -5.367513
2455402.949950 0.601981 0.366303 -5.568281
2455403.049950 0.701981 0.407560 -5.396967
2455403.149950 0.801981 0.448817 -4.865020
2455403.249950 0.901981 0.490074 -4.007984
2455403.349950 1.001981 0.531330 -2.883128
2455403.449950 1.101981 0.572587 -1.565616
2455403.549950 1.201981 0.613844 -0.143488
2455403.649950 -1.121863 0.655101 1.288229
2455403.749950 -1.021863 0.696357 2.633864
2455403.849950 -0.921863 0.737614 3.803500
2455403.949950 -0.821863 0.778871 4.718980
2455404.049950 -0.721863 0.820128 5.319130
2455404.149950 -0.621863 0.861385 5.563847
2455404.249950 -0.521863 0.902641 5.436778
2455404.349950 -0.421863 0.943898 4.946415
2455404.449950 -0.321863 0.985155 4.125525
2455404.549950 -0.221863 0.026412 3.028960
2455404.649950 -0.121863 0.067668 1.729996
2455404.749950 -0.021863 0.108925 0.315430
2455404.849950 0.078137 0.150182 -1.120214
2455404.949950 0.178137 0.191439 -2.481003
2455405.049950 0.278137 0.232696 -3.676007
2455405.149950 0.378137 0.273952 -4.625374
2455405.249950 0.478137 0.315209 -5.265667
2455405.349950 0.578137 0.356466 -5.554099
2455405.449950 0.678137 0.397723 -5.471397
2455405.549950 0.778137 0.438979 -5.023087
2455405.649950 0.878137 0.480236 -4.239126
2455405.749950 0.978137 0.521493 -3.171900
2455405.849950 1.078137 0.562750 -1.892723
2455405.949950 1.178137 0.604007 -0.487071
2455406.049950 -1.145707 0.645263 0.951129
2455406.149950 -1.045707 0.686520 2.325772
2455406.249950 -0.945707 0.727777 3.545003
2455406.349950 -0.845707 0.769034 4.527352
2455406.449950 -0.745707 0.810290 5.207175
2455406.549950 -0.645707 0.851547 5.539046
2455406.649950 -0.545707 0.892804 5.500790
2455406.749950 -0.445707 0.934061 5.094961
2455406.849950 -0.345707 0.975318 4.348679
2455406.949950 -0.245707 0.016574 3.311811
2455407.049950 -0.145707 0.057831 2.053643
2455407.149950 -0.045707 0.099088 0.658246
2455407.249950 0.054293 0.140345 -0.781135
2455407.349950 0.154293 0.181602 -2.168320
2455407.449950 0.254293 0.222858 -3.410614
2455407.549950 0.354293 0.264115 -4.425005
2455407.649950 0.454293 0.305372 -5.143710
2455407.749950 0.554293 0.346629 -5.518704
2455407.849950 0.654293 0.387885 -5.524930
2455407.949950 0.754293 0.429142 -5.161970
2455408.049950 0.854293 0.470399 -4.454079
2455408.149950 0.954293 0.511656 -3.448559
2455408.249950 1.054293 0.552913 -2.212601
2455408.349950 1.154293 0.594169 -0.828793
2455408.449950 -1.169551 0.635426 0.610396
2455408.549950 -1.069551 0.676683 2.008797
2455408.649950 -0.969551 0.717940 3.272968
2455408.749950 -0.869551 0.759196 4.318433
2455408.849950 -0.769551 0.800453 5.075333
2455408.949950 -0.669551 0.841710 5.493092
2455409.049950 -0.569551 0.882967 5.543793
2455409.149950 -0.469551 0.924224 5.224049
2455409.249950 -0.369551 0.965480 4.555225
2455409.349950 -0.269551 0.006737 3.582014
2455409.449950 -0.169551 0.047994 2.369446
2455409.549950 -0.069551 0.089251 0.998549
2455409.649950 0.030449 0.130507 -0.439073
2455409.749950 0.130449 0.171764 -1.847356
2455409.849950 0.230449 0.213021 -3.132195
2455409.949950 0.330449 0.254278 -4.207736
2455410.049950 0.430449 0.295535 -5.002109
2455410.149950 0.530449 0.336791 -5.462233
2455410.249950 0.630449 0.378048 -5.557362
2455410.349950 0.730449 0.419305 -5.281138
2455410.449950 0.830449 0.460562 -4.652021
2455410.549950 0.930449 0.501818 -3.712047
2455410.649950 1.030449 0.543075 -2.524029
2455410.749950 1.130449 0.584332 -1.167351
2455410.849950 -1.193395 0.625589 0.267332
2455410.949950 -1.093395 0.666846 1.684151
2455411.049950 -0.993395 0.708102 2.988432
2455411.149950 -0.893395 0.749359 4.093021
2455411.249950 -0.793395 0.790616 4.924108
2455411.349950 -0.693395 0.831873 5.426158
2455411.449950 -0.593395 0.873130 5.565623
2455411.549950 -0.493395 0.914386 5.333184
2455411.649950 -0.393395 0.955643 4.744373
2455411.749950 -0.293395 0.996900 3.838536
2455411.849950 -0.193395 0.038157 2.676201
2455411.949950 -0.093395 0.079413 1.335038
2455412.049950 0.006605 0.120670 -0.095335
2455412.149950 0.106605 0.161927 -1.519337
2455412.249950 0.206605 0.203184 -2.841814
2455412.349950 0.306605 0.244441 -3.974397
2455412.449950 0.406605 0.285697 -4.841404
2455412.549950 0.506605 0.326954 -5.384901
2455412.649950 0.606605 0.368211 -5.568569
2455412.749950 0.706605 0.409468 -5.380137
2455412.849950 0.806605 0.450724 -4.832195
2455412.949950 0.906605 0.491981 -3.961358
2455413.049950 1.006605 0.533238 -2.825817
2455413.149950 1.106605 0.574495 -1.501450
2455413.249950 1.206605 0.615752 -0.076753
2455413.349950 -1.117239 0.657008 1.353072
2455413.449950 -1.017239 0.698265 2.692483
2455413.549950 -0.917239 0.739522 3.851977
2455413.649950 -0.817239 0.780779 4.754077
2455413.749950 -0.717239 0.822035 5.338501
2455413.849950 -0.617239 0.863292 5.566197
2455413.949950 -0.517239 0.904549 5.421952
2455414.049950 -0.417239 0.945806 4.915402
2455414.149950 -0.317239 0.987063 4.080398
2455414.249950 -0.217239 0.028319 2.972734
2455414.349950 -0.117239 0.069576 1.666428
2455414.449950 -0.017239 0.110833 0.248768
2455414.549950 0.082761 0.152090 -1.185515
2455414.649950 0.182761 0.193346 -2.540580
2455414.749950 0.282761 0.234603 -3.725879
2455414.849950 0.382761 0.275860 -4.662209
2455414.949950 0.482761 0.317117 -5.287002
2455415.049950 0.582761 0.358374 -5.558510
2455415.149950 0.682761 0.399630 -5.458588
2455415.249950 0.782761 0.440887 -4.993915
2455415.349950 0.882761 0.482144 -4.195540
2455415.449950 0.982761 0.523401 -3.116813
2455415.549950 1.082761 0.564658 -1.829815
2455415.649950 1.182761 0.605914 -0.420545
2455415.749950 -1.141083 0.647171 1.016826
2455415.849950 -1.041083 0.688428 2.386251
2455415.949950 -0.941083 0.729685 3.596222
2455416.049950 -0.841083 0.770941 4.565889
2455416.149950 -0.741083 0.812198 5.230455
2455416.249950 -0.641083 0.853455 5.545513
2455416.349950 -0.541083 0.894712 5.490012
2455416.449950 -0.441083 0.935969 5.067658
2455416.549950 -0.341083 0.977225 4.306676
2455416.649950 -0.241083 0.018482 3.257914
2455416.749950 -0.141083 0.059739 1.991454
2455416.849950 -0.041083 0.100996 0.591921
2455416.949950 0.058917 0.142252 -0.847165
2455417.049950 0.158917 0.183509 -2.229642
2455417.149950 0.258917 0.224766 -3.463131
2455417.249950 0.358917 0.266023 -4.465208
2455417.349950 0.458917 0.307280 -5.168912
2455417.449950 0.558917 0.348536 -5.527221
2455417.549950 0.658917 0.389793 -5.516192
2455417.649950 0.758917 0.431050 -5.136562
2455417.749950 0.858917 0.472307 -4.413699
2455417.849950 0.958917 0.513563 -3.395905
2455417.949950 1.058917 0.554820 -2.151191
2455418.049950 1.158917 0.596077 -0.762731
2455418.149950 -1.164927 0.637334 0.676696
2455418.249950 -1.064927 0.678591 2.070905
2455418.349950 -0.964927 0.719847 3.326733
2455418.449950 -0.864927 0.761104 4.360263
2455418.549950 -0.764927 0.802361 5.102433
2455418.649950 -0.664927 0.843618 5.503650
2455418.749950 -0.564927 0.884874 5.537104
2455418.849950 -0.464927 0.926131 5.200560
2455418.949950 -0.364927 0.967388 4.516506
2455419.049950 -0.264927 0.008645 3.530652
2455419.149950 -0.164927 0.049902 2.308874
2455419.249950 -0.064927 0.091158 0.932813
2455419.349950 0.035073 0.132415 -0.505580
2455419.449950 0.135073 0.173672 -1.910190
2455419.549950 0.235073 0.214929 -3.187157
2455419.649950 0.335073 0.256186 -4.251153
2455419.749950 0.435073 0.297442 -5.031081
2455419.849950 0.535073 0.338699 -5.474823
2455419.949950 0.635073 0.379956 -5.552728
2455420.049950 0.735073 0.421213 -5.259592
2455420.149950 0.835073 0.462469 -4.615000
2455420.249950 0.935073 0.503726 -3.662027
2455420.349950 1.035073 0.544983 -2.464351
2455420.449950 1.135073 0.586240 -1.102004
2455420.549950 -1.188771 0.627497 0.333982
2455420.649950 -1.088771 0.668753 1.747650
2455420.749950 -0.988771 0.710010 3.044538
2455420.849950 -0.888771 0.751267 4.137984
2455420.949950 -0.788771 0.792524 4.954924
2455421.049950 -0.688771 0.833780 5.440767
2455421.149950 -0.588771 0.875037 5.563050
2455421.249950 -0.488771 0.916294 5.313600
2455421.349950 -0.388771 0.957551 4.709087
2455421.449950 -0.288771 0.998808 3.789905
2455421.549950 -0.188771 0.040064 2.617476
2455421.649950 -0.088771 0.081321 1.270142
2455421.749950 0.011229 0.122578 -0.162064
2455421.849950 0.111229 0.163835 -1.583441
2455421.949950 0.211229 0.205091 -2.899010
2455422.049950 0.311229 0.246348 -4.020863
2455422.149950 0.411229 0.287605 -4.874035
2455422.249950 0.511229 0.328862 -5.401515
2455422.349950 0.611229 0.370119 -5.568058
2455422.449950 0.711229 0.411375 -5.362534
2455422.549950 0.811229 0.452632 -4.798677
2455422.649950 0.911229 0.493889 -3.914164
2455422.749950 1.011229 0.535146 -2.768100
2455422.849950 1.111229 0.576403 -1.437068
2455422.949950 1.211229 0.617659 -0.010008
2455423.049950 -1.112615 0.658916 1.417721
2455423.149950 -1.012615 0.700173 2.750715
2455423.249950 -0.912615 0.741430 3.899902
2455423.349950 -0.812615 0.782686 4.788491
2455423.449950 -0.712615 0.823943 5.357105
2455423.549950 -0.612615 0.865200 5.567749
2455423.649950 -0.512615 0.906457 5.406346
2455423.749950 -0.412615 0.947714 4.883683
2455423.849950 -0.312615 0.988970 4.034684
2455423.949950 -0.212615 0.030227 2.916081
2455424.049950 -0.112615 0.071484 1.602621
2455424.149950 -0.012615 0.112741 0.182071
2455424.249950 0.087385 0.153997 -1.250646
2455424.349950 0.187385 0.195254 -2.599792
2455424.449950 0.287385 0.236511 -3.775216
2455424.549950 0.387385 0.277768 -4.698374
2455424.649950 0.487385 0.319025 -5.307578
2455424.749950 0.587385 0.360281 -5.562122
2455424.849950 0.687385 0.401538 -5.444996
2455424.949950 0.787385 0.442795 -4.964026
2455425.049950 0.887385 0.484052 -4.151352
2455425.149950 0.987385 0.525308 -3.061277
2455425.249950 1.087385 0.566565 -1.766643
2455425.349950 1.187385 0.607822 -0.353959
2455425.449950 -1.136459 0.649079 1.082377
2455425.549950 -1.036459 0.690336 2.446387
2455425.649950 -0.936459 0.731592 3.646925
2455425.749950 -0.836459 0.772849 4.603770
2455425.849950 -0.736459 0.814106 5.252983
2455425.949950 -0.636459 0.855363 5.551184
2455426.049950 -0.536459 0.896619 5.478445
2455426.149950 -0.436459 0.937876 5.039628
2455426.249950 -0.336459 0.979133 4.264054
2455426.349950 -0.236459 0.020390 3.203550
2455426.449950 -0.136459 0.061647 1.928979
2455426.549950 -0.036459 0.102903 0.525510
2455426.649950 0.063541 0.144160 -0.913074
2455426.749950 0.163541 0.185417 -2.290645
2455426.849950 0.263541 0.226674 -3.515151
2455426.949950 0.363541 0.267931 -4.504769
2455427.049950 0.463541 0.309187 -5.193371
2455427.149950 0.563541 0.350444 -5.534943
2455427.249950 0.663541 0.391701 -5.506662
2455427.349950 0.763541 0.432958 -5.110416
2455427.449950 0.863541 0.474214 -4.372684
2455427.549950 0.963541 0.515471 -3.342763
2455427.649950 1.063541 0.556728 -2.089472
2455427.749950 1.163541 0.597985 -0.696559
2455427.849950 -1.160303 0.639242 0.742899
2455427.949950 -1.060303 0.680498 2.132715
2455428.049950 -0.960303 0.721755 3.380020
2455428.149950 -0.860303 0.763012 4.401466
2455428.249950 -0.760303 0.804269 5.128799
2455428.349950 -0.660303 0.845525 5.513417
2455428.449950 -0.560303 0.886782 5.529620
2455428.549950 -0.460303 0.928039 5.176325
2455428.649950 -0.360303 0.969296 4.477139
2455428.749950 -0.260303 0.010553 3.478783
2455428.849950 -0.160303 0.051809 2.247969
2455428.949950 -0.060303 0.093066 0.866943
2455429.049950 0.039697 0.134323 -0.572015
2455429.149950 0.139697 0.175580 -1.972749
2455429.249950 0.239697 0.216836 -3.241661
2455429.349950 0.339697 0.258093 -4.293960
2455429.449950 0.439697 0.299350 -5.059329
2455429.549950 0.539697 0.340607 -5.486626
2455429.649950 0.639697 0.381864 -5.547297
2455429.749950 0.739697 0.423120 -5.237289
2455429.849950 0.839697 0.464377 -4.577317
2455429.949950 0.939697 0.505634 -3.611481
2455430.049950 1.039697 0.546891 -2.404320
2455430.149950 1.139697 0.588147 -1.036498
2455430.249950 -1.184147 0.629404 0.400584
2455430.349950 -1.084147 0.670661 1.810898
2455430.449950 -0.984147 0.711918 3.100206
2455430.549950 -0.884147 0.753175 4.182352
2455430.649950 -0.784147 0.794431 4.985027
2455430.749950 -0.684147 0.835688 5.454595
2455430.849950 -0.584147 0.876945 5.559677
2455430.949950 -0.484147 0.918202 5.293252
2455431.049950 -0.384147 0.959459 4.673124
2455431.149950 -0.284147 0.000715 3.740730
2455431.249950 -0.184147 0.041972 2.558375
2455431.349950 -0.084147 0.083229 1.205064
2455431.449950 0.015853 0.124486 -0.228771
2455431.549950 0.115853 0.165742 -1.647319
2455431.649950 0.215853 0.206999 -2.955790
2455431.749950 0.315853 0.248256 -4.066751
2455431.849950 0.415853 0.289513 -4.905965
2455431.949950 0.515853 0.330770 -5.417354
2455432.049950 0.615853 0.372026 -5.566747
2455432.149950 0.715853 0.413283 -5.344160
2455432.249950 0.815853 0.454540 -4.764468
2455432.349950 0.915853 0.495797 -3.866407
2455432.449950 1.015853 0.537053 -2.709986
2455432.549950 1.115853 0.578310 -1.372479
2455432.649950 -1.207991 0.619567 0.056739
2455432.749950 -1.107991 0.660824 1.482166
2455432.849950 -1.007991 0.702081 2.808552
2455432.949950 -0.907991 0.743337 3.947265
2455433.049950 -0.807991 0.784594 4.822217
2455433.149950 -0.707991 0.825851 5.374940
2455433.249950 -0.607991 0.867108 5.568500
2455433.349950 -0.507991 0.908364 5.389964
2455433.449950 -0.407991 0.949621 4.851262
2455433.549950 -0.307991 0.990878 3.988391
2455433.649950 -0.207991 0.032135 2.859009
2455433.749950 -0.107991 0.073392 1.538583
2455433.849950 -0.007991 0.114648 0.115347
2455433.949950 0.092009 0.155905 -1.315597
2455434.049950 0.192009 0.197162 -2.658631
2455434.149950 0.292009 0.238419 -3.824010
2455434.249950 0.392009 0.279675 -4.733863
2455434.349950 0.492009 0.320932 -5.327392
2455434.449950 0.592009 0.362189 -5.564935
2455434.549950 0.692009 0.403446 -5.430621
2455434.649950 0.792009 0.444703 -4.933423
2455434.749950 0.892009 0.485959 -4.106566
2455434.849950 0.992009 0.527216 -3.005302
2455434.949950 1.092009 0.568473 -1.703218
2455435.049950 1.192009 0.609730 -0.287323
2455435.149950 -1.131835 0.650987 1.147772
2455435.249950 -1.031835 0.692243 2.506171
2455435.349950 -0.931835 0.733500 3.697103
2455435.449950 -0.831835 0.774757 4.640989
2455435.549950 -0.731835 0.816014 5.274757
2455435.649950 -0.631835 0.857270 5.556056
2455435.749950 -0.531835 0.898527 5.466091
2455435.849950 -0.431835 0.939784 5.010873
2455435.949950 -0.331835 0.981041 4.220820
2455436.049950 -0.231835 0.022298 3.148724
2455436.149950 -0.131835 0.063554 1.866226
2455436.249950 -0.031835 0.104811 0.459024
2455436.349950 0.068165 0.146068 -0.978851
2455436.449950 0.168165 0.187325 -2.351318
2455436.549950 0.268165 0.228581 -3.566665
2455436.649950 0.368165 0.269838 -4.543683
2455436.749950 0.468165 0.311095 -5.217084
2455436.849950 0.568165 0.352352 -5.541871
2455436.949950 0.668165 0.393609 -5.496341
2455437.049950 0.768165 0.434865 -5.083536
2455437.149950 0.868165 0.476122 -4.331042
2455437.249950 0.968165 0.517379 -3.289140
2455437.349950 1.068165 0.558636 -2.027452
2455437.449950 1.168165 0.599892 -0.630287
2455437.549950 -1.155679 0.641149 0.808995
2455437.649950 -1.055679 0.682406 2.194219
2455437.749950 -0.955679 0.723663 3.432821
2455437.849950 -0.855679 0.764920 4.442037
2455437.949950 -0.755679 0.806176 5.154428
2455438.049950 -0.655679 0.847433 5.522393
2455438.149950 -0.555679 0.888690 5.521342
2455438.249950 -0.455679 0.929947 5.151345
2455438.349950 -0.355679 0.971203 4.437128
2455438.449950 -0.255679 0.012460 3.426414
2455438.549950 -0.155679 0.053717 2.186742
2455438.649950 -0.055679 0.094974 0.800948
2455438.749950 0.044321 0.136231 -0.638367
2455438.849950 0.144321 0.177487 -2.035024
2455438.949950 0.244321 0.218744 -3.295699
2455439.049950 0.344321 0.260001 -4.336149
2455439.149950 0.444321 0.301258 -5.086851
2455439.249950 0.544321 0.342515 -5.497641
2455439.349950 0.644321 0.383771 -5.541069
2455439.449950 0.744321 0.425028 -5.214235
2455439.549950 0.844321 0.466285 -4.538976
2455439.649950 0.944321 0.507542 -3.560416
2455439.749950 1.044321 0.548798 -2.343943
2455439.849950 1.144321 0.590055 -0.970844
2455439.949950 -1.179523 0.631312 0.467128
2455440.049950 -1.079523 0.672569 1.873887
2455440.149950 -0.979523 0.713826 3.155429
2455440.249950 -0.879523 0.755082 4.226120
2455440.349950 -0.779523 0.796339 5.014415
2455440.449950 -0.679523 0.837596 5.467638
2455440.549950 -0.579523 0.878853 5.555505
2455440.649950 -0.479523 0.920109 5.272144
2455440.749950 -0.379523 0.961366 4.636490
2455440.849950 -0.279523 0.002623 3.691018
2455440.949950 -0.179523 0.043880 2.498906
2455441.049950 -0.079523 0.085137 1.139813
2455441.149950 0.020477 0.126393 -0.295444
2455441.249950 0.120477 0.167650 -1.710959
2455441.349950 0.220477 0.208907 -3.012145
2455441.449950 0.320477 0.250164 -4.112055
2455441.549950 0.420477 0.291420 -4.937190
2455441.649950 0.520477 0.332677 -5.432414
2455441.749950 0.620477 0.373934 -5.564635
2455441.849950 0.720477 0.415191 -5.325019
2455441.949950 0.820477 0.456448 -4.729576
2455442.049950 0.920477 0.497704 -3.818095
2455442.149950 1.020477 0.538961 -2.651482
2455442.249950 1.120477 0.580218 -1.307693
2455442.349950 -1.203367 0.621475 0.123478
2455442.449950 -1.103367 0.662731 1.546398
2455442.549950 -1.003367 0.703988 2.865985
2455442.649950 -0.903367 0.745245 3.994062
2455442.749950 -0.803367 0.786502 4.855250
2455442.849950 -0.703367 0.827759 5.392002
2455442.949950 -0.603367 0.869015 5.568451
2455443.049950 -0.503367 0.910272 5.372808
2455443.149950 -0.403367 0.951529 4.818145
2455443.249950 -0.303367 0.992786 3.941525
2455443.349950 -0.203367 0.034043 2.801526
2455443.449950 -0.103367 0.075299 1.474325
2455443.549950 -0.003367 0.116556 0.048607
2455443.649950 0.096633 0.157813 -1.380359
2455443.749950 0.196633 0.199070 -2.717087
2455443.849950 0.296633 0.240326 -3.872255
2455443.949950 0.396633 0.281583 -4.768673
2455444.049950 0.496633 0.322840 -5.346440
2455444.149950 0.596633 0.364097 -5.566949
2455444.249950 0.696633 0.405354 -5.415466
2455444.349950 0.796633 0.446610 -4.902112
2455444.449950 0.896633 0.487867 -4.061191
2455444.549950 0.996633 0.529124 -2.948895
2455444.649950 1.096633 0.570381 -1.639548
2455444.749950 1.196633 0.611637 -0.220645
2455444.849950 -1.127211 0.652894 1.213003
2455444.949950 -1.027211 0.694151 2.565595
2455445.049950 -0.927211 0.735408 3.746751
2455445.149950 -0.827211 0.776665 4.677542
2455445.249950 -0.727211 0.817921 5.295772
2455445.349950 -0.627211 0.859178 5.560131
2455445.449950 -0.527211 0.900435 5.452952
2455445.549950 -0.427211 0.941692 4.981398
2455445.649950 -0.327211 0.982948 4.176979
2455445.749950 -0.227211 0.024205 3.093447
2455445.849950 -0.127211 0.065462 1.803206
2455445.949950 -0.027211 0.106719 0.392472
2455446.049950 0.072789 0.147976 -1.044488
2455446.149950 0.172789 0.189232 -2.411653
2455446.249950 0.272789 0.230489 -3.617668
2455446.349950 0.372789 0.271746 -4.581944
2455446.449950 0.472789 0.313003 -5.240047
2455446.549950 0.572789 0.354259 -5.548002
2455446.649950 0.672789 0.395516 -5.485230
2455446.749950 0.772789 0.436773 -5.055926
2455446.849950 0.872789 0.478030 -4.288777
2455446.949950 0.972789 0.519287 -3.235045
2455447.049950 1.072789 0.560543 -1.965142
2455447.149950 1.172789 0.601800 -0.563925
2455447.249950 -1.151055 0.643057 0.874975
2455447.349950 -1.051055 0.684314 2.255407
2455447.449950 -0.951055 0.725571 3.485130
2455447.549950 -0.851055 0.766827 4.481970
2455447.649950 -0.751055 0.808084 5.179317
2455447.749950 -0.651055 0.849341 5.530575
2455447.849950 -0.551055 0.890598 5.512270
2455447.949950 -0.451055 0.931854 5.125626
2455448.049950 -0.351055 0.973111 4.396480
2455448.149950 -0.251055 0.014368 3.373553
2455448.249950 -0.151055 0.055625 2.125200
2455448.349950 -0.051055 0.096882 0.734838
2455448.449950 0.048945 0.138138 -0.704627
2455448.549950 0.148945 0.179395 -2.097008
2455448.649950 0.248945 0.220652 -3.349263
2455448.749950 0.348945 0.261909 -4.377715
2455448.849950 0.448945 0.303165 -5.113641
2455448.949950 0.548945 0.344422 -5.507866
2455449.049950 0.648945 0.385679 -5.534045
2455449.149950 0.748945 0.426936 -5.190431
2455449.249950 0.848945 0.468193 -4.499983
2455449.349950 0.948945 0.509449 -3.508840
2455449.449950 1.048945 0.550706 -2.283230
2455449.549950 1.148945 0.591963 -0.905050
2455449.649950 -1.174899 0.633220 0.533606
2455449.749950 -1.074899 0.674476 1.936605
2455449.849950 -0.974899 0.715733 3.210198
2455449.949950 -0.874899 0.756990 4.269280
2455450.049950 -0.774899 0.798247 5.043082
2455450.149950 -0.674899 0.839504 5.479896
2455450.249950 -0.574899 0.880760 5.550535
2455450.349950 -0.474899 0.922017 5.250279
2455450.449950 -0.374899 0.963274 4.599190
2455450.549950 -0.274899 0.004531 3.640775
2455450.649950 -0.174899 0.045787 2.439078
2455450.749950 -0.074899 0.087044 1.074398
2455450.849950 0.025101 0.128301 -0.362075
2455450.949950 0.125101 0.169558 -1.774354
2455451.049950 0.225101 0.210815 -3.068067
2455451.149950 0.325101 0.252071 -4.156767
2455451.249950 0.425101 0.293328 -4.967706
2455451.349950 0.525101 0.334585 -5.446694
2455451.449950 0.625101 0.375842 -5.561725
2455451.549950 0.725101 0.417099 -5.305112
2455451.649950 0.825101 0.458355 -4.694003
2455451.749950 0.925101 0.499612 -3.769234
2455451.849950 1.025101 0.540869 -2.592598
2455451.949950 1.125101 0.582126 -1.242720
2455452.049950 -1.198743 0.623382 0.190198
2455452.149950 -1.098743 0.664639 1.610407
2455452.249950 -0.998743 0.705896 2.923006
2455452.349950 -0.898743 0.747153 4.040285
2455452.449950 -0.798743 0.788410 4.887585
2455452.549950 -0.698743 0.829666 5.408289
2455452.649950 -0.598743 0.870923 5.567603
2455452.749950 -0.498743 0.912180 5.354879
2455452.849950 -0.398743 0.953437 4.784334
2455452.949950 -0.298743 0.994693 3.894092
2455453.049950 -0.198743 0.035950 2.743641
2455453.149950 -0.098743 0.077207 1.409855
2455453.249950 0.001257 0.118464 -0.018140
2455453.349950 0.101257 0.159721 -1.444923
2455453.449950 0.201257 0.200977 -2.775154
2455453.549950 0.301257 0.242234 -3.919944
2455453.649950 0.401257 0.283491 -4.802797
2455453.749950 0.501257 0.324748 -5.364720
2455453.849950 0.601257 0.366004 -5.568163
2455453.949950 0.701257 0.407261 -5.399533
2455454.049950 0.801257 0.448518 -4.870096
2455454.149950 0.901257 0.489775 -4.015232
2455454.249950 1.001257 0.531032 -2.892064
2455454.349950 1.101257 0.572288 -1.575643
2455454.449950 1.201257 0.613545 -0.153935
2455454.549950 -1.122587 0.654802 1.278059
2455454.649950 -1.022587 0.696059 2.624651
2455454.749950 -0.922587 0.737315 3.795860
2455454.849950 -0.822587 0.778572 4.713423
2455454.949950 -0.722587 0.819829 5.316027
2455455.049950 -0.622587 0.861086 5.563406
2455455.149950 -0.522587 0.902343 5.439029
2455455.249950 -0.422587 0.943599 4.951207
2455455.349950 -0.322587 0.984856 4.132537
2455455.449950 -0.222587 0.026113 3.037725
2455455.549950 -0.122587 0.067370 1.739927
2455455.649950 -0.022587 0.108627 0.325864
2455455.749950 0.077413 0.149883 -1.109974
2455455.849950 0.177413 0.191140 -2.471642
2455455.949950 0.277413 0.232397 -3.668150
2455456.049950 0.377413 0.273654 -4.619546
2455456.149950 0.477413 0.314910 -5.262257
2455456.249950 0.577413 0.356167 -5.553336
2455456.349950 0.677413 0.397424 -5.473331
2455456.449950 0.777413 0.438681 -5.027589
2455456.549950 0.877413 0.479938 -4.245896
2455456.649950 0.977413 0.521194 -3.180485
2455456.749950 1.077413 0.562451 -1.902549
2455456.849950 1.177413 0.603708 -0.497481
2455456.949950 -1.146431 0.644965 0.940829
2455457.049950 -1.046431 0.686221 2.316272
2455457.149950 -0.946431 0.727478 3.536937
2455457.249950 -0.846431 0.768735 4.521259
2455457.349950 -0.746431 0.809992 5.203462
2455457.449950 -0.646431 0.851249 5.537962
2455457.549950 -0.546431 0.892505 5.502406
2455457.649950 -0.446431 0.933762 5.099170
2455457.749950 -0.346431 0.975019 4.355200
2455457.849950 -0.246431 0.016276 3.320207
2455457.949950 -0.146431 0.057532 2.063354
2455458.049950 -0.046431 0.098789 0.668623
2455458.149950 0.053569 0.140046 -0.770786
2455458.249950 0.153569 0.181303 -2.158690
2455458.349950 0.253569 0.222560 -3.402346
2455458.449950 0.353569 0.263816 -4.418653
2455458.549950 0.453569 0.305073 -5.139697
2455458.649950 0.553569 0.346330 -5.517299
2455458.749950 0.653569 0.387587 -5.526226
2455458.849950 0.753569 0.428843 -5.165881
2455458.949950 0.853569 0.470100 -4.460344
2455459.049950 0.953569 0.511357 -3.456759
2455459.149950 1.053569 0.552614 -2.222188
2455459.249950 1.153569 0.593871 -0.839127
2455459.349950 -1.170275 0.635127 0.600006
2455459.449950 -1.070275 0.676384 1.999046
2455459.549950 -0.970275 0.717641 3.264506
2455459.649950 -0.870275 0.758898 4.311827
2455459.749950 -0.770275 0.800155 5.071024
2455459.849950 -0.670275 0.841411 5.491367
2455459.949950 -0.570275 0.882668 5.544768
2455460.049950 -0.470275 0.923925 5.227659
2455460.149950 -0.370275 0.965182 4.561228
2455460.249950 -0.270275 0.006438 3.590009
2455460.349950 -0.170275 0.047695 2.378900
2455460.449950 -0.070275 0.088952 1.008829
2455460.549950 0.029725 0.130209 -0.428654
2455460.649950 0.129725 0.171466 -1.837493
2455460.749950 0.229725 0.212722 -3.123549
2455460.849950 0.329725 0.253979 -4.200883
2455460.949950 0.429725 0.295236 -4.997508
2455461.049950 0.529725 0.336493 -5.460191
2455461.149950 0.629725 0.377749 -5.558015
2455461.249950 0.729725 0.419006 -5.284443
2455461.349950 0.829725 0.460263 -4.657757
2455461.449950 0.929725 0.501520 -3.719831
2455461.549950 1.029725 0.542777 -2.533340
2455461.649950 1.129725 0.584033 -1.177568
2455461.749950 -1.194119 0.625290 0.256892
2455461.849950 -1.094119 0.666547 1.674186
2455461.949950 -0.994119 0.707804 2.979608
2455462.049950 -0.894119 0.749060 4.085927
2455462.149950 -0.794119 0.790317 4.919219
2455462.249950 -0.694119 0.831574 5.423800
2455462.349950 -0.594119 0.872831 5.565954
2455462.449950 -0.494119 0.914088 5.336182
2455462.549950 -0.394119 0.955344 4.749837
2455462.649950 -0.294119 0.996601 3.846101
2455462.749950 -0.194119 0.037858 2.685361
2455462.849950 -0.094119 0.079115 1.345182
2455462.949950 0.005881 0.120371 -0.084885
2455463.049950 0.105881 0.161628 -1.509279
2455463.149950 0.205881 0.202885 -2.832821
2455463.249950 0.305881 0.244142 -3.967070
2455463.349950 0.405881 0.285399 -4.836232
2455463.449950 0.505881 0.326655 -5.382229
2455463.549950 0.605881 0.367912 -5.568577
2455463.649950 0.705881 0.409169 -5.382824
2455463.749950 0.805881 0.450426 -4.837381
2455463.849950 0.905881 0.491683 -3.968697
2455463.949950 1.005881 0.532939 -2.834818
2455464.049950 1.105881 0.574196 -1.511511
2455464.149950 1.205881 0.615453 -0.087203
2455464.249950 -1.117963 0.656710 1.342932
2455464.349950 -1.017963 0.697966 2.683330
2455464.449950 -0.917963 0.739223 3.844423
2455464.549950 -0.817963 0.780480 4.748626
2455464.649950 -0.717963 0.821737 5.335518
2455464.749950 -0.617963 0.862994 5.565882
2455464.849950 -0.517963 0.904250 5.424325
2455464.949950 -0.417963 0.945507 4.920305
2455465.049950 -0.317963 0.986764 4.087503
2455465.149950 -0.217963 0.028021 2.981567
2455465.249950 -0.117963 0.069277 1.676397
2455465.349950 -0.017963 0.110534 0.259208
2455465.449950 0.082037 0.151791 -1.175301
2455465.549950 0.182037 0.193048 -2.531275
2455465.649950 0.282037 0.234305 -3.718105
2455465.749950 0.382037 0.275561 -4.656486
2455465.849950 0.482037 0.316818 -5.283712
2455465.949950 0.582037 0.358075 -5.557872
2455466.049950 0.682037 0.399332 -5.460646
2455466.149950 0.782037 0.440588 -4.998530
2455466.249950 0.882037 0.481845 -4.202405
2455466.349950 0.982037 0.523102 -3.125468
2455466.449950 1.082037 0.564359 -1.839682
2455466.549950 1.182037 0.605616 -0.430966
2455466.649950 -1.141807 0.646872 1.006548
2455466.749950 -1.041807 0.688129 2.376803
2455466.849950 -0.941807 0.729386 3.588236
2455466.949950 -0.841807 0.770643 4.559898
2455467.049950 -0.741807 0.811899 5.226859
2455467.149950 -0.641807 0.853156 5.544553
2455467.249950 -0.541807 0.894413 5.491751
2455467.349950 -0.441807 0.935670 5.071982
2455467.449950 -0.341807 0.976927 4.313294
2455467.549950 -0.241807 0.018183 3.266385
2455467.649950 -0.141807 0.059440 2.001210
2455467.749950 -0.041807 0.100697 0.602312
2455467.849950 0.058193 0.141954 -0.836834
2455467.949950 0.158193 0.183211 -2.220062
2455468.049950 0.258193 0.224467 -3.454941
2455468.149950 0.358193 0.265724 -4.458955
2455468.249950 0.458193 0.306981 -5.165015
2455468.349950 0.558193 0.348238 -5.525940
2455468.449950 0.658193 0.389494 -5.517613
2455468.549950 0.758193 0.430751 -5.140589
2455468.649950 0.858193 0.472008 -4.420063
2455468.749950 0.958193 0.513265 -3.404182
2455468.849950 1.058193 0.554522 -2.160827
2455468.949950 1.158193 0.595778 -0.773082
2455469.049950 -1.165651 0.637035 0.666321
2455469.149950 -1.065651 0.678292 2.061200
2455469.249950 -0.965651 0.719549 3.318346
2455469.349950 -0.865651 0.760805 4.353754
2455469.449950 -0.765651 0.802062 5.098238
2455469.549950 -0.665651 0.843319 5.502049
2455469.649950 -0.565651 0.884576 5.538204
2455469.749950 -0.465651 0.925833 5.204287
2455469.849950 -0.365651 0.967089 4.522612
2455469.949950 -0.265651 0.008346 3.538728
2455470.049950 -0.165651 0.049603 2.318380
2455470.149950 -0.065651 0.090860 0.943115
2455470.249950 0.034349 0.132116 -0.495171
2455470.349950 0.134349 0.173373 -1.900369
2455470.449950 0.234349 0.214630 -3.178581
2455470.549950 0.334349 0.255887 -4.244395
2455470.649950 0.434349 0.297144 -5.026592
2455470.749950 0.534349 0.338400 -5.472903
2455470.849950 0.634349 0.379657 -5.553507
2455470.949950 0.734349 0.420914 -5.263015
2455471.049950 0.834349 0.462171 -4.620841
2455471.149950 0.934349 0.503427 -3.669894
2455471.249950 1.034349 0.544684 -2.473719
2455471.349950 1.134349 0.585941 -1.112246
2455471.449950 -1.189495 0.627198 0.323549
2455471.549950 -1.089495 0.668455 1.737724
2455471.649950 -0.989495 0.709711 3.035781
2455471.749950 -0.889495 0.750968 4.130983
2455471.849950 -0.789495 0.792225 4.950145
2455471.949950 -0.689495 0.833482 5.438531
2455472.049950 -0.589495 0.874739 5.563505
2455472.149950 -0.489495 0.915995 5.316717
2455472.249950 -0.389495 0.957252 4.714657
2455472.349950 -0.289495 0.998509 3.797556
2455472.449950 -0.189495 0.039766 2.626696
2455472.549950 -0.089495 0.081022 1.280316
2455472.649950 0.010505 0.122279 -0.151617
2455472.749950 0.110505 0.163536 -1.573419
2455472.849950 0.210505 0.204793 -2.890082
2455472.949950 0.310505 0.246050 -4.013625
2455473.049950 0.410505 0.287306 -4.868971
2455473.149950 0.510505 0.328563 -5.398965
2455473.249950 0.610505 0.369820 -5.568191
2455473.349950 0.710505 0.411077 -5.365341
2455473.449950 0.810505 0.452333 -4.803971
2455473.549950 0.910505 0.493590 -3.921591
2455473.649950 1.010505 0.534847 -2.777164
2455473.749950 1.110505 0.576104 -1.447162
2455473.849950 1.210505 0.617361 -0.020459
2455473.949950 -1.113339 0.658617 1.407611
2455474.049950 -1.013339 0.699874 2.741623
2455474.149950 -0.913339 0.741131 3.892435
2455474.249950 -0.813339 0.782388 4.783147
2455474.349950 -0.713339 0.823644 5.354243
2455474.449950 -0.613339 0.864901 5.567559
2455474.549950 -0.513339 0.906158 5.408841
2455474.649950 -0.413339 0.947415 4.888696
2455474.749950 -0.313339 0.988672 4.041881
2455474.849950 -0.213339 0.029928 2.924980
2455474.949950 -0.113339 0.071185 1.612627
2455475.049950 -0.013339 0.112442 0.192516
2455475.149950 0.086661 0.153699 -1.240459
2455475.249950 0.186661 0.194956 -2.590545
2455475.349950 0.286661 0.236212 -3.767526
2455475.449950 0.386661 0.277469 -4.692755
2455475.549950 0.486661 0.318726 -5.304407
2455475.649950 0.586661 0.359983 -5.561609
2455475.749950 0.686661 0.401239 -5.447176
2455475.849950 0.786661 0.442496 -4.968753
2455475.949950 0.886661 0.483753 -4.158310
2455476.049950 0.986661 0.525010 -3.070002
2455476.149950 1.086661 0.566267 -1.776552
2455476.249950 1.186661 0.607523 -0.364389
2455476.349950 -1.137183 0.648780 1.072123
2455476.449950 -1.037183 0.690037 2.436993
2455476.549950 -0.937183 0.731294 3.639020
2455476.649950 -0.837183 0.772550 4.597882
2455476.749950 -0.737183 0.813807 5.249505
2455476.849950 -0.637183 0.855064 5.550348
2455476.949950 -0.537183 0.896321 5.480308
2455477.049950 -0.437183 0.937578 5.044065
2455477.149950 -0.337183 0.978834 4.270768
2455477.249950 -0.237183 0.020091 3.212093
2455477.349950 -0.137183 0.061348 1.938779
2455477.449950 -0.037183 0.102605 0.535914
2455477.549950 0.062817 0.143861 -0.902762
2455477.649950 0.162817 0.185118 -2.281114
2455477.749950 0.262817 0.226375 -3.507039
2455477.849950 0.362817 0.267632 -4.498617
2455477.949950 0.462817 0.308889 -5.189590
2455478.049950 0.562817 0.350145 -5.533787
2455478.149950 0.662817 0.391402 -5.508207
2455478.249950 0.762817 0.432659 -5.114559
2455478.349950 0.862817 0.473916 -4.379148
2455478.449950 0.962817 0.515172 -3.351115
2455478.549950 1.062817 0.556429 -2.099156
2455478.649950 1.162817 0.597686 -0.706927
2455478.749950 -1.161027 0.638943 0.732540
2455478.849950 -1.061027 0.680200 2.123057
2455478.949950 -0.961027 0.721456 3.371708
2455479.049950 -0.861027 0.762713 4.395056
2455479.149950 -0.761027 0.803970 5.124719
2455479.249950 -0.661027 0.845227 5.511940
2455479.349950 -0.561027 0.886484 5.530845
2455479.449950 -0.461027 0.927740 5.180169
2455479.549950 -0.361027 0.968997 4.483345
2455479.649950 -0.261027 0.010254 3.486938
2455479.749950 -0.161027 0.051511 2.257527
2455479.849950 -0.061027 0.092767 0.877265
2455479.949950 0.038973 0.134024 -0.561617
2455480.049950 0.138973 0.175281 -1.962972
2455480.149950 0.238973 0.216538 -3.233157
2455480.249950 0.338973 0.257795 -4.287298
2455480.349950 0.438973 0.299051 -5.054954
2455480.449950 0.538973 0.340308 -5.484830
2455480.549950 0.638973 0.381565 -5.548200
2455480.649950 0.738973 0.422822 -5.240831
2455480.749950 0.838973 0.464078 -4.583261
2455480.849950 0.938973 0.505335 -3.619430
2455480.949950 1.038973 0.546592 -2.413743
2455481.049950 1.138973 0.587849 -1.046765
2455481.149950 -1.184871 0.629106 0.390159
2455481.249950 -1.084871 0.670362 1.801012
2455481.349950 -0.984871 0.711619 3.091518
2455481.449950 -0.884871 0.752876 4.175445
2455481.549950 -0.784871 0.794133 4.980361
2455481.649950 -0.684871 0.835389 5.452481
2455481.749950 -0.584871 0.876646 5.560258
2455481.849950 -0.484871 0.917903 5.296489
2455481.949950 -0.384871 0.959160 4.678800
2455482.049950 -0.284871 0.000417 3.748466
2455482.149950 -0.184871 0.041673 2.567653
2455482.249950 -0.084871 0.082930 1.215266
2455482.349950 0.015129 0.124187 -0.218328
2455482.449950 0.115129 0.165444 -1.637332
2455482.549950 0.215129 0.206700 -2.946927
2455482.649950 0.315129 0.247957 -4.059604
2455482.749950 0.415129 0.289214 -4.901011
2455482.849950 0.515129 0.330471 -5.414925
2455482.949950 0.615129 0.371728 -5.567005
2455483.049950 0.715129 0.412984 -5.347088
2455483.149950 0.815129 0.454241 -4.769870
2455483.249950 0.915129 0.495498 -3.873922
2455483.349950 1.015129 0.536755 -2.719111
2455483.449950 1.115129 0.578012 -1.382606
2455483.549950 -1.208715 0.619268 0.046288
2455483.649950 -1.108715 0.660525 1.472089
2455483.749950 -1.008715 0.701782 2.799522
2455483.849950 -0.908715 0.743039 3.939887
2455483.949950 -0.808715 0.784295 4.816982
2455484.049950 -0.708715 0.825552 5.372198
2455484.149950 -0.608715 0.866809 5.568435
2455484.249950 -0.508715 0.908066 5.392581
2455484.349950 -0.408715 0.949323 4.856385
2455484.449950 -0.308715 0.990579 3.995678
2455484.549950 -0.208715 0.031836 2.867973
2455484.649950 -0.108715 0.073093 1.548625
2455484.749950 -0.008715 0.114350 0.125796
2455484.849950 0.091285 0.155606 -1.305439
2455484.949950 0.191285 0.196863 -2.649443
2455485.049950 0.291285 0.238120 -3.816406
2455485.149950 0.391285 0.279377 -4.728351
2455485.249950 0.491285 0.320634 -5.324340
2455485.349950 0.591285 0.361890 -5.564548
2455485.449950 0.691285 0.403147 -5.432923
2455485.549950 0.791285 0.444404 -4.938262
2455485.649950 0.891285 0.485661 -4.113618
2455485.749950 0.991285 0.526917 -3.014095
2455485.849950 1.091285 0.568174 -1.713166
2455485.949950 1.191285 0.609431 -0.297760
2455486.049950 -1.132559 0.650688 1.137543
2455486.149950 -1.032559 0.691945 2.496833
2455486.249950 -0.932559 0.733201 3.689281
2455486.349950 -0.832559 0.774458 4.635205
2455486.449950 -0.732559 0.815715 5.271397
2455486.549950 -0.632559 0.856972 5.555346
2455486.649950 -0.532559 0.898228 5.468077
2455486.749950 -0.432559 0.939485 5.015423
2455486.849950 -0.332559 0.980742 4.227629
2455486.949950 -0.232559 0.021999 3.157339
2455487.049950 -0.132559 0.063256 1.876070
2455487.149950 -0.032559 0.104512 0.469439
2455487.249950 0.067441 0.145769 -0.968561
2455487.349950 0.167441 0.187026 -2.341840
2455487.449950 0.267441 0.228283 -3.558633
2455487.549950 0.367441 0.269540 -4.537633
2455487.649950 0.467441 0.310796 -5.213420
2455487.749950 0.567441 0.352053 -5.540839
2455487.849950 0.667441 0.393310 -5.498009
2455487.949950 0.767441 0.434567 -5.087794
2455488.049950 0.867441 0.475823 -4.337603
2455488.149950 0.967441 0.517080 -3.297568
2455488.249950 1.067441 0.558337 -2.037183
2455488.349950 1.167441 0.599594 -0.640670
2455488.449950 -1.156403 0.640851 0.798653
2455488.549950 -1.056403 0.682107 2.184609
2455488.649950 -0.956403 0.723364 3.424586
2455488.749950 -0.856403 0.764621 4.435726
2455488.849950 -0.756403 0.805878 5.150464
2455488.949950 -0.656403 0.847134 5.521040
2455489.049950 -0.556403 0.888391 5.522690
2455489.149950 -0.456403 0.929648 5.155306
2455489.249950 -0.356403 0.970905 4.443435
2455489.349950 -0.256403 0.012162 3.434647
2455489.449950 -0.156403 0.053418 2.196350
2455489.549950 -0.056403 0.094675 0.811289
2455489.649950 0.043597 0.135932 -0.627983
2455489.749950 0.143597 0.177189 -2.025292
2455489.849950 0.243597 0.218445 -3.287268
2455489.949950 0.343597 0.259702 -4.329584
2455490.049950 0.443597 0.300959 -5.082589
2455490.149950 0.543597 0.342216 -5.495968
2455490.249950 0.643597 0.383473 -5.542097
2455490.349950 0.743597 0.424729 -5.217894
2455490.449950 0.843597 0.465986 -4.545023
2455490.549950 0.943597 0.507243 -3.568446
2455490.649950 1.043597 0.548500 -2.353419
2455490.749950 1.143597 0.589756 -0.981134
2455490.849950 -1.180247 0.631013 0.456713
2455490.949950 -1.080247 0.672270 1.864041
2455491.049950 -0.980247 0.713527 3.146812
2455491.149950 -0.880247 0.754784 4.219307
2455491.249950 -0.780247 0.796040 5.009861
2455491.349950 -0.680247 0.837297 5.465648
2455491.449950 -0.580247 0.878554 5.556211
2455491.549950 -0.480247 0.919811 5.275499
2455491.649950 -0.380247 0.961068 4.642270
2455491.749950 -0.280247 0.002324 3.698837
2455491.849950 -0.180247 0.043581 2.508242
2455491.949950 -0.080247 0.084838 1.150041
2455492.049950 0.019753 0.126095 -0.285007
2455492.149950 0.119753 0.167351 -1.701010
2455492.249950 0.219753 0.208608 -3.003349
2455492.349950 0.319753 0.249865 -4.105000
2455492.449950 0.419753 0.291122 -4.932347
2455492.549950 0.519753 0.332379 -5.430107
2455492.649950 0.619753 0.373635 -5.565019
2455492.749950 0.719753 0.414892 -5.328067
2455492.849950 0.819753 0.456149 -4.735084
2455492.949950 0.919753 0.497406 -3.825696
2455493.049950 1.019753 0.538662 -2.660668
2455493.149950 1.119753 0.579919 -1.317850
2455493.249950 -1.204091 0.621176 0.113029
2455493.349950 -1.104091 0.662433 1.536355
2455493.449950 -1.004091 0.703690 2.857019
2455493.549950 -0.904091 0.744946 3.986773
2455493.649950 -0.804091 0.786203 4.850123
2455493.749950 -0.704091 0.827460 5.389381
2455493.849950 -0.604091 0.868717 5.568512
2455493.949950 -0.504091 0.909973 5.375545
2455494.049950 -0.404091 0.951230 4.823376
2455494.149950 -0.304091 0.992487 3.948901
2455494.249950 -0.204091 0.033744 2.810554
2455494.349950 -0.104091 0.075001 1.484401
2455494.449950 -0.004091 0.116257 0.059058
2455494.549950 0.095909 0.157514 -1.370232
2455494.649950 0.195909 0.198771 -2.707960
2455494.749950 0.295909 0.240028 -3.864738
2455494.849950 0.395909 0.281284 -4.763268
2455494.949950 0.495909 0.322541 -5.343508
2455495.049950 0.595909 0.363798 -5.566687
2455495.149950 0.695909 0.405055 -5.417890
2455495.249950 0.795909 0.446312 -4.907061
2455495.349950 0.895909 0.487568 -4.068335
2455495.449950 0.995909 0.528825 -2.957755
2455495.549950 1.095909 0.570082 -1.649534
2455495.649950 1.195909 0.611339 -0.231088
2455495.749950 -1.127935 0.652596 1.202800
2455495.849950 -1.027935 0.693852 2.556315
2455495.949950 -0.927935 0.735109 3.739012
2455496.049950 -0.827935 0.776366 4.671863
2455496.149950 -0.727935 0.817623 5.292532
2455496.249950 -0.627935 0.858879 5.559545
2455496.349950 -0.527935 0.900136 5.455061
2455496.449950 -0.427935 0.941393 4.986060
2455496.549950 -0.327935 0.982650 4.183883
2455496.649950 -0.227935 0.023907 3.102132
2455496.749950 -0.127935 0.065163 1.813091
2455496.849950 -0.027935 0.106420 0.402897
2455496.949950 0.072065 0.147677 -1.034220
2455497.049950 0.172065 0.188934 -2.402228
2455497.149950 0.272065 0.230190 -3.609716
2455497.249950 0.372065 0.271447 -4.575996
2455497.349950 0.472065 0.312704 -5.236501
2455497.449950 0.572065 0.353961 -5.547094
2455497.549950 0.672065 0.395218 -5.487022
2455497.649950 0.772065 0.436474 -5.060297
2455497.749950 0.872065 0.477731 -4.295436
2455497.849950 0.972065 0.518988 -3.243546
2455497.949950 1.072065 0.560245 -1.974917
2455498.049950 1.172065 0.601501 -0.574321
2455498.149950 -1.151779 0.642758 0.864652
2455498.249950 -1.051779 0.684015 2.245848
2455498.349950 -0.951779 0.725272 3.476972
2455498.449950 -0.851779 0.766529 4.475759
2455498.549950 -0.751779 0.807785 5.175469
2455498.649950 -0.651779 0.849042 5.529346
2455498.749950 -0.551779 0.890299 5.513743
2455498.849950 -0.451779 0.931556 5.129702
2455498.949950 -0.351779 0.972812 4.402886
2455499.049950 -0.251779 0.014069 3.381862
2455499.149950 -0.151779 0.055326 2.134857
2455499.249950 -0.051779 0.096583 0.745197
2455499.349950 0.048221 0.137840 -0.694258
2455499.449950 0.148221 0.179096 -2.087322
2455499.549950 0.248221 0.220353 -3.340908
2455499.649950 0.348221 0.261610 -4.371248
2455499.749950 0.448221 0.302867 -5.109495
2455499.849950 0.548221 0.344124 -5.506317
2455499.949950 0.648221 0.385380 -5.535197
2455500.049950 0.748221 0.426637 -5.194207
2455500.149950 0.848221 0.467894 -4.506132
2455500.249950 0.948221 0.509151 -3.516949
2455500.349950 1.048221 0.550407 -2.292758
2455500.449950 1.148221 0.591664 -0.915361
2455500.549950 -1.175623 0.632921 0.523202
2455500.649950 -1.075623 0.674178 1.926803
2455500.749950 -0.975623 0.715435 3.201653
2455500.849950 -0.875623 0.756691 4.262562
2455500.949950 -0.775623 0.797948 5.038641
2455501.049950 -0.675623 0.839205 5.478029
2455501.149950 -0.575623 0.880462 5.551366
2455501.249950 -0.475623 0.921718 5.253752
2455501.349950 -0.375623 0.962975 4.605074
2455501.449950 -0.275623 0.004232 3.648677
2455501.549950 -0.175623 0.045489 2.448469
2455501.649950 -0.075623 0.086746 1.084651
2455501.749950 0.024377 0.128002 -0.351645
2455501.849950 0.124377 0.169259 -1.764444
2455501.949950 0.224377 0.210516 -3.059340
2455502.049950 0.324377 0.251773 -4.149806
2455502.149950 0.424377 0.293029 -4.962975
2455502.249950 0.524377 0.334286 -5.444509
2455502.349950 0.624377 0.375543 -5.562233
2455502.449950 0.724377 0.416800 -5.308280
2455502.549950 0.824377 0.458057 -4.699618
2455502.649950 0.924377 0.499313 -3.776920
2455502.749950 1.024377 0.540570 -2.601843
2455502.849950 1.124377 0.581827 -1.252905
2455502.949950 -1.199467 0.623084 0.179753
2455503.049950 -1.099467 0.664340 1.600400
2455503.149950 -0.999467 0.705597 2.914105
2455503.249950 -0.899467 0.746854 4.033086
2455503.349950 -0.799467 0.788111 4.882569
2455503.449950 -0.699467 0.829368 5.405790
2455503.549950 -0.599467 0.870624 5.567788
2455503.649950 -0.499467 0.911881 5.357738
2455503.749950 -0.399467 0.953138 4.789674
2455503.849950 -0.299467 0.994395 3.901557
2455503.949950 -0.199467 0.035652 2.752731
2455504.049950 -0.099467 0.076908 1.419963
2455504.149950 0.000533 0.118165 -0.007689
2455504.249950 0.100533 0.159422 -1.434827
2455504.349950 0.200533 0.200679 -2.766088
2455504.449950 0.300533 0.241935 -3.912514
2455504.549950 0.400533 0.283192 -4.797500
2455504.649950 0.500533 0.324449 -5.361909
2455504.749950 0.600533 0.365706 -5.568026
2455504.849950 0.700533 0.406963 -5.402079
2455504.949950 0.800533 0.448219 -4.875156
2455505.049950 0.900533 0.489476 -4.022467
2455505.149950 1.000533 0.530733 -2.900990
2455505.249950 1.100533 0.571990 -1.585665
2455505.349950 1.200533 0.613246 -0.164382
2455505.449950 -1.123311 0.654503 1.267884
2455505.549950 -1.023311 0.695760 2.615429
2455505.649950 -0.923311 0.737017 3.788206
2455505.749950 -0.823311 0.778274 4.707849
2455505.849950 -0.723311 0.819530 5.312906
2455505.949950 -0.623311 0.860787 5.562946
2455506.049950 -0.523311 0.902044 5.441261
2455506.149950 -0.423311 0.943301 4.955981
2455506.249950 -0.323311 0.984557 4.139535
2455506.349950 -0.223311 0.025814 3.046479
2455506.449950 -0.123311 0.067071 1.749852
2455506.549950 -0.023311 0.108328 0.336297
2455506.649950 0.076689 0.149585 -1.099731
2455506.749950 0.176689 0.190841 -2.462272
2455506.849950 0.276689 0.232098 -3.660280
2455506.949950 0.376689 0.273355 -4.613702
2455507.049950 0.476689 0.314612 -5.258830
2455507.149950 0.576689 0.355868 -5.552553
2455507.249950 0.676689 0.397125 -5.475246
2455507.349950 0.776689 0.438382 -5.032074
2455507.449950 0.876689 0.479639 -4.252651
2455507.549950 0.976689 0.520896 -3.189058
2455507.649950 1.076689 0.562152 -1.912368
2455507.749950 1.176689 0.603409 -0.507890
2455507.849950 -1.147155 0.644666 0.930527
2455507.949950 -1.047155 0.685923 2.306763
2455508.049950 -0.947155 0.727180 3.528858
2455508.149950 -0.847155 0.768436 4.515149
2455508.249950 -0.747155 0.809693 5.199731
2455508.349950 -0.647155 0.850950 5.536858
2455508.449950 -0.547155 0.892207 5.504003
2455508.549950 -0.447155 0.933463 5.103361
2455508.649950 -0.347155 0.974720 4.361705
2455508.749950 -0.247155 0.015977 3.328592
2455508.849950 -0.147155 0.057234 2.073057
2455508.949950 -0.047155 0.098491 0.678998
2455509.049950 0.052845 0.139747 -0.760434
2455509.149950 0.152845 0.181004 -2.149052
2455509.249950 0.252845 0.222261 -3.394067
2455509.349950 0.352845 0.263518 -4.412284
2455509.449950 0.452845 0.304774 -5.135666
2455509.549950 0.552845 0.346031 -5.515874
2455509.649950 0.652845 0.387288 -5.527503
2455509.749950 0.752845 0.428545 -5.169774
2455509.849950 0.852845 0.469802 -4.466593
2455509.949950 0.952845 0.511058 -3.464947
2455510.049950 1.052845 0.552315 -2.231767
2455510.149950 1.152845 0.593572 -0.849457
2455510.249950 -1.170999 0.634829 0.589615
2455510.349950 -1.070999 0.676085 1.989288
2455510.449950 -0.970999 0.717342 3.256034
2455510.549950 -0.870999 0.758599 4.305206
2455510.649950 -0.770999 0.799856 5.066697
2455510.749950 -0.670999 0.841113 5.489623
2455510.849950 -0.570999 0.882369 5.545724
2455510.949950 -0.470999 0.923626 5.231250
2455511.049950 -0.370999 0.964883 4.567216
2455511.149950 -0.270999 0.006140 3.597993
2455511.249950 -0.170999 0.047396 2.388346
2455511.349950 -0.070999 0.088653 1.019106
2455511.449950 0.029001 0.129910 -0.418233
2455511.549950 0.129001 0.171167 -1.827624
2455511.649950 0.229001 0.212424 -3.114891
2455511.749950 0.329001 0.253680 -4.194015
2455511.849950 0.429001 0.294937 -4.992889
2455511.949950 0.529001 0.336194 -5.458129
2455512.049950 0.629001 0.377451 -5.558649
2455512.149950 0.729001 0.418708 -5.287730
2455512.249950 0.829001 0.459964 -4.663477
2455512.349950 0.929001 0.501221 -3.727602
2455512.449950 1.029001 0.542478 -2.542643
2455512.549950 1.129001 0.583735 -1.187781
2455512.649950 -1.194843 0.624991 0.246451
2455512.749950 -1.094843 0.666248 1.664215
2455512.849950 -0.994843 0.707505 2.970773
2455512.949950 -0.894843 0.748762 4.078819
2455513.049950 -0.794843 0.790019 4.914312
2455513.149950 -0.694843 0.831275 5.421423
2455513.249950 -0.594843 0.872532 5.566265
2455513.349950 -0.494843 0.913789 5.339160
2455513.449950 -0.394843 0.955046 4.755284
2455513.549950 -0.294843 0.996302 3.853652
2455513.649950 -0.194843 0.037559 2.694512
2455513.749950 -0.094843 0.078816 1.355321
2455513.849950 0.005157 0.120073 -0.074435
2455513.949950 0.105157 0.161330 -1.499217
2455514.049950 0.205157 0.202586 -2.823819
2455514.149950 0.305157 0.243843 -3.959728
2455514.249950 0.405157 0.285100 -4.831042
2455514.349950 0.505157 0.326357 -5.379539
2455514.449950 0.605157 0.367613 -5.568565
2455514.549950 0.705157 0.408870 -5.385491
2455514.649950 0.805157 0.450127 -4.842550
2455514.749950 0.905157 0.491384 -3.976021
2455514.849950 1.005157 0.532641 -2.843808
2455514.949950 1.105157 0.573897 -1.521568
2455515.049950 1.205157 0.615154 -0.097653
2455515.149950 -1.118687 0.656411 1.332786
2455515.249950 -1.018687 0.697668 2.674167
2455515.349950 -0.918687 0.738924 3.836855
2455515.449950 -0.818687 0.780181 4.743159
2455515.549950 -0.718687 0.821438 5.332517
2455515.649950 -0.618687 0.862695 5.565547
2455515.749950 -0.518687 0.903952 5.426679
2455515.849950 -0.418687 0.945208 4.925191
2455515.949950 -0.318687 0.986465 4.094593
2455516.049950 -0.218687 0.027722 2.990388
2455516.149950 -0.118687 0.068979 1.686361
2455516.249950 -0.018687 0.110236 0.269648
2455516.349950 0.081313 0.151492 -1.165083
2455516.449950 0.181313 0.192749 -2.521962
2455516.549950 0.281313 0.234006 -3.710318
2455516.649950 0.381313 0.275263 -4.650746
2455516.749950 0.481313 0.316519 -5.280402
2455516.849950 0.581313 0.357776 -5.557214
2455516.949950 0.681313 0.399033 -5.462684
2455517.049950 0.781313 0.440290 -5.003128
2455517.149950 0.881313 0.481547 -4.209255
2455517.249950 0.981313 0.522803 -3.134112
2455517.349950 1.081313 0.564060 -1.849544
2455517.449950 1.181313 0.605317 -0.441385
2455517.549950 -1.142531 0.646574 0.996267
2455517.649950 -1.042531 0.687830 2.367348
2455517.749950 -0.942531 0.729087 3.580238
2455517.849950 -0.842531 0.770344 4.553891
2455517.949950 -0.742531 0.811601 5.223245
2455518.049950 -0.642531 0.852858 5.543574
2455518.149950 -0.542531 0.894114 5.493472
2455518.249950 -0.442531 0.935371 5.076287
2455518.349950 -0.342531 0.976628 4.319897
2455518.449950 -0.242531 0.017885 3.274843
2455518.549950 -0.142531 0.059141 2.010960
2455518.649950 -0.042531 0.100398 0.612701
2455518.749950 0.057469 0.141655 -0.826500
2455518.849950 0.157469 0.182912 -2.210473
2455518.949950 0.257469 0.224169 -3.446738
2455519.049950 0.357469 0.265425 -4.452687
2455519.149950 0.457469 0.306682 -5.161100
2455519.249950 0.557469 0.347939 -5.524639
2455519.349950 0.657469 0.389196 -5.519014
2455519.449950 0.757469 0.430452 -5.144598
2455519.549950 0.857469 0.471709 -4.426413
2455519.649950 0.957469 0.512966 -3.412447
2455519.749950 1.057469 0.554223 -2.170456
2455519.849950 1.157469 0.595480 -0.783431
2455519.949950 -1.166375 0.636736 0.655943
2455520.049950 -1.066375 0.677993 2.051487
2455520.149950 -0.966375 0.719250 3.309947
2455520.249950 -0.866375 0.760507 4.347230
2455520.349950 -0.766375 0.801764 5.094025
2455520.449950 -0.666375 0.843020 5.500429
2455520.549950 -0.566375 0.884277 5.539285
2455520.649950 -0.466375 0.925534 5.207996
2455520.749950 -0.366375 0.966791 4.528701
2455520.849950 -0.266375 0.008047 3.546791
2455520.949950 -0.166375 0.049304 2.327879
2455521.049950 -0.066375 0.090561 0.953413
2455521.149950 0.033625 0.131818 -0.484760
2455521.249950 0.133625 0.173075 -1.890542
2455521.349950 0.233625 0.214331 -3.169994
2455521.449950 0.333625 0.255588 -4.237622
2455521.549950 0.433625 0.296845 -5.022086
2455521.649950 0.533625 0.338102 -5.470965
2455521.749950 0.633625 0.379358 -5.554265
2455521.849950 0.733625 0.420615 -5.266421
2455521.949950 0.833625 0.461872 -4.626665
2455522.049950 0.933625 0.503129 -3.677748
2455522.149950 1.033625 0.544386 -2.483078
2455522.249950 1.133625 0.585642 -1.122485
2455522.349950 -1.190219 0.626899 0.313114
2455522.449950 -1.090219 0.668156 1.727791
2455522.549950 -0.990219 0.709413 3.027014
2455522.649950 -0.890219 0.750669 4.123967
2455522.749950 -0.790219 0.791926 4.945350
2455522.849950 -0.690219 0.833183 5.436276
2455522.949950 -0.590219 0.874440 5.563942
2455523.049950 -0.490219 0.915697 5.319815
2455523.149950 -0.390219 0.956953 4.720210
2455523.249950 -0.290219 0.998210 3.805193
2455523.349950 -0.190219 0.039467 2.635907
2455523.449950 -0.090219 0.080724 1.290485
2455523.549950 0.009781 0.121980 -0.141169
2455523.649950 0.109781 0.163237 -1.563391
2455523.749950 0.209781 0.204494 -2.881143
2455523.849950 0.309781 0.245751 -4.006373
2455523.949950 0.409781 0.287008 -4.863891
2455524.049950 0.509781 0.328264 -5.396396
2455524.149950 0.609781 0.369521 -5.568304
2455524.249950 0.709781 0.410778 -5.368130
2455524.349950 0.809781 0.452035 -4.809248
2455524.449950 0.909781 0.493292 -3.929004
2455524.549950 1.009781 0.534548 -2.786218
2455524.649950 1.109781 0.575805 -1.457252
2455524.749950 1.209781 0.617062 -0.030910
2455524.849950 -1.114063 0.658319 1.397497
2455524.949950 -1.014063 0.699575 2.732521
2455525.049950 -0.914063 0.740832 3.884954
2455525.149950 -0.814063 0.782089 4.777787
2455525.249950 -0.714063 0.823346 5.351362
2455525.349950 -0.614063 0.864603 5.567349
2455525.449950 -0.514063 0.905859 5.411317
2455525.549950 -0.414063 0.947116 4.893692
2455525.649950 -0.314063 0.988373 4.049063
2455525.749950 -0.214063 0.029630 2.933868
2455525.849950 -0.114063 0.070886 1.622628
2455525.949950 -0.014063 0.112143 0.202961
2455526.049950 0.085937 0.153400 -1.230268
2455526.149950 0.185937 0.194657 -2.581289
2455526.249950 0.285937 0.235914 -3.759824
2455526.349950 0.385937 0.277170 -4.687121
2455526.449950 0.485937 0.318427 -5.301217
2455526.549950 0.585937 0.359684 -5.561077
2455526.649950 0.685937 0.400941 -5.449337
2455526.749950 0.785937 0.442197 -4.973463
2455526.849950 0.885937 0.483454 -4.165254
2455526.949950 0.985937 0.524711 -3.078716
2455527.049950 1.085937 0.565968 -1.786454
2455527.149950 1.185937 0.607225 -0.374817
2455527.249950 -1.137907 0.648481 1.061865
2455527.349950 -1.037907 0.689738 2.427592
2455527.449950 -0.937907 0.730995 3.631103
2455527.549950 -0.837907 0.772252 4.591978
2455527.649950 -0.737907 0.813509 5.246009
2455527.749950 -0.637907 0.854765 5.549494
2455527.849950 -0.537907 0.896022 5.482152
2455527.949950 -0.437907 0.937279 5.048484
2455528.049950 -0.337907 0.978536 4.277468
2455528.149950 -0.237907 0.019792 3.220624
2455528.249950 -0.137907 0.061049 1.948573
2455528.349950 -0.037907 0.102306 0.546316
2455528.449950 0.062093 0.143563 -0.892448
2455528.549950 0.162093 0.184820 -2.271576
2455528.649950 0.262093 0.226076 -3.498914
2455528.749950 0.362093 0.267333 -4.492449
2455528.849950 0.462093 0.308590 -5.185792
2455528.949950 0.562093 0.349847 -5.532611
2455529.049950 0.662093 0.391103 -5.509732
2455529.149950 0.762093 0.432360 -5.118683
2455529.249950 0.862093 0.473617 -4.385596
2455529.349950 0.962093 0.514874 -3.359456
2455529.449950 1.062093 0.556131 -2.108832
2455529.549950 1.162093 0.597387 -0.717293
2455529.649950 -1.161751 0.638644 0.722178
2455529.749950 -1.061751 0.679901 2.113391
2455529.849950 -0.961751 0.721158 3.363384
2455529.949950 -0.861751 0.762414 4.388631
2455530.049950 -0.761751 0.803671 5.120621
2455530.149950 -0.661751 0.844928 5.510444
2455530.249950 -0.561751 0.886185 5.532049
2455530.349950 -0.461751 0.927442 5.183994
2455530.449950 -0.361751 0.968698 4.489536
2455530.549950 -0.261751 0.009955 3.495080
2455530.649950 -0.161751 0.051212 2.267077
2455530.749950 -0.061751 0.092469 0.887584
2455530.849950 0.038249 0.133725 -0.551218
2455530.949950 0.138249 0.174982 -1.953188
2455531.049950 0.238249 0.216239 -3.224642
2455531.149950 0.338249 0.257496 -4.280620
2455531.249950 0.438249 0.298753 -5.050561
2455531.349950 0.538249 0.340009 -5.483014
2455531.449950 0.638249 0.381266 -5.549084
2455531.549950 0.738249 0.422523 -5.244355
2455531.649950 0.838249 0.463780 -4.589189
2455531.749950 0.938249 0.505037 -3.627366
2455531.849950 1.038249 0.546293 -2.423157
2455531.949950 1.138249 0.587550 -1.057028
2455532.049950 -1.185595 0.628807 0.379733
2455532.149950 -1.085595 0.670064 1.791119
2455532.249950 -0.985595 0.711320 3.082820
2455532.349950 -0.885595 0.752577 4.168522
2455532.449950 -0.785595 0.793834 4.975677
2455532.549950 -0.685595 0.835091 5.450349
2455532.649950 -0.585595 0.876348 5.560819
2455532.749950 -0.485595 0.917604 5.299706
2455532.849950 -0.385595 0.958861 4.684459
2455532.949950 -0.285595 0.000118 3.756188
2455533.049950 -0.185595 0.041375 2.576923
2455533.149950 -0.085595 0.082631 1.225463
2455533.249950 0.014405 0.123888 -0.207884
2455533.349950 0.114405 0.165145 -1.627340
2455533.449950 0.214405 0.206402 -2.938054
2455533.549950 0.314405 0.247659 -4.052443
2455533.649950 0.414405 0.288915 -4.896041
2455533.749950 0.514405 0.330172 -5.412477
2455533.849950 0.614405 0.371429 -5.567243
2455533.949950 0.714405 0.412686 -5.349997
2455534.049950 0.814405 0.453942 -4.775255
2455534.149950 0.914405 0.495199 -3.881423
2455534.249950 1.014405 0.536456 -2.728227
2455534.349950 1.114405 0.577713 -1.392727
2455534.449950 -1.209439 0.618970 0.035837
2455534.549950 -1.109439 0.660226 1.462007
