descriptor Tc_folded  mod 
-1.255446 0.000000 
-1.254446 0.000000 
-1.253446 0.000000 
-1.252446 0.000000 
-1.251446 0.000000 
-1.250446 0.000000 
-1.249446 0.000000 
-1.248446 0.000000 
-1.247446 0.000000 
-1.246446 0.000000 
-1.245446 0.000000 
-1.244446 0.000000 
-1.243446 0.000000 
-1.242446 0.000000 
-1.241446 0.000000 
-1.240446 0.000000 
-1.239446 0.000000 
-1.238446 0.000000 
-1.237446 0.000000 
-1.236446 0.000000 
-1.235446 0.000000 
-1.234446 0.000000 
-1.233446 0.000000 
-1.232446 0.000000 
-1.231446 0.000000 
-1.230446 0.000000 
-1.229446 0.000000 
-1.228446 0.000000 
-1.227446 0.000000 
-1.226446 0.000000 
-1.225446 0.000000 
-1.224446 0.000000 
-1.223446 0.000000 
-1.222446 0.000000 
-1.221446 0.000000 
-1.220446 0.000000 
-1.219446 0.000000 
-1.218446 0.000000 
-1.217446 0.000000 
-1.216446 0.000000 
-1.215446 0.000000 
-1.214446 0.000000 
-1.213446 0.000000 
-1.212446 0.000000 
-1.211446 0.000000 
-1.210446 0.000000 
-1.209446 0.000000 
-1.208446 0.000000 
-1.207446 0.000000 
-1.206446 0.000000 
-1.205446 0.000000 
-1.204446 0.000000 
-1.203446 0.000000 
-1.202446 0.000000 
-1.201446 0.000000 
-1.200446 0.000000 
-1.199446 0.000000 
-1.198446 0.000000 
-1.197446 0.000000 
-1.196446 0.000000 
-1.195446 0.000000 
-1.194446 0.000000 
-1.193446 0.000000 
-1.192446 0.000000 
-1.191446 0.000000 
-1.190446 0.000000 
-1.189446 0.000000 
-1.188446 0.000000 
-1.187446 0.000000 
-1.186446 0.000000 
-1.185446 0.000000 
-1.184446 0.000000 
-1.183446 0.000000 
-1.182446 0.000000 
-1.181446 0.000000 
-1.180446 0.000000 
-1.179446 0.000000 
-1.178446 0.000000 
-1.177446 0.000000 
-1.176446 0.000000 
-1.175446 0.000000 
-1.174446 0.000000 
-1.173446 0.000000 
-1.172446 0.000000 
-1.171446 0.000000 
-1.170446 0.000000 
-1.169446 0.000000 
-1.168446 0.000000 
-1.167446 0.000000 
-1.166446 0.000000 
-1.165446 0.000000 
-1.164446 0.000000 
-1.163446 0.000000 
-1.162446 0.000000 
-1.161446 0.000000 
-1.160446 0.000000 
-1.159446 0.000000 
-1.158446 0.000000 
-1.157446 0.000000 
-1.156446 0.000000 
-1.155446 0.000000 
-1.154446 0.000000 
-1.153446 0.000000 
-1.152446 0.000000 
-1.151446 0.000000 
-1.150446 0.000000 
-1.149446 0.000000 
-1.148446 0.000000 
-1.147446 0.000000 
-1.146446 0.000000 
-1.145446 0.000000 
-1.144446 0.000000 
-1.143446 0.000000 
-1.142446 0.000000 
-1.141446 0.000000 
-1.140446 0.000000 
-1.139446 0.000000 
-1.138446 0.000000 
-1.137446 0.000000 
-1.136446 0.000000 
-1.135446 0.000000 
-1.134446 0.000000 
-1.133446 0.000000 
-1.132446 0.000000 
-1.131446 0.000000 
-1.130446 0.000000 
-1.129446 0.000000 
-1.128446 0.000000 
-1.127446 0.000000 
-1.126446 0.000000 
-1.125446 0.000000 
-1.124446 0.000000 
-1.123446 0.000000 
-1.122446 0.000000 
-1.121446 0.000000 
-1.120446 0.000000 
-1.119446 0.000000 
-1.118446 0.000000 
-1.117446 0.000000 
-1.116446 0.000000 
-1.115446 0.000000 
-1.114446 0.000000 
-1.113446 0.000000 
-1.112446 0.000000 
-1.111446 0.000000 
-1.110446 0.000000 
-1.109446 0.000000 
-1.108446 0.000000 
-1.107446 0.000000 
-1.106446 0.000000 
-1.105446 0.000000 
-1.104446 0.000000 
-1.103446 0.000000 
-1.102446 0.000000 
-1.101446 0.000000 
-1.100446 0.000000 
-1.099446 0.000000 
-1.098446 0.000000 
-1.097446 0.000000 
-1.096446 0.000000 
-1.095446 0.000000 
-1.094446 0.000000 
-1.093446 0.000000 
-1.092446 0.000000 
-1.091446 0.000000 
-1.090446 0.000000 
-1.089446 0.000000 
-1.088446 0.000000 
-1.087446 0.000000 
-1.086446 0.000000 
-1.085446 0.000000 
-1.084446 0.000000 
-1.083446 0.000000 
-1.082446 0.000000 
-1.081446 0.000000 
-1.080446 0.000000 
-1.079446 0.000000 
-1.078446 0.000000 
-1.077446 0.000000 
-1.076446 0.000000 
-1.075446 0.000000 
-1.074446 0.000000 
-1.073446 0.000000 
-1.072446 0.000000 
-1.071446 0.000000 
-1.070446 0.000000 
-1.069446 0.000000 
-1.068446 0.000000 
-1.067446 0.000000 
-1.066446 0.000000 
-1.065446 0.000000 
-1.064446 0.000000 
-1.063446 0.000000 
-1.062446 0.000000 
-1.061446 0.000000 
-1.060446 0.000000 
-1.059446 0.000000 
-1.058446 0.000000 
-1.057446 0.000000 
-1.056446 0.000000 
-1.055446 0.000000 
-1.054446 0.000000 
-1.053446 0.000000 
-1.052446 0.000000 
-1.051446 0.000000 
-1.050446 0.000000 
-1.049446 0.000000 
-1.048446 0.000000 
-1.047446 0.000000 
-1.046446 0.000000 
-1.045446 0.000000 
-1.044446 0.000000 
-1.043446 0.000000 
-1.042446 0.000000 
-1.041446 0.000000 
-1.040446 0.000000 
-1.039446 0.000000 
-1.038446 0.000000 
-1.037446 0.000000 
-1.036446 0.000000 
-1.035446 0.000000 
-1.034446 0.000000 
-1.033446 0.000000 
-1.032446 0.000000 
-1.031446 0.000000 
-1.030446 0.000000 
-1.029446 0.000000 
-1.028446 0.000000 
-1.027446 0.000000 
-1.026446 0.000000 
-1.025446 0.000000 
-1.024446 0.000000 
-1.023446 0.000000 
-1.022446 0.000000 
-1.021446 0.000000 
-1.020446 0.000000 
-1.019446 0.000000 
-1.018446 0.000000 
-1.017446 0.000000 
-1.016446 0.000000 
-1.015446 0.000000 
-1.014446 0.000000 
-1.013446 0.000000 
-1.012446 0.000000 
-1.011446 0.000000 
-1.010446 0.000000 
-1.009446 0.000000 
-1.008446 0.000000 
-1.007446 0.000000 
-1.006446 0.000000 
-1.005446 0.000000 
-1.004446 0.000000 
-1.003446 0.000000 
-1.002446 0.000000 
-1.001446 0.000000 
-1.000446 0.000000 
-0.999446 0.000000 
-0.998446 0.000000 
-0.997446 0.000000 
-0.996446 0.000000 
-0.995446 0.000000 
-0.994446 0.000000 
-0.993446 0.000000 
-0.992446 0.000000 
-0.991446 0.000000 
-0.990446 0.000000 
-0.989446 0.000000 
-0.988446 0.000000 
-0.987446 0.000000 
-0.986446 0.000000 
-0.985446 0.000000 
-0.984446 0.000000 
-0.983446 0.000000 
-0.982446 0.000000 
-0.981446 0.000000 
-0.980446 0.000000 
-0.979446 0.000000 
-0.978446 0.000000 
-0.977446 0.000000 
-0.976446 0.000000 
-0.975446 0.000000 
-0.974446 0.000000 
-0.973446 0.000000 
-0.972446 0.000000 
-0.971446 0.000000 
-0.970446 0.000000 
-0.969446 0.000000 
-0.968446 0.000000 
-0.967446 0.000000 
-0.966446 0.000000 
-0.965446 0.000000 
-0.964446 0.000000 
-0.963446 0.000000 
-0.962446 0.000000 
-0.961446 0.000000 
-0.960446 0.000000 
-0.959446 0.000000 
-0.958446 0.000000 
-0.957446 0.000000 
-0.956446 0.000000 
-0.955446 0.000000 
-0.954446 0.000000 
-0.953446 0.000000 
-0.952446 0.000000 
-0.951446 0.000000 
-0.950446 0.000000 
-0.949446 0.000000 
-0.948446 0.000000 
-0.947446 0.000000 
-0.946446 0.000000 
-0.945446 0.000000 
-0.944446 0.000000 
-0.943446 0.000000 
-0.942446 0.000000 
-0.941446 0.000000 
-0.940446 0.000000 
-0.939446 0.000000 
-0.938446 0.000000 
-0.937446 0.000000 
-0.936446 0.000000 
-0.935446 0.000000 
-0.934446 0.000000 
-0.933446 0.000000 
-0.932446 0.000000 
-0.931446 0.000000 
-0.930446 0.000000 
-0.929446 0.000000 
-0.928446 0.000000 
-0.927446 0.000000 
-0.926446 0.000000 
-0.925446 0.000000 
-0.924446 0.000000 
-0.923446 0.000000 
-0.922446 0.000000 
-0.921446 0.000000 
-0.920446 0.000000 
-0.919446 0.000000 
-0.918446 0.000000 
-0.917446 0.000000 
-0.916446 0.000000 
-0.915446 0.000000 
-0.914446 0.000000 
-0.913446 0.000000 
-0.912446 0.000000 
-0.911446 0.000000 
-0.910446 0.000000 
-0.909446 0.000000 
-0.908446 0.000000 
-0.907446 0.000000 
-0.906446 0.000000 
-0.905446 0.000000 
-0.904446 0.000000 
-0.903446 0.000000 
-0.902446 0.000000 
-0.901446 0.000000 
-0.900446 0.000000 
-0.899446 0.000000 
-0.898446 0.000000 
-0.897446 0.000000 
-0.896446 0.000000 
-0.895446 0.000000 
-0.894446 0.000000 
-0.893446 0.000000 
-0.892446 0.000000 
-0.891446 0.000000 
-0.890446 0.000000 
-0.889446 0.000000 
-0.888446 0.000000 
-0.887446 0.000000 
-0.886446 0.000000 
-0.885446 0.000000 
-0.884446 0.000000 
-0.883446 0.000000 
-0.882446 0.000000 
-0.881446 0.000000 
-0.880446 0.000000 
-0.879446 0.000000 
-0.878446 0.000000 
-0.877446 0.000000 
-0.876446 0.000000 
-0.875446 0.000000 
-0.874446 0.000000 
-0.873446 0.000000 
-0.872446 0.000000 
-0.871446 0.000000 
-0.870446 0.000000 
-0.869446 0.000000 
-0.868446 0.000000 
-0.867446 0.000000 
-0.866446 0.000000 
-0.865446 0.000000 
-0.864446 0.000000 
-0.863446 0.000000 
-0.862446 0.000000 
-0.861446 0.000000 
-0.860446 0.000000 
-0.859446 0.000000 
-0.858446 0.000000 
-0.857446 0.000000 
-0.856446 0.000000 
-0.855446 0.000000 
-0.854446 0.000000 
-0.853446 0.000000 
-0.852446 0.000000 
-0.851446 0.000000 
-0.850446 0.000000 
-0.849446 0.000000 
-0.848446 0.000000 
-0.847446 0.000000 
-0.846446 0.000000 
-0.845446 0.000000 
-0.844446 0.000000 
-0.843446 0.000000 
-0.842446 0.000000 
-0.841446 0.000000 
-0.840446 0.000000 
-0.839446 0.000000 
-0.838446 0.000000 
-0.837446 0.000000 
-0.836446 0.000000 
-0.835446 0.000000 
-0.834446 0.000000 
-0.833446 0.000000 
-0.832446 0.000000 
-0.831446 0.000000 
-0.830446 0.000000 
-0.829446 0.000000 
-0.828446 0.000000 
-0.827446 0.000000 
-0.826446 0.000000 
-0.825446 0.000000 
-0.824446 0.000000 
-0.823446 0.000000 
-0.822446 0.000000 
-0.821446 0.000000 
-0.820446 0.000000 
-0.819446 0.000000 
-0.818446 0.000000 
-0.817446 0.000000 
-0.816446 0.000000 
-0.815446 0.000000 
-0.814446 0.000000 
-0.813446 0.000000 
-0.812446 0.000000 
-0.811446 0.000000 
-0.810446 0.000000 
-0.809446 0.000000 
-0.808446 0.000000 
-0.807446 0.000000 
-0.806446 0.000000 
-0.805446 0.000000 
-0.804446 0.000000 
-0.803446 0.000000 
-0.802446 0.000000 
-0.801446 0.000000 
-0.800446 0.000000 
-0.799446 0.000000 
-0.798446 0.000000 
-0.797446 0.000000 
-0.796446 0.000000 
-0.795446 0.000000 
-0.794446 0.000000 
-0.793446 0.000000 
-0.792446 0.000000 
-0.791446 0.000000 
-0.790446 0.000000 
-0.789446 0.000000 
-0.788446 0.000000 
-0.787446 0.000000 
-0.786446 0.000000 
-0.785446 0.000000 
-0.784446 0.000000 
-0.783446 0.000000 
-0.782446 0.000000 
-0.781446 0.000000 
-0.780446 0.000000 
-0.779446 0.000000 
-0.778446 0.000000 
-0.777446 0.000000 
-0.776446 0.000000 
-0.775446 0.000000 
-0.774446 0.000000 
-0.773446 0.000000 
-0.772446 0.000000 
-0.771446 0.000000 
-0.770446 0.000000 
-0.769446 0.000000 
-0.768446 0.000000 
-0.767446 0.000000 
-0.766446 0.000000 
-0.765446 0.000000 
-0.764446 0.000000 
-0.763446 0.000000 
-0.762446 0.000000 
-0.761446 0.000000 
-0.760446 0.000000 
-0.759446 0.000000 
-0.758446 0.000000 
-0.757446 0.000000 
-0.756446 0.000000 
-0.755446 0.000000 
-0.754446 0.000000 
-0.753446 0.000000 
-0.752446 0.000000 
-0.751446 0.000000 
-0.750446 0.000000 
-0.749446 0.000000 
-0.748446 0.000000 
-0.747446 0.000000 
-0.746446 0.000000 
-0.745446 0.000000 
-0.744446 0.000000 
-0.743446 0.000000 
-0.742446 0.000000 
-0.741446 0.000000 
-0.740446 0.000000 
-0.739446 0.000000 
-0.738446 0.000000 
-0.737446 0.000000 
-0.736446 0.000000 
-0.735446 0.000000 
-0.734446 0.000000 
-0.733446 0.000000 
-0.732446 0.000000 
-0.731446 0.000000 
-0.730446 0.000000 
-0.729446 0.000000 
-0.728446 0.000000 
-0.727446 0.000000 
-0.726446 0.000000 
-0.725446 0.000000 
-0.724446 0.000000 
-0.723446 0.000000 
-0.722446 0.000000 
-0.721446 0.000000 
-0.720446 0.000000 
-0.719446 0.000000 
-0.718446 0.000000 
-0.717446 0.000000 
-0.716446 0.000000 
-0.715446 0.000000 
-0.714446 0.000000 
-0.713446 0.000000 
-0.712446 0.000000 
-0.711446 0.000000 
-0.710446 0.000000 
-0.709446 0.000000 
-0.708446 0.000000 
-0.707446 0.000000 
-0.706446 0.000000 
-0.705446 0.000000 
-0.704446 0.000000 
-0.703446 0.000000 
-0.702446 0.000000 
-0.701446 0.000000 
-0.700446 0.000000 
-0.699446 0.000000 
-0.698446 0.000000 
-0.697446 0.000000 
-0.696446 0.000000 
-0.695446 0.000000 
-0.694446 0.000000 
-0.693446 0.000000 
-0.692446 0.000000 
-0.691446 0.000000 
-0.690446 0.000000 
-0.689446 0.000000 
-0.688446 0.000000 
-0.687446 0.000000 
-0.686446 0.000000 
-0.685446 0.000000 
-0.684446 0.000000 
-0.683446 0.000000 
-0.682446 0.000000 
-0.681446 0.000000 
-0.680446 0.000000 
-0.679446 0.000000 
-0.678446 0.000000 
-0.677446 0.000000 
-0.676446 0.000000 
-0.675446 0.000000 
-0.674446 0.000000 
-0.673446 0.000000 
-0.672446 0.000000 
-0.671446 0.000000 
-0.670446 0.000000 
-0.669446 0.000000 
-0.668446 0.000000 
-0.667446 0.000000 
-0.666446 0.000000 
-0.665446 0.000000 
-0.664446 0.000000 
-0.663446 0.000000 
-0.662446 0.000000 
-0.661446 0.000000 
-0.660446 0.000000 
-0.659446 0.000000 
-0.658446 0.000000 
-0.657446 0.000000 
-0.656446 0.000000 
-0.655446 0.000000 
-0.654446 0.000000 
-0.653446 0.000000 
-0.652446 0.000000 
-0.651446 0.000000 
-0.650446 0.000000 
-0.649446 0.000000 
-0.648446 0.000000 
-0.647446 0.000000 
-0.646446 0.000000 
-0.645446 0.000000 
-0.644446 0.000000 
-0.643446 0.000000 
-0.642446 0.000000 
-0.641446 0.000000 
-0.640446 0.000000 
-0.639446 0.000000 
-0.638446 0.000000 
-0.637446 0.000000 
-0.636446 0.000000 
-0.635446 0.000000 
-0.634446 0.000000 
-0.633446 0.000000 
-0.632446 0.000000 
-0.631446 0.000000 
-0.630446 0.000000 
-0.629446 0.000000 
-0.628446 0.000000 
-0.627446 0.000000 
-0.626446 0.000000 
-0.625446 0.000000 
-0.624446 0.000000 
-0.623446 0.000000 
-0.622446 0.000000 
-0.621446 0.000000 
-0.620446 0.000000 
-0.619446 0.000000 
-0.618446 0.000000 
-0.617446 0.000000 
-0.616446 0.000000 
-0.615446 0.000000 
-0.614446 0.000000 
-0.613446 0.000000 
-0.612446 0.000000 
-0.611446 0.000000 
-0.610446 0.000000 
-0.609446 0.000000 
-0.608446 0.000000 
-0.607446 0.000000 
-0.606446 0.000000 
-0.605446 0.000000 
-0.604446 0.000000 
-0.603446 0.000000 
-0.602446 0.000000 
-0.601446 0.000000 
-0.600446 0.000000 
-0.599446 0.000000 
-0.598446 0.000000 
-0.597446 0.000000 
-0.596446 0.000000 
-0.595446 0.000000 
-0.594446 0.000000 
-0.593446 0.000000 
-0.592446 0.000000 
-0.591446 0.000000 
-0.590446 0.000000 
-0.589446 0.000000 
-0.588446 0.000000 
-0.587446 0.000000 
-0.586446 0.000000 
-0.585446 0.000000 
-0.584446 0.000000 
-0.583446 0.000000 
-0.582446 0.000000 
-0.581446 0.000000 
-0.580446 0.000000 
-0.579446 0.000000 
-0.578446 0.000000 
-0.577446 0.000000 
-0.576446 0.000000 
-0.575446 0.000000 
-0.574446 0.000000 
-0.573446 0.000000 
-0.572446 0.000000 
-0.571446 0.000000 
-0.570446 0.000000 
-0.569446 0.000000 
-0.568446 0.000000 
-0.567446 0.000000 
-0.566446 0.000000 
-0.565446 0.000000 
-0.564446 0.000000 
-0.563446 0.000000 
-0.562446 0.000000 
-0.561446 0.000000 
-0.560446 0.000000 
-0.559446 0.000000 
-0.558446 0.000000 
-0.557446 0.000000 
-0.556446 0.000000 
-0.555446 0.000000 
-0.554446 0.000000 
-0.553446 0.000000 
-0.552446 0.000000 
-0.551446 0.000000 
-0.550446 0.000000 
-0.549446 0.000000 
-0.548446 0.000000 
-0.547446 0.000000 
-0.546446 0.000000 
-0.545446 0.000000 
-0.544446 0.000000 
-0.543446 0.000000 
-0.542446 0.000000 
-0.541446 0.000000 
-0.540446 0.000000 
-0.539446 0.000000 
-0.538446 0.000000 
-0.537446 0.000000 
-0.536446 0.000000 
-0.535446 0.000000 
-0.534446 0.000000 
-0.533446 0.000000 
-0.532446 0.000000 
-0.531446 0.000000 
-0.530446 0.000000 
-0.529446 0.000000 
-0.528446 0.000000 
-0.527446 0.000000 
-0.526446 0.000000 
-0.525446 0.000000 
-0.524446 0.000000 
-0.523446 0.000000 
-0.522446 0.000000 
-0.521446 0.000000 
-0.520446 0.000000 
-0.519446 0.000000 
-0.518446 0.000000 
-0.517446 0.000000 
-0.516446 0.000000 
-0.515446 0.000000 
-0.514446 0.000000 
-0.513446 0.000000 
-0.512446 0.000000 
-0.511446 0.000000 
-0.510446 0.000000 
-0.509446 0.000000 
-0.508446 0.000000 
-0.507446 0.000000 
-0.506446 0.000000 
-0.505446 0.000000 
-0.504446 0.000000 
-0.503446 0.000000 
-0.502446 0.000000 
-0.501446 0.000000 
-0.500446 0.000000 
-0.499446 0.000000 
-0.498446 0.000000 
-0.497446 0.000000 
-0.496446 0.000000 
-0.495446 0.000000 
-0.494446 0.000000 
-0.493446 0.000000 
-0.492446 0.000000 
-0.491446 0.000000 
-0.490446 0.000000 
-0.489446 0.000000 
-0.488446 0.000000 
-0.487446 0.000000 
-0.486446 0.000000 
-0.485446 0.000000 
-0.484446 0.000000 
-0.483446 0.000000 
-0.482446 0.000000 
-0.481446 0.000000 
-0.480446 0.000000 
-0.479446 0.000000 
-0.478446 0.000000 
-0.477446 0.000000 
-0.476446 0.000000 
-0.475446 0.000000 
-0.474446 0.000000 
-0.473446 0.000000 
-0.472446 0.000000 
-0.471446 0.000000 
-0.470446 0.000000 
-0.469446 0.000000 
-0.468446 0.000000 
-0.467446 0.000000 
-0.466446 0.000000 
-0.465446 0.000000 
-0.464446 0.000000 
-0.463446 0.000000 
-0.462446 0.000000 
-0.461446 0.000000 
-0.460446 0.000000 
-0.459446 0.000000 
-0.458446 0.000000 
-0.457446 0.000000 
-0.456446 0.000000 
-0.455446 0.000000 
-0.454446 0.000000 
-0.453446 0.000000 
-0.452446 0.000000 
-0.451446 0.000000 
-0.450446 0.000000 
-0.449446 0.000000 
-0.448446 0.000000 
-0.447446 0.000000 
-0.446446 0.000000 
-0.445446 0.000000 
-0.444446 0.000000 
-0.443446 0.000000 
-0.442446 0.000000 
-0.441446 0.000000 
-0.440446 0.000000 
-0.439446 0.000000 
-0.438446 0.000000 
-0.437446 0.000000 
-0.436446 0.000000 
-0.435446 0.000000 
-0.434446 0.000000 
-0.433446 0.000000 
-0.432446 0.000000 
-0.431446 0.000000 
-0.430446 0.000000 
-0.429446 0.000000 
-0.428446 0.000000 
-0.427446 0.000000 
-0.426446 0.000000 
-0.425446 0.000000 
-0.424446 0.000000 
-0.423446 0.000000 
-0.422446 0.000000 
-0.421446 0.000000 
-0.420446 0.000000 
-0.419446 0.000000 
-0.418446 0.000000 
-0.417446 0.000000 
-0.416446 0.000000 
-0.415446 0.000000 
-0.414446 0.000000 
-0.413446 0.000000 
-0.412446 0.000000 
-0.411446 0.000000 
-0.410446 0.000000 
-0.409446 0.000000 
-0.408446 0.000000 
-0.407446 0.000000 
-0.406446 0.000000 
-0.405446 0.000000 
-0.404446 0.000000 
-0.403446 0.000000 
-0.402446 0.000000 
-0.401446 0.000000 
-0.400446 0.000000 
-0.399446 0.000000 
-0.398446 0.000000 
-0.397446 0.000000 
-0.396446 0.000000 
-0.395446 0.000000 
-0.394446 0.000000 
-0.393446 0.000000 
-0.392446 0.000000 
-0.391446 0.000000 
-0.390446 0.000000 
-0.389446 0.000000 
-0.388446 0.000000 
-0.387446 0.000000 
-0.386446 0.000000 
-0.385446 0.000000 
-0.384446 0.000000 
-0.383446 0.000000 
-0.382446 0.000000 
-0.381446 0.000000 
-0.380446 0.000000 
-0.379446 0.000000 
-0.378446 0.000000 
-0.377446 0.000000 
-0.376446 0.000000 
-0.375446 0.000000 
-0.374446 0.000000 
-0.373446 0.000000 
-0.372446 0.000000 
-0.371446 0.000000 
-0.370446 0.000000 
-0.369446 0.000000 
-0.368446 0.000000 
-0.367446 0.000000 
-0.366446 0.000000 
-0.365446 0.000000 
-0.364446 0.000000 
-0.363446 0.000000 
-0.362446 0.000000 
-0.361446 0.000000 
-0.360446 0.000000 
-0.359446 0.000000 
-0.358446 0.000000 
-0.357446 0.000000 
-0.356446 0.000000 
-0.355446 0.000000 
-0.354446 0.000000 
-0.353446 0.000000 
-0.352446 0.000000 
-0.351446 0.000000 
-0.350446 0.000000 
-0.349446 0.000000 
-0.348446 0.000000 
-0.347446 0.000000 
-0.346446 0.000000 
-0.345446 0.000000 
-0.344446 0.000000 
-0.343446 0.000000 
-0.342446 0.000000 
-0.341446 0.000000 
-0.340446 0.000000 
-0.339446 0.000000 
-0.338446 0.000000 
-0.337446 0.000000 
-0.336446 0.000000 
-0.335446 0.000000 
-0.334446 0.000000 
-0.333446 0.000000 
-0.332446 0.000000 
-0.331446 0.000000 
-0.330446 0.000000 
-0.329446 0.000000 
-0.328446 0.000000 
-0.327446 0.000000 
-0.326446 0.000000 
-0.325446 0.000000 
-0.324446 0.000000 
-0.323446 0.000000 
-0.322446 0.000000 
-0.321446 0.000000 
-0.320446 0.000000 
-0.319446 0.000000 
-0.318446 0.000000 
-0.317446 0.000000 
-0.316446 0.000000 
-0.315446 0.000000 
-0.314446 0.000000 
-0.313446 0.000000 
-0.312446 0.000000 
-0.311446 0.000000 
-0.310446 0.000000 
-0.309446 0.000000 
-0.308446 0.000000 
-0.307446 0.000000 
-0.306446 0.000000 
-0.305446 0.000000 
-0.304446 0.000000 
-0.303446 0.000000 
-0.302446 0.000000 
-0.301446 0.000000 
-0.300446 0.000000 
-0.299446 0.000000 
-0.298446 0.000000 
-0.297446 0.000000 
-0.296446 0.000000 
-0.295446 0.000000 
-0.294446 0.000000 
-0.293446 0.000000 
-0.292446 0.000000 
-0.291446 0.000000 
-0.290446 0.000000 
-0.289446 0.000000 
-0.288446 0.000000 
-0.287446 0.000000 
-0.286446 0.000000 
-0.285446 0.000000 
-0.284446 0.000000 
-0.283446 0.000000 
-0.282446 0.000000 
-0.281446 0.000000 
-0.280446 0.000000 
-0.279446 0.000000 
-0.278446 0.000000 
-0.277446 0.000000 
-0.276446 0.000000 
-0.275446 0.000000 
-0.274446 0.000000 
-0.273446 0.000000 
-0.272446 0.000000 
-0.271446 0.000000 
-0.270446 0.000000 
-0.269446 0.000000 
-0.268446 0.000000 
-0.267446 0.000000 
-0.266446 0.000000 
-0.265446 0.000000 
-0.264446 0.000000 
-0.263446 0.000000 
-0.262446 0.000000 
-0.261446 0.000000 
-0.260446 0.000000 
-0.259446 0.000000 
-0.258446 0.000000 
-0.257446 0.000000 
-0.256446 0.000000 
-0.255446 0.000000 
-0.254446 0.000000 
-0.253446 0.000000 
-0.252446 0.000000 
-0.251446 0.000000 
-0.250446 0.000000 
-0.249446 0.000000 
-0.248446 0.000000 
-0.247446 0.000000 
-0.246446 0.000000 
-0.245446 0.000000 
-0.244446 0.000000 
-0.243446 0.000000 
-0.242446 0.000000 
-0.241446 0.000000 
-0.240446 0.000000 
-0.239446 0.000000 
-0.238446 0.000000 
-0.237446 0.000000 
-0.236446 0.000000 
-0.235446 0.000000 
-0.234446 0.000000 
-0.233446 0.000000 
-0.232446 0.000000 
-0.231446 0.000000 
-0.230446 0.000000 
-0.229446 0.000000 
-0.228446 0.000000 
-0.227446 0.000000 
-0.226446 0.000000 
-0.225446 0.000000 
-0.224446 0.000000 
-0.223446 0.000000 
-0.222446 0.000000 
-0.221446 0.000000 
-0.220446 0.000000 
-0.219446 0.000000 
-0.218446 0.000000 
-0.217446 0.000000 
-0.216446 0.000000 
-0.215446 0.000000 
-0.214446 0.000000 
-0.213446 0.000000 
-0.212446 0.000000 
-0.211446 0.000000 
-0.210446 0.000000 
-0.209446 0.000000 
-0.208446 0.000000 
-0.207446 0.000000 
-0.206446 0.000000 
-0.205446 0.000000 
-0.204446 0.000000 
-0.203446 0.000000 
-0.202446 0.000000 
-0.201446 0.000000 
-0.200446 0.000000 
-0.199446 0.000000 
-0.198446 0.000000 
-0.197446 0.000000 
-0.196446 0.000000 
-0.195446 0.000000 
-0.194446 0.000000 
-0.193446 0.000000 
-0.192446 0.000000 
-0.191446 0.000000 
-0.190446 0.000000 
-0.189446 0.000000 
-0.188446 0.000000 
-0.187446 0.000000 
-0.186446 0.000000 
-0.185446 0.000000 
-0.184446 0.000000 
-0.183446 0.000000 
-0.182446 0.000000 
-0.181446 0.000000 
-0.180446 0.000000 
-0.179446 0.000000 
-0.178446 0.000000 
-0.177446 0.000000 
-0.176446 0.000000 
-0.175446 0.000000 
-0.174446 0.000000 
-0.173446 0.000000 
-0.172446 0.000000 
-0.171446 0.000000 
-0.170446 0.000000 
-0.169446 0.000000 
-0.168446 0.000000 
-0.167446 0.000000 
-0.166446 0.000000 
-0.165446 0.000000 
-0.164446 0.000000 
-0.163446 0.000000 
-0.162446 0.000000 
-0.161446 0.000000 
-0.160446 0.000000 
-0.159446 0.000000 
-0.158446 0.000000 
-0.157446 0.000000 
-0.156446 0.000000 
-0.155446 0.000000 
-0.154446 0.000000 
-0.153446 0.000000 
-0.152446 0.000000 
-0.151446 0.000000 
-0.150446 0.000000 
-0.149446 0.000000 
-0.148446 0.000000 
-0.147446 0.000000 
-0.146446 0.000000 
-0.145446 0.000000 
-0.144446 0.000000 
-0.143446 0.000000 
-0.142446 0.000000 
-0.141446 0.000000 
-0.140446 0.000000 
-0.139446 0.000000 
-0.138446 0.000000 
-0.137446 0.000000 
-0.136446 0.000000 
-0.135446 0.000000 
-0.134446 0.000000 
-0.133446 0.000000 
-0.132446 0.000000 
-0.131446 0.000000 
-0.130446 0.000000 
-0.129446 0.000000 
-0.128446 0.000000 
-0.127446 0.000000 
-0.126446 0.000000 
-0.125446 0.000000 
-0.124446 0.000000 
-0.123446 0.000000 
-0.122446 0.000000 
-0.121446 0.000000 
-0.120446 0.000000 
-0.119446 0.000000 
-0.118446 0.000000 
-0.117446 0.000000 
-0.116446 0.000000 
-0.115446 0.000000 
-0.114446 0.000000 
-0.113446 0.000000 
-0.112446 0.000000 
-0.111446 0.000000 
-0.110446 0.000000 
-0.109446 0.000000 
-0.108446 0.000000 
-0.107446 0.000000 
-0.106446 0.000000 
-0.105446 0.000000 
-0.104446 0.000000 
-0.103446 0.000000 
-0.102446 0.000000 
-0.101446 0.000000 
-0.100446 0.000000 
-0.099446 0.000000 
-0.098446 0.000000 
-0.097446 0.000000 
-0.096446 0.000000 
-0.095446 0.000000 
-0.094446 0.000000 
-0.093446 0.000000 
-0.092446 0.000000 
-0.091446 0.000000 
-0.090446 0.000000 
-0.089446 0.000000 
-0.088446 0.000000 
-0.087446 0.000000 
-0.086446 0.000000 
-0.085446 0.000000 
-0.084446 0.000000 
-0.083446 0.000000 
-0.082446 0.000000 
-0.081446 0.000000 
-0.080446 0.000000 
-0.079446 0.000000 
-0.078446 0.000000 
-0.077446 0.000000 
-0.076446 0.000000 
-0.075446 0.000000 
-0.074446 0.000000 
-0.073446 0.000000 
-0.072446 0.000000 
-0.071446 0.000000 
-0.070446 0.000000 
-0.069446 0.000000 
-0.068446 0.000000 
-0.067446 0.000000 
-0.066446 0.000000 
-0.065446 0.000000 
-0.064446 0.000000 
-0.063446 0.000000 
-0.062446 0.000000 
-0.061446 0.000000 
-0.060446 0.000000 
-0.059446 0.000000 
-0.058446 0.000000 
-0.057446 0.000000 
-0.056446 0.000000 
-0.055446 0.000000 
-0.054446 0.000000 
-0.053446 0.000000 
-0.052446 0.000000 
-0.051446 0.000000 
-0.050446 0.000000 
-0.049446 0.000000 
-0.048446 0.000000 
-0.047446 0.000000 
-0.046446 0.000000 
-0.045446 0.000000 
-0.044446 0.000000 
-0.043446 0.000000 
-0.042446 0.000000 
-0.041446 0.000000 
-0.040446 0.000000 
-0.039446 0.000000 
-0.038446 0.000000 
-0.037446 0.000000 
-0.036446 0.000000 
-0.035446 0.000000 
-0.034446 0.000000 
-0.033446 0.000000 
-0.032446 0.000000 
-0.031446 0.000000 
-0.030446 0.000000 
-0.029446 0.000000 
-0.028446 0.000000 
-0.027446 0.000000 
-0.026446 0.000000 
-0.025446 0.000000 
-0.024446 0.000000 
-0.023446 0.000000 
-0.022446 0.000000 
-0.021446 0.000000 
-0.020446 0.000000 
-0.019446 -0.000030 
-0.018446 -0.000141 
-0.017446 -0.000297 
-0.016446 -0.000483 
-0.015446 -0.000689 
-0.014446 -0.000909 
-0.013446 -0.001135 
-0.012446 -0.001363 
-0.011446 -0.001588 
-0.010446 -0.001807 
-0.009446 -0.002016 
-0.008446 -0.002212 
-0.007446 -0.002393 
-0.006446 -0.002555 
-0.005446 -0.002698 
-0.004446 -0.002819 
-0.003446 -0.002918 
-0.002446 -0.002992 
-0.001446 -0.003041 
-0.000446 -0.003066 
0.000554 -0.003064 
0.001554 -0.003037 
0.002554 -0.002985 
0.003554 -0.002908 
0.004554 -0.002807 
0.005554 -0.002684 
0.006554 -0.002539 
0.007554 -0.002374 
0.008554 -0.002192 
0.009554 -0.001994 
0.010554 -0.001784 
0.011554 -0.001564 
0.012554 -0.001338 
0.013554 -0.001110 
0.014554 -0.000884 
0.015554 -0.000666 
0.016554 -0.000462 
0.017554 -0.000279 
0.018554 -0.000127 
0.019554 -0.000022 
0.020554 0.000000 
0.021554 0.000000 
0.022554 0.000000 
0.023554 0.000000 
0.024554 0.000000 
0.025554 0.000000 
0.026554 0.000000 
0.027554 0.000000 
0.028554 0.000000 
0.029554 0.000000 
0.030554 0.000000 
0.031554 0.000000 
0.032554 0.000000 
0.033554 0.000000 
0.034554 0.000000 
0.035554 0.000000 
0.036554 0.000000 
0.037554 0.000000 
0.038554 0.000000 
0.039554 0.000000 
0.040554 0.000000 
0.041554 0.000000 
0.042554 0.000000 
0.043554 0.000000 
0.044554 0.000000 
0.045554 0.000000 
0.046554 0.000000 
0.047554 0.000000 
0.048554 0.000000 
0.049554 0.000000 
0.050554 0.000000 
0.051554 0.000000 
0.052554 0.000000 
0.053554 0.000000 
0.054554 0.000000 
0.055554 0.000000 
0.056554 0.000000 
0.057554 0.000000 
0.058554 0.000000 
0.059554 0.000000 
0.060554 0.000000 
0.061554 0.000000 
0.062554 0.000000 
0.063554 0.000000 
0.064554 0.000000 
0.065554 0.000000 
0.066554 0.000000 
0.067554 0.000000 
0.068554 0.000000 
0.069554 0.000000 
0.070554 0.000000 
0.071554 0.000000 
0.072554 0.000000 
0.073554 0.000000 
0.074554 0.000000 
0.075554 0.000000 
0.076554 0.000000 
0.077554 0.000000 
0.078554 0.000000 
0.079554 0.000000 
0.080554 0.000000 
0.081554 0.000000 
0.082554 0.000000 
0.083554 0.000000 
0.084554 0.000000 
0.085554 0.000000 
0.086554 0.000000 
0.087554 0.000000 
0.088554 0.000000 
0.089554 0.000000 
0.090554 0.000000 
0.091554 0.000000 
0.092554 0.000000 
0.093554 0.000000 
0.094554 0.000000 
0.095554 0.000000 
0.096554 0.000000 
0.097554 0.000000 
0.098554 0.000000 
0.099554 0.000000 
0.100554 0.000000 
0.101554 0.000000 
0.102554 0.000000 
0.103554 0.000000 
0.104554 0.000000 
0.105554 0.000000 
0.106554 0.000000 
0.107554 0.000000 
0.108554 0.000000 
0.109554 0.000000 
0.110554 0.000000 
0.111554 0.000000 
0.112554 0.000000 
0.113554 0.000000 
0.114554 0.000000 
0.115554 0.000000 
0.116554 0.000000 
0.117554 0.000000 
0.118554 0.000000 
0.119554 0.000000 
0.120554 0.000000 
0.121554 0.000000 
0.122554 0.000000 
0.123554 0.000000 
0.124554 0.000000 
0.125554 0.000000 
0.126554 0.000000 
0.127554 0.000000 
0.128554 0.000000 
0.129554 0.000000 
0.130554 0.000000 
0.131554 0.000000 
0.132554 0.000000 
0.133554 0.000000 
0.134554 0.000000 
0.135554 0.000000 
0.136554 0.000000 
0.137554 0.000000 
0.138554 0.000000 
0.139554 0.000000 
0.140554 0.000000 
0.141554 0.000000 
0.142554 0.000000 
0.143554 0.000000 
0.144554 0.000000 
0.145554 0.000000 
0.146554 0.000000 
0.147554 0.000000 
0.148554 0.000000 
0.149554 0.000000 
0.150554 0.000000 
0.151554 0.000000 
0.152554 0.000000 
0.153554 0.000000 
0.154554 0.000000 
0.155554 0.000000 
0.156554 0.000000 
0.157554 0.000000 
0.158554 0.000000 
0.159554 0.000000 
0.160554 0.000000 
0.161554 0.000000 
0.162554 0.000000 
0.163554 0.000000 
0.164554 0.000000 
0.165554 0.000000 
0.166554 0.000000 
0.167554 0.000000 
0.168554 0.000000 
0.169554 0.000000 
0.170554 0.000000 
0.171554 0.000000 
0.172554 0.000000 
0.173554 0.000000 
0.174554 0.000000 
0.175554 0.000000 
0.176554 0.000000 
0.177554 0.000000 
0.178554 0.000000 
0.179554 0.000000 
0.180554 0.000000 
0.181554 0.000000 
0.182554 0.000000 
0.183554 0.000000 
0.184554 0.000000 
0.185554 0.000000 
0.186554 0.000000 
0.187554 0.000000 
0.188554 0.000000 
0.189554 0.000000 
0.190554 0.000000 
0.191554 0.000000 
0.192554 0.000000 
0.193554 0.000000 
0.194554 0.000000 
0.195554 0.000000 
0.196554 0.000000 
0.197554 0.000000 
0.198554 0.000000 
0.199554 0.000000 
0.200554 0.000000 
0.201554 0.000000 
0.202554 0.000000 
0.203554 0.000000 
0.204554 0.000000 
0.205554 0.000000 
0.206554 0.000000 
0.207554 0.000000 
0.208554 0.000000 
0.209554 0.000000 
0.210554 0.000000 
0.211554 0.000000 
0.212554 0.000000 
0.213554 0.000000 
0.214554 0.000000 
0.215554 0.000000 
0.216554 0.000000 
0.217554 0.000000 
0.218554 0.000000 
0.219554 0.000000 
0.220554 0.000000 
0.221554 0.000000 
0.222554 0.000000 
0.223554 0.000000 
0.224554 0.000000 
0.225554 0.000000 
0.226554 0.000000 
0.227554 0.000000 
0.228554 0.000000 
0.229554 0.000000 
0.230554 0.000000 
0.231554 0.000000 
0.232554 0.000000 
0.233554 0.000000 
0.234554 0.000000 
0.235554 0.000000 
0.236554 0.000000 
0.237554 0.000000 
0.238554 0.000000 
0.239554 0.000000 
0.240554 0.000000 
0.241554 0.000000 
0.242554 0.000000 
0.243554 0.000000 
0.244554 0.000000 
0.245554 0.000000 
0.246554 0.000000 
0.247554 0.000000 
0.248554 0.000000 
0.249554 0.000000 
0.250554 0.000000 
0.251554 0.000000 
0.252554 0.000000 
0.253554 0.000000 
0.254554 0.000000 
0.255554 0.000000 
0.256554 0.000000 
0.257554 0.000000 
0.258554 0.000000 
0.259554 0.000000 
0.260554 0.000000 
0.261554 0.000000 
0.262554 0.000000 
0.263554 0.000000 
0.264554 0.000000 
0.265554 0.000000 
0.266554 0.000000 
0.267554 0.000000 
0.268554 0.000000 
0.269554 0.000000 
0.270554 0.000000 
0.271554 0.000000 
0.272554 0.000000 
0.273554 0.000000 
0.274554 0.000000 
0.275554 0.000000 
0.276554 0.000000 
0.277554 0.000000 
0.278554 0.000000 
0.279554 0.000000 
0.280554 0.000000 
0.281554 0.000000 
0.282554 0.000000 
0.283554 0.000000 
0.284554 0.000000 
0.285554 0.000000 
0.286554 0.000000 
0.287554 0.000000 
0.288554 0.000000 
0.289554 0.000000 
0.290554 0.000000 
0.291554 0.000000 
0.292554 0.000000 
0.293554 0.000000 
0.294554 0.000000 
0.295554 0.000000 
0.296554 0.000000 
0.297554 0.000000 
0.298554 0.000000 
0.299554 0.000000 
0.300554 0.000000 
0.301554 0.000000 
0.302554 0.000000 
0.303554 0.000000 
0.304554 0.000000 
0.305554 0.000000 
0.306554 0.000000 
0.307554 0.000000 
0.308554 0.000000 
0.309554 0.000000 
0.310554 0.000000 
0.311554 0.000000 
0.312554 0.000000 
0.313554 0.000000 
0.314554 0.000000 
0.315554 0.000000 
0.316554 0.000000 
0.317554 0.000000 
0.318554 0.000000 
0.319554 0.000000 
0.320554 0.000000 
0.321554 0.000000 
0.322554 0.000000 
0.323554 0.000000 
0.324554 0.000000 
0.325554 0.000000 
0.326554 0.000000 
0.327554 0.000000 
0.328554 0.000000 
0.329554 0.000000 
0.330554 0.000000 
0.331554 0.000000 
0.332554 0.000000 
0.333554 0.000000 
0.334554 0.000000 
0.335554 0.000000 
0.336554 0.000000 
0.337554 0.000000 
0.338554 0.000000 
0.339554 0.000000 
0.340554 0.000000 
0.341554 0.000000 
0.342554 0.000000 
0.343554 0.000000 
0.344554 0.000000 
0.345554 0.000000 
0.346554 0.000000 
0.347554 0.000000 
0.348554 0.000000 
0.349554 0.000000 
0.350554 0.000000 
0.351554 0.000000 
0.352554 0.000000 
0.353554 0.000000 
0.354554 0.000000 
0.355554 0.000000 
0.356554 0.000000 
0.357554 0.000000 
0.358554 0.000000 
0.359554 0.000000 
0.360554 0.000000 
0.361554 0.000000 
0.362554 0.000000 
0.363554 0.000000 
0.364554 0.000000 
0.365554 0.000000 
0.366554 0.000000 
0.367554 0.000000 
0.368554 0.000000 
0.369554 0.000000 
0.370554 0.000000 
0.371554 0.000000 
0.372554 0.000000 
0.373554 0.000000 
0.374554 0.000000 
0.375554 0.000000 
0.376554 0.000000 
0.377554 0.000000 
0.378554 0.000000 
0.379554 0.000000 
0.380554 0.000000 
0.381554 0.000000 
0.382554 0.000000 
0.383554 0.000000 
0.384554 0.000000 
0.385554 0.000000 
0.386554 0.000000 
0.387554 0.000000 
0.388554 0.000000 
0.389554 0.000000 
0.390554 0.000000 
0.391554 0.000000 
0.392554 0.000000 
0.393554 0.000000 
0.394554 0.000000 
0.395554 0.000000 
0.396554 0.000000 
0.397554 0.000000 
0.398554 0.000000 
0.399554 0.000000 
0.400554 0.000000 
0.401554 0.000000 
0.402554 0.000000 
0.403554 0.000000 
0.404554 0.000000 
0.405554 0.000000 
0.406554 0.000000 
0.407554 0.000000 
0.408554 0.000000 
0.409554 0.000000 
0.410554 0.000000 
0.411554 0.000000 
0.412554 0.000000 
0.413554 0.000000 
0.414554 0.000000 
0.415554 0.000000 
0.416554 0.000000 
0.417554 0.000000 
0.418554 0.000000 
0.419554 0.000000 
0.420554 0.000000 
0.421554 0.000000 
0.422554 0.000000 
0.423554 0.000000 
0.424554 0.000000 
0.425554 0.000000 
0.426554 0.000000 
0.427554 0.000000 
0.428554 0.000000 
0.429554 0.000000 
0.430554 0.000000 
0.431554 0.000000 
0.432554 0.000000 
0.433554 0.000000 
0.434554 0.000000 
0.435554 0.000000 
0.436554 0.000000 
0.437554 0.000000 
0.438554 0.000000 
0.439554 0.000000 
0.440554 0.000000 
0.441554 0.000000 
0.442554 0.000000 
0.443554 0.000000 
0.444554 0.000000 
0.445554 0.000000 
0.446554 0.000000 
0.447554 0.000000 
0.448554 0.000000 
0.449554 0.000000 
0.450554 0.000000 
0.451554 0.000000 
0.452554 0.000000 
0.453554 0.000000 
0.454554 0.000000 
0.455554 0.000000 
0.456554 0.000000 
0.457554 0.000000 
0.458554 0.000000 
0.459554 0.000000 
0.460554 0.000000 
0.461554 0.000000 
0.462554 0.000000 
0.463554 0.000000 
0.464554 0.000000 
0.465554 0.000000 
0.466554 0.000000 
0.467554 0.000000 
0.468554 0.000000 
0.469554 0.000000 
0.470554 0.000000 
0.471554 0.000000 
0.472554 0.000000 
0.473554 0.000000 
0.474554 0.000000 
0.475554 0.000000 
0.476554 0.000000 
0.477554 0.000000 
0.478554 0.000000 
0.479554 0.000000 
0.480554 0.000000 
0.481554 0.000000 
0.482554 0.000000 
0.483554 0.000000 
0.484554 0.000000 
0.485554 0.000000 
0.486554 0.000000 
0.487554 0.000000 
0.488554 0.000000 
0.489554 0.000000 
0.490554 0.000000 
0.491554 0.000000 
0.492554 0.000000 
0.493554 0.000000 
0.494554 0.000000 
0.495554 0.000000 
0.496554 0.000000 
0.497554 0.000000 
0.498554 0.000000 
0.499554 0.000000 
0.500554 0.000000 
0.501554 0.000000 
0.502554 0.000000 
0.503554 0.000000 
0.504554 0.000000 
0.505554 0.000000 
0.506554 0.000000 
0.507554 0.000000 
0.508554 0.000000 
0.509554 0.000000 
0.510554 0.000000 
0.511554 0.000000 
0.512554 0.000000 
0.513554 0.000000 
0.514554 0.000000 
0.515554 0.000000 
0.516554 0.000000 
0.517554 0.000000 
0.518554 0.000000 
0.519554 0.000000 
0.520554 0.000000 
0.521554 0.000000 
0.522554 0.000000 
0.523554 0.000000 
0.524554 0.000000 
0.525554 0.000000 
0.526554 0.000000 
0.527554 0.000000 
0.528554 0.000000 
0.529554 0.000000 
0.530554 0.000000 
0.531554 0.000000 
0.532554 0.000000 
0.533554 0.000000 
0.534554 0.000000 
0.535554 0.000000 
0.536554 0.000000 
0.537554 0.000000 
0.538554 0.000000 
0.539554 0.000000 
0.540554 0.000000 
0.541554 0.000000 
0.542554 0.000000 
0.543554 0.000000 
0.544554 0.000000 
0.545554 0.000000 
0.546554 0.000000 
0.547554 0.000000 
0.548554 0.000000 
0.549554 0.000000 
0.550554 0.000000 
0.551554 0.000000 
0.552554 0.000000 
0.553554 0.000000 
0.554554 0.000000 
0.555554 0.000000 
0.556554 0.000000 
0.557554 0.000000 
0.558554 0.000000 
0.559554 0.000000 
0.560554 0.000000 
0.561554 0.000000 
0.562554 0.000000 
0.563554 0.000000 
0.564554 0.000000 
0.565554 0.000000 
0.566554 0.000000 
0.567554 0.000000 
0.568554 0.000000 
0.569554 0.000000 
0.570554 0.000000 
0.571554 0.000000 
0.572554 0.000000 
0.573554 0.000000 
0.574554 0.000000 
0.575554 0.000000 
0.576554 0.000000 
0.577554 0.000000 
0.578554 0.000000 
0.579554 0.000000 
0.580554 0.000000 
0.581554 0.000000 
0.582554 0.000000 
0.583554 0.000000 
0.584554 0.000000 
0.585554 0.000000 
0.586554 0.000000 
0.587554 0.000000 
0.588554 0.000000 
0.589554 0.000000 
0.590554 0.000000 
0.591554 0.000000 
0.592554 0.000000 
0.593554 0.000000 
0.594554 0.000000 
0.595554 0.000000 
0.596554 0.000000 
0.597554 0.000000 
0.598554 0.000000 
0.599554 0.000000 
0.600554 0.000000 
0.601554 0.000000 
0.602554 0.000000 
0.603554 0.000000 
0.604554 0.000000 
0.605554 0.000000 
0.606554 0.000000 
0.607554 0.000000 
0.608554 0.000000 
0.609554 0.000000 
0.610554 0.000000 
0.611554 0.000000 
0.612554 0.000000 
0.613554 0.000000 
0.614554 0.000000 
0.615554 0.000000 
0.616554 0.000000 
0.617554 0.000000 
0.618554 0.000000 
0.619554 0.000000 
0.620554 0.000000 
0.621554 0.000000 
0.622554 0.000000 
0.623554 0.000000 
0.624554 0.000000 
0.625554 0.000000 
0.626554 0.000000 
0.627554 0.000000 
0.628554 0.000000 
0.629554 0.000000 
0.630554 0.000000 
0.631554 0.000000 
0.632554 0.000000 
0.633554 0.000000 
0.634554 0.000000 
0.635554 0.000000 
0.636554 0.000000 
0.637554 0.000000 
0.638554 0.000000 
0.639554 0.000000 
0.640554 0.000000 
0.641554 0.000000 
0.642554 0.000000 
0.643554 0.000000 
0.644554 0.000000 
0.645554 0.000000 
0.646554 0.000000 
0.647554 0.000000 
0.648554 0.000000 
0.649554 0.000000 
0.650554 0.000000 
0.651554 0.000000 
0.652554 0.000000 
0.653554 0.000000 
0.654554 0.000000 
0.655554 0.000000 
0.656554 0.000000 
0.657554 0.000000 
0.658554 0.000000 
0.659554 0.000000 
0.660554 0.000000 
0.661554 0.000000 
0.662554 0.000000 
0.663554 0.000000 
0.664554 0.000000 
0.665554 0.000000 
0.666554 0.000000 
0.667554 0.000000 
0.668554 0.000000 
0.669554 0.000000 
0.670554 0.000000 
0.671554 0.000000 
0.672554 0.000000 
0.673554 0.000000 
0.674554 0.000000 
0.675554 0.000000 
0.676554 0.000000 
0.677554 0.000000 
0.678554 0.000000 
0.679554 0.000000 
0.680554 0.000000 
0.681554 0.000000 
0.682554 0.000000 
0.683554 0.000000 
0.684554 0.000000 
0.685554 0.000000 
0.686554 0.000000 
0.687554 0.000000 
0.688554 0.000000 
0.689554 0.000000 
0.690554 0.000000 
0.691554 0.000000 
0.692554 0.000000 
0.693554 0.000000 
0.694554 0.000000 
0.695554 0.000000 
0.696554 0.000000 
0.697554 0.000000 
0.698554 0.000000 
0.699554 0.000000 
0.700554 0.000000 
0.701554 0.000000 
0.702554 0.000000 
0.703554 0.000000 
0.704554 0.000000 
0.705554 0.000000 
0.706554 0.000000 
0.707554 0.000000 
0.708554 0.000000 
0.709554 0.000000 
0.710554 0.000000 
0.711554 0.000000 
0.712554 0.000000 
0.713554 0.000000 
0.714554 0.000000 
0.715554 0.000000 
0.716554 0.000000 
0.717554 0.000000 
0.718554 0.000000 
0.719554 0.000000 
0.720554 0.000000 
0.721554 0.000000 
0.722554 0.000000 
0.723554 0.000000 
0.724554 0.000000 
0.725554 0.000000 
0.726554 0.000000 
0.727554 0.000000 
0.728554 0.000000 
0.729554 0.000000 
0.730554 0.000000 
0.731554 0.000000 
0.732554 0.000000 
0.733554 0.000000 
0.734554 0.000000 
0.735554 0.000000 
0.736554 0.000000 
0.737554 0.000000 
0.738554 0.000000 
0.739554 0.000000 
0.740554 0.000000 
0.741554 0.000000 
0.742554 0.000000 
0.743554 0.000000 
0.744554 0.000000 
0.745554 0.000000 
0.746554 0.000000 
0.747554 0.000000 
0.748554 0.000000 
0.749554 0.000000 
0.750554 0.000000 
0.751554 0.000000 
0.752554 0.000000 
0.753554 0.000000 
0.754554 0.000000 
0.755554 0.000000 
0.756554 0.000000 
0.757554 0.000000 
0.758554 0.000000 
0.759554 0.000000 
0.760554 0.000000 
0.761554 0.000000 
0.762554 0.000000 
0.763554 0.000000 
0.764554 0.000000 
0.765554 0.000000 
0.766554 0.000000 
0.767554 0.000000 
0.768554 0.000000 
0.769554 0.000000 
0.770554 0.000000 
0.771554 0.000000 
0.772554 0.000000 
0.773554 0.000000 
0.774554 0.000000 
0.775554 0.000000 
0.776554 0.000000 
0.777554 0.000000 
0.778554 0.000000 
0.779554 0.000000 
0.780554 0.000000 
0.781554 0.000000 
0.782554 0.000000 
0.783554 0.000000 
0.784554 0.000000 
0.785554 0.000000 
0.786554 0.000000 
0.787554 0.000000 
0.788554 0.000000 
0.789554 0.000000 
0.790554 0.000000 
0.791554 0.000000 
0.792554 0.000000 
0.793554 0.000000 
0.794554 0.000000 
0.795554 0.000000 
0.796554 0.000000 
0.797554 0.000000 
0.798554 0.000000 
0.799554 0.000000 
0.800554 0.000000 
0.801554 0.000000 
0.802554 0.000000 
0.803554 0.000000 
0.804554 0.000000 
0.805554 0.000000 
0.806554 0.000000 
0.807554 0.000000 
0.808554 0.000000 
0.809554 0.000000 
0.810554 0.000000 
0.811554 0.000000 
0.812554 0.000000 
0.813554 0.000000 
0.814554 0.000000 
0.815554 0.000000 
0.816554 0.000000 
0.817554 0.000000 
0.818554 0.000000 
0.819554 0.000000 
0.820554 0.000000 
0.821554 0.000000 
0.822554 0.000000 
0.823554 0.000000 
0.824554 0.000000 
0.825554 0.000000 
0.826554 0.000000 
0.827554 0.000000 
0.828554 0.000000 
0.829554 0.000000 
0.830554 0.000000 
0.831554 0.000000 
0.832554 0.000000 
0.833554 0.000000 
0.834554 0.000000 
0.835554 0.000000 
0.836554 0.000000 
0.837554 0.000000 
0.838554 0.000000 
0.839554 0.000000 
0.840554 0.000000 
0.841554 0.000000 
0.842554 0.000000 
0.843554 0.000000 
0.844554 0.000000 
0.845554 0.000000 
0.846554 0.000000 
0.847554 0.000000 
0.848554 0.000000 
0.849554 0.000000 
0.850554 0.000000 
0.851554 0.000000 
0.852554 0.000000 
0.853554 0.000000 
0.854554 0.000000 
0.855554 0.000000 
0.856554 0.000000 
0.857554 0.000000 
0.858554 0.000000 
0.859554 0.000000 
0.860554 0.000000 
0.861554 0.000000 
0.862554 0.000000 
0.863554 0.000000 
0.864554 0.000000 
0.865554 0.000000 
0.866554 0.000000 
0.867554 0.000000 
0.868554 0.000000 
0.869554 0.000000 
0.870554 0.000000 
0.871554 0.000000 
0.872554 0.000000 
0.873554 0.000000 
0.874554 0.000000 
0.875554 0.000000 
0.876554 0.000000 
0.877554 0.000000 
0.878554 0.000000 
0.879554 0.000000 
0.880554 0.000000 
0.881554 0.000000 
0.882554 0.000000 
0.883554 0.000000 
0.884554 0.000000 
0.885554 0.000000 
0.886554 0.000000 
0.887554 0.000000 
0.888554 0.000000 
0.889554 0.000000 
0.890554 0.000000 
0.891554 0.000000 
0.892554 0.000000 
0.893554 0.000000 
0.894554 0.000000 
0.895554 0.000000 
0.896554 0.000000 
0.897554 0.000000 
0.898554 0.000000 
0.899554 0.000000 
0.900554 0.000000 
0.901554 0.000000 
0.902554 0.000000 
0.903554 0.000000 
0.904554 0.000000 
0.905554 0.000000 
0.906554 0.000000 
0.907554 0.000000 
0.908554 0.000000 
0.909554 0.000000 
0.910554 0.000000 
0.911554 0.000000 
0.912554 0.000000 
0.913554 0.000000 
0.914554 0.000000 
0.915554 0.000000 
0.916554 0.000000 
0.917554 0.000000 
0.918554 0.000000 
0.919554 0.000000 
0.920554 0.000000 
0.921554 0.000000 
0.922554 0.000000 
0.923554 0.000000 
0.924554 0.000000 
0.925554 0.000000 
0.926554 0.000000 
0.927554 0.000000 
0.928554 0.000000 
0.929554 0.000000 
0.930554 0.000000 
0.931554 0.000000 
0.932554 0.000000 
0.933554 0.000000 
0.934554 0.000000 
0.935554 0.000000 
0.936554 0.000000 
0.937554 0.000000 
0.938554 0.000000 
0.939554 0.000000 
0.940554 0.000000 
0.941554 0.000000 
0.942554 0.000000 
0.943554 0.000000 
0.944554 0.000000 
0.945554 0.000000 
0.946554 0.000000 
0.947554 0.000000 
0.948554 0.000000 
0.949554 0.000000 
0.950554 0.000000 
0.951554 0.000000 
0.952554 0.000000 
0.953554 0.000000 
0.954554 0.000000 
0.955554 0.000000 
0.956554 0.000000 
0.957554 0.000000 
0.958554 0.000000 
0.959554 0.000000 
0.960554 0.000000 
0.961554 0.000000 
0.962554 0.000000 
0.963554 0.000000 
0.964554 0.000000 
0.965554 0.000000 
0.966554 0.000000 
0.967554 0.000000 
0.968554 0.000000 
0.969554 0.000000 
0.970554 0.000000 
0.971554 0.000000 
0.972554 0.000000 
0.973554 0.000000 
0.974554 0.000000 
0.975554 0.000000 
0.976554 0.000000 
0.977554 0.000000 
0.978554 0.000000 
0.979554 0.000000 
0.980554 0.000000 
0.981554 0.000000 
0.982554 0.000000 
0.983554 0.000000 
0.984554 0.000000 
0.985554 0.000000 
0.986554 0.000000 
0.987554 0.000000 
0.988554 0.000000 
0.989554 0.000000 
0.990554 0.000000 
0.991554 0.000000 
0.992554 0.000000 
0.993554 0.000000 
0.994554 0.000000 
0.995554 0.000000 
0.996554 0.000000 
0.997554 0.000000 
0.998554 0.000000 
0.999554 0.000000 
1.000554 0.000000 
1.001554 0.000000 
1.002554 0.000000 
1.003554 0.000000 
1.004554 0.000000 
1.005554 0.000000 
1.006554 0.000000 
1.007554 0.000000 
1.008554 0.000000 
1.009554 0.000000 
1.010554 0.000000 
1.011554 0.000000 
1.012554 0.000000 
1.013554 0.000000 
1.014554 0.000000 
1.015554 0.000000 
1.016554 0.000000 
1.017554 0.000000 
1.018554 0.000000 
1.019554 0.000000 
1.020554 0.000000 
1.021554 0.000000 
1.022554 0.000000 
1.023554 0.000000 
1.024554 0.000000 
1.025554 0.000000 
1.026554 0.000000 
1.027554 0.000000 
1.028554 0.000000 
1.029554 0.000000 
1.030554 0.000000 
1.031554 0.000000 
1.032554 0.000000 
1.033554 0.000000 
1.034554 0.000000 
1.035554 0.000000 
1.036554 0.000000 
1.037554 0.000000 
1.038554 0.000000 
1.039554 0.000000 
1.040554 0.000000 
1.041554 0.000000 
1.042554 0.000000 
1.043554 0.000000 
1.044554 0.000000 
1.045554 0.000000 
1.046554 0.000000 
1.047554 0.000000 
1.048554 0.000000 
1.049554 0.000000 
1.050554 0.000000 
1.051554 0.000000 
1.052554 0.000000 
1.053554 0.000000 
1.054554 0.000000 
1.055554 0.000000 
1.056554 0.000000 
1.057554 0.000000 
1.058554 0.000000 
1.059554 0.000000 
1.060554 0.000000 
1.061554 0.000000 
1.062554 0.000000 
1.063554 0.000000 
1.064554 0.000000 
1.065554 0.000000 
1.066554 0.000000 
1.067554 0.000000 
1.068554 0.000000 
1.069554 0.000000 
1.070554 0.000000 
1.071554 0.000000 
1.072554 0.000000 
1.073554 0.000000 
1.074554 0.000000 
1.075554 0.000000 
1.076554 0.000000 
1.077554 0.000000 
1.078554 0.000000 
1.079554 0.000000 
1.080554 0.000000 
1.081554 0.000000 
1.082554 0.000000 
1.083554 0.000000 
1.084554 0.000000 
1.085554 0.000000 
1.086554 0.000000 
1.087554 0.000000 
1.088554 0.000000 
1.089554 0.000000 
1.090554 0.000000 
1.091554 0.000000 
1.092554 0.000000 
1.093554 0.000000 
1.094554 0.000000 
1.095554 0.000000 
1.096554 0.000000 
1.097554 0.000000 
1.098554 0.000000 
1.099554 0.000000 
1.100554 0.000000 
1.101554 0.000000 
1.102554 0.000000 
1.103554 0.000000 
1.104554 0.000000 
1.105554 0.000000 
1.106554 0.000000 
1.107554 0.000000 
1.108554 0.000000 
1.109554 0.000000 
1.110554 0.000000 
1.111554 0.000000 
1.112554 0.000000 
1.113554 0.000000 
1.114554 0.000000 
1.115554 0.000000 
1.116554 0.000000 
1.117554 0.000000 
1.118554 0.000000 
1.119554 0.000000 
1.120554 0.000000 
1.121554 0.000000 
1.122554 0.000000 
1.123554 0.000000 
1.124554 0.000000 
1.125554 0.000000 
1.126554 0.000000 
1.127554 0.000000 
1.128554 0.000000 
1.129554 0.000000 
1.130554 0.000000 
1.131554 0.000000 
1.132554 0.000000 
1.133554 0.000000 
1.134554 0.000000 
1.135554 0.000000 
1.136554 0.000000 
1.137554 0.000000 
1.138554 0.000000 
1.139554 0.000000 
1.140554 0.000000 
1.141554 0.000000 
1.142554 0.000000 
1.143554 0.000000 
1.144554 0.000000 
1.145554 0.000000 
1.146554 0.000000 
1.147554 0.000000 
1.148554 0.000000 
1.149554 0.000000 
1.150554 0.000000 
1.151554 0.000000 
1.152554 0.000000 
1.153554 0.000000 
1.154554 0.000000 
1.155554 0.000000 
1.156554 0.000000 
1.157554 0.000000 
1.158554 0.000000 
1.159554 0.000000 
1.160554 0.000000 
1.161554 0.000000 
1.162554 0.000000 
1.163554 0.000000 
1.164554 0.000000 
1.165554 0.000000 
1.166554 0.000000 
1.167554 0.000000 
1.168554 0.000000 
1.169554 0.000000 
1.170554 0.000000 
1.171554 0.000000 
1.172554 0.000000 
1.173554 0.000000 
1.174554 0.000000 
1.175554 0.000000 
1.176554 0.000000 
1.177554 0.000000 
1.178554 0.000000 
1.179554 0.000000 
1.180554 0.000000 
1.181554 0.000000 
1.182554 0.000000 
1.183554 0.000000 
1.184554 0.000000 
1.185554 0.000000 
1.186554 0.000000 
1.187554 0.000000 
1.188554 0.000000 
1.189554 0.000000 
1.190554 0.000000 
1.191554 0.000000 
1.192554 0.000000 
1.193554 0.000000 
1.194554 0.000000 
1.195554 0.000000 
1.196554 0.000000 
1.197554 0.000000 
1.198554 0.000000 
1.199554 0.000000 
1.200554 0.000000 
1.201554 0.000000 
1.202554 0.000000 
1.203554 0.000000 
1.204554 0.000000 
1.205554 0.000000 
1.206554 0.000000 
1.207554 0.000000 
1.208554 0.000000 
1.209554 0.000000 
1.210554 0.000000 
1.211554 0.000000 
1.212554 0.000000 
1.213554 0.000000 
1.214554 0.000000 
1.215554 0.000000 
1.216554 0.000000 
1.217554 0.000000 
1.218554 0.000000 
1.219554 0.000000 
1.220554 0.000000 
1.221554 0.000000 
1.222554 0.000000 
1.223554 0.000000 
1.224554 0.000000 
1.225554 0.000000 
1.226554 0.000000 
1.227554 0.000000 
1.228554 0.000000 
1.229554 0.000000 
1.230554 0.000000 
1.231554 0.000000 
1.232554 0.000000 
1.233554 0.000000 
1.234554 0.000000 
1.235554 0.000000 
1.236554 0.000000 
1.237554 0.000000 
1.238554 0.000000 
1.239554 0.000000 
1.240554 0.000000 
1.241554 0.000000 
1.242554 0.000000 
1.243554 0.000000 
1.244554 0.000000 
1.245554 0.000000 
1.246554 0.000000 
1.247554 0.000000 
1.248554 0.000000 
1.249554 0.000000 
1.250554 0.000000 
1.251554 0.000000 
1.252554 0.000000 
1.253554 0.000000 
1.254554 0.000000 
