descriptor x_range  m_kepler 
2455326.949950 52.224071 
2455327.049950 33.233558 
2455327.149950 12.011750 
2455327.249950 -10.016525 
2455327.349950 -31.372292 
2455327.449950 -50.621729 
2455327.549950 -66.472432 
2455327.649950 -77.860186 
2455327.749950 -84.020421 
2455327.849950 -84.539538 
2455327.949950 -79.382686 
2455328.049950 -68.896093 
2455328.149950 -53.783827 
2455328.249950 -35.060525 
2455328.349950 -13.983265 
2455328.449950 8.032829 
2455328.549950 29.509600 
2455328.649950 49.005102 
2455328.749950 65.210409 
2455328.849950 77.037501 
2455328.949950 83.692307 
2455329.049950 84.728026 
2455329.149950 80.075120 
2455329.249950 70.045983 
2455329.349950 55.313971 
2455329.449950 36.868189 
2455329.549950 15.947082 
2455329.649950 -6.044710 
2455329.749950 -27.630660 
2455329.849950 -47.361493 
2455329.949950 -63.912482 
2455330.049950 -76.172399 
2455330.149950 -83.318113 
2455330.249950 -84.869864 
2455330.349950 -80.723466 
2455330.449950 -71.157308 
2455330.549950 -56.813660 
2455330.649950 -38.655552 
2455330.749950 -17.902118 
2455330.849950 4.053262 
2455330.949950 25.736507 
2455331.049950 45.691806 
2455331.149950 62.579366 
2455331.249950 75.265357 
2455331.349950 82.898045 
2455331.449950 84.964972 
2455331.549950 81.327366 
2455331.649950 72.229453 
2455331.749950 58.282067 
2455331.849950 40.421633 
2455331.949950 19.847297 
2455332.049950 -2.059583 
2455332.149950 -23.828183 
2455332.249950 -43.996963 
2455332.349950 -61.211794 
2455332.449950 -74.316875 
2455332.549950 -82.432334 
2455332.649950 -85.013300 
2455332.749950 -81.886487 
2455332.849950 -73.261829 
2455332.949950 -59.718385 
2455333.049950 -42.165457 
2455333.149950 -21.781549 
2455333.249950 0.064770 
2455333.349950 21.906740 
2455333.449950 42.277894 
2455333.549950 59.810519 
2455333.649950 73.327475 
2455333.749950 81.921236 
2455333.849950 85.014820 
2455333.949950 82.400523 
2455334.049950 74.253868 
2455334.149950 61.121821 
2455334.249950 43.886066 
2455334.349950 23.703807 
2455334.449950 1.930079 
2455334.549950 -19.973234 
2455334.649950 -40.535548 
2455334.749950 -58.376312 
2455334.849950 -72.297700 
2455334.949950 -81.365033 
2455335.049950 -84.969531 
2455335.149950 -82.869189 
2455335.249950 -75.205023 
2455335.349950 -62.491605 
2455335.449950 -45.582511 
2455335.549950 -25.613015 
2455335.649950 -3.923865 
2455335.749950 18.028732 
2455335.849950 38.770884 
2455335.949950 56.909964 
2455336.049950 71.228120 
2455336.149950 80.764031 
2455336.249950 84.877459 
2455336.349950 83.292228 
2455336.449950 76.114771 
2455336.549950 63.826981 
2455336.649950 47.253859 
2455336.749950 27.508120 
2455336.849950 5.915491 
2455336.949950 -16.074304 
2455337.049950 -36.984872 
2455337.149950 -55.412282 
2455337.249950 -70.119321 
2455337.349950 -80.118561 
2455337.449950 -84.738653 
2455337.549950 -83.669407 
2455337.649950 -76.982611 
2455337.749950 -65.127215 
2455337.849950 -48.899189 
2455337.949950 -29.388080 
2455338.049950 -7.903859 
2455338.149950 14.111025 
2455338.249950 35.178497 
2455338.349950 53.884090 
2455338.449950 68.971915 
2455338.549950 79.428978 
2455338.649950 84.553191 
2455338.749950 84.000518 
2455338.849950 77.808064 
2455338.949950 66.391590 
2455339.049950 50.517596 
2455339.149950 31.251858 
2455339.249950 9.887876 
2455339.349950 -12.139976 
2455339.449950 -33.352752 
2455339.549950 -52.326230 
2455339.649950 -67.786534 
2455339.749950 -78.695662 
2455339.849950 -84.321175 
2455339.949950 -84.285379 
2455340.049950 -78.590677 
2455340.149950 -67.619410 
2455340.249950 -52.108187 
2455340.349950 -33.098430 
2455340.449950 -11.866449 
2455340.549950 10.162243 
2455340.649950 31.508644 
2455340.749950 50.739560 
2455340.849950 66.563830 
2455340.949950 77.919016 
2455341.049950 84.042732 
2455341.149950 84.523834 
2455341.249950 79.330019 
2455341.349950 68.810000 
2455341.449950 53.670089 
2455341.549950 34.926777 
2455341.649950 13.838488 
2455341.749950 -8.178915 
2455341.849950 -29.647188 
2455341.949950 -49.124953 
2455342.049950 -65.304477 
2455342.149950 -77.099469 
2455342.249950 -83.718016 
2455342.349950 -84.715750 
2455342.449950 -80.025682 
2455342.549950 -69.962703 
2455342.649950 -55.202440 
2455342.749950 -36.735895 
2455342.849950 -15.802908 
2455342.949950 6.191084 
2455343.049950 27.769408 
2455343.149950 47.483298 
2455343.249950 64.009167 
2455343.349950 76.237472 
2455343.449950 83.347205 
2455343.549950 84.861022 
2455343.649950 80.677283 
2455343.749950 71.076885 
2455343.849950 56.704397 
2455343.949950 38.524786 
2455344.049950 17.758626 
2455344.149950 -4.199844 
2455344.249950 -25.876338 
2455344.349950 -45.815499 
2455344.449950 -62.678614 
2455344.549950 -75.333499 
2455344.649950 -82.930504 
2455344.749950 -84.959570 
2455344.849950 -81.284464 
2455344.949950 -72.151933 
2455345.049950 -58.175133 
2455345.149950 -40.292465 
2455345.249950 -19.704567 
2455345.349950 2.206292 
2455345.449950 23.969021 
2455345.549950 44.122474 
2455345.649950 61.313551 
2455345.749950 74.388047 
2455345.849950 82.468142 
2455345.949950 85.011340 
2455346.049950 81.846890 
2455346.149950 73.187254 
2455346.249950 59.613838 
2455346.349950 42.037959 
2455346.449950 21.639659 
2455346.549950 -0.211525 
2455346.649950 -22.048507 
2455346.749950 -42.405156 
2455346.849950 -59.914729 
2455346.949950 -73.401638 
2455347.049950 -81.960374 
2455347.149950 -85.016303 
2455347.249950 -82.364252 
2455347.349950 -74.182279 
2455347.449950 -61.019721 
2455347.549950 -43.760308 
2455347.649950 -23.562836 
2455347.749950 -1.783359 
2455347.849950 20.115853 
2455347.949950 40.664489 
2455348.049950 58.482919 
2455348.149950 72.374815 
2455348.249950 81.407478 
2455348.349950 84.974457 
2455348.449950 82.836265 
2455348.549950 75.136460 
2455348.649950 62.392006 
2455348.749950 45.458563 
2455348.849950 25.473039 
2455348.949950 3.777261 
2455349.049950 -18.172123 
2455349.149950 -38.901433 
2455349.249950 -57.018908 
2455349.349950 -71.308143 
2455349.449950 -80.809761 
2455349.549950 -84.885825 
2455349.649950 -83.262669 
2455349.749950 -76.049271 
2455349.849950 -63.729939 
2455349.949950 -47.131788 
2455350.049950 -27.369218 
2455350.149950 -5.769083 
2455350.249950 16.218388 
2455350.349950 37.116959 
2455350.449950 55.523503 
2455350.549950 70.202208 
2455350.649950 80.167550 
2455350.749950 84.750455 
2455350.849950 83.643229 
2455350.949950 76.920210 
2455351.049950 65.032782 
2455351.149950 48.779063 
2455351.249950 29.250327 
2455351.349950 7.757728 
2455351.449950 -14.255723 
2455351.549950 -35.312048 
2455351.649950 -53.997527 
2455351.749950 -69.057621 
2455351.849950 -79.481199 
2455351.949950 -84.568422 
2455352.049950 -83.977735 
2455352.149950 -77.748798 
2455352.249950 -66.299819 
2455352.349950 -50.399481 
2455352.449950 -31.115331 
2455352.549950 -9.742102 
2455352.649950 12.285209 
2455352.749950 33.487694 
2455352.849950 52.441820 
2455352.949950 67.875012 
2455353.049950 78.751086 
2455353.149950 84.339826 
2455353.249950 84.266004 
2455353.349950 78.534577 
2455353.449950 67.530351 
2455353.549950 51.992149 
2455353.649950 32.963203 
2455353.749950 11.721113 
2455353.849950 -10.307931 
2455353.949950 -31.644902 
2455354.049950 -50.857240 
2455354.149950 -66.655031 
2455354.249950 -77.977614 
2455354.349950 -84.064794 
2455354.449950 -84.507877 
2455354.549950 -79.277116 
2455354.649950 -68.723702 
2455354.749950 -53.556191 
2455354.849950 -34.792926 
2455354.949950 -13.693669 
2455355.049950 8.324978 
2455355.149950 29.784687 
2455355.249950 49.244657 
2455355.349950 65.398350 
2455355.449950 77.161208 
2455355.549950 83.743476 
2455355.649950 84.703220 
2455355.749950 79.976005 
2455355.849950 69.879214 
2455355.949950 55.090744 
2455356.049950 36.603492 
2455356.149950 15.658686 
2455356.249950 -6.337440 
2455356.349950 -27.908073 
2455356.449950 -47.604961 
2455356.549950 -64.105661 
2455356.649950 -76.302317 
2455356.749950 -83.376049 
2455356.849950 -84.851926 
2455356.949950 -80.630860 
2455357.049950 -70.996251 
2455357.149950 -56.594966 
2455357.249950 -38.393904 
2455357.349950 -17.615082 
2455357.449950 4.346414 
2455357.549950 26.016092 
2455357.649950 45.939054 
2455357.749950 62.777676 
2455357.849950 75.401415 
2455357.949950 82.962716 
2455358.049950 84.953914 
2455358.149950 81.241320 
2455358.249950 72.074198 
2455358.349950 58.068026 
2455358.449950 40.163177 
2455358.549950 19.561779 
2455358.649950 -2.352994 
2455358.749950 -24.109787 
2455358.849950 -44.247854 
2455358.949950 -61.415126 
2455359.049950 -74.458998 
2455359.149950 -82.503704 
2455359.249950 -85.009126 
2455359.349950 -81.807050 
2455359.449950 -73.112461 
2455359.549950 -59.509115 
2455359.649950 -41.910336 
2455359.749950 -21.497705 
2455359.849950 0.358279 
2455359.949950 22.190208 
2455360.049950 42.532290 
2455360.149950 60.018762 
2455360.249950 73.475583 
2455360.349950 81.999267 
2455360.449950 85.017533 
2455360.549950 82.327737 
2455360.649950 74.110470 
2455360.749950 60.917438 
2455360.849950 43.634420 
2455360.949950 23.421794 
2455361.049950 1.636633 
2455361.149950 -20.258411 
2455361.249950 -40.793309 
2455361.349950 -58.589351 
2455361.449950 -72.451714 
2455361.549950 -81.449681 
2455361.649950 -84.979130 
2455361.749950 -82.803095 
2455361.849950 -75.067673 
2455361.949950 -62.292221 
2455362.049950 -45.334479 
2455362.149950 -25.332988 
2455362.249950 -3.630645 
2455362.349950 18.315460 
2455362.449950 39.031867 
2455362.549950 57.127682 
2455362.649950 71.387953 
2455362.749950 80.855249 
2455362.849950 84.893938 
2455362.949950 83.232862 
2455363.049950 75.983545 
2455363.149950 63.632706 
2455363.249950 47.009577 
2455363.349950 27.230234 
2455363.449950 5.622657 
2455363.549950 -16.362424 
2455363.649950 -37.248935 
2455363.749950 -55.634558 
2455363.849950 -70.284887 
2455363.949950 -80.216300 
2455364.049950 -84.762004 
2455364.149950 -83.616801 
2455364.249950 -76.857581 
2455364.349950 -64.938155 
2455364.449950 -48.658792 
2455364.549950 -29.112487 
2455364.649950 -7.611574 
2455364.749950 14.400379 
2455364.849950 35.445493 
2455364.949950 54.110803 
2455365.049950 69.143122 
2455365.149950 79.533183 
2455365.249950 84.583400 
2455365.349950 83.954702 
2455365.449950 77.689299 
2455365.549950 66.207850 
2455365.649950 50.281216 
2455365.749950 30.978711 
2455365.849950 9.596299 
2455365.949950 -12.430406 
2455366.049950 -33.622536 
2455366.149950 -52.557254 
2455366.249950 -67.963287 
2455366.349950 -78.806277 
2455366.449950 -84.358226 
2455366.549950 -84.246378 
2455366.649950 -78.478243 
2455366.749950 -67.441091 
2455366.849950 -51.875956 
2455366.949950 -32.827878 
2455367.049950 -11.575741 
2455367.149950 10.453588 
2455367.249950 31.781066 
2455367.349950 50.974768 
2455367.449950 66.746033 
2455367.549950 78.035980 
2455367.649950 84.086604 
2455367.749950 84.491669 
2455367.849950 79.223976 
2455367.949950 68.637199 
2455368.049950 53.442133 
2455368.149950 34.658970 
2455368.249950 13.548810 
2455368.349950 -8.471015 
2455368.449950 -29.922098 
2455368.549950 -49.364215 
2455368.649950 -65.492028 
2455368.749950 -77.222717 
2455368.849950 -83.768685 
2455368.949950 -84.690439 
2455369.049950 -79.926090 
2455369.149950 -69.795517 
2455369.249950 -54.978885 
2455369.349950 -36.470979 
2455369.449950 -15.514418 
2455369.549950 6.483778 
2455369.649950 28.046654 
2455369.749950 47.726483 
2455369.849950 64.201964 
2455369.949950 76.366936 
2455370.049950 83.404644 
2455370.149950 84.842579 
2455370.249950 80.584197 
2455370.349950 70.915405 
2455370.449950 56.485366 
2455370.549950 38.262908 
2455370.649950 17.471485 
2455370.749950 -4.492971 
2455370.849950 -26.155769 
2455370.949950 -46.062473 
2455371.049950 -62.876551 
2455371.149950 -75.469107 
2455371.249950 -82.994681 
2455371.349950 -84.948005 
2455371.449950 -81.197934 
2455371.549950 -71.996248 
2455371.649950 -57.960746 
2455371.749950 -40.033769 
2455371.849950 -19.418932 
2455371.949950 2.499690 
2455372.049950 24.250482 
2455372.149950 44.373101 
2455372.249950 61.516518 
2455372.349950 74.529726 
2455372.449950 82.539021 
2455372.549950 85.006659 
2455372.649950 81.766965 
2455372.749950 73.037451 
2455372.849950 59.404214 
2455372.949950 41.782588 
2455373.049950 21.355687 
2455373.149950 -0.505032 
2455373.249950 -22.331843 
2455373.349950 -42.659298 
2455373.449950 -60.122615 
2455373.549950 -73.549309 
2455373.649950 -82.037916 
2455373.749950 -85.018510 
2455373.849950 -82.290976 
2455373.949950 -74.038439 
2455374.049950 -60.814974 
2455374.149950 -43.508402 
2455374.249950 -23.280683 
2455374.349950 -1.489903 
2455374.449950 20.400909 
2455374.549950 40.922007 
2455374.649950 58.695609 
2455374.749950 72.528397 
2455374.849950 81.491641 
2455374.949950 84.983550 
2455375.049950 82.769677 
2455375.149950 74.998662 
2455375.249950 62.192250 
2455375.349950 45.210260 
2455375.449950 25.192862 
2455375.549950 3.484018 
2455375.649950 -18.458742 
2455375.749950 -39.162185 
2455375.849950 -57.236285 
2455375.949950 -71.467551 
2455376.049950 -80.900498 
2455376.149950 -84.901798 
2455376.249950 -83.202806 
2455376.349950 -75.917592 
2455376.449950 -63.535283 
2455376.549950 -46.887226 
2455376.649950 -27.091169 
2455376.749950 -5.476215 
2455376.849950 16.506411 
2455376.949950 37.380800 
2455377.049950 55.745448 
2455377.149950 70.367355 
2455377.249950 80.264811 
2455377.349950 84.773300 
2455377.449950 83.590125 
2455377.549950 76.794722 
2455377.649950 64.843335 
2455377.749950 48.538377 
2455377.849950 28.974560 
2455377.949950 7.465396 
2455378.049950 -14.544993 
2455378.149950 -35.578833 
2455378.249950 -54.223917 
2455378.349950 -69.228416 
2455378.449950 -79.584931 
2455378.549950 -84.598127 
2455378.649950 -83.931419 
2455378.749950 -77.629569 
2455378.849950 -66.115684 
2455378.949950 -50.162802 
2455379.049950 -30.841998 
2455379.149950 -9.450468 
2455379.249950 12.575565 
2455379.349950 33.757277 
2455379.449950 52.672531 
2455379.549950 68.051360 
2455379.649950 78.861232 
2455379.749950 84.376374 
2455379.849950 84.226501 
2455379.949950 78.421674 
2455380.049950 67.351630 
2455380.149950 51.759608 
2455380.249950 32.692455 
2455380.349950 11.430336 
2455380.449950 -10.599214 
2455380.549950 -31.917135 
2455380.649950 -51.092144 
2455380.749950 -66.836836 
2455380.849950 -78.094113 
2455380.949950 -84.108165 
2455381.049950 -84.475208 
2455381.149950 -79.170601 
2455381.249950 -68.550492 
2455381.349950 -53.327915 
2455381.449950 -34.524911 
2455381.549950 -13.403910 
2455381.649950 8.617027 
2455381.749950 30.059419 
2455381.849950 49.483626 
2455381.949950 65.585511 
2455382.049950 77.283996 
2455382.149950 83.793646 
2455382.249950 84.677405 
2455382.349950 79.875937 
2455382.449950 69.711612 
2455382.549950 54.866861 
2455382.649950 36.338358 
2455382.749950 15.370104 
2455382.849950 -6.630096 
2455382.949950 -28.185153 
2455383.049950 -47.847863 
2455383.149950 -64.298076 
2455383.249950 -76.431326 
2455383.349950 -83.432991 
2455383.449950 -84.832978 
2455383.549950 -80.537293 
2455383.649950 -70.834348 
2455383.749950 -56.375597 
2455383.849950 -38.131798 
2455383.949950 -17.327836 
2455384.049950 4.639514 
2455384.149950 26.295368 
2455384.249950 46.185755 
2455384.349950 62.975238 
2455384.449950 75.536574 
2455384.549950 83.026398 
2455384.649950 84.941843 
2455384.749950 81.154307 
2455384.849950 71.918084 
2455384.949950 57.853293 
2455385.049950 39.904242 
2455385.149950 19.276027 
2455385.249950 -2.646378 
2455385.349950 -24.391105 
2455385.449950 -44.498217 
2455385.549950 -61.617727 
2455385.649950 -74.600233 
2455385.749950 -82.574091 
2455385.849950 -85.003939 
2455385.949950 -81.726637 
2455386.049950 -72.962222 
2455386.149950 -59.299136 
2455386.249950 -41.654716 
2455386.349950 -21.213605 
2455386.449950 0.651784 
2455386.549950 22.473412 
2455386.649950 42.786179 
2455386.749950 60.226289 
2455386.849950 73.622816 
2455386.949950 82.076320 
2455387.049950 85.019233 
2455387.149950 82.253969 
2455387.249950 73.966188 
2455387.349950 60.712329 
2455387.449950 43.382254 
2455387.549950 23.139502 
2455387.649950 1.343168 
2455387.749950 -20.543346 
2455387.849950 -41.050583 
2455387.949950 -58.801692 
2455388.049950 -72.604864 
2455388.149950 -81.533358 
2455388.249950 -84.987716 
2455388.349950 -82.736013 
2455388.449950 -74.929428 
2455388.549950 -62.092094 
2455388.649950 -45.085907 
2455388.749950 -25.052660 
2455388.849950 -3.337381 
2455388.949950 18.601969 
2455389.049950 39.292386 
2455389.149950 57.344718 
2455389.249950 71.546936 
2455389.349950 80.945505 
2455389.449950 84.909405 
2455389.549950 83.172503 
2455389.649950 75.851413 
2455389.749950 63.437672 
2455389.849950 46.764736 
2455389.949950 26.952023 
2455390.049950 5.329756 
2455390.149950 -16.650349 
2455390.249950 -37.512553 
2455390.349950 -55.856171 
2455390.449950 -70.449615 
2455390.549950 -80.313083 
2455390.649950 -84.784344 
2455390.749950 -83.563199 
2455390.849950 -76.731635 
2455390.949950 -64.748321 
2455391.049950 -48.417816 
2455391.149950 -28.836547 
2455391.249950 -7.319197 
2455391.349950 14.689562 
2455391.449950 35.712067 
2455391.549950 54.336870 
2455391.649950 69.313504 
2455391.749950 79.636441 
2455391.849950 84.612601 
2455391.949950 83.907885 
2455392.049950 77.569608 
2455392.149950 66.023320 
2455392.249950 50.044238 
2455392.349950 30.705194 
2455392.449950 9.304608 
2455392.549950 -12.720688 
2455392.649950 -33.891918 
2455392.749950 -52.787651 
2455392.849950 -68.139230 
2455392.949950 -78.915953 
2455393.049950 -84.394271 
2455393.149950 -84.206373 
2455393.249950 -78.364872 
2455393.349950 -67.261968 
2455393.449950 -51.643106 
2455393.549950 -32.556934 
2455393.649950 -11.284896 
2455393.749950 10.744809 
2455393.849950 32.053109 
2455393.949950 51.209368 
2455394.049950 66.927439 
2455394.149950 78.152013 
2455394.249950 84.129474 
2455394.349950 84.458497 
2455394.449950 79.116990 
2455394.549950 68.463581 
2455394.649950 53.213539 
2455394.749950 34.390749 
2455394.849950 13.258970 
2455394.949950 -8.763014 
2455395.049950 -30.196651 
2455395.149950 -49.602890 
2455395.249950 -65.678799 
2455395.349950 -77.345044 
2455395.449950 -83.818356 
2455395.549950 -84.664118 
2455395.649950 -79.825545 
2455395.749950 -69.627499 
2455395.849950 -54.754674 
2455395.949950 -36.205629 
2455396.049950 -15.225744 
2455396.149950 6.776394 
2455396.249950 28.323567 
2455396.349950 47.969100 
2455396.449950 64.393996 
2455396.549950 76.495489 
2455396.649950 83.461089 
2455396.749950 84.823125 
2455396.849950 80.490150 
2455396.949950 70.753080 
2455397.049950 56.265661 
2455397.149950 38.000574 
2455397.249950 17.184135 
2455397.349950 -4.786043 
2455397.449950 -26.434888 
2455397.549950 -46.308899 
2455397.649950 -63.073738 
2455397.749950 -75.603816 
2455397.849950 -83.057868 
2455397.949950 -84.935428 
2455398.049950 -81.110437 
2455398.149950 -71.839706 
2455398.249950 -57.745668 
2455398.349950 -39.774596 
2455398.449950 -19.133065 
2455398.549950 2.793058 
2455398.649950 24.531654 
2455398.749950 44.623200 
2455398.849950 61.718752 
2455398.949950 74.670517 
2455399.049950 82.608916 
2455399.149950 85.000966 
2455399.249950 81.686066 
2455399.349950 72.886776 
2455399.449950 59.193881 
2455399.549950 41.526719 
2455399.649950 21.071460 
2455399.749950 -0.798534 
2455399.849950 -22.614914 
2455399.949950 -42.912933 
2455400.049950 -60.329784 
2455400.149950 -73.696104 
2455400.249950 -82.114480 
2455400.349950 -85.019703 
2455400.449950 -82.216718 
2455400.549950 -73.893716 
2455400.649950 -60.609503 
2455400.749950 -43.255977 
2455400.849950 -22.998253 
2455400.949950 -1.196430 
2455401.049950 20.685722 
2455401.149950 41.179037 
2455401.249950 58.907599 
2455401.349950 72.681115 
2455401.449950 81.574832 
2455401.549950 84.991629 
2455401.649950 82.702103 
2455401.749950 74.859971 
2455401.849950 61.991753 
2455401.949950 44.961419 
2455402.049950 24.912383 
2455402.149950 3.190734 
2455402.249950 -18.745140 
2455402.349950 -39.422469 
2455402.449950 -57.452980 
2455402.549950 -71.626108 
2455402.649950 -80.990270 
2455402.749950 -84.916760 
2455402.849950 -83.141952 
2455402.949950 -75.785008 
2455403.049950 -63.339871 
2455403.149950 -46.642106 
2455403.249950 -26.812797 
2455403.349950 -5.183282 
2455403.449950 16.794238 
2455403.549950 37.644195 
2455403.649950 55.966728 
2455403.749950 70.531664 
2455403.849950 80.361116 
2455403.949950 84.795136 
2455404.049950 83.536024 
2455404.149950 76.668318 
2455404.249950 64.653114 
2455404.349950 48.297111 
2455404.449950 28.698448 
2455404.549950 7.172976 
2455404.649950 -14.834089 
2455404.749950 -35.845195 
2455404.849950 -54.449661 
2455404.949950 -69.398386 
2455405.049950 -79.687715 
2455405.149950 -84.626824 
2455405.249950 -83.884102 
2455405.349950 -77.509416 
2455405.449950 -65.930760 
2455405.549950 -49.925525 
2455405.649950 -30.568298 
2455405.749950 -9.158721 
2455405.849950 12.865772 
2455405.949950 34.026458 
2455406.049950 52.902614 
2455406.149950 68.226897 
2455406.249950 78.970438 
2455406.349950 84.411917 
2455406.449950 84.185994 
2455406.549950 78.307837 
2455406.649950 67.172105 
2455406.749950 51.526450 
2455406.849950 32.421317 
2455406.949950 11.139422 
2455407.049950 -10.890371 
2455407.149950 -32.188987 
2455407.249950 -51.326440 
2455407.349950 -67.017844 
2455407.449950 -78.209681 
2455407.549950 -84.150533 
2455407.649950 -84.441533 
2455407.749950 -79.063143 
2455407.849950 -68.376466 
2455407.949950 -53.099005 
2455408.049950 -34.256485 
2455408.149950 -13.113991 
2455408.249950 8.908974 
2455408.349950 30.333793 
2455408.449950 49.722005 
2455408.549950 65.771891 
2455408.649950 77.405862 
2455408.749950 83.842817 
2455408.849950 84.650580 
2455408.949950 79.774916 
2455409.049950 69.543179 
2455409.149950 54.642324 
2455409.249950 36.072792 
2455409.349950 15.081339 
2455409.449950 -6.922672 
2455409.549950 -28.461897 
2455409.649950 -48.090194 
2455409.749950 -64.489724 
2455409.849950 -76.559424 
2455409.949950 -83.488938 
2455410.049950 -84.813018 
2455410.149950 -80.442767 
2455410.249950 -70.671602 
2455410.349950 -56.155557 
2455410.449950 -37.869237 
2455410.549950 -17.040384 
2455410.649950 4.932559 
2455410.749950 26.574330 
2455410.849950 46.431905 
2455410.949950 63.172049 
2455411.049950 75.670833 
2455411.149950 83.089090 
2455411.249950 84.928759 
2455411.349950 81.066326 
2455411.449950 71.761113 
2455411.549950 57.637871 
2455411.649950 39.644832 
2455411.749950 18.990046 
2455411.849950 -2.939729 
2455411.949950 -24.672131 
2455412.049950 -44.748050 
2455412.149950 -61.819593 
2455412.249950 -74.740579 
2455412.349950 -82.643494 
2455412.449950 -84.997739 
2455412.549950 -81.645251 
2455412.649950 -72.811113 
2455412.749950 -59.088450 
2455412.849950 -41.398599 
2455412.949950 -20.929252 
2455413.049950 0.945281 
2455413.149950 22.756348 
2455413.249950 43.039558 
2455413.349950 60.433099 
2455413.449950 73.769172 
2455413.549950 82.152395 
2455413.649950 85.019920 
2455413.749950 82.179222 
2455413.849950 73.821025 
2455413.949950 60.506496 
2455414.049950 43.129571 
2455414.149950 22.856935 
2455414.249950 1.049687 
2455414.349950 -20.828036 
2455414.449950 -41.307369 
2455414.549950 -59.013331 
2455414.649950 -72.757149 
2455414.749950 -81.616064 
2455414.849950 -84.995290 
2455414.949950 -82.667946 
2455415.049950 -74.790290 
2455415.149950 -61.891227 
2455415.249950 -44.836797 
2455415.349950 -24.772033 
2455415.449950 -3.044078 
2455415.549950 18.888256 
2455415.649950 39.552436 
2455415.749950 57.561071 
2455415.849950 71.705066 
2455415.949950 81.034795 
2455416.049950 84.923861 
2455416.149950 83.111154 
2455416.249950 75.718377 
2455416.349950 63.241882 
2455416.449950 46.519337 
2455416.549950 26.673491 
2455416.649950 5.036792 
2455416.749950 -16.938076 
2455416.849950 -37.775725 
2455416.949950 -56.077118 
2455417.049950 -70.613503 
2455417.149950 -80.408909 
2455417.249950 -84.805674 
2455417.349950 -83.508601 
2455417.449950 -76.604774 
2455417.549950 -64.557715 
2455417.649950 -48.176263 
2455417.749950 -28.560264 
2455417.849950 -7.026733 
2455417.949950 14.978570 
2455418.049950 35.978216 
2455418.149950 54.562290 
2455418.249950 69.483060 
2455418.349950 79.738750 
2455418.449950 84.640794 
2455418.549950 83.860069 
2455418.649950 77.448993 
2455418.749950 65.838004 
2455418.849950 49.806663 
2455418.949950 30.431311 
2455419.049950 9.012806 
2455419.149950 -13.010818 
2455419.249950 -34.160897 
2455419.349950 -53.017419 
2455419.449950 -68.314361 
2455419.549950 -79.024688 
2455419.649950 -84.429311 
2455419.749950 -84.165364 
2455419.849950 -78.250568 
2455419.949950 -67.082043 
2455420.049950 -51.409640 
2455420.149950 -32.285603 
2455420.249950 -10.993916 
2455420.349950 11.035901 
2455420.449950 32.324769 
2455420.549950 51.443358 
2455420.649950 67.108048 
2455420.749950 78.267116 
2455420.849950 84.171342 
2455420.949950 84.424318 
2455421.049950 79.009060 
2455421.149950 68.289147 
2455421.249950 52.984312 
2455421.349950 34.122119 
2455421.449950 12.968973 
2455421.549950 -9.054908 
2455421.649950 -30.470844 
2455421.749950 -49.840973 
2455421.849950 -65.864786 
2455421.949950 -77.466450 
2455422.049950 -83.867028 
2455422.149950 -84.636789 
2455422.249950 -79.724050 
2455422.349950 -69.458651 
2455422.449950 -54.529810 
2455422.549950 -35.939847 
2455422.649950 -14.936889 
2455422.749950 7.068930 
2455422.849950 28.600142 
2455422.949950 48.211145 
2455423.049950 64.585260 
2455423.149950 76.623131 
2455423.249950 83.516539 
2455423.349950 84.802659 
2455423.449950 80.395144 
2455423.549950 70.589912 
2455423.649950 56.045285 
2455423.749950 37.737788 
2455423.849950 16.896581 
2455423.949950 -5.079059 
2455424.049950 -26.713692 
2455424.149950 -46.554772 
2455424.249950 -63.270173 
2455424.349950 -75.737625 
2455424.449950 -83.120065 
2455424.549950 -84.921838 
2455424.649950 -81.021973 
2455424.749950 -71.682307 
2455424.849950 -57.529902 
2455424.949950 -39.514950 
2455425.049950 -18.846970 
2455425.149950 3.086392 
2455425.249950 24.812534 
2455425.349950 44.872767 
2455425.449950 61.920250 
2455425.549950 74.810418 
2455425.649950 82.677826 
2455425.749950 84.994259 
2455425.849950 81.604192 
2455425.949950 72.735234 
2455426.049950 58.982843 
2455426.149950 41.270355 
2455426.249950 20.786982 
2455426.349950 -1.092026 
2455426.449950 -22.897715 
2455426.549950 -43.166056 
2455426.649950 -60.536234 
2455426.749950 -73.842020 
2455426.849950 -82.190066 
2455426.949950 -85.019884 
2455427.049950 -82.141481 
2455427.149950 -73.748113 
2455427.249950 -60.403309 
2455427.349950 -43.003037 
2455427.449950 -22.715548 
2455427.549950 -0.902942 
2455427.649950 20.970288 
2455427.749950 41.435577 
2455427.849950 59.118888 
2455427.949950 72.832966 
2455428.049950 81.657052 
2455428.149950 84.998696 
2455428.249950 82.633543 
2455428.349950 74.720387 
2455428.449950 61.790517 
2455428.549950 44.712042 
2455428.649950 24.631608 
2455428.749950 2.897412 
2455428.849950 -19.031316 
2455428.949950 -39.682284 
2455429.049950 -57.668990 
2455429.149950 -71.783811 
2455429.249950 -81.079078 
2455429.349950 -84.930709 
2455429.449950 -83.080107 
2455429.549950 -75.651521 
2455429.649950 -63.143704 
2455429.749950 -46.396429 
2455429.849950 -26.534106 
2455429.949950 -4.890287 
2455430.049950 17.081864 
2455430.149950 37.907142 
2455430.249950 56.187341 
2455430.349950 70.695132 
2455430.449950 80.456463 
2455430.549950 84.815960 
2455430.649950 83.480928 
2455430.749950 76.541001 
2455430.849950 64.462124 
2455430.949950 48.055270 
2455431.049950 28.421994 
2455431.149950 6.880470 
2455431.249950 -15.123008 
2455431.349950 -36.111129 
2455431.449950 -54.674756 
2455431.549950 -69.567528 
2455431.649950 -79.789548 
2455431.749950 -84.654512 
2455431.849950 -83.835785 
2455431.949950 -77.388339 
2455432.049950 -65.745052 
2455432.149950 -49.687653 
2455432.249950 -30.294233 
2455432.349950 -8.866864 
2455432.449950 13.155825 
2455432.549950 34.295234 
2455432.649950 53.132067 
2455432.749950 68.401621 
2455432.849950 79.078703 
2455432.949950 84.446453 
2455433.049950 84.144483 
2455433.149950 78.193067 
2455433.249950 66.991781 
2455433.349950 51.292678 
2455433.449950 32.149793 
2455433.549950 10.848376 
2455433.649950 -11.181398 
2455433.749950 -32.460455 
2455433.849950 -51.560123 
2455433.949950 -67.198053 
2455434.049950 -78.324317 
2455434.149950 -84.191899 
2455434.249950 -84.406852 
2455434.349950 -78.954742 
2455434.449950 -68.201624 
2455434.549950 -52.869461 
2455434.649950 -33.987651 
2455434.749950 -12.823916 
2455434.849950 9.200815 
2455434.949950 30.607805 
2455435.049950 49.959791 
2455435.149950 65.957486 
2455435.249950 77.526806 
2455435.349950 83.890990 
2455435.449950 84.622746 
2455435.549950 79.672946 
2455435.649950 69.373917 
2455435.749950 54.417135 
2455435.849950 35.806796 
2455435.949950 14.792394 
2455436.049950 -7.215166 
2455436.149950 -28.738302 
2455436.249950 -48.331952 
2455436.349950 -64.680603 
2455436.449950 -76.686610 
2455436.549950 -83.543890 
2455436.649950 -84.792048 
2455436.749950 -80.347282 
2455436.849950 -70.508012 
2455436.949950 -55.934847 
2455437.049950 -37.606225 
2455437.149950 -16.752728 
2455437.249950 5.225545 
2455437.349950 26.852975 
2455437.449950 46.677501 
2455437.549950 63.368108 
2455437.649950 75.804190 
2455437.749950 83.150792 
2455437.849950 84.914664 
2455437.949950 80.977379 
2455438.049950 71.603287 
2455438.149950 57.421762 
2455438.249950 39.384949 
2455438.349950 18.703838 
2455438.449950 -3.233046 
2455438.549950 -24.952864 
2455438.649950 -44.997350 
2455438.749950 -62.020723 
2455438.849950 -74.880034 
2455438.949950 -82.711912 
2455439.049950 -84.990526 
2455439.149950 -81.562891 
2455439.249950 -72.659137 
2455439.349950 -58.877061 
2455439.449950 -41.141988 
2455439.549950 -20.644650 
2455439.649950 1.238767 
2455439.749950 23.039014 
2455439.849950 43.292424 
2455439.949950 60.639189 
2455440.049950 73.914649 
2455440.149950 82.227491 
2455440.249950 85.019594 
2455440.349950 82.103495 
2455440.449950 73.674982 
2455440.549950 60.299942 
2455440.649950 42.876375 
2455440.749950 22.574095 
2455440.849950 0.756194 
2455440.949950 -21.112478 
2455441.049950 -41.563662 
2455441.149950 -59.224268 
2455441.249950 -72.908566 
2455441.349950 -81.697796 
2455441.449950 -85.001850 
2455441.549950 -82.598893 
2455441.649950 -74.650261 
2455441.749950 -61.689623 
2455441.849950 -44.587154 
2455441.949950 -24.491110 
2455442.049950 -2.750738 
2455442.149950 19.174318 
2455442.249950 39.812014 
2455442.349950 57.776738 
2455442.449950 71.862342 
2455442.549950 81.123119 
2455442.649950 84.937305 
2455442.749950 83.048813 
2455442.849950 75.584439 
2455442.949950 63.045338 
2455443.049950 46.273383 
2455443.149950 26.394641 
2455443.249950 4.743768 
2455443.349950 -17.225601 
2455443.449950 -38.038447 
2455443.549950 -56.297397 
2455443.649950 -70.776550 
2455443.749950 -80.503777 
2455443.849950 -84.825993 
2455443.949950 -83.453007 
2455444.049950 -76.477000 
2455444.149950 -64.366340 
2455444.249950 -47.934135 
2455444.349950 -28.283640 
2455444.449950 -6.734186 
2455444.549950 15.267400 
2455444.649950 36.243935 
2455444.749950 54.787059 
2455444.849950 69.651789 
2455444.949950 79.840109 
2455445.049950 84.667978 
2455445.149950 83.811253 
2455445.249950 77.327454 
2455445.349950 65.651903 
2455445.449950 49.568495 
2455445.549950 30.157066 
2455445.649950 8.720896 
2455445.749950 -13.300793 
2455445.849950 -34.429468 
2455445.949950 -53.246556 
2455446.049950 -68.488678 
2455446.149950 -79.132482 
2455446.249950 -84.463344 
2455446.349950 -84.123352 
2455446.449950 -78.135332 
2455446.549950 -66.901319 
2455446.649950 -51.175562 
2455446.749950 -32.013887 
2455446.849950 -10.702805 
2455446.949950 11.326862 
2455447.049950 32.596045 
2455447.149950 51.676735 
2455447.249950 67.287858 
2455447.349950 78.381285 
2455447.449950 84.212206 
2455447.549950 84.389133 
2455447.649950 78.900189 
2455447.749950 68.113899 
2455447.849950 52.754453 
2455447.949950 33.853082 
2455448.049950 12.678820 
2455448.149950 -9.346695 
2455448.249950 -30.744674 
2455448.349950 -50.078462 
2455448.449950 -66.049989 
2455448.549950 -77.586932 
2455448.649950 -83.914701 
2455448.749950 -84.608451 
2455448.849950 -79.621604 
2455448.949950 -69.288976 
2455449.049950 -54.304297 
2455449.149950 -35.673637 
2455449.249950 -14.647855 
2455449.349950 7.361381 
2455449.449950 28.876376 
2455449.549950 48.452615 
2455449.649950 64.775754 
2455449.749950 76.749860 
2455449.849950 83.570993 
2455449.949950 84.781184 
2455450.049950 80.299180 
2455450.149950 70.425903 
2455450.249950 55.824242 
2455450.349950 37.474551 
2455450.449950 16.608825 
2455450.549950 -5.372015 
2455450.649950 -26.992178 
2455450.749950 -46.800091 
2455450.849950 -63.465854 
2455450.949950 -75.870530 
2455451.049950 -83.181272 
2455451.149950 -84.907237 
2455451.249950 -80.932544 
2455451.349950 -71.524054 
2455451.449950 -57.313450 
2455451.549950 -39.254832 
2455451.649950 -18.560650 
2455451.749950 3.379690 
2455451.849950 25.093119 
2455451.949950 45.121799 
2455452.049950 62.121010 
2455452.149950 74.949427 
2455452.249950 82.745751 
2455452.349950 84.986540 
2455452.449950 81.521347 
2455452.549950 72.582824 
2455452.649950 58.771102 
2455452.749950 41.013499 
2455452.849950 20.502256 
2455452.949950 -1.385505 
2455453.049950 -23.180243 
2455453.149950 -43.418664 
2455453.249950 -60.741963 
2455453.349950 -73.987057 
2455453.449950 -82.264672 
2455453.549950 -85.019051 
2455453.649950 -82.065265 
2455453.749950 -73.601631 
2455453.849950 -60.196395 
2455453.949950 -42.749584 
2455454.049950 -22.432573 
2455454.149950 -0.609443 
2455454.249950 21.254605 
2455454.349950 41.691622 
2455454.449950 59.329471 
2455454.549950 72.983950 
2455454.649950 81.738298 
2455454.749950 85.004750 
2455454.849950 82.563998 
2455454.949950 74.579913 
2455455.049950 61.588545 
2455455.149950 44.462132 
2455455.249950 24.350539 
2455455.349950 2.604056 
2455455.449950 -19.317264 
2455455.549950 -39.941626 
2455455.649950 -57.884314 
2455455.749950 -71.940658 
2455455.849950 -81.166919 
2455455.949950 -84.943647 
2455456.049950 -83.017272 
2455456.149950 -75.517132 
2455456.249950 -62.946784 
2455456.349950 -46.150199 
2455456.449950 -26.255098 
2455456.549950 -4.597234 
2455456.649950 17.369287 
2455456.749950 38.169638 
2455456.849950 56.407285 
2455456.949950 70.857757 
2455457.049950 80.550851 
2455457.149950 84.835774 
2455457.249950 83.424838 
2455457.349950 76.412772 
2455457.449950 64.270365 
2455457.549950 47.812857 
2455457.649950 28.145201 
2455457.749950 6.587882 
2455457.849950 -15.411747 
2455457.949950 -36.376633 
2455458.049950 -54.899199 
2455458.149950 -69.735842 
2455458.249950 -79.890431 
2455458.349950 -84.681191 
2455458.449950 -83.786470 
2455458.549950 -77.266339 
2455458.649950 -65.558559 
2455458.749950 -49.449189 
2455458.849950 -30.019808 
2455458.949950 -8.574902 
2455459.049950 13.445721 
2455459.149950 34.563601 
2455459.249950 53.360886 
2455459.349950 68.575530 
2455459.449950 79.186025 
2455459.549950 84.479983 
2455459.649950 84.101970 
2455459.749950 78.077364 
2455459.849950 66.810657 
2455459.949950 51.058294 
2455460.049950 31.877886 
2455460.149950 10.557201 
2455460.249950 -11.472292 
2455460.349950 -32.731537 
2455460.449950 -51.793193 
2455460.549950 -67.377462 
2455460.649950 -78.438019 
2455460.749950 -84.232262 
2455460.849950 -84.371164 
2455460.949950 -78.845400 
2455461.049950 -68.025970 
2455461.149950 -52.639287 
2455461.249950 -33.718412 
2455461.349950 -12.533688 
2455461.449950 9.492546 
2455461.549950 30.881452 
2455461.649950 50.196982 
2455461.749950 66.142296 
2455461.849950 77.646826 
2455461.949950 83.938162 
2455462.049950 84.593904 
2455462.149950 79.570025 
2455462.249950 69.203828 
2455462.349950 54.191298 
2455462.449950 35.540373 
2455462.549950 14.503273 
2455462.649950 -7.507574 
2455462.749950 -29.014364 
2455462.849950 -48.573134 
2455462.949950 -64.870712 
2455463.049950 -76.812882 
2455463.149950 -83.597847 
2455463.249950 -84.770067 
2455463.349950 -80.250839 
2455463.449950 -70.343583 
2455463.549950 -55.713471 
2455463.649950 -37.342765 
2455463.749950 -16.464873 
2455463.849950 5.518468 
2455463.949950 27.131301 
2455464.049950 46.922542 
2455464.149950 63.563411 
2455464.249950 75.936644 
2455464.349950 83.211503 
2455464.449950 84.899556 
2455464.549950 80.887467 
2455464.649950 71.444607 
2455464.749950 57.204968 
2455464.849950 39.124597 
2455464.949950 18.417407 
2455465.049950 -3.526324 
2455465.149950 -25.233299 
2455465.249950 -45.246114 
2455465.349950 -62.221113 
2455465.449950 -75.018596 
2455465.549950 -82.779344 
2455465.649950 -84.982301 
2455465.749950 -81.479559 
2455465.849950 -72.506294 
2455465.949950 -58.664969 
2455466.049950 -40.884887 
2455466.149950 -20.359801 
2455466.249950 1.532238 
2455466.349950 23.321404 
2455466.449950 43.544774 
2455466.549950 60.844556 
2455466.649950 74.059244 
2455466.749950 82.301607 
2455466.849950 85.018254 
2455466.949950 82.026790 
2455467.049950 73.528060 
2455467.149950 60.092669 
2455467.249950 42.622667 
2455467.349950 22.290985 
2455467.449950 0.462691 
2455467.549950 -21.396668 
2455467.649950 -41.819459 
2455467.749950 -59.434498 
2455467.849950 -73.059115 
2455467.949950 -81.778555 
2455468.049950 -85.007397 
2455468.149950 -82.528856 
2455468.249950 -74.509342 
2455468.349950 -61.487283 
2455468.449950 -44.336978 
2455468.549950 -24.209896 
2455468.649950 -2.457366 
2455468.749950 19.460152 
2455468.849950 40.071118 
2455468.949950 57.991717 
2455469.049950 72.018761 
2455469.149950 81.210477 
2455469.249950 84.949736 
2455469.349950 82.985483 
2455469.449950 75.449600 
2455469.549950 62.848042 
2455469.649950 46.026878 
2455469.749950 26.115477 
2455469.849950 4.450687 
2455469.949950 -17.512921 
2455470.049950 -38.300715 
2455470.149950 -56.517005 
2455470.249950 -70.938753 
2455470.349950 -80.597685 
2455470.449950 -84.845302 
2455470.549950 -83.396419 
2455470.649950 -76.348315 
2455470.749950 -64.174198 
2455470.849950 -47.691436 
2455470.949950 -28.006679 
2455471.049950 -6.441558 
2455471.149950 15.556048 
2455471.249950 36.509223 
2455471.349950 55.011175 
2455471.449950 69.819687 
2455471.549950 79.940516 
2455471.649950 84.694152 
2455471.749950 83.761437 
2455471.849950 77.204994 
2455471.949950 65.465020 
2455472.049950 49.329735 
2455472.149950 29.882461 
2455472.249950 8.428883 
2455472.349950 -13.590609 
2455472.449950 -34.697630 
2455472.549950 -53.475057 
2455472.649950 -68.662178 
2455472.749950 -79.239332 
2455472.849950 -84.496371 
2455472.949950 -84.080337 
2455473.049950 -78.019164 
2455473.149950 -66.719797 
2455473.249950 -50.940874 
2455473.349950 -31.741789 
2455473.449950 -10.411566 
2455473.549950 11.617688 
2455473.649950 32.866932 
2455473.749950 51.909496 
2455473.849950 67.466865 
2455473.949950 78.494520 
2455474.049950 84.252066 
2455474.149950 84.352943 
2455474.249950 78.790377 
2455474.349950 67.937839 
2455474.449950 52.523965 
2455474.549950 33.583641 
2455474.649950 12.388517 
2455474.749950 -9.638370 
2455474.849950 -31.018138 
2455474.949950 -50.315354 
2455475.049950 -66.234405 
2455475.149950 -77.706490 
2455475.249950 -83.961373 
2455475.349950 -84.579105 
2455475.449950 -79.518209 
2455475.549950 -69.118474 
2455475.649950 -54.078137 
2455475.749950 -35.407002 
2455475.849950 -14.358647 
2455475.949950 7.653745 
2455476.049950 29.152266 
2455476.149950 48.693508 
2455476.249950 64.965477 
2455476.349950 76.875674 
2455476.449950 83.624452 
2455476.549950 84.758698 
2455476.649950 80.202259 
2455476.749950 70.261054 
2455476.849950 55.602533 
2455476.949950 37.210868 
2455477.049950 16.320871 
2455477.149950 -5.664906 
2455477.249950 -27.270342 
2455477.349950 -47.044852 
2455477.449950 -63.660779 
2455477.549950 -76.002532 
2455477.649950 -83.241487 
2455477.749950 -84.891623 
2455477.849950 -80.842150 
2455477.949950 -71.364948 
2455478.049950 -57.096316 
2455478.149950 -38.994246 
2455478.249950 -18.274110 
2455478.349950 3.672948 
2455478.449950 25.373404 
2455478.549950 45.370294 
2455478.649950 62.321030 
2455478.749950 75.087543 
2455478.849950 82.812690 
2455478.949950 84.977808 
2455479.049950 81.437529 
2455479.149950 72.429549 
2455479.249950 58.558661 
2455479.349950 40.756154 
2455479.449950 20.217286 
2455479.549950 -1.678967 
2455479.649950 -23.462495 
2455479.749950 -43.670755 
2455479.849950 -60.946968 
2455479.949950 -74.131211 
2455480.049950 -82.338297 
2455480.149950 -85.017204 
2455480.249950 -81.988070 
2455480.349950 -73.454271 
2455480.449950 -59.988764 
2455480.549950 -42.495622 
2455480.649950 -22.149331 
2455480.749950 -0.315937 
2455480.849950 21.538668 
2455480.949950 41.947171 
2455481.049950 59.539348 
2455481.149950 73.134063 
2455481.249950 81.818570 
2455481.349950 85.009791 
2455481.449950 82.493469 
2455481.549950 74.438550 
2455481.649950 61.385838 
2455481.749950 44.211692 
2455481.849950 24.069181 
2455481.949950 2.310668 
2455482.049950 -19.602982 
2455482.149950 -40.200492 
2455482.249950 -58.098947 
2455482.349950 -72.096648 
2455482.449950 -81.253793 
2455482.549950 -84.955572 
2455482.649950 -82.953448 
2455482.749950 -75.381843 
2455482.849950 -62.749114 
2455482.949950 -45.903420 
2455483.049950 -25.975778 
2455483.149950 -4.304127 
2455483.249950 17.656503 
2455483.349950 38.431678 
2455483.449950 56.626556 
2455483.549950 71.019537 
2455483.649950 80.644279 
2455483.749950 84.854577 
2455483.849950 83.367752 
2455483.949950 76.283631 
2455484.049950 64.077840 
2455484.149950 47.569873 
2455484.249950 27.868073 
2455484.349950 6.295215 
2455484.449950 -15.700302 
2455484.549950 -36.641704 
2455484.649950 -55.122988 
2455484.749950 -69.903324 
2455484.849950 -79.990362 
2455484.949950 -84.706861 
2455485.049950 -83.736156 
2455485.149950 -77.143419 
2455485.249950 -65.371285 
2455485.349950 -49.210135 
2455485.449950 -29.745025 
2455485.549950 -8.282838 
2455485.649950 13.735457 
2455485.749950 34.831555 
2455485.849950 53.589069 
2455485.949950 68.748622 
2455486.049950 79.292404 
2455486.149950 84.512507 
2455486.249950 84.058454 
2455486.349950 77.960731 
2455486.449950 66.628738 
2455486.549950 50.823302 
2455486.649950 31.605598 
2455486.749950 10.265900 
2455486.849950 -11.763049 
2455486.949950 -33.002229 
2455487.049950 -52.025645 
2455487.149950 -67.556067 
2455487.249950 -78.550787 
2455487.349950 -84.271620 
2455487.449950 -84.334471 
2455487.549950 -78.735119 
2455487.649950 -67.849505 
2455487.749950 -52.408486 
2455487.849950 -33.448771 
2455487.949950 -12.243310 
2455488.049950 9.784164 
2455488.149950 31.154731 
2455488.249950 50.433575 
2455488.349950 66.326317 
2455488.449950 77.765921 
2455488.549950 83.984334 
2455488.649950 84.564053 
2455488.749950 79.466156 
2455488.849950 69.032915 
2455488.949950 53.964815 
2455489.049950 35.273526 
2455489.149950 14.213979 
2455489.249950 -7.799893 
2455489.349950 -29.290080 
2455489.449950 -48.813737 
2455489.549950 -65.060048 
2455489.649950 -76.938238 
2455489.749950 -83.650807 
2455489.849950 -84.747076 
2455489.949950 -80.153440 
2455490.049950 -70.178315 
2455490.149950 -55.491430 
2455490.249950 -37.078860 
2455490.349950 -16.176821 
2455490.449950 5.811326 
2455490.549950 27.409303 
2455490.649950 47.167023 
2455490.749950 63.757957 
2455490.849950 76.068193 
2455490.949950 83.271223 
2455491.049950 84.883437 
2455491.149950 80.796591 
2455491.249950 71.285076 
2455491.349950 56.987493 
2455491.449950 38.863779 
2455491.549950 18.130757 
2455491.649950 -3.819560 
2455491.749950 -25.513433 
2455491.849950 -45.494339 
2455491.949950 -62.420762 
2455492.049950 -75.156265 
2455492.149950 -82.845790 
2455492.249950 -84.973062 
2455492.349950 -81.395257 
2455492.449950 -72.352588 
2455492.549950 -58.452178 
2455492.649950 -40.627299 
2455492.749950 -20.074710 
2455492.849950 1.825691 
2455492.949950 23.603516 
2455493.049950 43.796605 
2455493.149950 61.049198 
2455493.249950 74.202957 
2455493.349950 82.374742 
2455493.449950 85.015901 
2455493.549950 81.949107 
2455493.649950 73.380263 
2455493.749950 59.884681 
2455493.849950 42.368451 
2455493.949950 22.007610 
2455494.049950 0.169183 
2455494.149950 -21.680604 
2455494.249950 -42.074758 
2455494.349950 -59.644021 
2455494.449950 -73.208793 
2455494.549950 -81.858340 
2455494.649950 -85.011931 
2455494.749950 -82.457836 
2455494.849950 -74.367535 
2455494.949950 -61.284211 
2455495.049950 -44.086275 
2455495.149950 -23.928393 
2455495.249950 -2.163964 
2455495.349950 19.745754 
2455495.449950 40.329745 
2455495.549950 58.206004 
2455495.649950 72.174321 
2455495.749950 81.296867 
2455495.849950 84.961154 
2455495.949950 82.921164 
2455496.049950 75.313861 
2455496.149950 62.649998 
2455496.249950 45.779825 
2455496.349950 25.836001 
2455496.449950 4.157553 
2455496.549950 -17.800032 
2455496.649950 -38.562526 
2455496.749950 -56.735939 
2455496.849950 -71.100111 
2455496.949950 -80.690632 
2455497.049950 -84.863599 
2455497.149950 -83.338837 
2455497.249950 -76.218720 
2455497.349950 -63.981291 
2455497.449950 -47.448169 
2455497.549950 -27.729384 
2455497.649950 -6.148854 
2455497.749950 15.844510 
2455497.849950 36.774076 
2455497.949950 55.234636 
2455498.049950 69.986753 
2455498.149950 80.039970 
2455498.249950 84.719318 
2455498.349950 83.710624 
2455498.449950 77.081613 
2455498.549950 65.277356 
2455498.649950 49.090388 
2455498.749950 29.607500 
2455498.849950 8.136769 
2455498.949950 -13.880264 
2455499.049950 -34.965377 
2455499.149950 -53.702921 
2455499.249950 -68.834861 
2455499.349950 -79.345239 
2455499.449950 -84.528391 
2455499.549950 -84.036321 
2455499.649950 -77.902066 
2455499.749950 -66.537480 
2455499.849950 -50.705579 
2455499.949950 -31.469313 
2455500.049950 -10.120204 
2455500.149950 11.908375 
2455500.249950 33.137427 
2455500.349950 52.141638 
2455500.449950 67.645068 
2455500.549950 78.606820 
2455500.649950 84.290923 
2455500.749950 84.315747 
2455500.849950 78.679627 
2455500.949950 67.760969 
2455501.049950 52.292851 
2455501.149950 33.313800 
2455501.249950 12.098066 
2455501.349950 -9.929930 
2455501.449950 -31.291232 
2455501.549950 -50.551646 
2455501.649950 -66.418031 
2455501.749950 -77.825121 
2455501.849950 -84.007045 
2455501.949950 -84.548750 
2455502.049950 -79.413867 
2455502.149950 -68.947149 
2455502.249950 -53.851332 
2455502.349950 -35.139945 
2455502.449950 -14.069268 
2455502.549950 7.946017 
2455502.649950 29.427808 
2455502.749950 48.933821 
2455502.849950 65.154425 
2455502.949950 77.000572 
2455503.049950 83.676914 
2455503.149950 84.735201 
2455503.249950 80.104382 
2455503.349950 70.095367 
2455503.449950 55.380162 
2455503.549950 36.946742 
2455503.649950 16.032723 
2455503.749950 -5.957729 
2455503.849950 -27.548181 
2455503.949950 -47.289053 
2455504.049950 -63.854945 
2455504.149950 -76.133627 
2455504.249950 -83.300710 
2455504.349950 -84.874998 
2455504.449950 -80.750792 
2455504.549950 -71.204992 
2455504.649950 -56.878500 
2455504.749950 -38.733196 
2455504.849950 -17.987351 
2455504.949950 3.966162 
2455505.049950 25.653387 
2455505.149950 45.618248 
2455505.249950 62.520307 
2455505.349950 75.224764 
2455505.449950 82.878642 
2455505.549950 84.968063 
2455505.649950 81.352742 
2455505.749950 72.275411 
2455505.849950 58.345522 
2455505.949950 40.498324 
2455506.049950 19.932075 
2455506.149950 -1.972410 
2455506.249950 -23.744467 
2455506.349950 -43.922325 
2455506.449950 -61.151246 
2455506.549950 -74.274482 
2455506.649950 -82.410942 
2455506.749950 -85.014345 
2455506.849950 -81.909899 
2455506.949950 -73.306036 
2455507.049950 -59.780418 
2455507.149950 -42.241153 
2455507.249950 -21.865824 
2455507.349950 -0.022428 
2455507.449950 21.822475 
2455507.549950 42.202220 
2455507.649950 59.748515 
2455507.749950 73.283305 
2455507.849950 81.897866 
2455507.949950 85.013818 
2455508.049950 82.421957 
2455508.149950 74.296299 
2455508.249950 61.182400 
2455508.349950 43.960726 
2455508.449950 23.787535 
2455508.549950 2.017253 
2455508.649950 -19.888467 
2455508.749950 -40.458878 
2455508.849950 -58.312887 
2455508.949950 -72.251779 
2455509.049950 -81.339699 
2455509.149950 -84.966484 
2455509.249950 -82.888634 
2455509.349950 -75.245655 
2455509.449950 -62.550696 
2455509.549950 -45.656093 
2455509.649950 -25.696148 
2455509.749950 -4.010968 
2455509.849950 17.943508 
2455509.949950 38.693260 
2455510.049950 56.845153 
2455510.149950 71.180472 
2455510.249950 80.736746 
2455510.349950 84.872368 
2455510.449950 83.309674 
2455510.549950 76.153582 
2455510.649950 63.884551 
2455510.749950 47.326323 
2455510.849950 27.590613 
2455510.949950 6.002474 
2455511.049950 -15.988670 
2455511.149950 -36.906338 
2455511.249950 -55.346120 
2455511.349950 -70.069973 
2455511.449950 -80.089340 
2455511.549950 -84.731522 
2455511.649950 -83.684843 
2455511.749950 -77.019579 
2455511.849950 -65.183233 
2455511.949950 -48.970495 
2455512.049950 -29.469887 
2455512.149950 -7.990675 
2455512.249950 14.025029 
2455512.349950 35.099095 
2455512.449950 53.816614 
2455512.549950 68.920894 
2455512.649950 79.397837 
2455512.749950 84.544023 
2455512.849950 84.013937 
2455512.949950 77.843169 
2455513.049950 66.446024 
2455513.149950 50.587704 
2455513.249950 31.332935 
2455513.349950 9.974477 
2455513.449950 -12.053666 
2455513.549950 -33.272527 
2455513.649950 -52.257477 
2455513.749950 -67.733868 
2455513.849950 -78.662619 
2455513.949950 -84.309974 
2455514.049950 -84.296773 
2455514.149950 -78.623900 
2455514.249950 -67.672231 
2455514.349950 -52.177061 
2455514.449950 -33.178731 
2455514.549950 -11.952787 
2455514.649950 10.075666 
2455514.749950 31.427639 
2455514.849950 50.669567 
2455514.949950 66.509548 
2455515.049950 77.884089 
2455515.149950 84.029506 
2455515.249950 84.533195 
2455515.349950 79.361340 
2455515.449950 68.861178 
2455515.549950 53.737688 
2455515.649950 35.006259 
2455515.749950 13.924515 
2455515.849950 -8.092118 
2455515.949950 -29.565448 
2455516.049950 -49.053759 
2455516.149950 -65.248608 
2455516.249950 -77.062677 
2455516.349950 -83.702771 
2455516.449950 -84.723074 
2455516.549950 -80.055085 
2455516.649950 -70.012211 
2455516.749950 -55.268729 
2455516.849950 -36.814513 
2455516.949950 -15.888577 
2455517.049950 6.104115 
2455517.149950 27.686978 
2455517.249950 47.410942 
2455517.349950 63.951743 
2455517.449950 76.198835 
2455517.549950 83.329950 
2455517.649950 84.866306 
2455517.749950 80.704752 
2455517.849950 71.124695 
2455517.949950 56.769338 
2455518.049950 38.602497 
2455518.149950 17.843891 
2455518.249950 -4.112751 
2455518.349950 -25.793264 
2455518.449950 -45.742021 
2455518.549950 -62.619666 
2455518.649950 -75.293038 
2455518.749950 -82.911248 
2455518.849950 -84.962810 
2455518.949950 -81.309984 
2455519.049950 -72.198019 
2455519.149950 -58.238691 
2455519.249950 -40.369227 
2455519.349950 -19.789380 
2455519.449950 2.119123 
2455519.549950 23.885348 
2455519.649950 44.047915 
2455519.749950 61.253112 
2455519.849950 74.345786 
2455519.949950 82.446896 
2455520.049950 85.012535 
2455520.149950 81.870447 
2455520.249950 73.231591 
2455520.349950 59.675978 
2455520.449950 42.113730 
2455520.549950 21.723973 
2455520.649950 -0.124327 
2455520.749950 -21.964281 
2455520.849950 -42.329556 
2455520.949950 -59.852832 
2455521.049950 -73.357599 
2455521.149950 -81.937149 
2455521.249950 -85.015452 
2455521.349950 -82.385833 
2455521.449950 -74.224842 
2455521.549950 -61.080408 
2455521.649950 -43.835045 
2455521.749950 -23.646605 
2455521.849950 -1.870536 
2455521.949950 20.031120 
2455522.049950 40.587891 
2455522.149950 58.419597 
2455522.249950 72.329022 
2455522.349950 81.382288 
2455522.449950 84.971561 
2455522.549950 82.855857 
2455522.649950 75.177225 
2455522.749950 62.451207 
2455522.849950 45.532226 
2455522.949950 25.556218 
2455523.049950 3.864370 
2455523.149950 -18.086931 
2455523.249950 -38.823879 
2455523.349950 -56.954197 
2455523.449950 -71.260621 
2455523.549950 -80.782618 
2455523.649950 -84.880884 
2455523.749950 -83.280262 
2455523.849950 -76.088217 
2455523.949950 -63.787621 
2455524.049950 -47.204336 
2455524.149950 -27.451759 
2455524.249950 -5.856076 
2455524.349950 16.132783 
2455524.449950 37.038490 
2455524.549950 55.457439 
2455524.649950 70.152984 
2455524.749950 80.138471 
2455524.849950 84.743473 
2455524.949950 83.658813 
2455525.049950 76.957315 
2455525.149950 65.088915 
2455525.249950 48.850456 
2455525.349950 29.332186 
2455525.449950 7.844558 
2455525.549950 -14.169753 
2455525.649950 -35.232708 
2455525.749950 -53.930146 
2455525.849950 -69.006722 
2455525.949950 -79.450199 
2455526.049950 -84.559403 
2455526.149950 -83.991302 
2455526.249950 -77.784040 
2455526.349950 -66.354370 
2455526.449950 -50.469679 
2455526.549950 -31.196462 
2455526.649950 -9.828720 
2455526.749950 12.198920 
2455526.849950 33.407528 
2455526.949950 52.373159 
2455527.049950 67.822465 
2455527.149950 78.718183 
2455527.249950 84.328775 
2455527.349950 84.277547 
2455527.449950 78.567938 
2455527.549950 67.583292 
2455527.649950 52.061114 
2455527.749950 33.043562 
2455527.849950 11.807471 
2455527.949950 -10.221372 
2455528.049950 -31.563953 
2455528.149950 -50.787336 
2455528.249950 -66.600866 
2455528.349950 -77.942825 
2455528.449950 -84.051716 
2455528.549950 -84.517388 
2455528.649950 -79.308578 
2455528.749950 -68.775002 
2455528.849950 -53.623885 
2455528.949950 -34.872469 
2455529.049950 -13.779721 
2455529.149950 8.238195 
2455529.249950 29.703000 
2455529.349950 49.173550 
2455529.449950 65.342597 
2455529.549950 77.124552 
2455529.649950 83.728378 
2455529.749950 84.710695 
2455529.849950 80.005550 
2455529.949950 69.928846 
2455530.049950 55.157131 
2455530.149950 36.682175 
2455530.249950 15.744384 
2455530.349950 -6.250482 
2455530.449950 -27.825692 
2455530.549950 -47.532690 
2455530.649950 -64.048350 
2455530.749950 -76.263815 
2455530.849950 -83.358941 
2455530.949950 -84.857361 
2455531.049950 -80.658472 
2455531.149950 -71.044187 
2455531.249950 -56.660007 
2455531.349950 -38.471684 
2455531.449950 -17.700378 
2455531.549950 4.259328 
2455531.649950 25.933064 
2455531.749950 45.865658 
2455531.849950 62.718839 
2455531.949950 75.361088 
2455532.049950 82.943606 
2455532.149950 84.957305 
2455532.249950 81.266984 
2455532.349950 72.120412 
2455532.449950 58.131687 
2455532.549950 40.240010 
2455532.649950 19.646626 
2455532.749950 -2.265829 
2455532.849950 -24.026157 
2455532.949950 -44.173373 
2455533.049950 -61.354795 
2455533.149950 -74.416868 
2455533.249950 -82.482604 
2455533.349950 -85.010472 
2455533.449950 -81.830751 
2455533.549950 -73.156927 
2455533.649950 -59.571360 
2455533.749950 -41.986181 
2455533.849950 -21.582057 
2455533.949950 0.271082 
2455534.049950 22.106021 
2455534.149950 42.456766 
2455534.249950 59.956970 
2455534.349950 73.431674 
2455534.449950 81.976187 
2455534.549950 85.016833 
