descriptor x_phase m_phase 
-1.500000 77.534239 
-1.499000 77.751884 
-1.498000 77.966460 
-1.497000 78.177957 
-1.496000 78.386369 
-1.495000 78.591685 
-1.494000 78.793899 
-1.493000 78.993003 
-1.492000 79.188988 
-1.491000 79.381846 
-1.490000 79.571571 
-1.489000 79.758155 
-1.488000 79.941590 
-1.487000 80.121868 
-1.486000 80.298984 
-1.485000 80.472930 
-1.484000 80.643698 
-1.483000 80.811284 
-1.482000 80.975678 
-1.481000 81.136876 
-1.480000 81.294871 
-1.479000 81.449657 
-1.478000 81.601227 
-1.477000 81.749575 
-1.476000 81.894696 
-1.475000 82.036584 
-1.474000 82.175234 
-1.473000 82.310639 
-1.472000 82.442795 
-1.471000 82.571696 
-1.470000 82.697337 
-1.469000 82.819714 
-1.468000 82.938821 
-1.467000 83.054654 
-1.466000 83.167207 
-1.465000 83.276478 
-1.464000 83.382461 
-1.463000 83.485152 
-1.462000 83.584547 
-1.461000 83.680643 
-1.460000 83.773435 
-1.459000 83.862919 
-1.458000 83.949093 
-1.457000 84.031953 
-1.456000 84.111496 
-1.455000 84.187717 
-1.454000 84.260616 
-1.453000 84.330187 
-1.452000 84.396430 
-1.451000 84.459340 
-1.450000 84.518917 
-1.449000 84.575157 
-1.448000 84.628057 
-1.447000 84.677617 
-1.446000 84.723834 
-1.445000 84.766706 
-1.444000 84.806232 
-1.443000 84.842410 
-1.442000 84.875238 
-1.441000 84.904716 
-1.440000 84.930841 
-1.439000 84.953614 
-1.438000 84.973033 
-1.437000 84.989097 
-1.436000 85.001806 
-1.435000 85.011160 
-1.434000 85.017157 
-1.433000 85.019798 
-1.432000 85.019083 
-1.431000 85.015011 
-1.430000 85.007583 
-1.429000 84.996798 
-1.428000 84.982659 
-1.427000 84.965164 
-1.426000 84.944315 
-1.425000 84.920113 
-1.424000 84.892558 
-1.423000 84.861652 
-1.422000 84.827396 
-1.421000 84.789790 
-1.420000 84.748838 
-1.419000 84.704539 
-1.418000 84.656897 
-1.417000 84.605913 
-1.416000 84.551588 
-1.415000 84.493926 
-1.414000 84.432927 
-1.413000 84.368596 
-1.412000 84.300934 
-1.411000 84.229943 
-1.410000 84.155628 
-1.409000 84.077990 
-1.408000 83.997033 
-1.407000 83.912760 
-1.406000 83.825174 
-1.405000 83.734279 
-1.404000 83.640078 
-1.403000 83.542575 
-1.402000 83.441775 
-1.401000 83.337679 
-1.400000 83.230294 
-1.399000 83.119624 
-1.398000 83.005671 
-1.397000 82.888442 
-1.396000 82.767941 
-1.395000 82.644172 
-1.394000 82.517140 
-1.393000 82.386851 
-1.392000 82.253309 
-1.391000 82.116520 
-1.390000 81.976489 
-1.389000 81.833222 
-1.388000 81.686724 
-1.387000 81.537001 
-1.386000 81.384060 
-1.385000 81.227905 
-1.384000 81.068544 
-1.383000 80.905982 
-1.382000 80.740227 
-1.381000 80.571284 
-1.380000 80.399160 
-1.379000 80.223862 
-1.378000 80.045396 
-1.377000 79.863771 
-1.376000 79.678993 
-1.375000 79.491070 
-1.374000 79.300008 
-1.373000 79.105815 
-1.372000 78.908500 
-1.371000 78.708069 
-1.370000 78.504532 
-1.369000 78.297894 
-1.368000 78.088166 
-1.367000 77.875355 
-1.366000 77.659470 
-1.365000 77.440519 
-1.364000 77.218511 
-1.363000 76.993454 
-1.362000 76.765357 
-1.361000 76.534230 
-1.360000 76.300082 
-1.359000 76.062921 
-1.358000 75.822758 
-1.357000 75.579601 
-1.356000 75.333461 
-1.355000 75.084346 
-1.354000 74.832267 
-1.353000 74.577234 
-1.352000 74.319257 
-1.351000 74.058346 
-1.350000 73.794511 
-1.349000 73.527763 
-1.348000 73.258112 
-1.347000 72.985569 
-1.346000 72.710144 
-1.345000 72.431849 
-1.344000 72.150695 
-1.343000 71.866692 
-1.342000 71.579852 
-1.341000 71.290187 
-1.340000 70.997707 
-1.339000 70.702423 
-1.338000 70.404349 
-1.337000 70.103496 
-1.336000 69.799874 
-1.335000 69.493497 
-1.334000 69.184377 
-1.333000 68.872526 
-1.332000 68.557955 
-1.331000 68.240678 
-1.330000 67.920707 
-1.329000 67.598054 
-1.328000 67.272733 
-1.327000 66.944756 
-1.326000 66.614136 
-1.325000 66.280886 
-1.324000 65.945020 
-1.323000 65.606550 
-1.322000 65.265490 
-1.321000 64.921854 
-1.320000 64.575655 
-1.319000 64.226906 
-1.318000 63.875622 
-1.317000 63.521816 
-1.316000 63.165502 
-1.315000 62.806695 
-1.314000 62.445408 
-1.313000 62.081656 
-1.312000 61.715453 
-1.311000 61.346814 
-1.310000 60.975752 
-1.309000 60.602284 
-1.308000 60.226423 
-1.307000 59.848184 
-1.306000 59.467583 
-1.305000 59.084634 
-1.304000 58.699353 
-1.303000 58.311754 
-1.302000 57.921853 
-1.301000 57.529665 
-1.300000 57.135206 
-1.299000 56.738492 
-1.298000 56.339538 
-1.297000 55.938359 
-1.296000 55.534972 
-1.295000 55.129393 
-1.294000 54.721638 
-1.293000 54.311722 
-1.292000 53.899661 
-1.291000 53.485473 
-1.290000 53.069174 
-1.289000 52.650779 
-1.288000 52.230306 
-1.287000 51.807771 
-1.286000 51.383191 
-1.285000 50.956582 
-1.284000 50.527961 
-1.283000 50.097346 
-1.282000 49.664753 
-1.281000 49.230199 
-1.280000 48.793702 
-1.279000 48.355278 
-1.278000 47.914946 
-1.277000 47.472721 
-1.276000 47.028623 
-1.275000 46.582668 
-1.274000 46.134874 
-1.273000 45.685259 
-1.272000 45.233840 
-1.271000 44.780636 
-1.270000 44.325663 
-1.269000 43.868941 
-1.268000 43.410486 
-1.267000 42.950318 
-1.266000 42.488455 
-1.265000 42.024914 
-1.264000 41.559714 
-1.263000 41.092873 
-1.262000 40.624410 
-1.261000 40.154343 
-1.260000 39.682691 
-1.259000 39.209473 
-1.258000 38.734706 
-1.257000 38.258410 
-1.256000 37.780604 
-1.255000 37.301307 
-1.254000 36.820536 
-1.253000 36.338312 
-1.252000 35.854654 
-1.251000 35.369580 
-1.250000 34.883110 
-1.249000 34.395263 
-1.248000 33.906057 
-1.247000 33.415514 
-1.246000 32.923651 
-1.245000 32.430488 
-1.244000 31.936045 
-1.243000 31.440341 
-1.242000 30.943396 
-1.241000 30.445229 
-1.240000 29.945861 
-1.239000 29.445310 
-1.238000 28.943597 
-1.237000 28.440741 
-1.236000 27.936763 
-1.235000 27.431681 
-1.234000 26.925517 
-1.233000 26.418289 
-1.232000 25.910019 
-1.231000 25.400725 
-1.230000 24.890429 
-1.229000 24.379151 
-1.228000 23.866909 
-1.227000 23.353726 
-1.226000 22.839621 
-1.225000 22.324614 
-1.224000 21.808725 
-1.223000 21.291976 
-1.222000 20.774386 
-1.221000 20.255976 
-1.220000 19.736767 
-1.219000 19.216778 
-1.218000 18.696030 
-1.217000 18.174545 
-1.216000 17.652341 
-1.215000 17.129442 
-1.214000 16.605865 
-1.213000 16.081634 
-1.212000 15.556767 
-1.211000 15.031286 
-1.210000 14.505212 
-1.209000 13.978565 
-1.208000 13.451366 
-1.207000 12.923636 
-1.206000 12.395396 
-1.205000 11.866667 
-1.204000 11.337469 
-1.203000 10.807824 
-1.202000 10.277752 
-1.201000 9.747274 
-1.200000 9.216412 
-1.199000 8.685185 
-1.198000 8.153616 
-1.197000 7.621725 
-1.196000 7.089532 
-1.195000 6.557060 
-1.194000 6.024330 
-1.193000 5.491361 
-1.192000 4.958175 
-1.191000 4.424794 
-1.190000 3.891238 
-1.189000 3.357529 
-1.188000 2.823687 
-1.187000 2.289733 
-1.186000 1.755689 
-1.185000 1.221576 
-1.184000 0.687415 
-1.183000 0.153226 
-1.182000 -0.380969 
-1.181000 -0.915148 
-1.180000 -1.449292 
-1.179000 -1.983378 
-1.178000 -2.517386 
-1.177000 -3.051295 
-1.176000 -3.585083 
-1.175000 -4.118729 
-1.174000 -4.652213 
-1.173000 -5.185514 
-1.172000 -5.718609 
-1.171000 -6.251479 
-1.170000 -6.784102 
-1.169000 -7.316457 
-1.168000 -7.848524 
-1.167000 -8.380280 
-1.166000 -8.911706 
-1.165000 -9.442780 
-1.164000 -9.973481 
-1.163000 -10.503788 
-1.162000 -11.033681 
-1.161000 -11.563138 
-1.160000 -12.092139 
-1.159000 -12.620662 
-1.158000 -13.148687 
-1.157000 -13.676193 
-1.156000 -14.203159 
-1.155000 -14.729564 
-1.154000 -15.255388 
-1.153000 -15.780610 
-1.152000 -16.305208 
-1.151000 -16.829163 
-1.150000 -17.352453 
-1.149000 -17.875059 
-1.148000 -18.396958 
-1.147000 -18.918132 
-1.146000 -19.438559 
-1.145000 -19.958218 
-1.144000 -20.477089 
-1.143000 -20.995152 
-1.142000 -21.512386 
-1.141000 -22.028771 
-1.140000 -22.544286 
-1.139000 -23.058911 
-1.138000 -23.572626 
-1.137000 -24.085410 
-1.136000 -24.597243 
-1.135000 -25.108105 
-1.134000 -25.617976 
-1.133000 -26.126836 
-1.132000 -26.634664 
-1.131000 -27.141441 
-1.130000 -27.647146 
-1.129000 -28.151760 
-1.128000 -28.655262 
-1.127000 -29.157633 
-1.126000 -29.658853 
-1.125000 -30.158902 
-1.124000 -30.657761 
-1.123000 -31.155409 
-1.122000 -31.651827 
-1.121000 -32.146996 
-1.120000 -32.640896 
-1.119000 -33.133507 
-1.118000 -33.624810 
-1.117000 -34.114785 
-1.116000 -34.603414 
-1.115000 -35.090676 
-1.114000 -35.576554 
-1.113000 -36.061026 
-1.112000 -36.544075 
-1.111000 -37.025682 
-1.110000 -37.505827 
-1.109000 -37.984491 
-1.108000 -38.461655 
-1.107000 -38.937301 
-1.106000 -39.411410 
-1.105000 -39.883963 
-1.104000 -40.354942 
-1.103000 -40.824327 
-1.102000 -41.292101 
-1.101000 -41.758244 
-1.100000 -42.222739 
-1.099000 -42.685567 
-1.098000 -43.146710 
-1.097000 -43.606150 
-1.096000 -44.063868 
-1.095000 -44.519846 
-1.094000 -44.974067 
-1.093000 -45.426513 
-1.092000 -45.877165 
-1.091000 -46.326006 
-1.090000 -46.773018 
-1.089000 -47.218184 
-1.088000 -47.661485 
-1.087000 -48.102905 
-1.086000 -48.542426 
-1.085000 -48.980030 
-1.084000 -49.415701 
-1.083000 -49.849421 
-1.082000 -50.281173 
-1.081000 -50.710940 
-1.080000 -51.138705 
-1.079000 -51.564451 
-1.078000 -51.988162 
-1.077000 -52.409820 
-1.076000 -52.829409 
-1.075000 -53.246912 
-1.074000 -53.662313 
-1.073000 -54.075596 
-1.072000 -54.486744 
-1.071000 -54.895741 
-1.070000 -55.302571 
-1.069000 -55.707217 
-1.068000 -56.109665 
-1.067000 -56.509897 
-1.066000 -56.907898 
-1.065000 -57.303653 
-1.064000 -57.697145 
-1.063000 -58.088360 
-1.062000 -58.477281 
-1.061000 -58.863894 
-1.060000 -59.248183 
-1.059000 -59.630133 
-1.058000 -60.009729 
-1.057000 -60.386955 
-1.056000 -60.761798 
-1.055000 -61.134242 
-1.054000 -61.504273 
-1.053000 -61.871875 
-1.052000 -62.237035 
-1.051000 -62.599738 
-1.050000 -62.959969 
-1.049000 -63.317715 
-1.048000 -63.672961 
-1.047000 -64.025694 
-1.046000 -64.375899 
-1.045000 -64.723563 
-1.044000 -65.068671 
-1.043000 -65.411210 
-1.042000 -65.751168 
-1.041000 -66.088529 
-1.040000 -66.423281 
-1.039000 -66.755412 
-1.038000 -67.084906 
-1.037000 -67.411753 
-1.036000 -67.735938 
-1.035000 -68.057449 
-1.034000 -68.376273 
-1.033000 -68.692398 
-1.032000 -69.005810 
-1.031000 -69.316499 
-1.030000 -69.624451 
-1.029000 -69.929655 
-1.028000 -70.232098 
-1.027000 -70.531768 
-1.026000 -70.828653 
-1.025000 -71.122743 
-1.024000 -71.414025 
-1.023000 -71.702487 
-1.022000 -71.988119 
-1.021000 -72.270909 
-1.020000 -72.550845 
-1.019000 -72.827918 
-1.018000 -73.102115 
-1.017000 -73.373426 
-1.016000 -73.641841 
-1.015000 -73.907348 
-1.014000 -74.169938 
-1.013000 -74.429600 
-1.012000 -74.686323 
-1.011000 -74.940098 
-1.010000 -75.190914 
-1.009000 -75.438762 
-1.008000 -75.683632 
-1.007000 -75.925513 
-1.006000 -76.164398 
-1.005000 -76.400275 
-1.004000 -76.633137 
-1.003000 -76.862973 
-1.002000 -77.089774 
-1.001000 -77.313533 
-1.000000 -77.534239 
-0.999000 -77.751884 
-0.998000 -77.966460 
-0.997000 -78.177957 
-0.996000 -78.386369 
-0.995000 -78.591685 
-0.994000 -78.793899 
-0.993000 -78.993003 
-0.992000 -79.188988 
-0.991000 -79.381846 
-0.990000 -79.571571 
-0.989000 -79.758155 
-0.988000 -79.941590 
-0.987000 -80.121868 
-0.986000 -80.298984 
-0.985000 -80.472930 
-0.984000 -80.643698 
-0.983000 -80.811284 
-0.982000 -80.975678 
-0.981000 -81.136876 
-0.980000 -81.294871 
-0.979000 -81.449657 
-0.978000 -81.601227 
-0.977000 -81.749575 
-0.976000 -81.894696 
-0.975000 -82.036584 
-0.974000 -82.175234 
-0.973000 -82.310639 
-0.972000 -82.442795 
-0.971000 -82.571696 
-0.970000 -82.697337 
-0.969000 -82.819714 
-0.968000 -82.938821 
-0.967000 -83.054654 
-0.966000 -83.167207 
-0.965000 -83.276478 
-0.964000 -83.382461 
-0.963000 -83.485152 
-0.962000 -83.584547 
-0.961000 -83.680643 
-0.960000 -83.773435 
-0.959000 -83.862919 
-0.958000 -83.949093 
-0.957000 -84.031953 
-0.956000 -84.111496 
-0.955000 -84.187717 
-0.954000 -84.260616 
-0.953000 -84.330187 
-0.952000 -84.396430 
-0.951000 -84.459340 
-0.950000 -84.518917 
-0.949000 -84.575157 
-0.948000 -84.628057 
-0.947000 -84.677617 
-0.946000 -84.723834 
-0.945000 -84.766706 
-0.944000 -84.806232 
-0.943000 -84.842410 
-0.942000 -84.875238 
-0.941000 -84.904716 
-0.940000 -84.930841 
-0.939000 -84.953614 
-0.938000 -84.973033 
-0.937000 -84.989097 
-0.936000 -85.001806 
-0.935000 -85.011160 
-0.934000 -85.017157 
-0.933000 -85.019798 
-0.932000 -85.019083 
-0.931000 -85.015011 
-0.930000 -85.007583 
-0.929000 -84.996798 
-0.928000 -84.982659 
-0.927000 -84.965164 
-0.926000 -84.944315 
-0.925000 -84.920113 
-0.924000 -84.892558 
-0.923000 -84.861652 
-0.922000 -84.827396 
-0.921000 -84.789790 
-0.920000 -84.748838 
-0.919000 -84.704539 
-0.918000 -84.656897 
-0.917000 -84.605913 
-0.916000 -84.551588 
-0.915000 -84.493926 
-0.914000 -84.432927 
-0.913000 -84.368596 
-0.912000 -84.300934 
-0.911000 -84.229943 
-0.910000 -84.155628 
-0.909000 -84.077990 
-0.908000 -83.997033 
-0.907000 -83.912760 
-0.906000 -83.825174 
-0.905000 -83.734279 
-0.904000 -83.640078 
-0.903000 -83.542575 
-0.902000 -83.441775 
-0.901000 -83.337679 
-0.900000 -83.230294 
-0.899000 -83.119624 
-0.898000 -83.005671 
-0.897000 -82.888442 
-0.896000 -82.767941 
-0.895000 -82.644172 
-0.894000 -82.517140 
-0.893000 -82.386851 
-0.892000 -82.253309 
-0.891000 -82.116520 
-0.890000 -81.976489 
-0.889000 -81.833222 
-0.888000 -81.686724 
-0.887000 -81.537001 
-0.886000 -81.384060 
-0.885000 -81.227905 
-0.884000 -81.068544 
-0.883000 -80.905982 
-0.882000 -80.740227 
-0.881000 -80.571284 
-0.880000 -80.399160 
-0.879000 -80.223862 
-0.878000 -80.045396 
-0.877000 -79.863771 
-0.876000 -79.678993 
-0.875000 -79.491070 
-0.874000 -79.300008 
-0.873000 -79.105815 
-0.872000 -78.908500 
-0.871000 -78.708069 
-0.870000 -78.504532 
-0.869000 -78.297894 
-0.868000 -78.088166 
-0.867000 -77.875355 
-0.866000 -77.659470 
-0.865000 -77.440519 
-0.864000 -77.218511 
-0.863000 -76.993454 
-0.862000 -76.765357 
-0.861000 -76.534230 
-0.860000 -76.300082 
-0.859000 -76.062921 
-0.858000 -75.822758 
-0.857000 -75.579601 
-0.856000 -75.333461 
-0.855000 -75.084346 
-0.854000 -74.832267 
-0.853000 -74.577234 
-0.852000 -74.319257 
-0.851000 -74.058346 
-0.850000 -73.794511 
-0.849000 -73.527763 
-0.848000 -73.258112 
-0.847000 -72.985569 
-0.846000 -72.710144 
-0.845000 -72.431849 
-0.844000 -72.150695 
-0.843000 -71.866692 
-0.842000 -71.579852 
-0.841000 -71.290187 
-0.840000 -70.997707 
-0.839000 -70.702423 
-0.838000 -70.404349 
-0.837000 -70.103496 
-0.836000 -69.799874 
-0.835000 -69.493497 
-0.834000 -69.184377 
-0.833000 -68.872526 
-0.832000 -68.557955 
-0.831000 -68.240678 
-0.830000 -67.920707 
-0.829000 -67.598054 
-0.828000 -67.272733 
-0.827000 -66.944756 
-0.826000 -66.614136 
-0.825000 -66.280886 
-0.824000 -65.945020 
-0.823000 -65.606550 
-0.822000 -65.265490 
-0.821000 -64.921854 
-0.820000 -64.575655 
-0.819000 -64.226906 
-0.818000 -63.875622 
-0.817000 -63.521816 
-0.816000 -63.165502 
-0.815000 -62.806695 
-0.814000 -62.445408 
-0.813000 -62.081656 
-0.812000 -61.715453 
-0.811000 -61.346814 
-0.810000 -60.975752 
-0.809000 -60.602284 
-0.808000 -60.226423 
-0.807000 -59.848184 
-0.806000 -59.467583 
-0.805000 -59.084634 
-0.804000 -58.699353 
-0.803000 -58.311754 
-0.802000 -57.921853 
-0.801000 -57.529665 
-0.800000 -57.135206 
-0.799000 -56.738492 
-0.798000 -56.339538 
-0.797000 -55.938359 
-0.796000 -55.534972 
-0.795000 -55.129393 
-0.794000 -54.721638 
-0.793000 -54.311722 
-0.792000 -53.899661 
-0.791000 -53.485473 
-0.790000 -53.069174 
-0.789000 -52.650779 
-0.788000 -52.230306 
-0.787000 -51.807771 
-0.786000 -51.383191 
-0.785000 -50.956582 
-0.784000 -50.527961 
-0.783000 -50.097346 
-0.782000 -49.664753 
-0.781000 -49.230199 
-0.780000 -48.793702 
-0.779000 -48.355278 
-0.778000 -47.914946 
-0.777000 -47.472721 
-0.776000 -47.028623 
-0.775000 -46.582668 
-0.774000 -46.134874 
-0.773000 -45.685259 
-0.772000 -45.233840 
-0.771000 -44.780636 
-0.770000 -44.325663 
-0.769000 -43.868941 
-0.768000 -43.410486 
-0.767000 -42.950318 
-0.766000 -42.488455 
-0.765000 -42.024914 
-0.764000 -41.559714 
-0.763000 -41.092873 
-0.762000 -40.624410 
-0.761000 -40.154343 
-0.760000 -39.682691 
-0.759000 -39.209473 
-0.758000 -38.734706 
-0.757000 -38.258410 
-0.756000 -37.780604 
-0.755000 -37.301307 
-0.754000 -36.820536 
-0.753000 -36.338312 
-0.752000 -35.854654 
-0.751000 -35.369580 
-0.750000 -34.883110 
-0.749000 -34.395263 
-0.748000 -33.906057 
-0.747000 -33.415514 
-0.746000 -32.923651 
-0.745000 -32.430488 
-0.744000 -31.936045 
-0.743000 -31.440341 
-0.742000 -30.943396 
-0.741000 -30.445229 
-0.740000 -29.945861 
-0.739000 -29.445310 
-0.738000 -28.943597 
-0.737000 -28.440741 
-0.736000 -27.936763 
-0.735000 -27.431681 
-0.734000 -26.925517 
-0.733000 -26.418289 
-0.732000 -25.910019 
-0.731000 -25.400725 
-0.730000 -24.890429 
-0.729000 -24.379151 
-0.728000 -23.866909 
-0.727000 -23.353726 
-0.726000 -22.839621 
-0.725000 -22.324614 
-0.724000 -21.808725 
-0.723000 -21.291976 
-0.722000 -20.774386 
-0.721000 -20.255976 
-0.720000 -19.736767 
-0.719000 -19.216778 
-0.718000 -18.696030 
-0.717000 -18.174545 
-0.716000 -17.652341 
-0.715000 -17.129442 
-0.714000 -16.605865 
-0.713000 -16.081634 
-0.712000 -15.556767 
-0.711000 -15.031286 
-0.710000 -14.505212 
-0.709000 -13.978565 
-0.708000 -13.451366 
-0.707000 -12.923636 
-0.706000 -12.395396 
-0.705000 -11.866667 
-0.704000 -11.337469 
-0.703000 -10.807824 
-0.702000 -10.277752 
-0.701000 -9.747274 
-0.700000 -9.216412 
-0.699000 -8.685185 
-0.698000 -8.153616 
-0.697000 -7.621725 
-0.696000 -7.089532 
-0.695000 -6.557060 
-0.694000 -6.024330 
-0.693000 -5.491361 
-0.692000 -4.958175 
-0.691000 -4.424794 
-0.690000 -3.891238 
-0.689000 -3.357529 
-0.688000 -2.823687 
-0.687000 -2.289733 
-0.686000 -1.755689 
-0.685000 -1.221576 
-0.684000 -0.687415 
-0.683000 -0.153226 
-0.682000 0.380969 
-0.681000 0.915148 
-0.680000 1.449292 
-0.679000 1.983378 
-0.678000 2.517386 
-0.677000 3.051295 
-0.676000 3.585083 
-0.675000 4.118729 
-0.674000 4.652213 
-0.673000 5.185514 
-0.672000 5.718609 
-0.671000 6.251479 
-0.670000 6.784102 
-0.669000 7.316457 
-0.668000 7.848524 
-0.667000 8.380280 
-0.666000 8.911706 
-0.665000 9.442780 
-0.664000 9.973481 
-0.663000 10.503788 
-0.662000 11.033681 
-0.661000 11.563138 
-0.660000 12.092139 
-0.659000 12.620662 
-0.658000 13.148687 
-0.657000 13.676193 
-0.656000 14.203159 
-0.655000 14.729564 
-0.654000 15.255388 
-0.653000 15.780610 
-0.652000 16.305208 
-0.651000 16.829163 
-0.650000 17.352453 
-0.649000 17.875059 
-0.648000 18.396958 
-0.647000 18.918132 
-0.646000 19.438559 
-0.645000 19.958218 
-0.644000 20.477089 
-0.643000 20.995152 
-0.642000 21.512386 
-0.641000 22.028771 
-0.640000 22.544286 
-0.639000 23.058911 
-0.638000 23.572626 
-0.637000 24.085410 
-0.636000 24.597243 
-0.635000 25.108105 
-0.634000 25.617976 
-0.633000 26.126836 
-0.632000 26.634664 
-0.631000 27.141441 
-0.630000 27.647146 
-0.629000 28.151760 
-0.628000 28.655262 
-0.627000 29.157633 
-0.626000 29.658853 
-0.625000 30.158902 
-0.624000 30.657761 
-0.623000 31.155409 
-0.622000 31.651827 
-0.621000 32.146996 
-0.620000 32.640896 
-0.619000 33.133507 
-0.618000 33.624810 
-0.617000 34.114785 
-0.616000 34.603414 
-0.615000 35.090676 
-0.614000 35.576554 
-0.613000 36.061026 
-0.612000 36.544075 
-0.611000 37.025682 
-0.610000 37.505827 
-0.609000 37.984491 
-0.608000 38.461655 
-0.607000 38.937301 
-0.606000 39.411410 
-0.605000 39.883963 
-0.604000 40.354942 
-0.603000 40.824327 
-0.602000 41.292101 
-0.601000 41.758244 
-0.600000 42.222739 
-0.599000 42.685567 
-0.598000 43.146710 
-0.597000 43.606150 
-0.596000 44.063868 
-0.595000 44.519846 
-0.594000 44.974067 
-0.593000 45.426513 
-0.592000 45.877165 
-0.591000 46.326006 
-0.590000 46.773018 
-0.589000 47.218184 
-0.588000 47.661485 
-0.587000 48.102905 
-0.586000 48.542426 
-0.585000 48.980030 
-0.584000 49.415701 
-0.583000 49.849421 
-0.582000 50.281173 
-0.581000 50.710940 
-0.580000 51.138705 
-0.579000 51.564451 
-0.578000 51.988162 
-0.577000 52.409820 
-0.576000 52.829409 
-0.575000 53.246912 
-0.574000 53.662313 
-0.573000 54.075596 
-0.572000 54.486744 
-0.571000 54.895741 
-0.570000 55.302571 
-0.569000 55.707217 
-0.568000 56.109665 
-0.567000 56.509897 
-0.566000 56.907898 
-0.565000 57.303653 
-0.564000 57.697145 
-0.563000 58.088360 
-0.562000 58.477281 
-0.561000 58.863894 
-0.560000 59.248183 
-0.559000 59.630133 
-0.558000 60.009729 
-0.557000 60.386955 
-0.556000 60.761798 
-0.555000 61.134242 
-0.554000 61.504273 
-0.553000 61.871875 
-0.552000 62.237035 
-0.551000 62.599738 
-0.550000 62.959969 
-0.549000 63.317715 
-0.548000 63.672961 
-0.547000 64.025694 
-0.546000 64.375899 
-0.545000 64.723563 
-0.544000 65.068671 
-0.543000 65.411210 
-0.542000 65.751168 
-0.541000 66.088529 
-0.540000 66.423281 
-0.539000 66.755412 
-0.538000 67.084906 
-0.537000 67.411753 
-0.536000 67.735938 
-0.535000 68.057449 
-0.534000 68.376273 
-0.533000 68.692398 
-0.532000 69.005810 
-0.531000 69.316499 
-0.530000 69.624451 
-0.529000 69.929655 
-0.528000 70.232098 
-0.527000 70.531768 
-0.526000 70.828653 
-0.525000 71.122743 
-0.524000 71.414025 
-0.523000 71.702487 
-0.522000 71.988119 
-0.521000 72.270909 
-0.520000 72.550845 
-0.519000 72.827918 
-0.518000 73.102115 
-0.517000 73.373426 
-0.516000 73.641841 
-0.515000 73.907348 
-0.514000 74.169938 
-0.513000 74.429600 
-0.512000 74.686323 
-0.511000 74.940098 
-0.510000 75.190914 
-0.509000 75.438762 
-0.508000 75.683632 
-0.507000 75.925513 
-0.506000 76.164398 
-0.505000 76.400275 
-0.504000 76.633137 
-0.503000 76.862973 
-0.502000 77.089774 
-0.501000 77.313533 
-0.500000 77.534239 
-0.499000 77.751884 
-0.498000 77.966460 
-0.497000 78.177957 
-0.496000 78.386369 
-0.495000 78.591685 
-0.494000 78.793899 
-0.493000 78.993003 
-0.492000 79.188988 
-0.491000 79.381846 
-0.490000 79.571571 
-0.489000 79.758155 
-0.488000 79.941590 
-0.487000 80.121868 
-0.486000 80.298984 
-0.485000 80.472930 
-0.484000 80.643698 
-0.483000 80.811284 
-0.482000 80.975678 
-0.481000 81.136876 
-0.480000 81.294871 
-0.479000 81.449657 
-0.478000 81.601227 
-0.477000 81.749575 
-0.476000 81.894696 
-0.475000 82.036584 
-0.474000 82.175234 
-0.473000 82.310639 
-0.472000 82.442795 
-0.471000 82.571696 
-0.470000 82.697337 
-0.469000 82.819714 
-0.468000 82.938821 
-0.467000 83.054654 
-0.466000 83.167207 
-0.465000 83.276478 
-0.464000 83.382461 
-0.463000 83.485152 
-0.462000 83.584547 
-0.461000 83.680643 
-0.460000 83.773435 
-0.459000 83.862919 
-0.458000 83.949093 
-0.457000 84.031953 
-0.456000 84.111496 
-0.455000 84.187717 
-0.454000 84.260616 
-0.453000 84.330187 
-0.452000 84.396430 
-0.451000 84.459340 
-0.450000 84.518917 
-0.449000 84.575157 
-0.448000 84.628057 
-0.447000 84.677617 
-0.446000 84.723834 
-0.445000 84.766706 
-0.444000 84.806232 
-0.443000 84.842410 
-0.442000 84.875238 
-0.441000 84.904716 
-0.440000 84.930841 
-0.439000 84.953614 
-0.438000 84.973033 
-0.437000 84.989097 
-0.436000 85.001806 
-0.435000 85.011160 
-0.434000 85.017157 
-0.433000 85.019798 
-0.432000 85.019083 
-0.431000 85.015011 
-0.430000 85.007583 
-0.429000 84.996798 
-0.428000 84.982659 
-0.427000 84.965164 
-0.426000 84.944315 
-0.425000 84.920113 
-0.424000 84.892558 
-0.423000 84.861652 
-0.422000 84.827396 
-0.421000 84.789790 
-0.420000 84.748838 
-0.419000 84.704539 
-0.418000 84.656897 
-0.417000 84.605913 
-0.416000 84.551588 
-0.415000 84.493926 
-0.414000 84.432927 
-0.413000 84.368596 
-0.412000 84.300934 
-0.411000 84.229943 
-0.410000 84.155628 
-0.409000 84.077990 
-0.408000 83.997033 
-0.407000 83.912760 
-0.406000 83.825174 
-0.405000 83.734279 
-0.404000 83.640078 
-0.403000 83.542575 
-0.402000 83.441775 
-0.401000 83.337679 
-0.400000 83.230294 
-0.399000 83.119624 
-0.398000 83.005671 
-0.397000 82.888442 
-0.396000 82.767941 
-0.395000 82.644172 
-0.394000 82.517140 
-0.393000 82.386851 
-0.392000 82.253309 
-0.391000 82.116520 
-0.390000 81.976489 
-0.389000 81.833222 
-0.388000 81.686724 
-0.387000 81.537001 
-0.386000 81.384060 
-0.385000 81.227905 
-0.384000 81.068544 
-0.383000 80.905982 
-0.382000 80.740227 
-0.381000 80.571284 
-0.380000 80.399160 
-0.379000 80.223862 
-0.378000 80.045396 
-0.377000 79.863771 
-0.376000 79.678993 
-0.375000 79.491070 
-0.374000 79.300008 
-0.373000 79.105815 
-0.372000 78.908500 
-0.371000 78.708069 
-0.370000 78.504532 
-0.369000 78.297894 
-0.368000 78.088166 
-0.367000 77.875355 
-0.366000 77.659470 
-0.365000 77.440519 
-0.364000 77.218511 
-0.363000 76.993454 
-0.362000 76.765357 
-0.361000 76.534230 
-0.360000 76.300082 
-0.359000 76.062921 
-0.358000 75.822758 
-0.357000 75.579601 
-0.356000 75.333461 
-0.355000 75.084346 
-0.354000 74.832267 
-0.353000 74.577234 
-0.352000 74.319257 
-0.351000 74.058346 
-0.350000 73.794511 
-0.349000 73.527763 
-0.348000 73.258112 
-0.347000 72.985569 
-0.346000 72.710144 
-0.345000 72.431849 
-0.344000 72.150695 
-0.343000 71.866692 
-0.342000 71.579852 
-0.341000 71.290187 
-0.340000 70.997707 
-0.339000 70.702423 
-0.338000 70.404349 
-0.337000 70.103496 
-0.336000 69.799874 
-0.335000 69.493497 
-0.334000 69.184377 
-0.333000 68.872526 
-0.332000 68.557955 
-0.331000 68.240678 
-0.330000 67.920707 
-0.329000 67.598054 
-0.328000 67.272733 
-0.327000 66.944756 
-0.326000 66.614136 
-0.325000 66.280886 
-0.324000 65.945020 
-0.323000 65.606550 
-0.322000 65.265490 
-0.321000 64.921854 
-0.320000 64.575655 
-0.319000 64.226906 
-0.318000 63.875622 
-0.317000 63.521816 
-0.316000 63.165502 
-0.315000 62.806695 
-0.314000 62.445408 
-0.313000 62.081656 
-0.312000 61.715453 
-0.311000 61.346814 
-0.310000 60.975752 
-0.309000 60.602284 
-0.308000 60.226423 
-0.307000 59.848184 
-0.306000 59.467583 
-0.305000 59.084634 
-0.304000 58.699353 
-0.303000 58.311754 
-0.302000 57.921853 
-0.301000 57.529665 
-0.300000 57.135206 
-0.299000 56.738492 
-0.298000 56.339538 
-0.297000 55.938359 
-0.296000 55.534972 
-0.295000 55.129393 
-0.294000 54.721638 
-0.293000 54.311722 
-0.292000 53.899661 
-0.291000 53.485473 
-0.290000 53.069174 
-0.289000 52.650779 
-0.288000 52.230306 
-0.287000 51.807771 
-0.286000 51.383191 
-0.285000 50.956582 
-0.284000 50.527961 
-0.283000 50.097346 
-0.282000 49.664753 
-0.281000 49.230199 
-0.280000 48.793702 
-0.279000 48.355278 
-0.278000 47.914946 
-0.277000 47.472721 
-0.276000 47.028623 
-0.275000 46.582668 
-0.274000 46.134874 
-0.273000 45.685259 
-0.272000 45.233840 
-0.271000 44.780636 
-0.270000 44.325663 
-0.269000 43.868941 
-0.268000 43.410486 
-0.267000 42.950318 
-0.266000 42.488455 
-0.265000 42.024914 
-0.264000 41.559714 
-0.263000 41.092873 
-0.262000 40.624410 
-0.261000 40.154343 
-0.260000 39.682691 
-0.259000 39.209473 
-0.258000 38.734706 
-0.257000 38.258410 
-0.256000 37.780604 
-0.255000 37.301307 
-0.254000 36.820536 
-0.253000 36.338312 
-0.252000 35.854654 
-0.251000 35.369580 
-0.250000 34.883110 
-0.249000 34.395263 
-0.248000 33.906057 
-0.247000 33.415514 
-0.246000 32.923651 
-0.245000 32.430488 
-0.244000 31.936045 
-0.243000 31.440341 
-0.242000 30.943396 
-0.241000 30.445229 
-0.240000 29.945861 
-0.239000 29.445310 
-0.238000 28.943597 
-0.237000 28.440741 
-0.236000 27.936763 
-0.235000 27.431681 
-0.234000 26.925517 
-0.233000 26.418289 
-0.232000 25.910019 
-0.231000 25.400725 
-0.230000 24.890429 
-0.229000 24.379151 
-0.228000 23.866909 
-0.227000 23.353726 
-0.226000 22.839621 
-0.225000 22.324614 
-0.224000 21.808725 
-0.223000 21.291976 
-0.222000 20.774386 
-0.221000 20.255976 
-0.220000 19.736767 
-0.219000 19.216778 
-0.218000 18.696030 
-0.217000 18.174545 
-0.216000 17.652341 
-0.215000 17.129442 
-0.214000 16.605865 
-0.213000 16.081634 
-0.212000 15.556767 
-0.211000 15.031286 
-0.210000 14.505212 
-0.209000 13.978565 
-0.208000 13.451366 
-0.207000 12.923636 
-0.206000 12.395396 
-0.205000 11.866667 
-0.204000 11.337469 
-0.203000 10.807824 
-0.202000 10.277752 
-0.201000 9.747274 
-0.200000 9.216412 
-0.199000 8.685185 
-0.198000 8.153616 
-0.197000 7.621725 
-0.196000 7.089532 
-0.195000 6.557060 
-0.194000 6.024330 
-0.193000 5.491361 
-0.192000 4.958175 
-0.191000 4.424794 
-0.190000 3.891238 
-0.189000 3.357529 
-0.188000 2.823687 
-0.187000 2.289733 
-0.186000 1.755689 
-0.185000 1.221576 
-0.184000 0.687415 
-0.183000 0.153226 
-0.182000 -0.380969 
-0.181000 -0.915148 
-0.180000 -1.449292 
-0.179000 -1.983378 
-0.178000 -2.517386 
-0.177000 -3.051295 
-0.176000 -3.585083 
-0.175000 -4.118729 
-0.174000 -4.652213 
-0.173000 -5.185514 
-0.172000 -5.718609 
-0.171000 -6.251479 
-0.170000 -6.784102 
-0.169000 -7.316457 
-0.168000 -7.848524 
-0.167000 -8.380280 
-0.166000 -8.911706 
-0.165000 -9.442780 
-0.164000 -9.973481 
-0.163000 -10.503788 
-0.162000 -11.033681 
-0.161000 -11.563138 
-0.160000 -12.092139 
-0.159000 -12.620662 
-0.158000 -13.148687 
-0.157000 -13.676193 
-0.156000 -14.203159 
-0.155000 -14.729564 
-0.154000 -15.255388 
-0.153000 -15.780610 
-0.152000 -16.305208 
-0.151000 -16.829163 
-0.150000 -17.352453 
-0.149000 -17.875059 
-0.148000 -18.396958 
-0.147000 -18.918132 
-0.146000 -19.438559 
-0.145000 -19.958218 
-0.144000 -20.477089 
-0.143000 -20.995152 
-0.142000 -21.512386 
-0.141000 -22.028771 
-0.140000 -22.544286 
-0.139000 -23.058911 
-0.138000 -23.572626 
-0.137000 -24.085410 
-0.136000 -24.597243 
-0.135000 -25.108105 
-0.134000 -25.617976 
-0.133000 -26.126836 
-0.132000 -26.634664 
-0.131000 -27.141441 
-0.130000 -27.647146 
-0.129000 -28.151760 
-0.128000 -28.655262 
-0.127000 -29.157633 
-0.126000 -29.658853 
-0.125000 -30.158902 
-0.124000 -30.657761 
-0.123000 -31.155409 
-0.122000 -31.651827 
-0.121000 -32.146996 
-0.120000 -32.640896 
-0.119000 -33.133507 
-0.118000 -33.624810 
-0.117000 -34.114785 
-0.116000 -34.603414 
-0.115000 -35.090676 
-0.114000 -35.576554 
-0.113000 -36.061026 
-0.112000 -36.544075 
-0.111000 -37.025682 
-0.110000 -37.505827 
-0.109000 -37.984491 
-0.108000 -38.461655 
-0.107000 -38.937301 
-0.106000 -39.411410 
-0.105000 -39.883963 
-0.104000 -40.354942 
-0.103000 -40.824327 
-0.102000 -41.292101 
-0.101000 -41.758244 
-0.100000 -42.222739 
-0.099000 -42.685567 
-0.098000 -43.146710 
-0.097000 -43.606150 
-0.096000 -44.063868 
-0.095000 -44.519846 
-0.094000 -44.974067 
-0.093000 -45.426513 
-0.092000 -45.877165 
-0.091000 -46.326006 
-0.090000 -46.773018 
-0.089000 -47.218184 
-0.088000 -47.661485 
-0.087000 -48.102905 
-0.086000 -48.542426 
-0.085000 -48.980030 
-0.084000 -49.415701 
-0.083000 -49.849421 
-0.082000 -50.281173 
-0.081000 -50.710940 
-0.080000 -51.138705 
-0.079000 -51.564451 
-0.078000 -51.988162 
-0.077000 -52.409820 
-0.076000 -52.829409 
-0.075000 -53.246912 
-0.074000 -53.662313 
-0.073000 -54.075596 
-0.072000 -54.486744 
-0.071000 -54.895741 
-0.070000 -55.302571 
-0.069000 -55.707217 
-0.068000 -56.109665 
-0.067000 -56.509897 
-0.066000 -56.907898 
-0.065000 -57.303653 
-0.064000 -57.697145 
-0.063000 -58.088360 
-0.062000 -58.477281 
-0.061000 -58.863894 
-0.060000 -59.248183 
-0.059000 -59.630133 
-0.058000 -60.009729 
-0.057000 -60.386955 
-0.056000 -60.761798 
-0.055000 -61.134242 
-0.054000 -61.504273 
-0.053000 -61.871875 
-0.052000 -62.237035 
-0.051000 -62.599738 
-0.050000 -62.959969 
-0.049000 -63.317715 
-0.048000 -63.672961 
-0.047000 -64.025694 
-0.046000 -64.375899 
-0.045000 -64.723563 
-0.044000 -65.068671 
-0.043000 -65.411210 
-0.042000 -65.751168 
-0.041000 -66.088529 
-0.040000 -66.423281 
-0.039000 -66.755412 
-0.038000 -67.084906 
-0.037000 -67.411753 
-0.036000 -67.735938 
-0.035000 -68.057449 
-0.034000 -68.376273 
-0.033000 -68.692398 
-0.032000 -69.005810 
-0.031000 -69.316499 
-0.030000 -69.624451 
-0.029000 -69.929655 
-0.028000 -70.232098 
-0.027000 -70.531768 
-0.026000 -70.828653 
-0.025000 -71.122743 
-0.024000 -71.414025 
-0.023000 -71.702487 
-0.022000 -71.988119 
-0.021000 -72.270909 
-0.020000 -72.550845 
-0.019000 -72.827918 
-0.018000 -73.102115 
-0.017000 -73.373426 
-0.016000 -73.641841 
-0.015000 -73.907348 
-0.014000 -74.169938 
-0.013000 -74.429600 
-0.012000 -74.686323 
-0.011000 -74.940098 
-0.010000 -75.190914 
-0.009000 -75.438762 
-0.008000 -75.683632 
-0.007000 -75.925513 
-0.006000 -76.164398 
-0.005000 -76.400275 
-0.004000 -76.633137 
-0.003000 -76.862973 
-0.002000 -77.089774 
-0.001000 -77.313533 
-0.000000 -77.534239 
0.001000 -77.751884 
0.002000 -77.966460 
0.003000 -78.177957 
0.004000 -78.386369 
0.005000 -78.591685 
0.006000 -78.793899 
0.007000 -78.993003 
0.008000 -79.188988 
0.009000 -79.381846 
0.010000 -79.571571 
0.011000 -79.758155 
0.012000 -79.941590 
0.013000 -80.121868 
0.014000 -80.298984 
0.015000 -80.472930 
0.016000 -80.643698 
0.017000 -80.811284 
0.018000 -80.975678 
0.019000 -81.136876 
0.020000 -81.294871 
0.021000 -81.449657 
0.022000 -81.601227 
0.023000 -81.749575 
0.024000 -81.894696 
0.025000 -82.036584 
0.026000 -82.175234 
0.027000 -82.310639 
0.028000 -82.442795 
0.029000 -82.571696 
0.030000 -82.697337 
0.031000 -82.819714 
0.032000 -82.938821 
0.033000 -83.054654 
0.034000 -83.167207 
0.035000 -83.276478 
0.036000 -83.382461 
0.037000 -83.485152 
0.038000 -83.584547 
0.039000 -83.680643 
0.040000 -83.773435 
0.041000 -83.862919 
0.042000 -83.949093 
0.043000 -84.031953 
0.044000 -84.111496 
0.045000 -84.187717 
0.046000 -84.260616 
0.047000 -84.330187 
0.048000 -84.396430 
0.049000 -84.459340 
0.050000 -84.518917 
0.051000 -84.575157 
0.052000 -84.628057 
0.053000 -84.677617 
0.054000 -84.723834 
0.055000 -84.766706 
0.056000 -84.806232 
0.057000 -84.842410 
0.058000 -84.875238 
0.059000 -84.904716 
0.060000 -84.930841 
0.061000 -84.953614 
0.062000 -84.973033 
0.063000 -84.989097 
0.064000 -85.001806 
0.065000 -85.011160 
0.066000 -85.017157 
0.067000 -85.019798 
0.068000 -85.019083 
0.069000 -85.015011 
0.070000 -85.007583 
0.071000 -84.996798 
0.072000 -84.982659 
0.073000 -84.965164 
0.074000 -84.944315 
0.075000 -84.920113 
0.076000 -84.892558 
0.077000 -84.861652 
0.078000 -84.827396 
0.079000 -84.789790 
0.080000 -84.748838 
0.081000 -84.704539 
0.082000 -84.656897 
0.083000 -84.605913 
0.084000 -84.551588 
0.085000 -84.493926 
0.086000 -84.432927 
0.087000 -84.368596 
0.088000 -84.300934 
0.089000 -84.229943 
0.090000 -84.155628 
0.091000 -84.077990 
0.092000 -83.997033 
0.093000 -83.912760 
0.094000 -83.825174 
0.095000 -83.734279 
0.096000 -83.640078 
0.097000 -83.542575 
0.098000 -83.441775 
0.099000 -83.337679 
0.100000 -83.230294 
0.101000 -83.119624 
0.102000 -83.005671 
0.103000 -82.888442 
0.104000 -82.767941 
0.105000 -82.644172 
0.106000 -82.517140 
0.107000 -82.386851 
0.108000 -82.253309 
0.109000 -82.116520 
0.110000 -81.976489 
0.111000 -81.833222 
0.112000 -81.686724 
0.113000 -81.537001 
0.114000 -81.384060 
0.115000 -81.227905 
0.116000 -81.068544 
0.117000 -80.905982 
0.118000 -80.740227 
0.119000 -80.571284 
0.120000 -80.399160 
0.121000 -80.223862 
0.122000 -80.045396 
0.123000 -79.863771 
0.124000 -79.678993 
0.125000 -79.491070 
0.126000 -79.300008 
0.127000 -79.105815 
0.128000 -78.908500 
0.129000 -78.708069 
0.130000 -78.504532 
0.131000 -78.297894 
0.132000 -78.088166 
0.133000 -77.875355 
0.134000 -77.659470 
0.135000 -77.440519 
0.136000 -77.218511 
0.137000 -76.993454 
0.138000 -76.765357 
0.139000 -76.534230 
0.140000 -76.300082 
0.141000 -76.062921 
0.142000 -75.822758 
0.143000 -75.579601 
0.144000 -75.333461 
0.145000 -75.084346 
0.146000 -74.832267 
0.147000 -74.577234 
0.148000 -74.319257 
0.149000 -74.058346 
0.150000 -73.794511 
0.151000 -73.527763 
0.152000 -73.258112 
0.153000 -72.985569 
0.154000 -72.710144 
0.155000 -72.431849 
0.156000 -72.150695 
0.157000 -71.866692 
0.158000 -71.579852 
0.159000 -71.290187 
0.160000 -70.997707 
0.161000 -70.702423 
0.162000 -70.404349 
0.163000 -70.103496 
0.164000 -69.799874 
0.165000 -69.493497 
0.166000 -69.184377 
0.167000 -68.872526 
0.168000 -68.557955 
0.169000 -68.240678 
0.170000 -67.920707 
0.171000 -67.598054 
0.172000 -67.272733 
0.173000 -66.944756 
0.174000 -66.614136 
0.175000 -66.280886 
0.176000 -65.945020 
0.177000 -65.606550 
0.178000 -65.265490 
0.179000 -64.921854 
0.180000 -64.575655 
0.181000 -64.226906 
0.182000 -63.875622 
0.183000 -63.521816 
0.184000 -63.165502 
0.185000 -62.806695 
0.186000 -62.445408 
0.187000 -62.081656 
0.188000 -61.715453 
0.189000 -61.346814 
0.190000 -60.975752 
0.191000 -60.602284 
0.192000 -60.226423 
0.193000 -59.848184 
0.194000 -59.467583 
0.195000 -59.084634 
0.196000 -58.699353 
0.197000 -58.311754 
0.198000 -57.921853 
0.199000 -57.529665 
0.200000 -57.135206 
0.201000 -56.738492 
0.202000 -56.339538 
0.203000 -55.938359 
0.204000 -55.534972 
0.205000 -55.129393 
0.206000 -54.721638 
0.207000 -54.311722 
0.208000 -53.899661 
0.209000 -53.485473 
0.210000 -53.069174 
0.211000 -52.650779 
0.212000 -52.230306 
0.213000 -51.807771 
0.214000 -51.383191 
0.215000 -50.956582 
0.216000 -50.527961 
0.217000 -50.097346 
0.218000 -49.664753 
0.219000 -49.230199 
0.220000 -48.793702 
0.221000 -48.355278 
0.222000 -47.914946 
0.223000 -47.472721 
0.224000 -47.028623 
0.225000 -46.582668 
0.226000 -46.134874 
0.227000 -45.685259 
0.228000 -45.233840 
0.229000 -44.780636 
0.230000 -44.325663 
0.231000 -43.868941 
0.232000 -43.410486 
0.233000 -42.950318 
0.234000 -42.488455 
0.235000 -42.024914 
0.236000 -41.559714 
0.237000 -41.092873 
0.238000 -40.624410 
0.239000 -40.154343 
0.240000 -39.682691 
0.241000 -39.209473 
0.242000 -38.734706 
0.243000 -38.258410 
0.244000 -37.780604 
0.245000 -37.301307 
0.246000 -36.820536 
0.247000 -36.338312 
0.248000 -35.854654 
0.249000 -35.369580 
0.250000 -34.883110 
0.251000 -34.395263 
0.252000 -33.906057 
0.253000 -33.415514 
0.254000 -32.923651 
0.255000 -32.430488 
0.256000 -31.936045 
0.257000 -31.440341 
0.258000 -30.943396 
0.259000 -30.445229 
0.260000 -29.945861 
0.261000 -29.445310 
0.262000 -28.943597 
0.263000 -28.440741 
0.264000 -27.936763 
0.265000 -27.431681 
0.266000 -26.925517 
0.267000 -26.418289 
0.268000 -25.910019 
0.269000 -25.400725 
0.270000 -24.890429 
0.271000 -24.379151 
0.272000 -23.866909 
0.273000 -23.353726 
0.274000 -22.839621 
0.275000 -22.324614 
0.276000 -21.808725 
0.277000 -21.291976 
0.278000 -20.774386 
0.279000 -20.255976 
0.280000 -19.736767 
0.281000 -19.216778 
0.282000 -18.696030 
0.283000 -18.174545 
0.284000 -17.652341 
0.285000 -17.129442 
0.286000 -16.605865 
0.287000 -16.081634 
0.288000 -15.556767 
0.289000 -15.031286 
0.290000 -14.505212 
0.291000 -13.978565 
0.292000 -13.451366 
0.293000 -12.923636 
0.294000 -12.395396 
0.295000 -11.866667 
0.296000 -11.337469 
0.297000 -10.807824 
0.298000 -10.277752 
0.299000 -9.747274 
0.300000 -9.216412 
0.301000 -8.685185 
0.302000 -8.153616 
0.303000 -7.621725 
0.304000 -7.089532 
0.305000 -6.557060 
0.306000 -6.024330 
0.307000 -5.491361 
0.308000 -4.958175 
0.309000 -4.424794 
0.310000 -3.891238 
0.311000 -3.357529 
0.312000 -2.823687 
0.313000 -2.289733 
0.314000 -1.755689 
0.315000 -1.221576 
0.316000 -0.687415 
0.317000 -0.153226 
0.318000 0.380969 
0.319000 0.915148 
0.320000 1.449292 
0.321000 1.983378 
0.322000 2.517386 
0.323000 3.051295 
0.324000 3.585083 
0.325000 4.118729 
0.326000 4.652213 
0.327000 5.185514 
0.328000 5.718609 
0.329000 6.251479 
0.330000 6.784102 
0.331000 7.316457 
0.332000 7.848524 
0.333000 8.380280 
0.334000 8.911706 
0.335000 9.442780 
0.336000 9.973481 
0.337000 10.503788 
0.338000 11.033681 
0.339000 11.563138 
0.340000 12.092139 
0.341000 12.620662 
0.342000 13.148687 
0.343000 13.676193 
0.344000 14.203159 
0.345000 14.729564 
0.346000 15.255388 
0.347000 15.780610 
0.348000 16.305208 
0.349000 16.829163 
0.350000 17.352453 
0.351000 17.875059 
0.352000 18.396958 
0.353000 18.918132 
0.354000 19.438559 
0.355000 19.958218 
0.356000 20.477089 
0.357000 20.995152 
0.358000 21.512386 
0.359000 22.028771 
0.360000 22.544286 
0.361000 23.058911 
0.362000 23.572626 
0.363000 24.085410 
0.364000 24.597243 
0.365000 25.108105 
0.366000 25.617976 
0.367000 26.126836 
0.368000 26.634664 
0.369000 27.141441 
0.370000 27.647146 
0.371000 28.151760 
0.372000 28.655262 
0.373000 29.157633 
0.374000 29.658853 
0.375000 30.158902 
0.376000 30.657761 
0.377000 31.155409 
0.378000 31.651827 
0.379000 32.146996 
0.380000 32.640896 
0.381000 33.133507 
0.382000 33.624810 
0.383000 34.114785 
0.384000 34.603414 
0.385000 35.090676 
0.386000 35.576554 
0.387000 36.061026 
0.388000 36.544075 
0.389000 37.025682 
0.390000 37.505827 
0.391000 37.984491 
0.392000 38.461655 
0.393000 38.937301 
0.394000 39.411410 
0.395000 39.883963 
0.396000 40.354942 
0.397000 40.824327 
0.398000 41.292101 
0.399000 41.758244 
0.400000 42.222739 
0.401000 42.685567 
0.402000 43.146710 
0.403000 43.606150 
0.404000 44.063868 
0.405000 44.519846 
0.406000 44.974067 
0.407000 45.426513 
0.408000 45.877165 
0.409000 46.326006 
0.410000 46.773018 
0.411000 47.218184 
0.412000 47.661485 
0.413000 48.102905 
0.414000 48.542426 
0.415000 48.980030 
0.416000 49.415701 
0.417000 49.849421 
0.418000 50.281173 
0.419000 50.710940 
0.420000 51.138705 
0.421000 51.564451 
0.422000 51.988162 
0.423000 52.409820 
0.424000 52.829409 
0.425000 53.246912 
0.426000 53.662313 
0.427000 54.075596 
0.428000 54.486744 
0.429000 54.895741 
0.430000 55.302571 
0.431000 55.707217 
0.432000 56.109665 
0.433000 56.509897 
0.434000 56.907898 
0.435000 57.303653 
0.436000 57.697145 
0.437000 58.088360 
0.438000 58.477281 
0.439000 58.863894 
0.440000 59.248183 
0.441000 59.630133 
0.442000 60.009729 
0.443000 60.386955 
0.444000 60.761798 
0.445000 61.134242 
0.446000 61.504273 
0.447000 61.871875 
0.448000 62.237035 
0.449000 62.599738 
0.450000 62.959969 
0.451000 63.317715 
0.452000 63.672961 
0.453000 64.025694 
0.454000 64.375899 
0.455000 64.723563 
0.456000 65.068671 
0.457000 65.411210 
0.458000 65.751168 
0.459000 66.088529 
0.460000 66.423281 
0.461000 66.755412 
0.462000 67.084906 
0.463000 67.411753 
0.464000 67.735938 
0.465000 68.057449 
0.466000 68.376273 
0.467000 68.692398 
0.468000 69.005810 
0.469000 69.316499 
0.470000 69.624451 
0.471000 69.929655 
0.472000 70.232098 
0.473000 70.531768 
0.474000 70.828653 
0.475000 71.122743 
0.476000 71.414025 
0.477000 71.702487 
0.478000 71.988119 
0.479000 72.270909 
0.480000 72.550845 
0.481000 72.827918 
0.482000 73.102115 
0.483000 73.373426 
0.484000 73.641841 
0.485000 73.907348 
0.486000 74.169938 
0.487000 74.429600 
0.488000 74.686323 
0.489000 74.940098 
0.490000 75.190914 
0.491000 75.438762 
0.492000 75.683632 
0.493000 75.925513 
0.494000 76.164398 
0.495000 76.400275 
0.496000 76.633137 
0.497000 76.862973 
0.498000 77.089774 
0.499000 77.313533 
0.500000 77.534239 
0.501000 77.751884 
0.502000 77.966460 
0.503000 78.177957 
0.504000 78.386369 
0.505000 78.591685 
0.506000 78.793899 
0.507000 78.993003 
0.508000 79.188988 
0.509000 79.381846 
0.510000 79.571571 
0.511000 79.758155 
0.512000 79.941590 
0.513000 80.121868 
0.514000 80.298984 
0.515000 80.472930 
0.516000 80.643698 
0.517000 80.811284 
0.518000 80.975678 
0.519000 81.136876 
0.520000 81.294871 
0.521000 81.449657 
0.522000 81.601227 
0.523000 81.749575 
0.524000 81.894696 
0.525000 82.036584 
0.526000 82.175234 
0.527000 82.310639 
0.528000 82.442795 
0.529000 82.571696 
0.530000 82.697337 
0.531000 82.819714 
0.532000 82.938821 
0.533000 83.054654 
0.534000 83.167207 
0.535000 83.276478 
0.536000 83.382461 
0.537000 83.485152 
0.538000 83.584547 
0.539000 83.680643 
0.540000 83.773435 
0.541000 83.862919 
0.542000 83.949093 
0.543000 84.031953 
0.544000 84.111496 
0.545000 84.187717 
0.546000 84.260616 
0.547000 84.330187 
0.548000 84.396430 
0.549000 84.459340 
0.550000 84.518917 
0.551000 84.575157 
0.552000 84.628057 
0.553000 84.677617 
0.554000 84.723834 
0.555000 84.766706 
0.556000 84.806232 
0.557000 84.842410 
0.558000 84.875238 
0.559000 84.904716 
0.560000 84.930841 
0.561000 84.953614 
0.562000 84.973033 
0.563000 84.989097 
0.564000 85.001806 
0.565000 85.011160 
0.566000 85.017157 
0.567000 85.019798 
0.568000 85.019083 
0.569000 85.015011 
0.570000 85.007583 
0.571000 84.996798 
0.572000 84.982659 
0.573000 84.965164 
0.574000 84.944315 
0.575000 84.920113 
0.576000 84.892558 
0.577000 84.861652 
0.578000 84.827396 
0.579000 84.789790 
0.580000 84.748838 
0.581000 84.704539 
0.582000 84.656897 
0.583000 84.605913 
0.584000 84.551588 
0.585000 84.493926 
0.586000 84.432927 
0.587000 84.368596 
0.588000 84.300934 
0.589000 84.229943 
0.590000 84.155628 
0.591000 84.077990 
0.592000 83.997033 
0.593000 83.912760 
0.594000 83.825174 
0.595000 83.734279 
0.596000 83.640078 
0.597000 83.542575 
0.598000 83.441775 
0.599000 83.337679 
0.600000 83.230294 
0.601000 83.119624 
0.602000 83.005671 
0.603000 82.888442 
0.604000 82.767941 
0.605000 82.644172 
0.606000 82.517140 
0.607000 82.386851 
0.608000 82.253309 
0.609000 82.116520 
0.610000 81.976489 
0.611000 81.833222 
0.612000 81.686724 
0.613000 81.537001 
0.614000 81.384060 
0.615000 81.227905 
0.616000 81.068544 
0.617000 80.905982 
0.618000 80.740227 
0.619000 80.571284 
0.620000 80.399160 
0.621000 80.223862 
0.622000 80.045396 
0.623000 79.863771 
0.624000 79.678993 
0.625000 79.491070 
0.626000 79.300008 
0.627000 79.105815 
0.628000 78.908500 
0.629000 78.708069 
0.630000 78.504532 
0.631000 78.297894 
0.632000 78.088166 
0.633000 77.875355 
0.634000 77.659470 
0.635000 77.440519 
0.636000 77.218511 
0.637000 76.993454 
0.638000 76.765357 
0.639000 76.534230 
0.640000 76.300082 
0.641000 76.062921 
0.642000 75.822758 
0.643000 75.579601 
0.644000 75.333461 
0.645000 75.084346 
0.646000 74.832267 
0.647000 74.577234 
0.648000 74.319257 
0.649000 74.058346 
0.650000 73.794511 
0.651000 73.527763 
0.652000 73.258112 
0.653000 72.985569 
0.654000 72.710144 
0.655000 72.431849 
0.656000 72.150695 
0.657000 71.866692 
0.658000 71.579852 
0.659000 71.290187 
0.660000 70.997707 
0.661000 70.702423 
0.662000 70.404349 
0.663000 70.103496 
0.664000 69.799874 
0.665000 69.493497 
0.666000 69.184377 
0.667000 68.872526 
0.668000 68.557955 
0.669000 68.240678 
0.670000 67.920707 
0.671000 67.598054 
0.672000 67.272733 
0.673000 66.944756 
0.674000 66.614136 
0.675000 66.280886 
0.676000 65.945020 
0.677000 65.606550 
0.678000 65.265490 
0.679000 64.921854 
0.680000 64.575655 
0.681000 64.226906 
0.682000 63.875622 
0.683000 63.521816 
0.684000 63.165502 
0.685000 62.806695 
0.686000 62.445408 
0.687000 62.081656 
0.688000 61.715453 
0.689000 61.346814 
0.690000 60.975752 
0.691000 60.602284 
0.692000 60.226423 
0.693000 59.848184 
0.694000 59.467583 
0.695000 59.084634 
0.696000 58.699353 
0.697000 58.311754 
0.698000 57.921853 
0.699000 57.529665 
0.700000 57.135206 
0.701000 56.738492 
0.702000 56.339538 
0.703000 55.938359 
0.704000 55.534972 
0.705000 55.129393 
0.706000 54.721638 
0.707000 54.311722 
0.708000 53.899661 
0.709000 53.485473 
0.710000 53.069174 
0.711000 52.650779 
0.712000 52.230306 
0.713000 51.807771 
0.714000 51.383191 
0.715000 50.956582 
0.716000 50.527961 
0.717000 50.097346 
0.718000 49.664753 
0.719000 49.230199 
0.720000 48.793702 
0.721000 48.355278 
0.722000 47.914946 
0.723000 47.472721 
0.724000 47.028623 
0.725000 46.582668 
0.726000 46.134874 
0.727000 45.685259 
0.728000 45.233840 
0.729000 44.780636 
0.730000 44.325663 
0.731000 43.868941 
0.732000 43.410486 
0.733000 42.950318 
0.734000 42.488455 
0.735000 42.024914 
0.736000 41.559714 
0.737000 41.092873 
0.738000 40.624410 
0.739000 40.154343 
0.740000 39.682691 
0.741000 39.209473 
0.742000 38.734706 
0.743000 38.258410 
0.744000 37.780604 
0.745000 37.301307 
0.746000 36.820536 
0.747000 36.338312 
0.748000 35.854654 
0.749000 35.369580 
0.750000 34.883110 
0.751000 34.395263 
0.752000 33.906057 
0.753000 33.415514 
0.754000 32.923651 
0.755000 32.430488 
0.756000 31.936045 
0.757000 31.440341 
0.758000 30.943396 
0.759000 30.445229 
0.760000 29.945861 
0.761000 29.445310 
0.762000 28.943597 
0.763000 28.440741 
0.764000 27.936763 
0.765000 27.431681 
0.766000 26.925517 
0.767000 26.418289 
0.768000 25.910019 
0.769000 25.400725 
0.770000 24.890429 
0.771000 24.379151 
0.772000 23.866909 
0.773000 23.353726 
0.774000 22.839621 
0.775000 22.324614 
0.776000 21.808725 
0.777000 21.291976 
0.778000 20.774386 
0.779000 20.255976 
0.780000 19.736767 
0.781000 19.216778 
0.782000 18.696030 
0.783000 18.174545 
0.784000 17.652341 
0.785000 17.129442 
0.786000 16.605865 
0.787000 16.081634 
0.788000 15.556767 
0.789000 15.031286 
0.790000 14.505212 
0.791000 13.978565 
0.792000 13.451366 
0.793000 12.923636 
0.794000 12.395396 
0.795000 11.866667 
0.796000 11.337469 
0.797000 10.807824 
0.798000 10.277752 
0.799000 9.747274 
0.800000 9.216412 
0.801000 8.685185 
0.802000 8.153616 
0.803000 7.621725 
0.804000 7.089532 
0.805000 6.557060 
0.806000 6.024330 
0.807000 5.491361 
0.808000 4.958175 
0.809000 4.424794 
0.810000 3.891238 
0.811000 3.357529 
0.812000 2.823687 
0.813000 2.289733 
0.814000 1.755689 
0.815000 1.221576 
0.816000 0.687415 
0.817000 0.153226 
0.818000 -0.380969 
0.819000 -0.915148 
0.820000 -1.449292 
0.821000 -1.983378 
0.822000 -2.517386 
0.823000 -3.051295 
0.824000 -3.585083 
0.825000 -4.118729 
0.826000 -4.652213 
0.827000 -5.185514 
0.828000 -5.718609 
0.829000 -6.251479 
0.830000 -6.784102 
0.831000 -7.316457 
0.832000 -7.848524 
0.833000 -8.380280 
0.834000 -8.911706 
0.835000 -9.442780 
0.836000 -9.973481 
0.837000 -10.503788 
0.838000 -11.033681 
0.839000 -11.563138 
0.840000 -12.092139 
0.841000 -12.620662 
0.842000 -13.148687 
0.843000 -13.676193 
0.844000 -14.203159 
0.845000 -14.729564 
0.846000 -15.255388 
0.847000 -15.780610 
0.848000 -16.305208 
0.849000 -16.829163 
0.850000 -17.352453 
0.851000 -17.875059 
0.852000 -18.396958 
0.853000 -18.918132 
0.854000 -19.438559 
0.855000 -19.958218 
0.856000 -20.477089 
0.857000 -20.995152 
0.858000 -21.512386 
0.859000 -22.028771 
0.860000 -22.544286 
0.861000 -23.058911 
0.862000 -23.572626 
0.863000 -24.085410 
0.864000 -24.597243 
0.865000 -25.108105 
0.866000 -25.617976 
0.867000 -26.126836 
0.868000 -26.634664 
0.869000 -27.141441 
0.870000 -27.647146 
0.871000 -28.151760 
0.872000 -28.655262 
0.873000 -29.157633 
0.874000 -29.658853 
0.875000 -30.158902 
0.876000 -30.657761 
0.877000 -31.155409 
0.878000 -31.651827 
0.879000 -32.146996 
0.880000 -32.640896 
0.881000 -33.133507 
0.882000 -33.624810 
0.883000 -34.114785 
0.884000 -34.603414 
0.885000 -35.090676 
0.886000 -35.576554 
0.887000 -36.061026 
0.888000 -36.544075 
0.889000 -37.025682 
0.890000 -37.505827 
0.891000 -37.984491 
0.892000 -38.461655 
0.893000 -38.937301 
0.894000 -39.411410 
0.895000 -39.883963 
0.896000 -40.354942 
0.897000 -40.824327 
0.898000 -41.292101 
0.899000 -41.758244 
0.900000 -42.222739 
0.901000 -42.685567 
0.902000 -43.146710 
0.903000 -43.606150 
0.904000 -44.063868 
0.905000 -44.519846 
0.906000 -44.974067 
0.907000 -45.426513 
0.908000 -45.877165 
0.909000 -46.326006 
0.910000 -46.773018 
0.911000 -47.218184 
0.912000 -47.661485 
0.913000 -48.102905 
0.914000 -48.542426 
0.915000 -48.980030 
0.916000 -49.415701 
0.917000 -49.849421 
0.918000 -50.281173 
0.919000 -50.710940 
0.920000 -51.138705 
0.921000 -51.564451 
0.922000 -51.988162 
0.923000 -52.409820 
0.924000 -52.829409 
0.925000 -53.246912 
0.926000 -53.662313 
0.927000 -54.075596 
0.928000 -54.486744 
0.929000 -54.895741 
0.930000 -55.302571 
0.931000 -55.707217 
0.932000 -56.109665 
0.933000 -56.509897 
0.934000 -56.907898 
0.935000 -57.303653 
0.936000 -57.697145 
0.937000 -58.088360 
0.938000 -58.477281 
0.939000 -58.863894 
0.940000 -59.248183 
0.941000 -59.630133 
0.942000 -60.009729 
0.943000 -60.386955 
0.944000 -60.761798 
0.945000 -61.134242 
0.946000 -61.504273 
0.947000 -61.871875 
0.948000 -62.237035 
0.949000 -62.599738 
0.950000 -62.959969 
0.951000 -63.317715 
0.952000 -63.672961 
0.953000 -64.025694 
0.954000 -64.375899 
0.955000 -64.723563 
0.956000 -65.068671 
0.957000 -65.411210 
0.958000 -65.751168 
0.959000 -66.088529 
0.960000 -66.423281 
0.961000 -66.755412 
0.962000 -67.084906 
0.963000 -67.411753 
0.964000 -67.735938 
0.965000 -68.057449 
0.966000 -68.376273 
0.967000 -68.692398 
0.968000 -69.005810 
0.969000 -69.316499 
0.970000 -69.624451 
0.971000 -69.929655 
0.972000 -70.232098 
0.973000 -70.531768 
0.974000 -70.828653 
0.975000 -71.122743 
0.976000 -71.414025 
0.977000 -71.702487 
0.978000 -71.988119 
0.979000 -72.270909 
0.980000 -72.550845 
0.981000 -72.827918 
0.982000 -73.102115 
0.983000 -73.373426 
0.984000 -73.641841 
0.985000 -73.907348 
0.986000 -74.169938 
0.987000 -74.429600 
0.988000 -74.686323 
0.989000 -74.940098 
0.990000 -75.190914 
0.991000 -75.438762 
0.992000 -75.683632 
0.993000 -75.925513 
0.994000 -76.164398 
0.995000 -76.400275 
0.996000 -76.633137 
0.997000 -76.862973 
0.998000 -77.089774 
0.999000 -77.313533 
1.000000 -77.534239 
1.001000 -77.751884 
1.002000 -77.966460 
1.003000 -78.177957 
1.004000 -78.386369 
1.005000 -78.591685 
1.006000 -78.793899 
1.007000 -78.993003 
1.008000 -79.188988 
1.009000 -79.381846 
1.010000 -79.571571 
1.011000 -79.758155 
1.012000 -79.941590 
1.013000 -80.121868 
1.014000 -80.298984 
1.015000 -80.472930 
1.016000 -80.643698 
1.017000 -80.811284 
1.018000 -80.975678 
1.019000 -81.136876 
1.020000 -81.294871 
1.021000 -81.449657 
1.022000 -81.601227 
1.023000 -81.749575 
1.024000 -81.894696 
1.025000 -82.036584 
1.026000 -82.175234 
1.027000 -82.310639 
1.028000 -82.442795 
1.029000 -82.571696 
1.030000 -82.697337 
1.031000 -82.819714 
1.032000 -82.938821 
1.033000 -83.054654 
1.034000 -83.167207 
1.035000 -83.276478 
1.036000 -83.382461 
1.037000 -83.485152 
1.038000 -83.584547 
1.039000 -83.680643 
1.040000 -83.773435 
1.041000 -83.862919 
1.042000 -83.949093 
1.043000 -84.031953 
1.044000 -84.111496 
1.045000 -84.187717 
1.046000 -84.260616 
1.047000 -84.330187 
1.048000 -84.396430 
1.049000 -84.459340 
1.050000 -84.518917 
1.051000 -84.575157 
1.052000 -84.628057 
1.053000 -84.677617 
1.054000 -84.723834 
1.055000 -84.766706 
1.056000 -84.806232 
1.057000 -84.842410 
1.058000 -84.875238 
1.059000 -84.904716 
1.060000 -84.930841 
1.061000 -84.953614 
1.062000 -84.973033 
1.063000 -84.989097 
1.064000 -85.001806 
1.065000 -85.011160 
1.066000 -85.017157 
1.067000 -85.019798 
1.068000 -85.019083 
1.069000 -85.015011 
1.070000 -85.007583 
1.071000 -84.996798 
1.072000 -84.982659 
1.073000 -84.965164 
1.074000 -84.944315 
1.075000 -84.920113 
1.076000 -84.892558 
1.077000 -84.861652 
1.078000 -84.827396 
1.079000 -84.789790 
1.080000 -84.748838 
1.081000 -84.704539 
1.082000 -84.656897 
1.083000 -84.605913 
1.084000 -84.551588 
1.085000 -84.493926 
1.086000 -84.432927 
1.087000 -84.368596 
1.088000 -84.300934 
1.089000 -84.229943 
1.090000 -84.155628 
1.091000 -84.077990 
1.092000 -83.997033 
1.093000 -83.912760 
1.094000 -83.825174 
1.095000 -83.734279 
1.096000 -83.640078 
1.097000 -83.542575 
1.098000 -83.441775 
1.099000 -83.337679 
1.100000 -83.230294 
1.101000 -83.119624 
1.102000 -83.005671 
1.103000 -82.888442 
1.104000 -82.767941 
1.105000 -82.644172 
1.106000 -82.517140 
1.107000 -82.386851 
1.108000 -82.253309 
1.109000 -82.116520 
1.110000 -81.976489 
1.111000 -81.833222 
1.112000 -81.686724 
1.113000 -81.537001 
1.114000 -81.384060 
1.115000 -81.227905 
1.116000 -81.068544 
1.117000 -80.905982 
1.118000 -80.740227 
1.119000 -80.571284 
1.120000 -80.399160 
1.121000 -80.223862 
1.122000 -80.045396 
1.123000 -79.863771 
1.124000 -79.678993 
1.125000 -79.491070 
1.126000 -79.300008 
1.127000 -79.105815 
1.128000 -78.908500 
1.129000 -78.708069 
1.130000 -78.504532 
1.131000 -78.297894 
1.132000 -78.088166 
1.133000 -77.875355 
1.134000 -77.659470 
1.135000 -77.440519 
1.136000 -77.218511 
1.137000 -76.993454 
1.138000 -76.765357 
1.139000 -76.534230 
1.140000 -76.300082 
1.141000 -76.062921 
1.142000 -75.822758 
1.143000 -75.579601 
1.144000 -75.333461 
1.145000 -75.084346 
1.146000 -74.832267 
1.147000 -74.577234 
1.148000 -74.319257 
1.149000 -74.058346 
1.150000 -73.794511 
1.151000 -73.527763 
1.152000 -73.258112 
1.153000 -72.985569 
1.154000 -72.710144 
1.155000 -72.431849 
1.156000 -72.150695 
1.157000 -71.866692 
1.158000 -71.579852 
1.159000 -71.290187 
1.160000 -70.997707 
1.161000 -70.702423 
1.162000 -70.404349 
1.163000 -70.103496 
1.164000 -69.799874 
1.165000 -69.493497 
1.166000 -69.184377 
1.167000 -68.872526 
1.168000 -68.557955 
1.169000 -68.240678 
1.170000 -67.920707 
1.171000 -67.598054 
1.172000 -67.272733 
1.173000 -66.944756 
1.174000 -66.614136 
1.175000 -66.280886 
1.176000 -65.945020 
1.177000 -65.606550 
1.178000 -65.265490 
1.179000 -64.921854 
1.180000 -64.575655 
1.181000 -64.226906 
1.182000 -63.875622 
1.183000 -63.521816 
1.184000 -63.165502 
1.185000 -62.806695 
1.186000 -62.445408 
1.187000 -62.081656 
1.188000 -61.715453 
1.189000 -61.346814 
1.190000 -60.975752 
1.191000 -60.602284 
1.192000 -60.226423 
1.193000 -59.848184 
1.194000 -59.467583 
1.195000 -59.084634 
1.196000 -58.699353 
1.197000 -58.311754 
1.198000 -57.921853 
1.199000 -57.529665 
1.200000 -57.135206 
1.201000 -56.738492 
1.202000 -56.339538 
1.203000 -55.938359 
1.204000 -55.534972 
1.205000 -55.129393 
1.206000 -54.721638 
1.207000 -54.311722 
1.208000 -53.899661 
1.209000 -53.485473 
1.210000 -53.069174 
1.211000 -52.650779 
1.212000 -52.230306 
1.213000 -51.807771 
1.214000 -51.383191 
1.215000 -50.956582 
1.216000 -50.527961 
1.217000 -50.097346 
1.218000 -49.664753 
1.219000 -49.230199 
1.220000 -48.793702 
1.221000 -48.355278 
1.222000 -47.914946 
1.223000 -47.472721 
1.224000 -47.028623 
1.225000 -46.582668 
1.226000 -46.134874 
1.227000 -45.685259 
1.228000 -45.233840 
1.229000 -44.780636 
1.230000 -44.325663 
1.231000 -43.868941 
1.232000 -43.410486 
1.233000 -42.950318 
1.234000 -42.488455 
1.235000 -42.024914 
1.236000 -41.559714 
1.237000 -41.092873 
1.238000 -40.624410 
1.239000 -40.154343 
1.240000 -39.682691 
1.241000 -39.209473 
1.242000 -38.734706 
1.243000 -38.258410 
1.244000 -37.780604 
1.245000 -37.301307 
1.246000 -36.820536 
1.247000 -36.338312 
1.248000 -35.854654 
1.249000 -35.369580 
1.250000 -34.883110 
1.251000 -34.395263 
1.252000 -33.906057 
1.253000 -33.415514 
1.254000 -32.923651 
1.255000 -32.430488 
1.256000 -31.936045 
1.257000 -31.440341 
1.258000 -30.943396 
1.259000 -30.445229 
1.260000 -29.945861 
1.261000 -29.445310 
1.262000 -28.943597 
1.263000 -28.440741 
1.264000 -27.936763 
1.265000 -27.431681 
1.266000 -26.925517 
1.267000 -26.418289 
1.268000 -25.910019 
1.269000 -25.400725 
1.270000 -24.890429 
1.271000 -24.379151 
1.272000 -23.866909 
1.273000 -23.353726 
1.274000 -22.839621 
1.275000 -22.324614 
1.276000 -21.808725 
1.277000 -21.291976 
1.278000 -20.774386 
1.279000 -20.255976 
1.280000 -19.736767 
1.281000 -19.216778 
1.282000 -18.696030 
1.283000 -18.174545 
1.284000 -17.652341 
1.285000 -17.129442 
1.286000 -16.605865 
1.287000 -16.081634 
1.288000 -15.556767 
1.289000 -15.031286 
1.290000 -14.505212 
1.291000 -13.978565 
1.292000 -13.451366 
1.293000 -12.923636 
1.294000 -12.395396 
1.295000 -11.866667 
1.296000 -11.337469 
1.297000 -10.807824 
1.298000 -10.277752 
1.299000 -9.747274 
1.300000 -9.216412 
1.301000 -8.685185 
1.302000 -8.153616 
1.303000 -7.621725 
1.304000 -7.089532 
1.305000 -6.557060 
1.306000 -6.024330 
1.307000 -5.491361 
1.308000 -4.958175 
1.309000 -4.424794 
1.310000 -3.891238 
1.311000 -3.357529 
1.312000 -2.823687 
1.313000 -2.289733 
1.314000 -1.755689 
1.315000 -1.221576 
1.316000 -0.687415 
1.317000 -0.153226 
1.318000 0.380969 
1.319000 0.915148 
1.320000 1.449292 
1.321000 1.983378 
1.322000 2.517386 
1.323000 3.051295 
1.324000 3.585083 
1.325000 4.118729 
1.326000 4.652213 
1.327000 5.185514 
1.328000 5.718609 
1.329000 6.251479 
1.330000 6.784102 
1.331000 7.316457 
1.332000 7.848524 
1.333000 8.380280 
1.334000 8.911706 
1.335000 9.442780 
1.336000 9.973481 
1.337000 10.503788 
1.338000 11.033681 
1.339000 11.563138 
1.340000 12.092139 
1.341000 12.620662 
1.342000 13.148687 
1.343000 13.676193 
1.344000 14.203159 
1.345000 14.729564 
1.346000 15.255388 
1.347000 15.780610 
1.348000 16.305208 
1.349000 16.829163 
1.350000 17.352453 
1.351000 17.875059 
1.352000 18.396958 
1.353000 18.918132 
1.354000 19.438559 
1.355000 19.958218 
1.356000 20.477089 
1.357000 20.995152 
1.358000 21.512386 
1.359000 22.028771 
1.360000 22.544286 
1.361000 23.058911 
1.362000 23.572626 
1.363000 24.085410 
1.364000 24.597243 
1.365000 25.108105 
1.366000 25.617976 
1.367000 26.126836 
1.368000 26.634664 
1.369000 27.141441 
1.370000 27.647146 
1.371000 28.151760 
1.372000 28.655262 
1.373000 29.157633 
1.374000 29.658853 
1.375000 30.158902 
1.376000 30.657761 
1.377000 31.155409 
1.378000 31.651827 
1.379000 32.146996 
1.380000 32.640896 
1.381000 33.133507 
1.382000 33.624810 
1.383000 34.114785 
1.384000 34.603414 
1.385000 35.090676 
1.386000 35.576554 
1.387000 36.061026 
1.388000 36.544075 
1.389000 37.025682 
1.390000 37.505827 
1.391000 37.984491 
1.392000 38.461655 
1.393000 38.937301 
1.394000 39.411410 
1.395000 39.883963 
1.396000 40.354942 
1.397000 40.824327 
1.398000 41.292101 
1.399000 41.758244 
1.400000 42.222739 
1.401000 42.685567 
1.402000 43.146710 
1.403000 43.606150 
1.404000 44.063868 
1.405000 44.519846 
1.406000 44.974067 
1.407000 45.426513 
1.408000 45.877165 
1.409000 46.326006 
1.410000 46.773018 
1.411000 47.218184 
1.412000 47.661485 
1.413000 48.102905 
1.414000 48.542426 
1.415000 48.980030 
1.416000 49.415701 
1.417000 49.849421 
1.418000 50.281173 
1.419000 50.710940 
1.420000 51.138705 
1.421000 51.564451 
1.422000 51.988162 
1.423000 52.409820 
1.424000 52.829409 
1.425000 53.246912 
1.426000 53.662313 
1.427000 54.075596 
1.428000 54.486744 
1.429000 54.895741 
1.430000 55.302571 
1.431000 55.707217 
1.432000 56.109665 
1.433000 56.509897 
1.434000 56.907898 
1.435000 57.303653 
1.436000 57.697145 
1.437000 58.088360 
1.438000 58.477281 
1.439000 58.863894 
1.440000 59.248183 
1.441000 59.630133 
1.442000 60.009729 
1.443000 60.386955 
1.444000 60.761798 
1.445000 61.134242 
1.446000 61.504273 
1.447000 61.871875 
1.448000 62.237035 
1.449000 62.599738 
1.450000 62.959969 
1.451000 63.317715 
1.452000 63.672961 
1.453000 64.025694 
1.454000 64.375899 
1.455000 64.723563 
1.456000 65.068671 
1.457000 65.411210 
1.458000 65.751168 
1.459000 66.088529 
1.460000 66.423281 
1.461000 66.755412 
1.462000 67.084906 
1.463000 67.411753 
1.464000 67.735938 
1.465000 68.057449 
1.466000 68.376273 
1.467000 68.692398 
1.468000 69.005810 
1.469000 69.316499 
1.470000 69.624451 
1.471000 69.929655 
1.472000 70.232098 
1.473000 70.531768 
1.474000 70.828653 
1.475000 71.122743 
1.476000 71.414025 
1.477000 71.702487 
1.478000 71.988119 
1.479000 72.270909 
1.480000 72.550845 
1.481000 72.827918 
1.482000 73.102115 
1.483000 73.373426 
1.484000 73.641841 
1.485000 73.907348 
1.486000 74.169938 
1.487000 74.429600 
1.488000 74.686323 
1.489000 74.940098 
1.490000 75.190914 
1.491000 75.438762 
1.492000 75.683632 
1.493000 75.925513 
1.494000 76.164398 
1.495000 76.400275 
1.496000 76.633137 
1.497000 76.862973 
1.498000 77.089774 
1.499000 77.313533 
