descriptor BJD Tc_folded phase mod 
2455326.949950 -0.793295 0.112050 122.294007
2455327.049950 -0.693295 0.153314 134.768158
2455327.149950 -0.593295 0.194578 138.233750
2455327.249950 -0.493295 0.235842 132.459127
2455327.349950 -0.393295 0.277106 117.830292
2455327.449950 -0.293295 0.318370 95.325109
2455327.549950 -0.193295 0.359634 66.447932
2455327.649950 -0.093295 0.400898 33.129052
2455327.749950 0.006705 0.442162 -2.404334
2455327.849950 0.106705 0.483426 -37.777003
2455327.949950 0.206705 0.524690 -70.624473
2455328.049950 0.306705 0.565954 -98.751061
2455328.149950 0.406705 0.607218 -120.276648
2455328.249950 0.506705 0.648482 -133.762360
2455328.349950 0.606705 0.689746 -138.306745
2455328.449950 0.706705 0.731010 -133.606037
2455328.549950 0.806705 0.772274 -119.974451
2455328.649950 0.906705 0.813538 -98.323191
2455328.749950 1.006705 0.854802 -70.099531
2455328.849950 1.106705 0.896066 -37.190077
2455328.949950 1.206705 0.937330 -1.794659
2455329.049950 -1.116715 0.978594 33.720724
2455329.149950 -1.016715 0.019858 66.982049
2455329.249950 -0.916715 0.061122 95.765969
2455329.349950 -0.816715 0.102386 118.148426
2455329.449950 -0.716715 0.143650 132.633269
2455329.549950 -0.616715 0.184914 138.252260
2455329.649950 -0.516715 0.226178 134.629798
2455329.749950 -0.416715 0.267442 122.008026
2455329.849950 -0.316715 0.308706 101.230645
2455329.949950 -0.216715 0.349970 73.686517
2455330.049950 -0.116715 0.391234 41.216823
2455330.149950 -0.016715 0.432498 5.991997
2455330.249950 0.083285 0.473762 -29.633363
2455330.349950 0.183285 0.515026 -63.277885
2455330.449950 0.283285 0.556290 -92.692607
2455330.549950 0.383285 0.597554 -115.911304
2455330.649950 0.483285 0.638818 -131.381926
2455330.749950 0.583285 0.680082 -138.070343
2455330.849950 0.683285 0.721346 -135.529467
2455330.949950 0.783285 0.762610 -123.929143
2455331.049950 0.883285 0.803874 -104.044793
2455331.149950 0.983285 0.845138 -77.205584
2455331.249950 1.083285 0.886402 -45.205578
2455331.349950 1.183285 0.927666 -10.183813
2455331.449950 -1.140136 0.968930 25.518689
2455331.549950 -1.040136 0.010194 59.515397
2455331.649950 -0.940136 0.051458 89.533807
2455331.749950 -0.840136 0.092722 113.567342
2455331.849950 -0.740136 0.133986 130.009485
2455331.949950 -0.640136 0.175250 137.761162
2455332.049950 -0.540136 0.216514 136.304214
2455332.149950 -0.440136 0.257778 125.736030
2455332.249950 -0.340136 0.299042 106.763039
2455332.349950 -0.240136 0.340306 80.653488
2455332.449950 -0.140136 0.381570 49.152666
2455332.549950 -0.040136 0.422834 14.366241
2455332.649950 0.059864 0.464098 -21.380493
2455332.749950 0.159864 0.505362 -55.698051
2455332.849950 0.259864 0.546626 -86.292481
2455332.949950 0.359864 0.587890 -111.118702
2455333.049950 0.459864 0.629154 -128.517210
2455333.149950 0.559864 0.670418 -137.325003
2455333.249950 0.659864 0.711682 -136.953326
2455333.349950 0.759864 0.752946 -127.427023
2455333.449950 0.859864 0.794210 -109.382879
2455333.549950 0.959864 0.835474 -84.027052
2455333.649950 1.059864 0.876738 -53.054449
2455333.749950 1.159864 0.918002 -18.535428
2455333.849950 -1.163556 0.959266 17.222590
2455333.949950 -1.063556 0.000530 51.829367
2455334.049950 -0.963556 0.041794 82.971617
2455334.149950 -0.863556 0.083058 108.567641
2455334.249950 -0.763556 0.124322 126.906477
2455334.349950 -0.663556 0.165586 136.762267
2455334.449950 -0.563556 0.206850 137.476203
2455334.549950 -0.463556 0.248114 129.000562
2455334.649950 -0.363556 0.289378 111.901897
2455334.749950 -0.263556 0.330642 87.323165
2455334.849950 -0.163556 0.371906 56.907329
2455334.949950 -0.063556 0.413170 22.687531
2455335.049950 0.036444 0.454434 -13.048813
2455335.149950 0.136444 0.495698 -47.912910
2455335.249950 0.236444 0.536962 -79.574275
2455335.349950 0.336444 0.578226 -105.916510
2455335.449950 0.436444 0.619490 -125.178770
2455335.549950 0.536444 0.660754 -136.073474
2455335.649950 0.636444 0.702018 -137.872365
2455335.749950 0.736444 0.743282 -130.455198
2455335.849950 0.836444 0.784546 -114.317772
2455335.949950 0.936444 0.825810 -90.538790
2455336.049950 1.036444 0.867074 -60.707756
2455336.149950 1.136444 0.908337 -26.818721
2455336.249950 -1.186977 0.949601 8.863008
2455336.349950 -1.086977 0.990865 43.952290
2455336.449950 -0.986977 0.032129 76.103588
2455336.549950 -0.886977 0.073393 103.167752
2455336.649950 -0.786977 0.114657 123.335683
2455336.749950 -0.686977 0.155921 135.259258
2455336.849950 -0.586977 0.197185 138.141446
2455336.949950 -0.486977 0.238449 131.789590
2455337.049950 -0.386977 0.279713 116.628277
2455337.149950 -0.286977 0.320977 93.670963
2455337.249950 -0.186977 0.362241 64.452228
2455337.349950 -0.086977 0.403505 30.925192
2455337.449950 0.013023 0.444769 -4.669034
2455337.549950 0.113023 0.486033 -39.951158
2455337.649950 0.213023 0.527297 -72.562754
2455337.749950 0.313023 0.568561 -100.323902
2455337.849950 0.413023 0.609825 -121.378913
2455337.949950 0.513023 0.651089 -134.320369
2455338.049950 0.613023 0.692353 -138.283198
2455338.149950 0.713023 0.733617 -133.002507
2455338.249950 0.813023 0.774881 -118.831282
2455338.349950 0.913023 0.816145 -96.716797
2455338.449950 1.013023 0.857409 -68.137291
2455338.549950 1.113023 0.898673 -35.003158
2455338.649950 -1.210397 0.939937 0.470756
2455338.749950 -1.110397 0.981201 35.913202
2455338.849950 -1.010397 0.022465 68.955036
2455338.949950 -0.910397 0.063729 97.387580
2455339.049950 -0.810397 0.104993 119.310265
2455339.149950 -0.710397 0.146257 133.257673
2455339.249950 -0.610397 0.187521 138.297490
2455339.349950 -0.510397 0.228785 134.092832
2455339.449950 -0.410397 0.270049 120.924757
2455339.549950 -0.310397 0.311313 99.673484
2455339.649950 -0.210397 0.352577 71.759551
2455339.749950 -0.110397 0.393841 39.048861
2455339.849950 -0.010397 0.435105 3.727956
2455339.949950 0.089603 0.476369 -31.842144
2455340.049950 0.189603 0.517633 -65.283761
2455340.149950 0.289603 0.558897 -94.361493
2455340.249950 0.389603 0.600161 -117.131646
2455340.349950 0.489603 0.641425 -132.072150
2455340.449950 0.589603 0.682689 -138.184310
2455340.549950 0.689603 0.723953 -135.059559
2455340.649950 0.789603 0.765217 -122.906772
2455340.749950 0.889603 0.806481 -102.538299
2455340.849950 0.989603 0.847745 -75.315668
2455340.949950 1.089603 0.889009 -43.058571
2455341.049950 1.189603 0.930273 -7.923231
2455341.149950 -1.133818 0.971537 27.741736
2455341.249950 -1.033818 0.012801 61.552311
2455341.349950 -0.933818 0.054065 91.248431
2455341.449950 -0.833818 0.095329 114.845062
2455341.549950 -0.733818 0.136593 130.764891
2455341.649950 -0.633818 0.177857 137.943760
2455341.749950 -0.533818 0.219121 135.901798
2455341.849950 -0.433818 0.260385 124.775500
2455341.949950 -0.333818 0.301649 105.308601
2455342.049950 -0.233818 0.342913 78.802363
2455342.149950 -0.133818 0.384177 47.028593
2455342.249950 -0.033818 0.425441 12.111204
2455342.349950 0.066182 0.466705 -23.615758
2455342.449950 0.166182 0.507969 -57.764127
2455342.549950 0.266182 0.549233 -88.051262
2455342.649950 0.366182 0.590497 -112.452622
2455342.749950 0.466182 0.631761 -129.337103
2455342.849950 0.566182 0.673025 -137.576064
2455342.949950 0.666182 0.714289 -136.618773
2455343.049950 0.766182 0.755553 -126.529219
2455343.149950 0.866182 0.796817 -107.981837
2455343.249950 0.966182 0.838081 -82.216425
2455343.349950 1.066182 0.879345 -50.955268
2455343.449950 1.166182 0.920609 -16.288013
2455343.549950 -1.157239 0.961873 19.468012
2455343.649950 -1.057239 0.003137 53.922700
2455343.749950 -0.957239 0.044401 84.772933
2455343.849950 -0.857239 0.085665 109.956532
2455343.949950 -0.757239 0.126929 127.790101
2455344.049950 -0.657239 0.168193 137.081560
2455344.149950 -0.557239 0.209457 137.209821
2455344.249950 -0.457239 0.250721 128.166312
2455344.349950 -0.357239 0.291985 110.555543
2455344.449950 -0.257239 0.333249 85.554705
2455344.549950 -0.157239 0.374513 54.834975
2455344.649950 -0.057239 0.415777 20.449809
2455344.749950 0.042761 0.457041 -15.302322
2455344.849950 0.142761 0.498305 -50.031571
2455344.949950 0.242761 0.539569 -81.416467
2455345.049950 0.342761 0.580833 -107.359091
2455345.149950 0.442761 0.622097 -126.125312
2455345.249950 0.542761 0.663361 -136.460704
2455345.349950 0.642761 0.704624 -137.674400
2455345.449950 0.742761 0.745888 -129.685270
2455345.549950 0.842761 0.787152 -113.027347
2455345.649950 0.942761 0.828416 -88.814127
2455345.749950 1.042761 0.869680 -58.664139
2455345.849950 1.142761 0.910944 -24.592756
2455345.949950 -1.180659 0.952208 11.122527
2455346.049950 -1.080659 0.993472 46.094326
2455346.149950 -0.980659 0.034736 77.984957
2455346.249950 -0.880659 0.076000 104.662694
2455346.349950 -0.780659 0.117264 124.344268
2455346.449950 -0.680659 0.158528 135.714068
2455346.549950 -0.580659 0.199792 138.012080
2455346.649950 -0.480659 0.241056 131.084694
2455346.749950 -0.380659 0.282320 115.394970
2455346.849950 -0.280659 0.323584 91.991686
2455346.949950 -0.180659 0.364848 62.439231
2455347.049950 -0.080659 0.406112 28.713035
2455347.149950 0.019341 0.447376 -6.932481
2455347.249950 0.119341 0.488640 -42.114595
2455347.349950 0.219341 0.529904 -74.481566
2455347.449950 0.319341 0.571168 -101.869827
2455347.549950 0.419341 0.612432 -122.448613
2455347.649950 0.519341 0.653696 -134.842340
2455347.749950 0.619341 0.694960 -138.222550
2455347.849950 0.719341 0.736224 -132.363293
2455347.949950 0.819341 0.777488 -117.656230
2455348.049950 0.919341 0.818752 -95.084454
2455348.149950 1.019341 0.860016 -66.156771
2455348.249950 1.119341 0.901280 -32.806848
2455348.349950 -1.204080 0.942544 2.736044
2455348.449950 -1.104080 0.983808 38.096046
2455348.549950 -1.004080 0.025072 70.909523
2455348.649950 -0.904080 0.066336 98.983063
2455348.749950 -0.804080 0.107600 120.440094
2455348.849950 -0.704080 0.148864 133.846324
2455348.949950 -0.604080 0.190128 138.305616
2455349.049950 -0.504080 0.231392 133.519889
2455349.149950 -0.404080 0.272656 119.809044
2455349.249950 -0.304080 0.313920 98.089580
2455349.349950 -0.204080 0.355184 69.813332
2455349.449950 -0.104080 0.396448 36.870422
2455349.549950 -0.004080 0.437712 1.462914
2455349.649950 0.095920 0.478976 -34.042382
2455349.749950 0.195920 0.520240 -67.272120
2455349.849950 0.295920 0.561504 -96.005063
2455349.949950 0.395920 0.602768 -118.320561
2455350.049950 0.495920 0.644032 -132.726938
2455350.149950 0.595920 0.685296 -138.261202
2455350.249950 0.695920 0.726560 -134.553415
2455350.349950 0.795920 0.767824 -121.851425
2455350.449950 0.895920 0.809088 -101.004293
2455350.549950 0.995920 0.850352 -73.405544
2455350.649950 1.095920 0.891616 -40.900012
2455350.749950 1.195920 0.932880 -5.660524
2455350.849950 -1.127500 0.974144 29.957341
2455350.949950 -1.027500 0.015408 63.572711
2455351.049950 -0.927500 0.056672 92.938573
2455351.149950 -0.827500 0.097936 116.091969
2455351.249950 -0.727500 0.139200 131.485214
2455351.349950 -0.627500 0.180464 138.089349
2455351.449950 -0.527500 0.221728 135.462920
2455351.549950 -0.427500 0.262992 123.781492
2455351.649950 -0.327500 0.304256 103.825908
2455351.749950 -0.227500 0.345520 76.930096
2455351.849950 -0.127500 0.386784 44.891903
2455351.949950 -0.027500 0.428048 9.852917
2455352.049950 0.072500 0.469312 -25.844686
2455352.149950 0.172500 0.510576 -59.814705
2455352.249950 0.272500 0.551840 -89.786418
2455352.349950 0.372500 0.593104 -113.756371
2455352.449950 0.472500 0.634368 -130.122296
2455352.549950 0.572500 0.675632 -137.790214
2455352.649950 0.672500 0.716896 -136.247565
2455352.749950 0.772500 0.758160 -125.597467
2455352.849950 0.872500 0.799424 -106.551824
2455352.949950 0.972500 0.840688 -80.383740
2455353.049950 1.072500 0.881952 -48.842416
2455353.149950 1.172500 0.923216 -14.036227
2455353.249950 -1.150921 0.964480 21.708211
2455353.349950 -1.050921 0.005744 56.001566
2455353.449950 -0.950921 0.047008 86.551505
2455353.549950 -0.850921 0.088272 111.315921
2455353.649950 -0.750921 0.129536 128.639440
2455353.749950 -0.650921 0.170800 137.364074
2455353.849950 -0.550921 0.212064 136.906626
2455353.949950 -0.450921 0.253328 127.297674
2455354.049950 -0.350921 0.294592 109.179528
2455354.149950 -0.250921 0.335856 83.763291
2455354.249950 -0.150921 0.377120 52.747909
2455354.349950 -0.050921 0.418384 18.206600
2455354.449950 0.049079 0.459648 -17.551726
2455354.549950 0.149079 0.500912 -52.136809
2455354.649950 0.249079 0.542175 -83.236815
2455354.749950 0.349079 0.583439 -108.772868
2455354.849950 0.449079 0.624703 -127.038014
2455354.949950 0.549079 0.665967 -136.811322
2455355.049950 0.649079 0.707231 -137.439497
2455355.149950 0.749079 0.748495 -128.880548
2455355.249950 0.849079 0.789759 -111.706597
2455355.349950 0.949079 0.831023 -87.065635
2455355.449950 1.049079 0.872287 -56.604783
2455355.549950 1.149079 0.913551 -22.360192
2455355.649950 -1.174341 0.954815 13.379063
2455355.749950 -1.074341 0.996079 48.223996
2455355.849950 -0.974341 0.037343 79.845403
2455355.949950 -0.874341 0.078607 106.129555
2455356.049950 -0.774341 0.119871 125.319493
2455356.149950 -0.674341 0.161135 136.132466
2455356.249950 -0.574341 0.202399 137.845685
2455356.349950 -0.474341 0.243663 130.344628
2455356.449950 -0.374341 0.284927 114.130704
2455356.549950 -0.274341 0.326191 90.287728
2455356.649950 -0.174341 0.367455 60.409483
2455356.749950 -0.074341 0.408719 26.493174
2455356.849950 0.025659 0.449983 -9.194068
2455356.949950 0.125659 0.491247 -44.266733
2455357.049950 0.225659 0.532511 -76.380395
2455357.149950 0.325659 0.573775 -103.388420
2455357.249950 0.425659 0.615039 -123.485461
2455357.349950 0.525659 0.656303 -135.328134
2455357.449950 0.625659 0.697567 -138.124817
2455357.549950 0.725659 0.738831 -131.688566
2455357.649950 0.825659 0.780095 -116.449612
2455357.749950 0.925659 0.821359 -93.426601
2455357.849950 1.025659 0.862623 -64.158501
2455357.949950 1.125659 0.903887 -30.601736
2455358.049950 -1.197762 0.945151 5.000598
2455358.149950 -1.097762 0.986415 40.268668
2455358.249950 -0.997762 0.027679 72.844985
2455358.349950 -0.897762 0.068943 100.551988
2455358.449950 -0.797762 0.110207 121.537609
2455358.549950 -0.697762 0.151471 134.399065
2455358.649950 -0.597762 0.192735 138.276635
2455358.749950 -0.497762 0.233999 132.911123
2455358.849950 -0.397762 0.275263 118.661186
2455358.949950 -0.297762 0.316527 96.479359
2455359.049950 -0.197762 0.357791 67.848383
2455359.149950 -0.097762 0.399055 34.682091
2455359.249950 0.002238 0.440319 -0.802520
2455359.349950 0.102238 0.481583 -36.233487
2455359.449950 0.202238 0.522847 -69.242431
2455359.549950 0.302238 0.564111 -97.622875
2455359.649950 0.402238 0.605375 -119.477732
2455359.749950 0.502238 0.646639 -133.346117
2455359.849950 0.602238 0.687903 -138.300999
2455359.949950 0.702238 0.729167 -134.011172
2455360.049950 0.802238 0.770431 -120.763386
2455360.149950 0.902238 0.811695 -99.443189
2455360.249950 1.002238 0.852959 -71.475726
2455360.349950 1.102238 0.894223 -38.730479
2455360.449950 1.202238 0.935487 -3.396298
2455360.549950 -1.121183 0.976751 32.164908
2455360.649950 -1.021183 0.018015 65.576055
2455360.749950 -0.921183 0.059279 94.603780
2455360.849950 -0.821183 0.100543 117.307729
2455360.949950 -0.721183 0.141807 132.170259
2455361.049950 -0.621183 0.183071 138.197888
2455361.149950 -0.521183 0.224335 134.987698
2455361.249950 -0.421183 0.265599 122.754275
2455361.349950 -0.321183 0.306863 102.315360
2455361.449950 -0.221183 0.348127 75.037189
2455361.549950 -0.121183 0.389391 42.743168
2455361.649950 -0.021183 0.430655 7.591986
2455361.749950 0.078817 0.471919 -28.066681
2455361.849950 0.178817 0.513183 -61.849235
2455361.949950 0.278817 0.554447 -91.497486
2455362.049950 0.378817 0.595711 -115.029600
2455362.149950 0.478817 0.636975 -130.872577
2455362.249950 0.578817 0.678239 -137.967395
2455362.349950 0.678817 0.719503 -135.839803
2455362.449950 0.778817 0.760767 -124.632018
2455362.549950 0.878817 0.802031 -105.093223
2455362.649950 0.978817 0.843295 -78.529488
2455362.749950 1.078817 0.884559 -46.716459
2455362.849950 1.178817 0.925823 -11.780676
2455362.949950 -1.144603 0.967087 23.942585
2455363.049950 -1.044603 0.008351 58.065407
2455363.149950 -0.944603 0.049615 88.306856
2455363.249950 -0.844603 0.090879 112.645445
2455363.349950 -0.744603 0.132143 129.454265
2455363.449950 -0.644603 0.173407 137.609734
2455363.549950 -0.544603 0.214671 136.566699
2455363.649950 -0.444603 0.255935 126.394883
2455363.749950 -0.344603 0.297199 107.774219
2455363.849950 -0.244603 0.338463 81.949403
2455363.949950 -0.144603 0.379726 50.646691
2455364.049950 -0.044603 0.420990 15.958507
2455364.149950 0.055397 0.462254 -19.796420
2455364.249950 0.155397 0.503518 -54.228059
2455364.349950 0.255397 0.544782 -85.034830
2455364.449950 0.355397 0.586046 -110.157461
2455364.549950 0.455397 0.627310 -127.916632
2455364.649950 0.555397 0.668574 -137.125234
2455364.749950 0.655397 0.709838 -137.167719
2455364.849950 0.755397 0.751102 -128.041247
2455364.949950 0.855397 0.792366 -110.355877
2455365.049950 0.955397 0.833630 -85.293783
2455365.149950 1.055397 0.874894 -54.530239
2455365.249950 1.155397 0.916158 -20.121629
2455365.349950 -1.168024 0.957422 15.632008
2455365.449950 -1.068024 0.998686 50.340727
2455365.549950 -0.968024 0.039950 81.684426
2455365.649950 -0.868024 0.081214 107.567942
2455365.749950 -0.768024 0.122478 126.261094
2455365.849950 -0.668024 0.163742 136.514341
2455365.949950 -0.568024 0.205006 137.642306
2455366.049950 -0.468024 0.246270 129.569592
2455366.149950 -0.368024 0.287534 112.835816
2455366.249950 -0.268024 0.328798 88.559546
2455366.349950 -0.168024 0.370062 58.363526
2455366.449950 -0.068024 0.411326 24.266205
2455366.549950 0.031976 0.452590 -11.453188
2455366.649950 0.131976 0.493854 -46.406994
2455366.749950 0.231976 0.535118 -78.258731
2455366.849950 0.331976 0.576382 -104.879274
2455366.949950 0.431976 0.617646 -124.489177
2455367.049950 0.531976 0.658910 -135.777619
2455367.149950 0.631976 0.700174 -137.990025
2455367.249950 0.731976 0.741438 -130.978508
2455367.349950 0.831976 0.782702 -115.211751
2455367.449950 0.931976 0.823966 -91.743681
2455367.549950 1.031976 0.865230 -62.143017
2455367.649950 1.131976 0.906494 -28.388413
2455367.749950 -1.191444 0.947758 7.263811
2455367.849950 -1.091444 0.989022 42.430487
2455367.949950 -0.991444 0.030286 74.760902
2455368.049950 -0.891444 0.071550 102.093936
2455368.149950 -0.791444 0.112814 122.602515
2455368.249950 -0.691444 0.154078 134.915747
2455368.349950 -0.591444 0.195342 138.210555
2455368.449950 -0.491444 0.236606 132.266697
2455368.549950 -0.391444 0.277870 117.481492
2455368.649950 -0.291444 0.319134 94.843253
2455368.749950 -0.191444 0.360398 65.865230
2455368.849950 -0.091444 0.401662 32.484455
2455368.949950 0.008556 0.442926 -3.067739
2455369.049950 0.108556 0.484190 -38.414870
2455369.149950 0.208556 0.525454 -71.194164
2455369.249950 0.308556 0.566718 -99.214495
2455369.349950 0.408556 0.607982 -120.602847
2455369.449950 0.508556 0.649246 -133.929519
2455369.549950 0.608556 0.690510 -138.303691
2455369.649950 0.708556 0.731774 -133.432973
2455369.749950 0.808556 0.773038 -119.642947
2455369.849950 0.908556 0.814302 -97.855404
2455369.949950 1.008556 0.855566 -69.526732
2455370.049950 1.108556 0.896830 -36.550555
2455370.149950 1.208556 0.938094 -1.131161
2455370.249950 -1.114865 0.979358 34.363845
2455370.349950 -1.014865 0.020622 67.561805
2455370.449950 -0.914865 0.061886 96.243605
2455370.549950 -0.814865 0.103150 118.492015
2455370.649950 -0.714865 0.144414 132.819844
2455370.749950 -0.614865 0.185678 138.269349
2455370.849950 -0.514865 0.226942 134.476259
2455370.949950 -0.414865 0.268206 121.694123
2455371.049950 -0.314865 0.309470 100.777360
2455371.149950 -0.214865 0.350734 73.124149
2455371.249950 -0.114865 0.391998 40.582965
2455371.349950 -0.014865 0.433262 5.329018
2455371.449950 0.085135 0.474526 -30.281146
2455371.549950 0.185135 0.515790 -63.867171
2455371.649950 0.285135 0.557054 -93.184004
2455371.749950 0.385135 0.598318 -116.271966
2455371.849950 0.485135 0.639582 -131.587745
2455371.949950 0.585135 0.680846 -138.107560
2455372.049950 0.685135 0.722110 -135.395595
2455372.149950 0.785135 0.763374 -123.633130
2455372.249950 0.885135 0.804638 -103.606427
2455372.349950 0.985135 0.845902 -76.654166
2455372.449950 1.085135 0.887166 -44.577969
2455372.549950 1.185135 0.928430 -9.521964
2455372.649950 -1.138285 0.969694 26.170536
2455372.749950 -1.038285 0.010958 60.113669
2455372.849950 -0.938285 0.052222 90.038513
2455372.949950 -0.838285 0.093486 113.944746
2455373.049950 -0.738285 0.134750 130.234358
2455373.149950 -0.638285 0.176013 137.818473
2455373.249950 -0.538285 0.217277 136.190132
2455373.349950 -0.438285 0.258541 125.458181
2455373.449950 -0.338285 0.299805 106.339996
2455373.549950 -0.238285 0.341069 80.113529
2455373.649950 -0.138285 0.382333 48.531884
2455373.749950 -0.038285 0.423597 13.706133
2455373.849950 0.061715 0.464861 -22.035803
2455373.949950 0.161715 0.506125 -56.304759
2455374.049950 0.261715 0.547389 -86.810031
2455374.149950 0.361715 0.588653 -111.512499
2455374.249950 0.461715 0.629917 -128.760930
2455374.349950 0.561715 0.671181 -137.402355
2455374.449950 0.661715 0.712445 -136.859139
2455374.549950 0.761715 0.753709 -127.167593
2455374.649950 0.861715 0.794973 -108.975548
2455374.749950 0.961715 0.836237 -83.499048
2455374.849950 1.061715 0.877501 -52.441066
2455374.949950 1.161715 0.918765 -17.877668
2455375.049950 -1.161706 0.960029 17.880760
2455375.149950 -1.061706 0.001293 52.443951
2455375.249950 -0.961706 0.042557 83.501534
2455375.349950 -0.861706 0.083821 108.977468
2455375.449950 -0.761706 0.125085 127.168819
2455375.549950 -0.661706 0.166349 136.859589
2455375.649950 -0.561706 0.207613 137.401999
2455375.749950 -0.461706 0.248877 128.759792
2455375.849950 -0.361706 0.290141 111.510655
2455375.949950 -0.261706 0.331405 86.807604
2455376.049950 -0.161706 0.372669 56.301911
2455376.149950 -0.061706 0.413933 22.032725
2455376.249950 0.038294 0.455197 -13.709236
2455376.349950 0.138294 0.496461 -48.534804
2455376.449950 0.238294 0.537725 -80.116070
2455376.549950 0.338294 0.578989 -106.341990
2455376.649950 0.438294 0.620253 -125.459494
2455376.749950 0.538294 0.661517 -136.190676
2455376.849950 0.638294 0.702781 -137.818211
2455376.949950 0.738294 0.744045 -130.233308
2455377.049950 0.838294 0.785309 -113.942978
2455377.149950 0.938294 0.826573 -90.036146
2455377.249950 1.038294 0.867837 -60.110861
2455377.349950 1.138294 0.909101 -26.167474
2455377.449950 -1.185126 0.950365 9.525075
2455377.549950 -1.085126 0.991629 44.580921
2455377.649950 -0.985126 0.032893 76.656762
2455377.749950 -0.885126 0.074157 103.608492
2455377.849950 -0.785126 0.115421 123.634528
2455377.949950 -0.685126 0.156685 135.396231
2455378.049950 -0.585126 0.197949 138.107393
2455378.149950 -0.485126 0.239213 131.586785
2455378.249950 -0.385126 0.280477 116.270278
2455378.349950 -0.285126 0.321741 93.181700
2455378.449950 -0.185126 0.363005 63.864405
2455378.549950 -0.085126 0.404269 30.278103
2455378.649950 0.014874 0.445533 -5.332134
2455378.749950 0.114874 0.486797 -40.585946
2455378.849950 0.214874 0.528061 -73.126796
2455378.949950 0.314874 0.569325 -100.779496
2455379.049950 0.414874 0.610589 -121.695605
2455379.149950 0.514874 0.651853 -134.476988
2455379.249950 0.614874 0.693117 -138.269276
2455379.349950 0.714874 0.734381 -132.818974
2455379.449950 0.814874 0.775645 -118.490407
2455379.549950 0.914874 0.816909 -96.241365
2455379.649950 1.014874 0.858173 -67.559084
2455379.749950 1.114874 0.899437 -34.360824
2455379.849950 -1.208547 0.940701 1.134279
2455379.949950 -1.108547 0.981965 36.553562
2455380.049950 -1.008547 0.023229 69.529428
2455380.149950 -0.908547 0.064493 97.857608
2455380.249950 -0.808547 0.105757 119.644511
2455380.349950 -0.708547 0.147021 133.433793
2455380.449950 -0.608547 0.188285 138.303713
2455380.549950 -0.508547 0.229549 133.928740
2455380.649950 -0.408547 0.270813 120.601320
2455380.749950 -0.308547 0.312077 99.212322
2455380.849950 -0.208547 0.353341 71.191491
2455380.949950 -0.108547 0.394605 38.411874
2455381.049950 -0.008547 0.435869 3.064621
2455381.149950 0.091453 0.477133 -32.487486
2455381.249950 0.191453 0.518397 -65.867972
2455381.349950 0.291453 0.559661 -94.845522
2455381.449950 0.391453 0.600925 -117.483137
2455381.549950 0.491453 0.642189 -132.267609
2455381.649950 0.591453 0.683453 -138.210671
2455381.749950 0.691453 0.724717 -134.915060
2455381.849950 0.791453 0.765981 -122.601072
2455381.949950 0.891453 0.807245 -102.091832
2455382.049950 0.991453 0.848509 -74.758279
2455382.149950 1.091453 0.889773 -42.427519
2455382.249950 1.191453 0.931037 -7.260697
2455382.349950 -1.131968 0.972301 28.391465
2455382.449950 -1.031968 0.013564 62.145803
2455382.549950 -0.931968 0.054828 91.746014
2455382.649950 -0.831968 0.096092 115.213476
2455382.749950 -0.731968 0.137356 130.979509
2455382.849950 -0.631968 0.178620 137.990236
2455382.949950 -0.531968 0.219884 135.777025
2455383.049950 -0.431968 0.261148 124.487819
2455383.149950 -0.331968 0.302412 104.877241
2455383.249950 -0.231968 0.343676 78.256160
2455383.349950 -0.131968 0.384940 46.404056
2455383.449950 -0.031968 0.426204 11.450080
2455383.549950 0.068032 0.467468 -24.269274
2455383.649950 0.168032 0.508732 -58.366353
2455383.749950 0.268032 0.549996 -88.561941
2455383.849950 0.368032 0.591260 -112.837619
2455383.949950 0.468032 0.632524 -129.570682
2455384.049950 0.568032 0.673788 -137.642612
2455384.149950 0.668032 0.715052 -136.513840
2455384.249950 0.768032 0.756316 -126.259821
2455384.349950 0.868032 0.797580 -107.565982
2455384.449950 0.968032 0.838844 -81.681910
2455384.549950 1.068032 0.880108 -50.337822
2455384.649950 1.168032 0.921372 -15.628910
2455384.749950 -1.155388 0.962636 20.124714
2455384.849950 -1.055388 0.003900 54.533105
2455384.949950 -0.955388 0.045164 85.296238
2455385.049950 -0.855388 0.086428 110.357756
2455385.149950 -0.755388 0.127692 128.042426
2455385.249950 -0.655388 0.168956 137.168118
2455385.349950 -0.555388 0.210220 137.124827
2455385.449950 -0.455388 0.251484 127.915446
2455385.549950 -0.355388 0.292748 110.155575
2455385.649950 -0.255388 0.334012 85.032371
2455385.749950 -0.155388 0.375276 54.225190
2455385.849950 -0.055388 0.416540 19.793334
2455385.949950 0.044612 0.457804 -15.961605
2455386.049950 0.144612 0.499068 -50.649592
2455386.149950 0.244612 0.540332 -81.951915
2455386.249950 0.344612 0.581596 -107.776174
2455386.349950 0.444612 0.622860 -126.396149
2455386.449950 0.544612 0.664124 -136.567193
2455386.549950 0.644612 0.705388 -137.609421
2455386.649950 0.744612 0.746652 -129.453168
2455386.749950 0.844612 0.787916 -112.643635
2455386.849950 0.944612 0.829180 -88.304456
2455386.949950 1.044612 0.870444 -58.062577
2455387.049950 1.144612 0.911708 -23.939514
2455387.149950 -1.178809 0.952972 11.783783
2455387.249950 -1.078809 0.994236 46.719394
2455387.349950 -0.978809 0.035500 78.532054
2455387.449950 -0.878809 0.076764 105.095251
2455387.549950 -0.778809 0.118028 124.633370
2455387.649950 -0.678809 0.159292 135.840389
2455387.749950 -0.578809 0.200556 137.967177
2455387.849950 -0.478809 0.241820 130.871568
2455387.949950 -0.378809 0.283084 115.027868
2455388.049950 -0.278809 0.324348 91.495147
2455388.149950 -0.178809 0.365612 61.846446
2455388.249950 -0.078809 0.406876 28.063628
2455388.349950 0.021191 0.448140 -7.595100
2455388.449950 0.121191 0.489404 -42.746134
2455388.549950 0.221191 0.530668 -75.039808
2455388.649950 0.321191 0.571932 -102.317458
2455388.749950 0.421191 0.613196 -122.755712
2455388.849950 0.521191 0.654460 -134.988377
2455388.949950 0.621191 0.695724 -138.197764
2455389.049950 0.721191 0.736988 -132.169341
2455389.149950 0.821191 0.778252 -117.306077
2455389.249950 0.921191 0.819516 -94.601505
2455389.349950 1.021191 0.860780 -65.573309
2455389.449950 1.121191 0.902044 -32.161875
2455389.549950 -1.202229 0.943308 3.399416
2455389.649950 -1.102229 0.984572 38.733473
2455389.749950 -1.002229 0.025836 71.478396
2455389.849950 -0.902229 0.067100 99.445356
2455389.949950 -0.802229 0.108364 120.764906
2455390.049950 -0.702229 0.149628 134.011943
2455390.149950 -0.602229 0.190892 138.300970
2455390.249950 -0.502229 0.232156 133.345289
2455390.349950 -0.402229 0.273420 119.476161
2455390.449950 -0.302229 0.314684 97.620666
2455390.549950 -0.202229 0.355948 69.239732
2455390.649950 -0.102229 0.397212 36.230477
2455390.749950 -0.002229 0.438476 0.799402
2455390.849950 0.097771 0.479740 -34.685110
2455390.949950 0.197771 0.521004 -67.851100
2455391.049950 0.297771 0.562268 -96.481593
2455391.149950 0.397771 0.603532 -118.662788
2455391.249950 0.497771 0.644796 -132.911985
2455391.349950 0.597771 0.686060 -138.276700
2455391.449950 0.697771 0.727324 -134.398329
2455391.549950 0.797771 0.768588 -121.536120
2455391.649950 0.897771 0.809852 -100.549847
2455391.749950 0.997771 0.851115 -72.842334
2455391.849950 1.097771 0.892379 -40.265685
2455391.949950 1.197771 0.933643 -4.997482
2455392.049950 -1.125650 0.974907 30.604777
2455392.149950 -1.025650 0.016171 64.161264
2455392.249950 -0.925650 0.057435 93.428900
2455392.349950 -0.825650 0.098699 116.451295
2455392.449950 -0.725650 0.139963 131.689519
2455392.549950 -0.625650 0.181227 138.124977
2455392.649950 -0.525650 0.222491 135.327490
2455392.749950 -0.425650 0.263755 123.484056
2455392.849950 -0.325650 0.305019 103.386348
2455392.949950 -0.225650 0.346283 76.377795
2455393.049950 -0.125650 0.387547 44.263779
2455393.149950 -0.025650 0.428811 9.190956
2455393.249950 0.074350 0.470075 -26.496234
2455393.349950 0.174350 0.511339 -60.412288
2455393.449950 0.274350 0.552603 -90.290090
2455393.549950 0.374350 0.593867 -114.132465
2455393.649950 0.474350 0.635131 -130.345671
2455393.749950 0.574350 0.676395 -137.845939
2455393.849950 0.674350 0.717659 -136.131916
2455393.949950 0.774350 0.758923 -125.318173
2455394.049950 0.874350 0.800187 -106.127555
2455394.149950 0.974350 0.841451 -79.842856
2455394.249950 1.074350 0.882715 -48.221073
2455394.349950 1.174350 0.923979 -13.375959
2455394.449950 -1.149070 0.965243 22.363269
2455394.549950 -1.049070 0.006507 56.607628
2455394.649950 -0.949070 0.047771 87.068058
2455394.749950 -0.849070 0.089035 111.708436
2455394.849950 -0.749070 0.130299 128.881679
2455394.949950 -0.649070 0.171563 137.439845
2455395.049950 -0.549070 0.212827 136.810864
2455395.149950 -0.449070 0.254091 127.036781
2455395.249950 -0.349070 0.295355 108.770942
2455395.349950 -0.249070 0.336619 83.234324
2455395.449950 -0.149070 0.377883 52.133921
2455395.549950 -0.049070 0.419147 17.548632
2455395.649950 0.050930 0.460411 -18.209692
2455395.749950 0.150930 0.501675 -52.750792
2455395.849950 0.250930 0.542939 -83.765772
2455395.949950 0.350930 0.584203 -109.181442
2455396.049950 0.450930 0.625467 -127.298894
2455396.149950 0.550930 0.666731 -136.907069
2455396.249950 0.650930 0.707995 -137.363711
2455396.349950 0.750930 0.749259 -128.638295
2455396.449950 0.850930 0.790523 -111.314070
2455396.549950 0.950930 0.831787 -86.549073
2455396.649950 1.050930 0.873051 -55.998715
2455396.749950 1.150930 0.914315 -21.705131
2455396.849950 -1.172491 0.955579 14.039330
2455396.949950 -1.072491 0.996843 48.845333
2455397.049950 -0.972491 0.038107 80.386277
2455397.149950 -0.872491 0.079371 106.553812
2455397.249950 -0.772491 0.120635 125.598773
2455397.349950 -0.672491 0.161899 136.248101
2455397.449950 -0.572491 0.203163 137.789945
2455397.549950 -0.472491 0.244427 130.121239
2455397.649950 -0.372491 0.285691 113.754598
2455397.749950 -0.272491 0.326955 89.784046
2455397.849950 -0.172491 0.368219 59.811894
2455397.949950 -0.072491 0.409483 25.841623
2455398.049950 0.027509 0.450747 -9.856027
2455398.149950 0.127509 0.492011 -44.894852
2455398.249950 0.227509 0.533275 -76.932688
2455398.349950 0.327509 0.574539 -103.827969
2455398.449950 0.427509 0.615803 -123.782884
2455398.549950 0.527509 0.657067 -135.463549
2455398.649950 0.627509 0.698331 -138.089174
2455398.749950 0.727509 0.739595 -131.484247
2455398.849950 0.827509 0.780859 -116.090274
2455398.949950 0.927509 0.822123 -92.936264
2455399.049950 1.027509 0.863387 -63.569942
2455399.149950 1.127509 0.904651 -29.954296
2455399.249950 -1.195912 0.945915 5.663640
2455399.349950 -1.095912 0.987179 40.902991
2455399.449950 -0.995912 0.028443 73.408187
2455399.549950 -0.895912 0.069707 101.006424
2455399.649950 -0.795912 0.110971 121.852900
2455399.749950 -0.695912 0.152235 134.554137
2455399.849950 -0.595912 0.193499 138.261122
2455399.949950 -0.495912 0.234763 132.726061
2455400.049950 -0.395912 0.276027 118.318946
2455400.149950 -0.295912 0.317291 96.002818
2455400.249950 -0.195912 0.358555 67.269396
2455400.349950 -0.095912 0.399819 34.039360
2455400.449950 0.004088 0.441083 -1.466032
2455400.549950 0.104088 0.482347 -36.873428
2455400.649950 0.204088 0.523611 -69.816024
2455400.749950 0.304088 0.564875 -98.091778
2455400.849950 0.404088 0.606139 -119.810601
2455400.949950 0.504088 0.647402 -133.520702
2455401.049950 0.604088 0.688666 -138.305630
2455401.149950 0.704088 0.729930 -133.845539
2455401.249950 0.804088 0.771194 -120.438561
2455401.349950 0.904088 0.812458 -98.980885
2455401.449950 1.004088 0.853722 -70.906845
2455401.549950 1.104088 0.894986 -38.093048
2455401.649950 1.204088 0.936250 -2.732926
2455401.749950 -1.119332 0.977514 32.809877
2455401.849950 -1.019332 0.018778 66.159509
2455401.949950 -0.919332 0.060042 95.086719
2455402.049950 -0.819332 0.101306 117.657870
2455402.149950 -0.719332 0.142570 132.364197
2455402.249950 -0.619332 0.183834 138.222659
2455402.349950 -0.519332 0.225098 134.841646
2455402.449950 -0.419332 0.266362 122.447164
2455402.549950 -0.319332 0.307626 101.867717
2455402.649950 -0.219332 0.348890 74.478938
2455402.749950 -0.119332 0.390154 42.111625
2455402.849950 -0.019332 0.431418 6.929366
2455402.949950 0.080668 0.472682 -28.716085
2455403.049950 0.180668 0.513946 -62.442014
2455403.149950 0.280668 0.555210 -91.994015
2455403.249950 0.380668 0.596474 -115.396689
2455403.349950 0.480668 0.637738 -131.085688
2455403.449950 0.580668 0.679002 -138.012283
2455403.549950 0.680668 0.720266 -135.713467
2455403.649950 0.780668 0.761530 -124.342903
2455403.749950 0.880668 0.802794 -104.660656
2455403.849950 0.980668 0.844058 -77.982382
2455403.949950 1.080668 0.885322 -46.091386
2455404.049950 1.180668 0.926586 -11.119419
2455404.149950 -1.142753 0.967850 24.595824
2455404.249950 -1.042753 0.009114 58.666963
2455404.349950 -0.942753 0.050378 88.816517
2455404.449950 -0.842753 0.091642 113.029144
2455404.549950 -0.742753 0.132906 129.686354
2455404.649950 -0.642753 0.174170 137.674698
2455404.749950 -0.542753 0.215434 136.460196
2455404.849950 -0.442753 0.256698 126.124032
2455404.949950 -0.342753 0.297962 107.357125
2455405.049950 -0.242753 0.339226 81.413946
2455405.149950 -0.142753 0.380490 50.028664
2455405.249950 -0.042753 0.421754 15.299223
2455405.349950 0.057247 0.463018 -20.452893
2455405.449950 0.157247 0.504282 -54.837838
2455405.549950 0.257247 0.545546 -85.557155
2455405.649950 0.357247 0.586810 -110.557417
2455405.749950 0.457247 0.628074 -128.167484
2455405.849950 0.557247 0.669338 -137.210213
2455405.949950 0.657247 0.710602 -137.081146
2455406.049950 0.757247 0.751866 -127.788909
2455406.149950 0.857247 0.793130 -109.954640
2455406.249950 0.957247 0.834394 -84.770469
2455406.349950 1.057247 0.875658 -53.919829
2455406.449950 1.157247 0.916922 -19.464925
2455406.549950 -1.166173 0.958186 16.291110
2455406.649950 -1.066173 0.999450 50.958167
2455406.749950 -0.966173 0.040714 82.218933
2455406.849950 -0.866173 0.081978 107.983786
2455406.949950 -0.766173 0.123242 126.530478
2455407.049950 -0.666173 0.164506 136.619258
2455407.149950 -0.566173 0.205770 137.575744
2455407.249950 -0.466173 0.247034 129.335999
2455407.349950 -0.366173 0.288298 112.450807
2455407.449950 -0.266173 0.329562 88.048857
2455407.549950 -0.166173 0.370826 57.761294
2455407.649950 -0.066173 0.412090 23.612685
2455407.749950 0.033827 0.453354 -12.114310
2455407.849950 0.133827 0.494618 -47.031526
2455407.949950 0.233827 0.535882 -78.804926
2455408.049950 0.333827 0.577146 -105.310622
2455408.149950 0.433827 0.618410 -124.776845
2455408.249950 0.533827 0.659674 -135.902377
2455408.349950 0.633827 0.700938 -137.943534
2455408.449950 0.733827 0.742202 -130.763876
2455408.549950 0.833827 0.783466 -114.843324
2455408.649950 0.933827 0.824730 -91.246087
2455408.749950 1.033827 0.865994 -61.549519
2455408.849950 1.133827 0.907258 -27.738681
2455408.949950 -1.189594 0.948522 7.926345
2455409.049950 -1.089594 0.989786 43.061535
2455409.149950 -0.989594 0.031050 75.318283
2455409.249950 -0.889594 0.072314 102.540391
2455409.349950 -0.789594 0.113578 122.908202
2455409.449950 -0.689594 0.154842 135.060231
2455409.549950 -0.589594 0.196106 138.184178
2455409.649950 -0.489594 0.237370 132.071224
2455409.749950 -0.389594 0.278634 117.129987
2455409.849950 -0.289594 0.319898 94.359213
2455409.949950 -0.189594 0.361162 65.281011
2455410.049950 -0.089594 0.402426 31.839110
2455410.149950 0.010406 0.443690 -3.731073
2455410.249950 0.110406 0.484953 -39.051853
2455410.349950 0.210406 0.526217 -71.762217
2455410.449950 0.310406 0.567481 -99.675646
2455410.549950 0.410406 0.608745 -120.926270
2455410.649950 0.510406 0.650009 -134.093595
2455410.749950 0.610406 0.691273 -138.297454
2455410.849950 0.710406 0.732537 -133.256838
2455410.949950 0.810406 0.773801 -119.308688
2455411.049950 0.910406 0.815065 -97.385366
2455411.149950 1.010406 0.856329 -68.952333
2455411.249950 1.110406 0.897593 -35.910191
2455411.349950 1.210406 0.938857 -0.467638
2455411.449950 -1.113014 0.980121 35.006175
2455411.549950 -1.013014 0.021385 68.140005
2455411.649950 -0.913014 0.062649 96.719026
2455411.749950 -0.813014 0.103913 118.832877
2455411.849950 -0.713014 0.145177 133.003362
2455411.949950 -0.613014 0.186441 138.283256
2455412.049950 -0.513014 0.227705 134.319625
2455412.149950 -0.413014 0.268969 121.377419
2455412.249950 -0.313014 0.310233 100.321755
2455412.349950 -0.213014 0.351497 72.560099
2455412.449950 -0.113014 0.392761 39.948173
2455412.549950 -0.013014 0.434025 4.665917
2455412.649950 0.086986 0.475289 -30.928231
2455412.749950 0.186986 0.516553 -64.454987
2455412.849950 0.286986 0.557817 -93.673258
2455412.949950 0.386986 0.599081 -116.629953
2455413.049950 0.486986 0.640345 -131.790536
2455413.149950 0.586986 0.681609 -138.141599
2455413.249950 0.686986 0.722873 -135.258606
2455413.349950 0.786986 0.764137 -123.334272
2455413.449950 0.886986 0.805401 -103.165675
2455413.549950 0.986986 0.846665 -76.100984
2455413.649950 1.086986 0.887929 -43.949333
2455413.749950 1.186986 0.929193 -8.859896
2455413.849950 -1.136435 0.970457 26.821780
2455413.949950 -1.036435 0.011721 60.710558
2455414.049950 -0.936435 0.052985 90.541148
2455414.149950 -0.836435 0.094249 114.319527
2455414.249950 -0.736435 0.135513 130.456234
2455414.349950 -0.636435 0.176777 137.872612
2455414.449950 -0.536435 0.218041 136.072916
2455414.549950 -0.436435 0.259305 125.177444
2455414.649950 -0.336435 0.300569 105.914505
2455414.749950 -0.236435 0.341833 79.571725
2455414.849950 -0.136435 0.383097 47.909985
2455414.949950 -0.036435 0.424361 13.045708
2455415.049950 0.063565 0.465625 -22.690607
2455415.149950 0.163565 0.506889 -56.910171
2455415.249950 0.263565 0.548153 -87.325584
2455415.349950 0.363565 0.589417 -111.903730
2455415.449950 0.463565 0.630681 -129.001687
2455415.549950 0.563565 0.671945 -137.476545
2455415.649950 0.663565 0.713209 -136.761802
2455415.749950 0.763565 0.754473 -126.905237
2455415.849950 0.863565 0.795737 -108.565709
2455415.949950 0.963565 0.837001 -82.969122
2455416.049950 1.063565 0.878265 -51.826476
2455416.149950 1.163565 0.919529 -17.219496
2455416.249950 -1.159856 0.960793 18.538519
2455416.349950 -1.059856 0.002057 53.057328
2455416.449950 -0.959856 0.043321 84.029529
2455416.549950 -0.859856 0.084585 109.384787
2455416.649950 -0.759856 0.125849 127.428235
2455416.749950 -0.659856 0.167113 136.953761
2455416.849950 -0.559856 0.208377 137.324632
2455416.949950 -0.459856 0.249641 128.516058
2455417.049950 -0.359856 0.290905 111.116846
2455417.149950 -0.259856 0.332169 86.290044
2455417.249950 -0.159856 0.373433 55.695197
2455417.349950 -0.059856 0.414697 21.377412
2455417.449950 0.040144 0.455961 -14.369343
2455417.549950 0.140144 0.497225 -49.155581
2455417.649950 0.240144 0.538489 -80.656021
2455417.749950 0.340144 0.579753 -106.765022
2455417.849950 0.440144 0.621017 -125.737329
2455417.949950 0.540144 0.662281 -136.304743
2455418.049950 0.640144 0.703545 -137.760885
2455418.149950 0.740144 0.744809 -130.008421
2455418.249950 0.840144 0.786073 -113.565562
2455418.349950 0.940144 0.827337 -89.531430
2455418.449950 1.040144 0.868601 -59.512582
2455418.549950 1.140144 0.909865 -25.515624
2455418.649950 -1.183276 0.951129 10.186923
2455418.749950 -1.083276 0.992393 45.208526
2455418.849950 -0.983276 0.033657 77.208171
2455418.949950 -0.883276 0.074921 104.046847
2455419.049950 -0.783276 0.116185 123.930527
2455419.149950 -0.683276 0.157449 135.530088
2455419.249950 -0.583276 0.198713 138.070160
2455419.349950 -0.483276 0.239977 131.380952
2455419.449950 -0.383276 0.281241 115.909602
2455419.549950 -0.283276 0.322504 92.690292
2455419.649950 -0.183276 0.363768 63.275113
2455419.749950 -0.083276 0.405032 29.630317
2455419.849950 0.016724 0.446296 -5.995113
2455419.949950 0.116724 0.487560 -41.219800
2455420.049950 0.216724 0.528824 -73.689156
2455420.149950 0.316724 0.570088 -101.232770
2455420.249950 0.416724 0.611352 -122.009495
2455420.349950 0.516724 0.652616 -134.630512
2455420.449950 0.616724 0.693880 -138.252172
2455420.549950 0.716724 0.735144 -132.632385
2455420.649950 0.816724 0.776408 -118.146805
2455420.749950 0.916724 0.817672 -95.763719
2455420.849950 1.016724 0.858936 -66.979321
2455420.949950 1.116724 0.900200 -33.717699
2455421.049950 -1.206697 0.941464 1.797777
2455421.149950 -1.106697 0.982728 37.193081
2455421.249950 -1.006697 0.023992 70.102219
2455421.349950 -0.906697 0.065256 98.325384
2455421.449950 -0.806697 0.106520 119.976003
2455421.549950 -0.706697 0.147784 133.606843
2455421.649950 -0.606697 0.189048 138.306752
2455421.749950 -0.506697 0.230312 133.761567
2455421.849950 -0.406697 0.271576 120.275108
2455421.949950 -0.306697 0.312840 98.748877
2455422.049950 -0.206697 0.354104 70.621792
2455422.149950 -0.106697 0.395368 37.774003
2455422.249950 -0.006697 0.436632 2.401216
2455422.349950 0.093303 0.477896 -33.132080
2455422.449950 0.193303 0.519160 -66.450667
2455422.549950 0.293303 0.560424 -95.327368
2455422.649950 0.393303 0.601688 -117.831925
2455422.749950 0.493303 0.642952 -132.460024
2455422.849950 0.593303 0.684216 -138.233851
2455422.949950 0.693303 0.725480 -134.767457
2455423.049950 0.793303 0.766744 -122.292551
2455423.149950 0.893303 0.808008 -101.643016
2455423.249950 0.993303 0.849272 -74.199169
2455423.349950 1.093303 0.890536 -41.795489
2455423.449950 1.193303 0.931800 -6.597996
2455423.549950 -1.130117 0.973064 29.040540
2455423.649950 -1.030117 0.014328 62.737865
2455423.749950 -0.930117 0.055592 92.241486
2455423.849950 -0.830117 0.096856 115.579238
2455423.949950 -0.730117 0.138120 131.191113
2455424.049950 -0.630117 0.179384 138.033536
2455424.149950 -0.530117 0.220648 135.649127
2455424.249950 -0.430117 0.261912 124.197272
2455424.349950 -0.330117 0.303176 104.443468
2455424.449950 -0.230117 0.344440 77.708155
2455424.549950 -0.130117 0.385704 45.778451
2455424.649950 -0.030117 0.426968 10.788694
2455424.749950 0.069883 0.468232 -24.922233
2455424.849950 0.169883 0.509496 -58.967236
2455424.949950 0.269883 0.550760 -89.070583
2455425.049950 0.369883 0.592024 -113.220019
2455425.149950 0.469883 0.633288 -129.801279
2455425.249950 0.569883 0.674552 -137.705991
2455425.349950 0.669883 0.715816 -136.405766
2455425.449950 0.769883 0.757080 -125.987517
2455425.549950 0.869883 0.798344 -107.147651
2455425.649950 0.969883 0.839608 -81.145514
2455425.749950 1.069883 0.880872 -49.719218
2455425.849950 1.169883 0.922136 -14.969447
2455425.949950 -1.153538 0.963400 20.780954
2455426.049950 -1.053538 0.004664 55.142255
2455426.149950 -0.953538 0.045928 85.817580
2455426.249950 -0.853538 0.087192 110.756441
2455426.349950 -0.753538 0.128456 128.291804
2455426.449950 -0.653538 0.169720 137.251519
2455426.549950 -0.553538 0.210984 137.036676
2455426.649950 -0.453538 0.252248 127.661636
2455426.749950 -0.353538 0.293512 109.753072
2455426.849950 -0.253538 0.334776 84.508080
2455426.949950 -0.153538 0.376040 53.614157
2455427.049950 -0.053538 0.417304 19.136403
2455427.149950 0.046462 0.458568 -16.620520
2455427.249950 0.146462 0.499832 -51.266448
2455427.349950 0.246462 0.541096 -82.485477
2455427.449950 0.346462 0.582360 -108.190776
2455427.549950 0.446462 0.623624 -126.664078
2455427.649950 0.546462 0.664888 -136.670538
2455427.749950 0.646462 0.706152 -137.541275
2455427.849950 0.746462 0.747416 -129.218085
2455427.949950 0.846462 0.788680 -112.257331
2455428.049950 0.946462 0.829944 -87.792752
2455428.149950 1.046462 0.871208 -57.459678
2455428.249950 1.146462 0.912472 -23.285721
2455428.349950 -1.176958 0.953736 12.444767
2455428.449950 -1.076958 0.995000 47.343387
2455428.549950 -0.976958 0.036264 79.077344
2455428.649950 -0.876958 0.077528 105.525388
2455428.749950 -0.776958 0.118791 124.919602
2455428.849950 -0.676958 0.160055 135.963583
2455428.949950 -0.576958 0.201319 137.919098
2455429.049950 -0.476958 0.242583 130.655431
2455429.149950 -0.376958 0.283847 114.658119
2455429.249950 -0.276958 0.325111 90.996502
2455429.349950 -0.176958 0.366375 61.252237
2455429.449950 -0.076958 0.407639 27.413575
2455429.549950 0.023042 0.448903 -8.257544
2455429.649950 0.123042 0.490167 -43.376688
2455429.749950 0.223042 0.531431 -75.596324
2455429.849950 0.323042 0.572695 -102.762734
2455429.949950 0.423042 0.613959 -123.059984
2455430.049950 0.523042 0.655223 -135.131307
2455430.149950 0.623042 0.696487 -138.169797
2455430.249950 0.723042 0.737751 -131.972347
2455430.349950 0.823042 0.779015 -116.953224
2455430.449950 0.923042 0.820279 -94.116379
2455430.549950 1.023042 0.861543 -64.988338
2455430.649950 1.123042 0.902807 -31.516161
2455430.749950 -1.200379 0.944071 4.062709
2455430.849950 -1.100379 0.985335 39.370008
2455430.949950 -1.000379 0.026599 72.045624
2455431.049950 -0.900379 0.067863 99.905361
2455431.149950 -0.800379 0.109127 121.086939
2455431.249950 -0.700379 0.150391 134.174477
2455431.349950 -0.600379 0.191655 138.293141
2455431.449950 -0.500379 0.232919 133.167620
2455431.549950 -0.400379 0.274183 119.140529
2455431.649950 -0.300379 0.315447 97.149505
2455431.749950 -0.200379 0.356711 68.664537
2455431.849950 -0.100379 0.397975 35.589698
2455431.949950 -0.000379 0.439239 0.135871
2455432.049950 0.099621 0.480503 -35.327039
2455432.149950 0.199621 0.521767 -68.428518
2455432.249950 0.299621 0.563031 -96.955902
2455432.349950 0.399621 0.604295 -119.002283
2455432.449950 0.499621 0.645559 -133.093973
2455432.549950 0.599621 0.686823 -138.289016
2455432.649950 0.699621 0.728087 -134.240149
2455432.749950 0.799621 0.769351 -121.218018
2455432.849950 0.899621 0.810615 -100.093087
2455432.949950 0.999621 0.851879 -72.277447
2455433.049950 1.099621 0.893143 -39.630431
2455433.149950 1.199621 0.934407 -4.334325
2455433.249950 -1.123799 0.975671 31.251508
2455433.349950 -1.023799 0.016935 64.748339
2455433.449950 -0.923799 0.058199 93.917076
2455433.549950 -0.823799 0.099463 116.807940
2455433.649950 -0.723799 0.140727 131.890794
2455433.749950 -0.623799 0.181991 138.157426
2455433.849950 -0.523799 0.223255 135.188945
2455433.949950 -0.423799 0.264519 123.183778
2455434.049950 -0.323799 0.305783 102.944409
2455434.149950 -0.223799 0.347047 75.823736
2455434.249950 -0.123799 0.388311 43.634635
2455434.349950 -0.023799 0.429575 8.528784
2455434.449950 0.076201 0.470839 -27.147172
2455434.549950 0.176201 0.512103 -61.008480
2455434.649950 0.276201 0.553367 -90.791684
2455434.749950 0.376201 0.594631 -114.505932
2455434.849950 0.476201 0.635895 -130.566046
2455434.949950 0.576201 0.677159 -137.898492
2455435.049950 0.676201 0.718423 -136.013133
2455435.149950 0.776201 0.759687 -125.035995
2455435.249950 0.876201 0.800951 -105.700844
2455435.349950 0.976201 0.842215 -79.300136
2455435.449950 1.076201 0.883479 -47.598620
2455435.549950 1.176201 0.924743 -12.715382
2455435.649950 -1.147220 0.966007 23.017814
2455435.749950 -1.047220 0.007271 57.212387
2455435.849950 -0.947220 0.048535 87.582607
2455435.949950 -0.847220 0.089799 112.098379
2455436.049950 -0.747220 0.131063 129.120952
2455436.149950 -0.647220 0.172327 137.512453
2455436.249950 -0.547220 0.213591 136.711954
2455436.349950 -0.447220 0.254855 126.772963
2455436.449950 -0.347220 0.296119 108.359852
2455436.549950 -0.247220 0.337383 82.703442
2455436.649950 -0.147220 0.378647 51.518732
2455436.749950 -0.047220 0.419911 16.890260
2455436.849950 0.052780 0.461175 -18.867239
2455436.949950 0.152780 0.502439 -53.363560
2455437.049950 0.252780 0.543703 -84.292802
2455437.149950 0.352780 0.584967 -109.587503
2455437.249950 0.452780 0.626231 -127.556843
2455437.349950 0.552780 0.667495 -136.999665
2455437.449950 0.652780 0.708759 -137.284763
2455437.549950 0.752780 0.750023 -128.393081
2455437.649950 0.852780 0.791287 -110.918982
2455437.749950 0.952780 0.832551 -86.030519
2455437.849950 1.052780 0.873815 -55.391358
2455437.949950 1.152780 0.915079 -21.049570
2455438.049950 -1.170641 0.956342 14.699274
2455438.149950 -1.070641 0.997606 49.465546
2455438.249950 -0.970641 0.038870 80.925302
2455438.349950 -0.870641 0.080134 106.975617
2455438.449950 -0.770641 0.121398 125.875162
2455438.549950 -0.670641 0.162662 136.360600
2455438.649950 -0.570641 0.203926 137.731033
2455438.749950 -0.470641 0.245190 129.894855
2455438.849950 -0.370641 0.286454 113.375874
2455438.949950 -0.270641 0.327718 89.278298
2455439.049950 -0.170641 0.368982 59.212928
2455439.149950 -0.070641 0.410246 25.189478
2455439.249950 0.029359 0.451510 -10.517759
2455439.349950 0.129359 0.492774 -45.521939
2455439.449950 0.229359 0.534038 -77.483210
2455439.549950 0.329359 0.575302 -104.265128
2455439.649950 0.429359 0.616566 -124.077457
2455439.749950 0.529359 0.657830 -135.595847
2455439.849950 0.629359 0.699094 -138.050352
2455439.949950 0.729359 0.740358 -131.276901
2455440.049950 0.829359 0.781622 -115.728264
2455440.149950 0.929359 0.822886 -92.443787
2455440.249950 1.029359 0.864150 -62.979919
2455440.349950 1.129359 0.905414 -29.306167
2455440.449950 -1.194061 0.946678 6.326551
2455440.549950 -1.094061 0.987942 41.536372
2455440.649950 -0.994061 0.029206 73.969700
2455440.749950 -0.894061 0.070470 101.458534
2455440.849950 -0.794061 0.111734 122.165387
2455440.949950 -0.694061 0.152998 134.706112
2455441.049950 -0.594061 0.194262 138.242426
2455441.149950 -0.494061 0.235526 132.537945
2455441.249950 -0.394061 0.276790 117.973984
2455441.349950 -0.294061 0.318054 95.524068
2455441.449950 -0.194061 0.359318 66.688860
2455441.549950 -0.094061 0.400582 33.395845
2455441.649950 0.005939 0.441846 -2.129511
2455441.749950 0.105939 0.483110 -37.512520
2455441.849950 0.205939 0.524374 -70.388010
2455441.949950 0.305939 0.565638 -98.558424
2455442.049950 0.405939 0.606902 -120.140713
2455442.149950 0.505939 0.648166 -133.692214
2455442.249950 0.605939 0.689430 -138.307078
2455442.349950 0.705939 0.730694 -133.676825
2455442.449950 0.805939 0.771958 -120.110964
2455442.549950 0.905939 0.813222 -98.516302
2455442.649950 1.005939 0.854486 -70.336332
2455442.749950 1.105939 0.895750 -37.454740
2455442.849950 1.205939 0.937014 -2.069492
2455442.949950 -1.117482 0.978278 33.454092
2455443.049950 -1.017482 0.019542 66.741441
2455443.149950 -0.917482 0.060806 95.567469
2455443.249950 -0.817482 0.102070 118.005302
2455443.349950 -0.717482 0.143334 132.555088
2455443.449950 -0.617482 0.184598 138.244248
2455443.549950 -0.517482 0.225862 134.692491
2455443.649950 -0.417482 0.267126 122.137234
2455443.749950 -0.317482 0.308390 101.417730
2455443.849950 -0.217482 0.349654 73.918973
2455443.949950 -0.117482 0.390918 41.479113
2455444.049950 -0.017482 0.432182 6.266587
2455444.149950 0.082518 0.473446 -29.364828
2455444.249950 0.182518 0.514710 -63.033355
2455444.349950 0.282518 0.555974 -92.488427
2455444.449950 0.382518 0.597238 -115.761122
2455444.549950 0.482518 0.638502 -131.295783
2455444.649950 0.582518 0.679766 -138.053995
2455444.749950 0.682518 0.721030 -135.584007
2455444.849950 0.782518 0.762294 -124.050926
2455444.949950 0.882518 0.803558 -104.225679
2455445.049950 0.982518 0.844822 -77.433481
2455445.149950 1.082518 0.886086 -45.465253
2455445.249950 1.182518 0.927350 -10.457906
2455445.349950 -1.140902 0.968614 25.248498
2455445.449950 -1.040902 0.009878 59.267169
2455445.549950 -0.940902 0.051142 89.324135
2455445.649950 -0.840902 0.092406 113.410242
2455445.749950 -0.740902 0.133670 129.915458
2455445.849950 -0.640902 0.174934 137.736493
2455445.949950 -0.540902 0.216198 136.350552
2455446.049950 -0.440902 0.257462 125.850278
2455446.149950 -0.340902 0.298726 106.937560
2455446.249950 -0.240902 0.339990 80.876616
2455446.349950 -0.140902 0.381254 49.409486
2455446.449950 -0.040902 0.422518 14.639586
2455446.549950 0.059098 0.463782 -21.108895
2455446.649950 0.159098 0.505046 -55.446355
2455446.749950 0.259098 0.546310 -86.077511
2455446.849950 0.359098 0.587574 -110.954828
2455446.949950 0.459098 0.628838 -128.415386
2455447.049950 0.559098 0.670102 -137.292035
2455447.149950 0.659098 0.711366 -136.991418
2455447.249950 0.759098 0.752630 -127.533629
2455447.349950 0.859098 0.793893 -109.550873
2455447.449950 0.959098 0.835157 -84.245204
2455447.549950 1.059098 0.876421 -53.308177
2455447.649950 1.159098 0.917685 -18.807772
2455447.749950 -1.164323 0.958949 16.949836
2455447.849950 -1.064323 0.000213 51.574434
2455447.949950 -0.964323 0.041477 82.751547
2455448.049950 -0.864323 0.082741 108.397144
2455448.149950 -0.764323 0.124005 126.796949
2455448.249950 -0.664323 0.165269 136.721031
2455448.349950 -0.564323 0.206533 137.506015
2455448.449950 -0.464323 0.247797 129.099429
2455448.549950 -0.364323 0.289061 112.063210
2455448.649950 -0.264323 0.330325 87.536141
2455448.749950 -0.164323 0.371589 57.157732
2455448.849950 -0.064323 0.412853 22.958622
2455448.949950 0.035677 0.454117 -12.775153
2455449.049950 0.135677 0.495381 -47.654975
2455449.149950 0.235677 0.536645 -79.349308
2455449.249950 0.335677 0.577909 -105.739547
2455449.349950 0.435677 0.619173 -125.061641
2455449.449950 0.535677 0.660437 -136.024007
2455449.549950 0.635677 0.701701 -137.893868
2455449.649950 0.735677 0.742965 -130.546234
2455449.749950 0.835677 0.784229 -114.472254
2455449.849950 0.935677 0.825493 -90.746394
2455449.949950 1.035677 0.866757 -60.954603
2455450.049950 1.135677 0.908021 -27.088311
2455450.149950 -1.187743 0.949285 8.588696
2455450.249950 -1.087743 0.990549 43.691592
2455450.349950 -0.987743 0.031813 75.873930
2455450.449950 -0.887743 0.073077 102.984486
2455450.549950 -0.787743 0.114341 123.211059
2455450.649950 -0.687743 0.155605 135.201606
2455450.749950 -0.587743 0.196869 138.154621
2455450.849950 -0.487743 0.238133 131.872710
2455450.949950 -0.387743 0.279397 116.775787
2455451.049950 -0.287743 0.320661 93.873003
2455451.149950 -0.187743 0.361925 64.695291
2455451.249950 -0.087743 0.403189 31.193032
2455451.349950 0.012257 0.444453 -4.394321
2455451.449950 0.112257 0.485717 -39.687937
2455451.549950 0.212257 0.526981 -72.328617
2455451.649950 0.312257 0.568245 -100.134502
2455451.749950 0.412257 0.609509 -121.246910
2455451.849950 0.512257 0.650773 -134.254586
2455451.949950 0.612257 0.692037 -138.288033
2455452.049950 0.712257 0.733301 -133.077636
2455452.149950 0.812257 0.774565 -118.971684
2455452.249950 0.912257 0.815829 -96.913086
2455452.349950 1.012257 0.857093 -68.376347
2455452.449950 1.112257 0.898357 -35.269001
2455452.549950 -1.211164 0.939621 0.195897
2455452.649950 -1.111164 0.980885 35.647700
2455452.749950 -1.011164 0.022149 68.716637
2455452.849950 -0.911164 0.063413 97.192221
2455452.949950 -0.811164 0.104677 119.171004
2455453.049950 -0.711164 0.145941 133.183819
2455453.149950 -0.611164 0.187205 138.293980
2455453.249950 -0.511164 0.228469 134.159900
2455453.349950 -0.411164 0.269733 121.057921
2455453.449950 -0.311164 0.310997 99.863842
2455453.549950 -0.211164 0.352261 71.994378
2455453.649950 -0.111164 0.393525 39.312461
2455453.749950 -0.011164 0.434789 4.002708
2455453.849950 0.088836 0.476053 -31.574605
2455453.949950 0.188836 0.517317 -65.041319
2455454.049950 0.288836 0.558581 -94.160355
2455454.149950 0.388836 0.599845 -116.985255
2455454.249950 0.488836 0.641109 -131.990293
2455454.349950 0.588836 0.682373 -138.172458
2455454.449950 0.688836 0.723637 -135.118505
2455454.549950 0.788836 0.764901 -123.032575
2455454.649950 0.888836 0.806165 -102.722550
2455454.749950 0.988836 0.847429 -75.546051
2455454.849950 1.088836 0.888693 -43.319686
2455454.949950 1.188836 0.929957 -8.197624
2455455.049950 -1.134585 0.971221 27.472408
2455455.149950 -1.034585 0.012485 61.306050
2455455.249950 -0.934585 0.053749 91.041698
2455455.349950 -0.834585 0.095013 114.691677
2455455.449950 -0.734585 0.136277 130.675107
2455455.549950 -0.634585 0.177541 137.923578
2455455.649950 -0.534585 0.218805 135.952567
2455455.749950 -0.434585 0.260069 124.893827
2455455.849950 -0.334585 0.301333 105.486576
2455455.949950 -0.234585 0.342597 79.028090
2455456.049950 -0.134585 0.383861 47.286983
2455456.149950 -0.034585 0.425125 12.384984
2455456.249950 0.065415 0.466389 -23.344888
2455456.349950 0.165415 0.507653 -57.514274
2455456.449950 0.265415 0.548917 -87.839126
2455456.549950 0.365415 0.590180 -112.292384
2455456.649950 0.465415 0.631444 -129.239474
2455456.749950 0.565415 0.672708 -137.547570
2455456.849950 0.665415 0.713972 -136.661318
2455456.949950 0.765415 0.755236 -126.639960
2455457.049950 0.865415 0.796500 -108.153372
2455457.149950 0.965415 0.837764 -82.437287
2455457.249950 1.065415 0.879028 -51.210693
2455457.349950 1.165415 0.920292 -16.560928
2455457.449950 -1.158005 0.961556 19.195850
2455457.549950 -1.058005 0.002820 53.669485
2455457.649950 -0.958005 0.044084 84.555590
2455457.749950 -0.858005 0.085348 109.789588
2455457.849950 -0.758005 0.126612 127.684718
2455457.949950 -0.658005 0.167876 137.044780
2455458.049950 -0.558005 0.209140 137.244104
2455458.149950 -0.458005 0.250404 128.269365
2455458.249950 -0.358005 0.291668 110.720479
2455458.349950 -0.258005 0.332932 85.770498
2455458.449950 -0.158005 0.374196 55.087201
2455458.549950 -0.058005 0.415460 20.721607
2455458.649950 0.041995 0.456724 -15.029120
2455458.749950 0.141995 0.497988 -49.775227
2455458.849950 0.241995 0.539252 -81.194116
2455458.949950 0.341995 0.580516 -107.185596
2455459.049950 0.441995 0.621780 -126.012270
2455459.149950 0.541995 0.663044 -136.415672
2455459.249950 0.641995 0.704308 -137.700388
2455459.349950 0.741995 0.745572 -129.780541
2455459.449950 0.841995 0.786836 -113.185532
2455459.549950 0.941995 0.828100 -89.024653
2455459.649950 1.041995 0.869364 -58.912933
2455459.749950 1.141995 0.910628 -24.863187
2455459.849950 -1.181426 0.951892 10.848536
2455459.949950 -1.081426 0.993156 45.835090
2455460.049950 -0.981426 0.034420 77.757803
2455460.149950 -0.881426 0.075684 104.482808
2455460.249950 -0.781426 0.116948 124.223674
2455460.349950 -0.681426 0.158212 135.660826
2455460.449950 -0.581426 0.199476 138.029750
2455460.549950 -0.481426 0.240740 131.172094
2455460.649950 -0.381426 0.282004 115.546259
2455460.749950 -0.281426 0.323268 92.196751
2455460.849950 -0.181426 0.364532 62.684364
2455460.949950 -0.081426 0.405796 28.981849
2455461.049950 0.018574 0.447060 -6.657953
2455461.149950 0.118574 0.488324 -41.852705
2455461.249950 0.218574 0.529588 -74.249819
2455461.349950 0.318574 0.570852 -101.683715
2455461.449950 0.418574 0.612116 -122.320577
2455461.549950 0.518574 0.653380 -134.780937
2455461.649950 0.618574 0.694644 -138.231885
2455461.749950 0.718574 0.735908 -132.442743
2455461.849950 0.818574 0.777172 -117.800484
2455461.949950 0.918574 0.818436 -95.283868
2455462.049950 1.018574 0.859700 -66.398016
2455462.149950 1.118574 0.900964 -33.073798
2455462.249950 -1.204846 0.942228 2.461233
2455462.349950 -1.104846 0.983492 37.831743
2455462.449950 -1.004846 0.024756 70.673396
2455462.549950 -0.904846 0.066020 98.790896
2455462.649950 -0.804846 0.107284 120.304733
2455462.749950 -0.704846 0.148548 133.776817
2455462.849950 -0.604846 0.189812 138.306608
2455462.949950 -0.504846 0.231076 133.591314
2455463.049950 -0.404846 0.272340 119.946128
2455463.149950 -0.304846 0.313604 98.283160
2455463.249950 -0.204846 0.354868 70.050468
2455463.349950 -0.104846 0.396132 37.135262
2455463.449950 -0.004846 0.437396 1.737756
2455463.549950 0.095154 0.478660 -33.775911
2455463.649950 0.195154 0.519924 -67.031832
2455463.749950 0.295154 0.561188 -95.807020
2455463.849950 0.395154 0.602452 -118.178001
2455463.949950 0.495154 0.643716 -132.649390
2455464.049950 0.595154 0.684980 -138.253850
2455464.149950 0.695154 0.726244 -134.616751
2455464.249950 0.795154 0.767508 -121.981214
2455464.349950 0.895154 0.808772 -101.191861
2455464.449950 0.995154 0.850036 -73.638352
2455464.549950 1.095154 0.891300 -41.162498
2455464.649950 1.195154 0.932564 -5.935142
2455464.749950 -1.128267 0.973828 29.688947
2455464.849950 -1.028267 0.015092 63.328483
2455464.949950 -0.928267 0.056356 92.734835
2455465.049950 -0.828267 0.097620 115.942340
2455465.149950 -0.728267 0.138884 131.399697
2455465.249950 -0.628267 0.180148 138.073659
2455465.349950 -0.528267 0.221412 135.518107
2455465.449950 -0.428267 0.262676 123.903867
2455465.549950 -0.328267 0.303940 104.007290
2455465.649950 -0.228267 0.345204 77.158361
2455465.749950 -0.128267 0.386468 45.151792
2455465.849950 -0.028267 0.427731 10.127058
2455465.949950 0.071733 0.468995 -25.574617
2455466.049950 0.171733 0.510259 -59.566761
2455466.149950 0.271733 0.551523 -89.577174
2455466.249950 0.371733 0.592787 -113.599813
2455466.349950 0.471733 0.634051 -130.028888
2455466.449950 0.571733 0.675315 -137.766202
2455466.549950 0.671733 0.716579 -136.294553
2455466.649950 0.771733 0.757843 -125.712314
2455466.749950 0.871733 0.799107 -106.726853
2455466.849950 0.971733 0.840371 -80.607251
2455466.949950 1.071733 0.881635 -49.099469
2455467.049950 1.171733 0.922899 -14.309640
2455467.149950 -1.151687 0.964163 21.436715
2455467.249950 -1.051687 0.005427 55.750136
2455467.349950 -0.951687 0.046691 86.336947
2455467.449950 -0.851687 0.087955 111.152577
2455467.549950 -0.751687 0.129219 128.538229
2455467.649950 -0.651687 0.170483 137.331761
2455467.749950 -0.551687 0.211747 136.945371
2455467.849950 -0.451687 0.253011 127.404888
2455467.949950 -0.351687 0.294275 109.348043
2455468.049950 -0.251687 0.335539 83.981843
2455468.149950 -0.151687 0.376803 53.001890
2455468.249950 -0.051687 0.418067 18.479032
2455468.349950 0.048313 0.459331 -17.279054
2455468.449950 0.148313 0.500595 -51.882123
2455468.549950 0.248313 0.541859 -83.017140
2455468.649950 0.348313 0.583123 -108.602888
2455468.749950 0.448313 0.624387 -126.929091
2455468.849950 0.548313 0.665651 -136.770738
2455468.949950 0.648313 0.706915 -137.469963
2455469.049950 0.748313 0.748179 -128.980029
2455469.149950 0.848313 0.789443 -111.868443
2455469.249950 0.948313 0.830707 -87.279027
2455469.349950 1.048313 0.871971 -56.855457
2455469.449950 1.148313 0.913235 -22.631392
2455469.549950 -1.175108 0.954499 13.105466
2455469.649950 -1.075108 0.995763 47.966290
2455469.749950 -0.975108 0.037027 79.620814
2455469.849950 -0.875108 0.078291 105.953097
2455469.949950 -0.775108 0.119555 125.202960
2455470.049950 -0.675108 0.160819 136.083648
2455470.149950 -0.575108 0.202083 137.867845
2455470.249950 -0.475108 0.243347 130.436286
2455470.349950 -0.375108 0.284611 114.285731
2455470.449950 -0.275108 0.325875 90.495763
2455470.549950 -0.175108 0.367139 60.656619
2455470.649950 -0.075108 0.408403 26.762891
2455470.749950 0.024892 0.449667 -8.919798
2455470.849950 0.124892 0.490931 -44.006244
2455470.949950 0.224892 0.532195 -76.151100
2455471.049950 0.324892 0.573459 -103.205646
2455471.149950 0.424892 0.614723 -123.361425
2455471.249950 0.524892 0.655987 -135.271127
2455471.349950 0.624892 0.697251 -138.138650
2455471.449950 0.724892 0.738515 -131.772315
2455471.549950 0.824892 0.779779 -116.597678
2455471.649950 0.924892 0.821043 -93.629086
2455471.749950 1.024892 0.862307 -64.401871
2455471.849950 1.124892 0.903571 -30.869722
2455471.949950 -1.198528 0.944835 4.725909
2455472.049950 -1.098528 0.986099 40.005637
2455472.149950 -0.998528 0.027363 72.611194
2455472.249950 -0.898528 0.068627 100.363067
2455472.349950 -0.798528 0.109891 121.406184
2455472.449950 -0.698528 0.151155 134.333922
2455472.549950 -0.598528 0.192419 138.282129
2455472.649950 -0.498528 0.233683 132.986886
2455472.749950 -0.398528 0.274947 118.802154
2455472.849950 -0.298528 0.316211 96.676109
2455472.949950 -0.198528 0.357475 68.087763
2455473.049950 -0.098528 0.398739 34.948100
2455473.149950 0.001472 0.440003 -0.527663
2455473.249950 0.101472 0.481267 -35.968155
2455473.349950 0.201472 0.522531 -69.004361
2455473.449950 0.301472 0.563795 -97.427980
2455473.549950 0.401472 0.605059 -119.339040
2455473.649950 0.501472 0.646323 -133.272898
2455473.749950 0.601472 0.687587 -138.298149
2455473.849950 0.701472 0.728851 -134.078879
2455473.949950 0.801472 0.770115 -120.897126
2455474.049950 0.901472 0.811379 -99.634022
2455474.149950 1.001472 0.852643 -71.710896
2455474.249950 1.101472 0.893907 -38.994265
2455474.349950 1.201472 0.935171 -3.671068
2455474.449950 -1.121949 0.976435 31.897521
2455474.549950 -1.021949 0.017699 65.333924
2455474.649950 -0.921949 0.058963 94.403091
2455474.749950 -0.821949 0.100227 117.161897
2455474.849950 -0.721949 0.141491 132.089032
2455474.949950 -0.621949 0.182755 138.186695
2455475.049950 -0.521949 0.224019 135.047288
2455475.149950 -0.421949 0.265282 122.880664
2455475.249950 -0.321949 0.306546 102.500100
2455475.349950 -0.221949 0.347810 75.267931
2455475.449950 -0.121949 0.389074 43.004488
2455475.549950 -0.021949 0.430338 7.866416
2455475.649950 0.078051 0.471602 -27.797485
2455475.749950 0.178051 0.512866 -61.603268
2455475.849950 0.278051 0.554130 -91.291188
2455475.949950 0.378051 0.595394 -114.876763
2455476.049950 0.478051 0.636658 -130.783416
2455476.149950 0.578051 0.677922 -137.947871
2455476.249950 0.678051 0.719186 -135.891220
2455476.349950 0.778051 0.760450 -124.750939
2455476.449950 0.878051 0.801714 -105.271700
2455476.549950 0.978051 0.842978 -78.755589
2455476.649950 1.078051 0.884242 -46.975072
2455476.749950 1.178051 0.925506 -12.054513
2455476.849950 -1.145370 0.966770 23.671828
2455476.949950 -1.045370 0.008034 57.815829
2455477.049950 -0.945370 0.049298 88.095140
2455477.149950 -0.845370 0.090562 112.485743
2455477.249950 -0.745370 0.131826 129.357253
2455477.349950 -0.645370 0.173090 137.581896
2455477.449950 -0.545370 0.214354 136.609896
2455477.549950 -0.445370 0.255618 126.506228
2455477.649950 -0.345370 0.296882 107.946269
2455477.749950 -0.245370 0.338146 82.170656
2455477.849950 -0.145370 0.379410 50.902358
2455477.949950 -0.045370 0.420674 16.231500
2455478.049950 0.054630 0.461938 -19.524352
2455478.149950 0.154630 0.503202 -53.975100
2455478.249950 0.254630 0.544466 -84.817891
2455478.349950 0.354630 0.585730 -109.991042
2455478.449950 0.454630 0.626994 -127.811857
2455478.549950 0.554630 0.668258 -137.089107
2455478.649950 0.654630 0.709522 -137.202656
2455478.749950 0.754630 0.750786 -128.144912
2455478.849950 0.854630 0.792050 -110.521340
2455478.949950 0.954630 0.833314 -85.509984
2455479.049950 1.054630 0.874578 -54.782726
2455479.149950 1.154630 0.915842 -20.393525
2455479.249950 -1.168790 0.957106 15.358879
2455479.349950 -1.068790 0.998370 50.084621
2455479.449950 -0.968790 0.039634 81.462463
2455479.549950 -0.868790 0.080898 107.394959
2455479.649950 -0.768790 0.122162 126.148654
2455479.749950 -0.668790 0.163426 136.469960
2455479.849950 -0.568790 0.204690 137.668951
2455479.949950 -0.468790 0.245954 129.665481
2455480.049950 -0.368790 0.287218 112.994540
2455480.149950 -0.268790 0.328482 88.770495
2455480.249950 -0.168790 0.369746 58.612599
2455480.349950 -0.068790 0.411010 24.536753
2455480.449950 0.031210 0.452274 -11.179250
2455480.549950 0.131210 0.493538 -46.147977
2455480.649950 0.231210 0.534802 -78.031949
2455480.749950 0.331210 0.576066 -104.699887
2455480.849950 0.431210 0.617330 -124.369175
2455480.949950 0.531210 0.658594 -135.725024
2455481.049950 0.631210 0.699858 -138.008353
2455481.149950 0.731210 0.741122 -131.066533
2455481.249950 0.831210 0.782386 -115.363590
2455481.349950 0.931210 0.823650 -91.949184
2455481.449950 1.031210 0.864914 -62.388447
2455481.549950 1.131210 0.906178 -28.657364
2455481.649950 -1.192211 0.947442 6.989316
2455481.749950 -1.092211 0.988706 42.168797
2455481.849950 -0.992211 0.029970 74.529511
2455481.949950 -0.892211 0.071234 101.908310
2455482.049950 -0.792211 0.112498 122.475062
2455482.149950 -0.692211 0.153762 134.854987
2455482.249950 -0.592211 0.195026 138.220549
2455482.349950 -0.492211 0.236290 132.346778
2455482.449950 -0.392211 0.277554 117.626306
2455482.549950 -0.292211 0.318818 95.043120
2455482.649950 -0.192211 0.360082 66.106790
2455482.749950 -0.092211 0.401346 32.751561
2455482.849950 0.007789 0.442610 -2.792941
2455482.949950 0.107789 0.483874 -38.150749
2455483.049950 0.207789 0.525138 -70.958376
2455483.149950 0.307789 0.566402 -99.022801
2455483.249950 0.407789 0.607666 -120.468060
2455483.349950 0.507789 0.648930 -133.860649
2455483.449950 0.607789 0.690194 -138.305342
2455483.549950 0.707789 0.731458 -133.505035
2455483.649950 0.807789 0.772722 -119.780602
2455483.749950 0.907789 0.813986 -98.049452
2455483.849950 1.007789 0.855250 -69.764200
2455483.949950 1.107789 0.896514 -36.815571
2455484.049950 1.207789 0.937778 -1.406009
2455484.149950 -1.115631 0.979042 34.097536
2455484.249950 -1.015631 0.020306 67.321837
2455484.349950 -0.915631 0.061569 96.046019
2455484.449950 -0.815631 0.102833 118.350019
2455484.549950 -0.715631 0.144097 132.742929
2455484.649950 -0.615631 0.185361 138.262656
2455484.749950 -0.515631 0.226625 134.540236
2455484.849950 -0.415631 0.267889 121.824493
2455484.949950 -0.315631 0.309153 100.965409
2455485.049950 -0.215631 0.350417 73.357307
2455485.149950 -0.115631 0.391681 40.845646
2455485.249950 -0.015631 0.432945 5.603663
2455485.349950 0.084369 0.474209 -30.012895
2455485.449950 0.184369 0.515473 -63.623246
2455485.549950 0.284369 0.556737 -92.980710
2455485.649950 0.384369 0.598001 -116.122891
2455485.749950 0.484369 0.639265 -131.502855
2455485.849950 0.584369 0.680529 -138.092529
2455485.949950 0.684369 0.721793 -135.451427
2455486.049950 0.784369 0.763057 -123.756095
2455486.149950 0.884369 0.804321 -103.788303
2455486.249950 0.984369 0.845585 -76.882798
2455486.349950 1.084369 0.886849 -44.838072
2455486.449950 1.184369 0.928113 -9.796152
2455486.549950 -1.139052 0.969377 25.900590
2455486.649950 -1.039052 0.010641 59.866011
2455486.749950 -0.939052 0.051905 89.829697
2455486.849950 -0.839052 0.093169 113.788730
2455486.949950 -0.739052 0.134433 130.141571
2455487.049950 -0.639052 0.175697 137.795118
2455487.149950 -0.539052 0.216961 136.237769
2455487.249950 -0.439052 0.258225 125.573627
2455487.349950 -0.339052 0.299489 106.515533
2455487.449950 -0.239052 0.340753 80.337423
2455487.549950 -0.139052 0.382017 48.789170
2455487.649950 -0.039052 0.423281 13.979612
2455487.749950 0.060948 0.464545 -21.764411
2455487.849950 0.160948 0.505809 -56.053596
2455487.949950 0.260948 0.547073 -86.595885
2455488.049950 0.360948 0.588337 -111.349686
2455488.149950 0.460948 0.629601 -128.660332
2455488.249950 0.560948 0.670865 -137.370697
2455488.349950 0.660948 0.712129 -136.898537
2455488.449950 0.760948 0.753393 -127.275414
2455488.549950 0.860948 0.794657 -109.144584
2455488.649950 0.960948 0.835921 -83.718000
2455488.749950 1.060948 0.877185 -52.695298
2455488.849950 1.160948 0.918449 -18.150186
2455488.949950 -1.162472 0.959713 17.608172
2455489.049950 -1.062472 0.000977 52.189514
2455489.149950 -0.962472 0.042241 83.282256
2455489.249950 -0.862472 0.083505 108.808007
2455489.349950 -0.762472 0.124769 127.060503
2455489.449950 -0.662472 0.166033 136.819657
2455489.549950 -0.562472 0.207297 137.433121
2455489.649950 -0.462472 0.248561 128.859887
2455489.749950 -0.362472 0.289825 111.673033
2455489.849950 -0.262472 0.331089 87.021411
2455489.949950 -0.162472 0.372353 56.552855
2455490.049950 -0.062472 0.413617 22.304031
2455490.149950 0.037528 0.454881 -13.435702
2455490.249950 0.137528 0.496145 -48.277328
2455490.349950 0.237528 0.537409 -79.891863
2455490.449950 0.337528 0.578673 -106.166037
2455490.549950 0.437528 0.619937 -125.343558
2455490.649950 0.537528 0.661201 -136.142507
2455490.749950 0.637528 0.702465 -137.841029
2455490.849950 0.737528 0.743729 -130.325587
2455490.949950 0.837528 0.784993 -114.098550
2455491.049950 0.937528 0.826257 -90.244611
2455491.149950 1.037528 0.867521 -60.358285
2455491.249950 1.137528 0.908785 -26.437317
2455491.349950 -1.185893 0.950049 9.250849
2455491.449950 -1.085893 0.991313 44.320644
2455491.549950 -0.985893 0.032577 76.427831
2455491.649950 -0.885893 0.073841 103.426211
2455491.749950 -0.785893 0.115105 123.511081
2455491.849950 -0.685893 0.156369 135.339870
2455491.949950 -0.585893 0.197633 138.121885
2455492.049950 -0.485893 0.238897 131.671162
2455492.149950 -0.385893 0.280161 116.418899
2455492.249950 -0.285893 0.321425 93.384631
2455492.349950 -0.185893 0.362689 64.108081
2455492.449950 -0.085893 0.403953 30.546236
2455492.549950 0.014107 0.445217 -5.057469
2455492.649950 0.114107 0.486481 -40.323107
2455492.749950 0.214107 0.527745 -72.893353
2455492.849950 0.314107 0.569009 -100.591054
2455492.949950 0.414107 0.610273 -121.564759
2455493.049950 0.514107 0.651537 -134.412486
2455493.149950 0.614107 0.692801 -138.275429
2455493.249950 0.714107 0.734065 -132.895371
2455493.349950 0.814107 0.775329 -118.631941
2455493.449950 0.914107 0.816593 -96.438575
2455493.549950 1.014107 0.857857 -67.798787
2455493.649950 1.114107 0.899120 -34.626999
2455493.749950 -1.209314 0.940384 0.859427
2455493.849950 -1.109314 0.981648 36.288404
2455493.949950 -1.009314 0.022912 69.291688
2455494.049950 -0.909314 0.064176 97.663179
2455494.149950 -0.809314 0.105440 119.506388
2455494.249950 -0.709314 0.146704 133.361210
2455494.349950 -0.609314 0.187968 138.301521
2455494.449950 -0.509314 0.229232 133.997087
2455494.549950 -0.409314 0.270496 120.735636
2455494.649950 -0.309314 0.311760 99.403629
2455494.749950 -0.209314 0.353024 71.427001
2455494.849950 -0.109314 0.394288 38.675845
2455494.949950 -0.009314 0.435552 3.339407
2455495.049950 0.090686 0.476816 -32.220252
2455495.149950 0.190686 0.518080 -65.626154
2455495.249950 0.290686 0.559344 -94.645285
2455495.349950 0.390686 0.600608 -117.337865
2455495.449950 0.490686 0.641872 -132.187012
2455495.549950 0.590686 0.683136 -138.200137
2455495.649950 0.690686 0.724400 -134.975294
2455495.749950 0.790686 0.765664 -122.728046
2455495.849950 0.890686 0.806928 -102.277060
2455495.949950 0.990686 0.848192 -74.989378
2455496.049950 1.090686 0.889456 -42.689042
2455496.149950 1.190686 0.930720 -7.535163
2455496.249950 -1.132734 0.971984 28.122403
2455496.349950 -1.032734 0.013248 61.900131
2455496.449950 -0.932734 0.054512 91.540153
2455496.549950 -0.832734 0.095776 115.061187
2455496.649950 -0.732734 0.137040 130.890973
2455496.749950 -0.632734 0.178304 137.971369
2455496.849950 -0.532734 0.219568 135.829090
2455496.949950 -0.432734 0.260832 124.607334
2455497.049950 -0.332734 0.302096 105.056219
2455497.149950 -0.232734 0.343360 78.482636
2455497.249950 -0.132734 0.384624 46.662892
2455497.349950 -0.032734 0.425888 11.723974
2455497.449950 0.067266 0.467152 -23.998632
2455497.549950 0.167266 0.508416 -58.117052
2455497.649950 0.267266 0.549680 -88.350646
2455497.749950 0.367266 0.590944 -112.678454
2455497.849950 0.467266 0.632208 -129.474287
2455497.949950 0.567266 0.673472 -137.615430
2455498.049950 0.667266 0.714736 -136.557688
2455498.149950 0.767266 0.756000 -126.371768
2455498.249950 0.867266 0.797264 -107.738545
2455498.349950 0.967266 0.838528 -81.903554
2455498.449950 1.067266 0.879792 -50.593731
2455498.549950 1.167266 0.921056 -15.901978
2455498.649950 -1.156155 0.962320 19.852740
2455498.749950 -1.056155 0.003584 54.280405
2455498.849950 -0.956155 0.044848 85.079704
2455498.949950 -0.856155 0.086112 110.191863
2455499.049950 -0.756155 0.127376 127.938262
2455499.149950 -0.656155 0.168640 137.132646
2455499.249950 -0.556155 0.209904 137.160418
2455499.349950 -0.456155 0.251168 128.019721
2455499.449950 -0.356155 0.292432 110.321564
2455499.549950 -0.256155 0.333696 85.248978
2455499.649950 -0.156155 0.374960 54.477937
2455499.749950 -0.056155 0.416224 20.065325
2455499.849950 0.043845 0.457488 -15.688550
2455499.949950 0.143845 0.498752 -50.393727
2455500.049950 0.243845 0.540016 -81.730342
2455500.149950 0.343845 0.581280 -107.603704
2455500.249950 0.443845 0.622544 -126.284311
2455500.349950 0.543845 0.663808 -136.523462
2455500.449950 0.643845 0.705072 -137.636722
2455500.549950 0.743845 0.746336 -129.549674
2455500.649950 0.843845 0.787600 -112.802897
2455500.749950 0.943845 0.828864 -88.515827
2455500.849950 1.043845 0.870128 -58.311928
2455500.949950 1.143845 0.911392 -24.210177
2455501.049950 -1.179575 0.952656 11.509900
2455501.149950 -1.079575 0.993920 46.460599
2455501.249950 -0.979575 0.035184 78.305646
2455501.349950 -0.879575 0.076448 104.916363
2455501.449950 -0.779575 0.117712 124.513961
2455501.549950 -0.679575 0.158976 135.788441
2455501.649950 -0.579575 0.200240 137.986162
2455501.749950 -0.479575 0.241504 130.960218
2455501.849950 -0.379575 0.282768 115.180257
2455501.949950 -0.279575 0.324032 91.701087
2455502.049950 -0.179575 0.365296 62.092172
2455502.149950 -0.079575 0.406560 28.332714
2455502.249950 0.020425 0.447824 -7.320640
2455502.349950 0.120425 0.489088 -42.484647
2455502.449950 0.220425 0.530352 -74.808773
2455502.549950 0.320425 0.571616 -102.132318
2455502.649950 0.420425 0.612880 -122.628843
2455502.749950 0.520425 0.654144 -134.928260
2455502.849950 0.620425 0.695408 -138.208417
2455502.949950 0.720425 0.736671 -132.250052
2455503.049950 0.820425 0.777935 -117.451451
2455503.149950 0.920425 0.819199 -94.801825
2455503.249950 1.020425 0.860463 -65.815184
2455503.349950 1.120425 0.901727 -32.429136
2455503.449950 -1.202996 0.942991 3.124632
2455503.549950 -1.102996 0.984255 38.469535
2455503.649950 -1.002996 0.025519 71.242948
2455503.749950 -0.902996 0.066783 99.254135
2455503.849950 -0.802996 0.108047 120.630694
2455503.949950 -0.702996 0.149311 133.943712
2455504.049950 -0.602996 0.190575 138.303281
2455504.149950 -0.502996 0.231839 133.417987
2455504.249950 -0.402996 0.273103 119.614387
2455504.349950 -0.302996 0.314367 97.815180
2455504.449950 -0.202996 0.355631 69.477531
2455504.549950 -0.102996 0.396895 36.495667
2455504.649950 -0.002996 0.438159 1.074255
2455504.749950 0.097004 0.479423 -34.418965
2455504.849950 0.197004 0.520687 -67.611455
2455504.949950 0.297004 0.561951 -96.284466
2455505.049950 0.397004 0.603215 -118.521356
2455505.149950 0.497004 0.644479 -132.835703
2455505.249950 0.597004 0.685743 -138.270667
2455505.349950 0.697004 0.727007 -134.462947
2455505.449950 0.797004 0.768271 -121.667070
2455505.549950 0.897004 0.809535 -100.738376
2455505.649950 0.997004 0.850799 -73.075840
2455505.749950 1.097004 0.892063 -40.528559
2455505.849950 1.197004 0.933327 -5.272152
2455505.949950 -1.126416 0.974591 30.336670
2455506.049950 -1.026416 0.015855 63.917643
2455506.149950 -0.926416 0.057119 93.226049
2455506.249950 -0.826416 0.098383 116.302774
2455506.349950 -0.726416 0.139647 131.605256
2455506.449950 -0.626416 0.180911 138.110604
2455506.549950 -0.526416 0.222175 135.383968
2455506.649950 -0.426416 0.263439 123.607610
2455506.749950 -0.326416 0.304703 103.568719
2455506.849950 -0.226416 0.345967 76.606792
2455506.949950 -0.126416 0.387231 44.524094
2455507.049950 -0.026416 0.428495 9.465190
2455507.149950 0.073584 0.469759 -26.226413
2455507.249950 0.173584 0.511023 -60.164916
2455507.349950 0.273584 0.552287 -90.081703
2455507.449950 0.373584 0.593551 -113.976992
2455507.549950 0.473584 0.634815 -130.253505
2455507.649950 0.573584 0.676079 -137.823241
2455507.749950 0.673584 0.717343 -136.180202
2455507.849950 0.773584 0.758607 -125.434217
2455507.949950 0.873584 0.799871 -106.303599
2455508.049950 0.973584 0.841135 -80.067133
2455508.149950 1.073584 0.882399 -48.478591
2455508.249950 1.173584 0.923663 -13.649504
2455508.349950 -1.149837 0.964927 22.091982
2455508.449950 -1.049837 0.006191 56.356733
2455508.549950 -0.949837 0.047455 86.854326
2455508.649950 -0.849837 0.088719 111.546154
2455508.749950 -0.749837 0.129983 128.781695
2455508.849950 -0.649837 0.171247 137.408842
2455508.949950 -0.549837 0.212511 136.850914
2455509.049950 -0.449837 0.253775 127.145207
2455509.149950 -0.349837 0.295039 108.940497
2455509.249950 -0.249837 0.336303 83.453674
2455509.349950 -0.149837 0.377567 52.388403
2455509.449950 -0.049837 0.418831 17.821236
2455509.549950 0.050163 0.460095 -17.937189
2455509.649950 0.150163 0.501359 -52.496605
2455509.749950 0.250163 0.542623 -83.546893
2455509.849950 0.350163 0.583887 -109.012500
2455509.949950 0.450163 0.625151 -127.191183
2455510.049950 0.550163 0.666415 -136.867789
2455510.149950 0.650163 0.707679 -137.395488
2455510.249950 0.750163 0.748943 -128.739004
2455510.349950 0.850163 0.790207 -111.476980
2455510.449950 0.950163 0.831471 -86.763294
2455510.549950 1.050163 0.872735 -56.249927
2455510.649950 1.150163 0.913999 -21.976542
2455510.749950 -1.173258 0.955263 13.765862
2455510.849950 -1.073258 0.996527 48.588089
2455510.949950 -0.973258 0.037791 80.162452
2455511.049950 -0.873258 0.079055 106.378367
2455511.149950 -0.773258 0.120319 125.483435
2455511.249950 -0.673258 0.161583 136.200581
2455511.349950 -0.573258 0.202847 137.813419
2455511.449950 -0.473258 0.244111 130.214138
2455511.549950 -0.373258 0.285375 113.910712
2455511.649950 -0.273258 0.326639 89.992941
2455511.749950 -0.173258 0.367903 60.059604
2455511.849950 -0.073258 0.409167 26.111591
2455511.949950 0.026742 0.450431 -9.581847
2455512.049950 0.126742 0.491695 -44.634788
2455512.149950 0.226742 0.532958 -76.704123
2455512.249950 0.326742 0.574222 -103.646181
2455512.349950 0.426742 0.615486 -123.660026
2455512.449950 0.526742 0.656750 -135.407834
2455512.549950 0.626742 0.698014 -138.104324
2455512.649950 0.726742 0.739278 -131.569250
2455512.749950 0.826742 0.780542 -116.239449
2455512.849950 0.926742 0.821806 -93.139639
2455512.949950 1.026742 0.863070 -63.813922
2455513.049950 1.126742 0.904334 -30.222573
2455513.149950 -1.196678 0.945598 5.389000
2455513.249950 -1.096678 0.986862 40.640345
2455513.349950 -0.996678 0.028126 73.175093
2455513.449950 -0.896678 0.069390 100.818462
2455513.549950 -0.796678 0.110654 121.722635
2455513.649950 -0.696678 0.151918 134.490276
2455513.749950 -0.596678 0.193182 138.267934
2455513.849950 -0.496678 0.234446 132.803091
2455513.949950 -0.396678 0.275710 118.461045
2455514.049950 -0.296678 0.316974 96.200487
2455514.149950 -0.196678 0.358238 67.509421
2455514.249950 -0.096678 0.399502 34.305698
2455514.349950 0.003322 0.440766 -1.191185
2455514.449950 0.103322 0.482030 -36.608444
2455514.549950 0.203322 0.523294 -69.578616
2455514.649950 0.303322 0.564558 -97.897815
2455514.749950 0.403322 0.605822 -119.673049
2455514.849950 0.503322 0.647086 -133.448755
2455514.949950 0.603322 0.688350 -138.304098
2455515.049950 0.703322 0.729614 -133.914524
2455515.149950 0.803322 0.770878 -120.573452
2455515.249950 0.903322 0.812142 -99.172665
2455515.349950 1.003322 0.853406 -71.142695
2455515.449950 1.103322 0.894670 -38.357202
2455515.549950 1.203322 0.935934 -3.007727
2455515.649950 -1.120099 0.977198 32.542799
2455515.749950 -1.020099 0.018462 65.918006
2455515.849950 -0.920099 0.059726 94.886933
2455515.949950 -0.820099 0.100990 117.513157
2455516.049950 -0.720099 0.142254 132.284231
2455516.149950 -0.620099 0.183518 138.212784
2455516.249950 -0.520099 0.224782 134.902523
2455516.349950 -0.420099 0.266046 122.574722
2455516.449950 -0.320099 0.307310 102.053432
2455516.549950 -0.220099 0.348574 74.710394
2455516.649950 -0.120099 0.389838 42.373351
2455516.749950 -0.020099 0.431102 7.203867
2455516.849950 0.079901 0.472366 -28.447158
2455516.949950 0.179901 0.513630 -62.196637
2455517.049950 0.279901 0.554894 -91.788591
2455517.149950 0.379901 0.596158 -115.244950
2455517.249950 0.479901 0.637422 -130.997776
2455517.349950 0.579901 0.678686 -137.994074
2455517.449950 0.679901 0.719950 -135.766179
2455517.549950 0.779901 0.761214 -124.463012
2455517.649950 0.879901 0.802478 -104.840133
2455517.749950 0.979901 0.843742 -78.209231
2455517.849950 1.079901 0.885006 -46.350443
2455517.949950 1.179901 0.926270 -11.393367
2455518.049950 -1.143519 0.967534 24.325297
2455518.149950 -1.043519 0.008798 58.417941
2455518.249950 -0.943519 0.050062 88.605645
2455518.349950 -0.843519 0.091326 112.870517
2455518.449950 -0.743519 0.132590 129.590576
2455518.549950 -0.643519 0.173854 137.648172
2455518.649950 -0.543519 0.215118 136.504695
2455518.749950 -0.443519 0.256382 126.236581
2455518.849950 -0.343519 0.297646 107.530201
2455518.949950 -0.243519 0.338910 81.635979
2455519.049950 -0.143519 0.380174 50.284813
2455519.149950 -0.043519 0.421438 15.572365
2455519.249950 0.056481 0.462702 -20.181015
2455519.349950 0.156481 0.503966 -54.585398
2455519.449950 0.256481 0.545230 -85.341028
2455519.549950 0.356481 0.586494 -110.392049
2455519.649950 0.456481 0.627758 -128.063930
2455519.749950 0.556481 0.669022 -137.175395
2455519.849950 0.656481 0.710286 -137.117390
2455519.949950 0.756481 0.751550 -127.893793
2455520.049950 0.856481 0.792814 -110.121154
2455520.149950 0.956481 0.834078 -84.987482
2455520.249950 1.056481 0.875342 -54.172834
2455520.349950 1.156481 0.916606 -19.737010
2455520.449950 -1.166940 0.957870 16.018131
2455520.549950 -1.066940 0.999134 50.702543
2455520.649950 -0.966940 0.040398 81.997750
2455520.749950 -0.866940 0.081662 107.811829
2455520.849950 -0.766940 0.122926 126.419242
2455520.949950 -0.666940 0.164190 136.576179
2455521.049950 -0.566940 0.205454 137.603701
2455521.149950 -0.466940 0.246718 129.433123
2455521.249950 -0.366940 0.287982 112.610606
2455521.349950 -0.266940 0.329246 88.260649
2455521.449950 -0.166940 0.370509 58.010922
2455521.549950 -0.066940 0.411773 23.883463
2455521.649950 0.033060 0.453037 -11.840483
2455521.749950 0.133060 0.494301 -46.772953
2455521.849950 0.233060 0.535565 -78.578892
2455521.949950 0.333060 0.576829 -105.132236
2455522.049950 0.433060 0.618093 -124.658031
2455522.149950 0.533060 0.659357 -135.851077
2455522.249950 0.633060 0.700621 -137.963178
2455522.349950 0.733060 0.741885 -130.853149
2455522.449950 0.833060 0.783149 -114.996261
2455522.549950 0.933060 0.824413 -91.452464
2455522.649950 1.033060 0.865677 -61.795539
2455522.749950 1.133060 0.906941 -28.007901
2455522.849950 -1.190360 0.948205 7.651921
2455522.949950 -1.090360 0.989469 42.800252
2455523.049950 -0.990360 0.030733 75.087606
2455523.149950 -0.890360 0.071997 102.355739
2455523.249950 -0.790360 0.113261 122.781918
2455523.349950 -0.690360 0.154525 135.000757
2455523.449950 -0.590360 0.195789 138.195490
2455523.549950 -0.490360 0.237053 132.152565
2455523.649950 -0.390360 0.278317 117.275920
2455523.749950 -0.290360 0.319581 94.559984
2455523.849950 -0.190360 0.360845 65.523198
2455523.949950 -0.090360 0.402109 32.106524
2455524.049950 0.009640 0.443373 -3.456306
2455524.149950 0.109640 0.484637 -38.788100
2455524.249950 0.209640 0.525901 -71.527109
2455524.349950 0.309640 0.567165 -99.484898
2455524.449950 0.409640 0.608429 -120.792634
2455524.549950 0.509640 0.649693 -134.026003
2455524.649950 0.609640 0.690957 -138.300424
2455524.749950 0.709640 0.732221 -133.330172
2455524.849950 0.809640 0.773485 -119.447483
2455524.949950 0.909640 0.814749 -97.580345
2455525.049950 1.009640 0.856013 -69.190463
2455525.149950 1.109640 0.897277 -36.175553
2455525.249950 1.209640 0.938541 -0.742495
2455525.349950 -1.113781 0.979805 34.740196
2455525.449950 -1.013781 0.021069 67.900683
2455525.549950 -0.913781 0.062333 96.522359
2455525.649950 -0.813781 0.103597 118.692012
2455525.749950 -0.713781 0.144861 132.927714
2455525.849950 -0.613781 0.186125 138.277881
2455525.949950 -0.513781 0.227389 134.384884
2455526.049950 -0.413781 0.268653 121.508948
2455526.149950 -0.313781 0.309917 100.510764
2455526.249950 -0.213781 0.351181 72.793952
2455526.349950 -0.113781 0.392445 40.211239
2455526.449950 -0.013781 0.433709 4.940611
2455526.549950 0.086219 0.474973 -30.660271
2455526.649950 0.186219 0.516237 -64.211672
2455526.749950 0.286219 0.557501 -93.470853
2455526.849950 0.386219 0.598765 -116.481987
2455526.949950 0.486219 0.640029 -131.706900
2455527.049950 0.586219 0.681293 -138.127884
2455527.149950 0.686219 0.722557 -135.315730
2455527.249950 0.786219 0.763821 -123.458414
2455527.349950 0.886219 0.805085 -103.348539
2455527.449950 0.986219 0.846349 -76.330345
2455527.549950 1.086219 0.887613 -44.209860
2455527.649950 1.186219 0.928877 -9.134173
2455527.749950 -1.137201 0.970141 26.552086
2455527.849950 -1.037201 0.011405 60.463475
2455527.949950 -0.937201 0.052669 90.333191
2455528.049950 -0.837201 0.093933 114.164598
2455528.149950 -0.737201 0.135197 130.364689
2455528.249950 -0.637201 0.176461 137.850571
2455528.349950 -0.537201 0.217725 136.121851
2455528.449950 -0.437201 0.258989 125.294085
2455528.549950 -0.337201 0.300253 106.091054
2455528.649950 -0.237201 0.341517 79.796382
2455528.749950 -0.137201 0.382781 48.167732
2455528.849950 -0.037201 0.424045 13.319317
2455528.949950 0.062799 0.465309 -22.419427
2455529.049950 0.162799 0.506573 -56.659546
2455529.149950 0.262799 0.547837 -87.112267
2455529.249950 0.362799 0.589101 -111.741980
2455529.349950 0.462799 0.630365 -128.902317
2455529.449950 0.562799 0.671629 -137.446197
2455529.549950 0.662799 0.712893 -136.802505
2455529.649950 0.762799 0.754157 -127.014269
2455529.749950 0.862799 0.795421 -108.735783
2455529.849950 0.962799 0.836685 -83.188868
2455529.949950 1.062799 0.877949 -52.081206
2455530.049950 1.162799 0.919213 -17.492183
2455530.149950 -1.160622 0.960477 18.266103
2455530.249950 -1.060622 0.001741 52.803393
2455530.349950 -0.960622 0.043005 83.811049
2455530.449950 -0.860622 0.084269 109.216366
2455530.549950 -0.760622 0.125533 127.321131
2455530.649950 -0.660622 0.166797 136.915134
2455530.749950 -0.560622 0.208060 137.357064
2455530.849950 -0.460622 0.249324 128.617380
2455530.949950 -0.360622 0.290588 111.280286
2455531.049950 -0.260622 0.331852 86.504677
2455531.149950 -0.160622 0.373116 55.946676
2455531.249950 -0.060622 0.414380 21.648926
2455531.349950 0.039378 0.455644 -14.095942
2455531.449950 0.139378 0.496908 -48.898570
2455531.549950 0.239378 0.538172 -80.432579
2455531.649950 0.339378 0.579436 -106.590084
2455531.749950 0.439378 0.620700 -125.622590
2455531.849950 0.539378 0.661964 -136.257872
2455531.949950 0.639378 0.703228 -137.785016
2455532.049950 0.739378 0.744492 -130.101941
2455532.149950 0.839378 0.785756 -113.722219
2455532.249950 0.939378 0.827020 -89.740752
2455532.349950 1.039378 0.868284 -59.760577
2455532.449950 1.139378 0.909548 -25.785715
2455532.549950 -1.184043 0.950812 9.912789
2455532.649950 -1.084043 0.992076 44.948675
2455532.749950 -0.984043 0.033340 76.979973
2455532.849950 -0.884043 0.074604 103.865555
2455532.949950 -0.784043 0.115868 123.808259
2455533.049950 -0.684043 0.157132 135.475018
2455533.149950 -0.584043 0.198396 138.085969
2455533.249950 -0.484043 0.239660 131.466582
2455533.349950 -0.384043 0.280924 116.059331
2455533.449950 -0.284043 0.322188 92.894110
2455533.549950 -0.184043 0.363452 63.519396
2455533.649950 -0.084043 0.404716 29.898737
2455533.749950 0.015957 0.445980 -5.720500
2455533.849950 0.115957 0.487244 -40.957350
2455533.949950 0.215957 0.528508 -73.456412
2455534.049950 0.315957 0.569772 -101.045290
2455534.149950 0.415957 0.611036 -121.879811
2455534.249950 0.515957 0.652300 -134.567293
2455534.349950 0.615957 0.693564 -138.259643
2455534.449950 0.715957 0.734828 -132.710047
2455534.549950 0.815957 0.776092 -118.289468
