9174.236319391  1.035470000  0.002143900 0 
9174.236513818  1.037621000  0.002158208 0 
9174.236708247  1.048750000  0.002175753 0 
9174.236902674  1.050922000  0.002180093 0 
9174.237097102  1.065820000  0.002205896 0 
9174.237291529  1.042110000  0.002157070 0 
9174.237485958  1.053302000  0.002192740 0 
9174.237680385  1.051507000  0.002185802 0 
9174.237874813  1.056727000  0.002184928 0 
9174.238069240  1.049151000  0.002173916 0 
9174.238263669  1.051936000  0.002186702 0 
9174.238458097  1.051570000  0.002181191 0 
9174.238652524  1.056045000  0.002190444 0 
9174.238846952  1.048796000  0.002169441 0 
9174.239041380  1.053072000  0.002177794 0 
9174.239235808  1.046539000  0.002161407 0 
9174.239430235  1.043280000  0.002162296 0 
9174.239624663  1.047296000  0.002174244 0 
9174.239819091  1.056811000  0.002210518 0 
9174.240013519  1.059513000  0.002194453 0 
9174.240207946  1.049445000  0.002175687 0 
9174.240402374  1.048123000  0.002187701 0 
9174.240596802  1.046662000  0.002166799 0 
9174.240798173  1.055334000  0.002189454 0 
9174.240992601  1.058833000  0.002186413 0 
9174.241187030  1.052445000  0.002168095 0 
9174.241381457  1.056201000  0.002185392 0 
9174.241575885  1.040581000  0.002152900 0 
9174.241770312  1.056219000  0.002189239 0 
9174.241964740  1.059349000  0.002191470 0 
9174.242159168  1.031907000  0.002131804 0 
9174.242353596  1.054104000  0.002188138 0 
9174.242548024  1.057517000  0.002194946 0 
9174.242742451  1.039854000  0.002151443 0 
9174.242936879  1.058586000  0.002186196 0 
9174.243131307  1.057131000  0.002182318 0 
9174.243325735  1.062389000  0.002198336 0 
9174.243520163  1.048756000  0.002168815 0 
9174.243714590  1.051314000  0.002160828 0 
9174.243909018  1.050452000  0.002169352 0 
9174.244103446  1.051158000  0.002166218 0 
9174.244297874  1.051661000  0.002162442 0 
9174.244492301  1.048301000  0.002162501 0 
9174.244686729  1.047783000  0.002168291 0 
9174.244881157  1.055450000  0.002172701 0 
9174.245075585  1.047095000  0.002162282 0 
9174.245270012  1.045704000  0.002168950 0 
9174.245464440  1.051427000  0.002173505 0 
9174.245658868  1.049707000  0.002166008 0 
9174.245853296  1.051988000  0.002166585 0 
9174.246047724  1.052034000  0.002169558 0 
9174.246242152  1.052698000  0.002170037 0 
9174.246436579  1.047474000  0.002156485 0 
9174.246624063  1.055894000  0.002176151 0 
9174.246825434  1.050309000  0.002168958 0 
9174.247019863  1.045391000  0.002158521 0 
9174.247214290  1.053932000  0.002170170 0 
9174.247408718  1.041554000  0.002142263 0 
9174.247596201  1.059057000  0.002183995 0 
9174.247797573  1.053704000  0.002170620 0 
9174.247992001  1.049823000  0.002168275 0 
9174.248186429  1.044878000  0.002160411 0 
9174.248380857  1.047546000  0.002163052 0 
9174.248575285  1.041955000  0.002148195 0 
9174.248769712  1.046394000  0.002158855 0 
9174.248964140  1.052394000  0.002181637 0 
9174.249158568  1.057527000  0.002174967 0 
9174.249352996  1.051897000  0.002169869 0 
9174.249547423  1.056452000  0.002170496 0 
9174.249741851  1.047283000  0.002154262 0 
9174.249936279  1.043546000  0.002146135 0 
9174.250130707  1.054919000  0.002170881 0 
9174.250325134  1.055404000  0.002166000 0 
9174.250519562  1.049992000  0.002157121 0 
9174.250713990  1.048217000  0.002153992 0 
9174.250908418  1.057711000  0.002173495 0 
9174.251102845  1.050178000  0.002158424 0 
9174.251297273  1.062620000  0.002183743 0 
9174.251491701  1.052254000  0.002165500 0 
9174.251686129  1.058815000  0.002169299 0 
9174.251880556  1.048264000  0.002150671 0 
9174.252074984  1.055863000  0.002170022 0 
9174.252269412  1.054129000  0.002159507 0 
9174.252456896  1.055431000  0.002162370 0 
9174.252658268  1.053020000  0.002157255 0 
9174.252852696  1.053777000  0.002158105 0 
9174.253047123  1.051240000  0.002156183 0 
9174.253241551  1.061082000  0.002177167 0 
9174.253435978  1.050202000  0.002156152 0 
9174.253630407  1.043562000  0.002149984 0 
9174.253824834  1.059052000  0.002182844 0 
9174.254019262  1.040751000  0.002141333 0 
9174.254213689  1.053098000  0.002160375 0 
9174.254408117  1.053656000  0.002162350 0 
9174.254602545  1.041311000  0.002138361 0 
9174.254796973  1.061127000  0.002182723 0 
9174.254991401  1.047006000  0.002149306 0 
9174.255185829  1.055931000  0.002167055 0 
9174.255380256  1.052242000  0.002158131 0 
9174.255574684  1.042296000  0.002141462 0 
9174.255769112  1.052513000  0.002150921 0 
9174.255963539  1.065370000  0.002190143 0 
9174.256157967  1.055274000  0.002167787 0 
9174.256345451  1.056433000  0.002168719 0 
9174.256546823  1.051952000  0.002156549 0 
9174.256741250  1.047442000  0.002145052 0 
9174.256935678  1.048656000  0.002146804 0 
9174.257130106  1.051551000  0.002152568 0 
9174.257324534  1.043905000  0.002138766 0 
9174.257518962  1.048660000  0.002152918 0 
9174.257713389  1.050985000  0.002158970 0 
9174.257907817  1.055444000  0.002171818 0 
9174.258102245  1.042934000  0.002137064 0 
9174.258296672  1.056578000  0.002163255 0 
9174.258491100  1.049365000  0.002148376 0 
9174.258685528  1.048049000  0.002148313 0 
9174.258879956  1.040089000  0.002130252 0 
9174.259074383  1.049086000  0.002153091 0 
9174.259268811  1.067905000  0.002203765 0 
9174.259463239  1.052139000  0.002156452 0 
9174.259657667  1.057415000  0.002167141 0 
9174.259852094  1.056149000  0.002166953 0 
9174.260046522  1.055318000  0.002161199 0 
9174.260234006  1.052332000  0.002164062 0 
9174.260435378  1.047745000  0.002147789 0 
9174.260629805  1.050409000  0.002154830 0 
9174.260824233  1.057052000  0.002164204 0 
9174.261018661  1.062181000  0.002169181 0 
9174.261213088  1.054368000  0.002158946 0 
9174.261407516  1.046853000  0.002149414 0 
9174.261601944  1.059992000  0.002169498 0 
9174.261796372  1.055116000  0.002159639 0 
9174.261990800  1.052867000  0.002160082 0 
9174.262185227  1.056805000  0.002175147 0 
9174.262379655  1.054863000  0.002157952 0 
9174.262574083  1.053950000  0.002161968 0 
9174.262775454  1.048240000  0.002141274 0 
9174.262962938  1.047800000  0.002148540 0 
9174.263157366  1.046903000  0.002137654 0 
9174.263351794  1.047654000  0.002147243 0 
9174.263546221  1.060076000  0.002167907 0 
9174.263740649  1.055880000  0.002155934 0 
9174.263935077  1.041174000  0.002118824 0 
9174.264129505  1.051032000  0.002146673 0 
9174.264323932  1.043229000  0.002130808 0 
9174.264518360  1.048969000  0.002141617 0 
9174.264712788  1.054639000  0.002152828 0 
9174.264907216  1.041080000  0.002127230 0 
9174.265101643  1.057383000  0.002162255 0 
9174.265296071  1.038349000  0.002128305 0 
9174.265490499  1.045886000  0.002143384 0 
9174.265691870  1.056672000  0.002167134 0 
9174.265879354  1.055488000  0.002160854 0 
9174.266073782  1.057283000  0.002168008 0 
9174.266268210  1.053395000  0.002153782 0 
9174.266462637  1.049041000  0.002152251 0 
9174.266664009  1.046643000  0.002148554 0 
9174.266851493  1.042982000  0.002136206 0 
9174.267045921  1.060557000  0.002172744 0 
9174.267240348  1.047839000  0.002148676 0 
9174.267434776  1.043930000  0.002137843 0 
9174.267636148  1.050238000  0.002152176 0 
9174.267823631  1.050374000  0.002159228 0 
9174.268018059  1.050921000  0.002156527 0 
9174.268212487  1.050672000  0.002158640 0 
9174.268406915  1.042693000  0.002131010 0 
9174.268601343  1.049739000  0.002149179 0 
9174.268795770  1.048150000  0.002148848 0 
9174.268990198  1.049889000  0.002152238 0 
9174.269184626  1.039546000  0.002134283 0 
9174.269379053  1.040473000  0.002133853 0 
9174.269573481  1.049090000  0.002156359 0 
9174.269767909  1.048739000  0.002149175 0 
9174.269962336  1.052526000  0.002155300 0 
9174.270156764  1.050449000  0.002152844 0 
9174.270351192  1.037314000  0.002128726 0 
9174.270545620  1.055510000  0.002159009 0 
9174.270740048  1.052718000  0.002156177 0 
9174.270934475  1.051380000  0.002154606 0 
9174.271128903  1.042895000  0.002136721 0 
9174.271323331  1.055722000  0.002168616 0 
9174.271524702  1.049836000  0.002150586 0 
9174.271712186  1.068392000  0.002191752 0 
9174.271906614  1.046983000  0.002154465 0 
9174.272101041  1.069672000  0.002186567 0 
9174.272295469  1.044008000  0.002143684 0 
9174.272489897  1.045776000  0.002138256 0 
9174.272684325  1.053042000  0.002161682 0 
9174.272878753  1.059836000  0.002180251 0 
9174.273073180  1.037738000  0.002123216 0 
9174.273267608  1.064005000  0.002175989 0 
9174.273462036  1.055827000  0.002161028 0 
9174.273656463  1.055526000  0.002162036 0 
9174.273850891  1.051833000  0.002147516 0 
9174.274045318  1.043104000  0.002132227 0 
9174.274239746  1.048257000  0.002145046 0 
9174.274434174  1.042434000  0.002125232 0 
9174.274628602  1.040231000  0.002123071 0 
9174.274823030  1.042251000  0.002124280 0 
9174.275017457  1.055771000  0.002158782 0 
9174.275211885  1.056396000  0.002153089 0 
9174.275406313  1.044240000  0.002131578 0 
9174.275600741  1.048163000  0.002134621 0 
9174.275795168  1.042630000  0.002127038 0 
9174.275989596  1.054706000  0.002153037 0 
9174.276184023  1.055058000  0.002158824 0 
9174.276378451  1.047099000  0.002142061 0 
9174.276572879  1.040859000  0.002130796 0 
9174.276767306  1.043176000  0.002131027 0 
9174.276961734  1.050786000  0.002140335 0 
9174.277156162  1.055844000  0.002157892 0 
9174.277350590  1.046062000  0.002146480 0 
9174.277545017  1.039324000  0.002125708 0 
9174.277739445  1.037310000  0.002120486 0 
9174.277933873  1.040257000  0.002121216 0 
9174.278128300  1.030969000  0.002104238 0 
9174.278322728  1.048405000  0.002137492 0 
9174.278517156  1.042197000  0.002128178 0 
9174.278711584  1.045916000  0.002139055 0 
9174.278906011  1.042827000  0.002132738 0 
9174.279100439  1.046360000  0.002138733 0 
9174.279294867  1.054442000  0.002156082 0 
9174.279489295  1.046358000  0.002147004 0 
9174.279683722  1.046929000  0.002134898 0 
9174.279878150  1.045076000  0.002130237 0 
9174.280072578  1.053866000  0.002144116 0 
9174.280267005  1.043599000  0.002127052 0 
9174.280461433  1.036947000  0.002119872 0 
9174.280655860  1.048792000  0.002141231 0 
9174.280850288  1.039550000  0.002123588 0 
9174.281044716  1.045770000  0.002134655 0 
9174.281239144  1.035967000  0.002114851 0 
9174.281433572  1.050630000  0.002144409 0 
9174.281627999  1.040625000  0.002118912 0 
9174.281822427  1.040480000  0.002122331 0 
9174.282016855  1.045151000  0.002130368 0 
9174.282211283  1.043856000  0.002125078 0 
9174.282405710  1.042489000  0.002128652 0 
9174.282600138  1.044224000  0.002134042 0 
9174.282794565  1.045847000  0.002130583 0 
9174.282988993  1.045535000  0.002130351 0 
9174.283183421  1.041107000  0.002115823 0 
9174.283377849  1.041180000  0.002119676 0 
9174.283572276  1.039837000  0.002129313 0 
9174.283766704  1.039896000  0.002117663 0 
9174.283961132  1.033659000  0.002106180 0 
9174.284155559  1.035418000  0.002115768 0 
9174.284349987  1.034020000  0.002111688 0 
9174.284544415  1.044366000  0.002130705 0 
9174.284738842  1.036109000  0.002117898 0 
9174.284933270  1.043024000  0.002126839 0 
9174.285134642  1.048300000  0.002138603 0 
9174.285322126  1.046226000  0.002132325 0 
9174.285516553  1.035915000  0.002113393 0 
9174.285710981  1.038914000  0.002116160 0 
9174.285905409  1.034505000  0.002112887 0 
9174.286099836  1.036829000  0.002115131 0 
9174.286294264  1.041143000  0.002128053 0 
9174.286488691  1.036763000  0.002112308 0 
9174.286683119  1.036075000  0.002112818 0 
9174.286877547  1.038327000  0.002117235 0 
9174.287071974  1.038065000  0.002121262 0 
9174.287266402  1.036714000  0.002117736 0 
9174.287460830  1.038400000  0.002118611 0 
9174.287655258  1.029585000  0.002098253 0 
9174.287849686  1.041517000  0.002122195 0 
9174.288044114  1.029958000  0.002099992 0 
9174.288238541  1.030785000  0.002108287 0 
9174.288432969  1.036567000  0.002111818 0 
9174.288627396  1.037880000  0.002120939 0 
9174.288821824  1.026781000  0.002095382 0 
9174.289016252  1.039737000  0.002131686 0 
9174.289210679  1.027459000  0.002104186 0 
9174.289405107  1.035115000  0.002120655 0 
9174.289599535  1.029946000  0.002108793 0 
9174.289793963  1.033000000  0.002123059 0 
9174.289988390  1.034478000  0.002122049 0 
9174.290182818  1.040834000  0.002132379 0 
9174.290377246  1.033400000  0.002115555 0 
9174.290571673  1.035152000  0.002120950 0 
9174.290766101  1.045487000  0.002140212 0 
9174.290960529  1.047189000  0.002142024 0 
9174.291154956  1.036591000  0.002121644 0 
9174.291349384  1.028879000  0.002108093 0 
9174.291543812  1.025989000  0.002101439 0 
9174.291738240  1.041716000  0.002136226 0 
9174.291932667  1.033053000  0.002130021 0 
9174.292127095  1.040764000  0.002143014 0 
9174.292321522  1.034059000  0.002122934 0 
9174.292515950  1.042180000  0.002146424 0 
9174.292710378  1.034560000  0.002129127 0 
9174.292904805  1.035316000  0.002129231 0 
9174.293099233  1.044351000  0.002140299 0 
9174.293286717  1.027699000  0.002116181 0 
9174.293488089  1.039047000  0.002137598 0 
9174.293682516  1.034646000  0.002131422 0 
9174.293870000  1.027644000  0.002112128 0 
9174.294071372  1.031736000  0.002125652 0 
9174.294265799  1.044426000  0.002148207 0 
9174.294460227  1.042562000  0.002146021 0 
9174.294654655  1.033383000  0.002131989 0 
9174.294842138  1.032323000  0.002129172 0 
9174.295036566  1.034331000  0.002127841 0 
9174.295230994  1.038968000  0.002134124 0 
9174.295432365  1.033788000  0.002128257 0 
9174.295626793  1.021817000  0.002106035 0 
9174.295821221  1.036596000  0.002138993 0 
9174.296008704  1.045057000  0.002153572 0 
9174.296203132  1.025897000  0.002108620 0 
9174.296404504  1.037368000  0.002133711 0 
9174.296598931  1.038566000  0.002138689 0 
9174.296793359  1.033419000  0.002134871 0 
9174.296980843  1.041930000  0.002167201 0 
9174.297175271  1.020832000  0.002115231 0 
9174.297376642  1.050342000  0.002166251 0 
9174.297571070  1.036992000  0.002132089 0 
9174.297765498  1.023868000  0.002102361 0 
9174.297959925  1.045236000  0.002148428 0 
9174.298154353  1.030454000  0.002128954 0 
9174.298348781  1.030034000  0.002116317 0 
9174.298543208  1.041198000  0.002141757 0 
9174.298737636  1.026890000  0.002110141 0 
9174.298932063  1.033088000  0.002120723 0 
9174.299126491  1.031970000  0.002127566 0 
9174.299320919  1.033990000  0.002129203 0 
9174.299515346  1.039407000  0.002135856 0 
9174.299702830  1.038990000  0.002134803 0 
9174.299897258  1.035136000  0.002132300 0 
9174.300091686  1.034111000  0.002125495 0 
9174.300293057  1.038278000  0.002140327 0 
9174.300480541  1.047798000  0.002161596 0 
9174.300674969  1.026545000  0.002115625 0 
9174.300869396  1.024344000  0.002114511 0 
9174.301063824  1.034077000  0.002121369 0 
9174.301265195  1.035939000  0.002132724 0 
9174.301459623  1.040973000  0.002143916 0 
9174.301654051  1.035628000  0.002137353 0 
9174.301841534  1.027068000  0.002112138 0 
9174.302035962  1.046227000  0.002148280 0 
9174.302237334  1.036202000  0.002133586 0 
9174.302431761  1.034462000  0.002123332 0 
9174.302619245  1.031057000  0.002124767 0 
9174.302813673  1.036869000  0.002131746 0 
9174.303008100  1.031425000  0.002121007 0 
9174.303209472  1.053239000  0.002153225 0 
9174.303403900  1.031394000  0.002118198 0 
9174.303591384  1.033160000  0.002122408 0 
9174.303785811  1.032183000  0.002128658 0 
9174.303980239  1.033883000  0.002125582 0 
9174.304181611  1.030543000  0.002122443 0 
9174.304376038  1.033300000  0.002127875 0 
9174.304570466  1.029916000  0.002122633 0 
9174.304764893  1.035052000  0.002129222 0 
9174.304952377  1.033096000  0.002129478 0 
9174.305153748  1.028221000  0.002116313 0 
9174.305348176  1.038531000  0.002146599 0 
9174.305542604  1.038615000  0.002139552 0 
9174.305730088  1.024819000  0.002108269 0 
9174.305924516  1.039405000  0.002138417 0 
9174.306125887  1.038813000  0.002134985 0 
9174.306320314  1.028906000  0.002121210 0 
9174.306514742  1.032214000  0.002132843 0 
9174.306702226  1.030007000  0.002117088 0 
9174.306896653  1.032096000  0.002120890 0 
9174.307098025  1.033926000  0.002124244 0 
9174.307292453  1.044116000  0.002151951 0 
9174.307479937  1.034110000  0.002129282 0 
9174.307674364  1.031116000  0.002128015 0 
9174.307868792  1.030118000  0.002112860 0 
9174.308070164  1.035365000  0.002121599 0 
9174.308264591  1.036179000  0.002132748 0 
9174.308452075  1.031660000  0.002115890 0 
9174.308653447  1.036105000  0.002125265 0 
9174.308840930  1.032969000  0.002119698 0 
9174.309042301  1.026979000  0.002106654 0 
9174.309229786  1.038393000  0.002130733 0 
9174.309431157  1.031981000  0.002110804 0 
9174.309618641  1.040441000  0.002133714 0 
9174.309813068  1.036887000  0.002118954 0 
9174.310014440  1.032636000  0.002113940 0 
9174.310208868  1.031843000  0.002112687 0 
9174.310403295  1.038686000  0.002128808 0 
9174.310590779  1.037573000  0.002126582 0 
9174.310785207  1.042872000  0.002132411 0 
9174.310986578  1.027610000  0.002104071 0 
9174.311181006  1.024205000  0.002102037 0 
9174.311368490  1.029678000  0.002126902 0 
9174.311562918  1.035146000  0.002138943 0 
9174.311757345  1.049702000  0.002170686 0 
9174.311958716  1.037217000  0.002129476 0 
9174.312153144  1.034920000  0.002121958 0 
9174.312340628  1.038560000  0.002133481 0 
9174.312535056  1.021957000  0.002090244 0 
9174.312729483  1.032080000  0.002107840 0 
9174.312930855  1.043694000  0.002130729 0 
9174.313118339  1.045020000  0.002139687 0 
9174.313312766  1.029176000  0.002120134 0 
9174.313507194  1.031233000  0.002123121 0 
9174.313701621  1.032903000  0.002115152 0 
9174.313902993  1.031382000  0.002111928 0 
9174.314090477  1.025585000  0.002129855 0 
9174.314284904  1.036154000  0.002129844 0 
9174.314479332  1.041144000  0.002141353 0 
9174.314673760  1.041380000  0.002144797 0 
9174.314868188  1.056173000  0.002185213 0 
9174.315062615  1.043612000  0.002154560 0 
9174.315263987  1.031728000  0.002121625 0 
9174.315451470  1.031881000  0.002119273 0 
9174.315645898  1.039719000  0.002137391 0 
9174.315847269  1.027360000  0.002112420 0 
9174.316041697  1.025102000  0.002120195 0 
9174.316229181  1.039064000  0.002147065 0 
9174.316423608  1.045661000  0.002150754 0 
9174.316618036  1.027623000  0.002115990 0 
9174.316819408  1.041824000  0.002140060 0 
9174.317013835  1.030246000  0.002121180 0 
9174.317201319  1.043969000  0.002140061 0 
9174.317395747  1.037174000  0.002123214 0 
9174.317590174  1.029916000  0.002105159 0 
9174.317791546  1.035547000  0.002127245 0 
9174.317979029  1.029301000  0.002127868 0 
9174.318173457  1.041076000  0.002145489 0 
9174.318367885  1.036716000  0.002138200 0 
9174.318562313  1.035949000  0.002138646 0 
9174.318763684  1.042921000  0.002166359 0 
9174.318951168  1.024508000  0.002113511 0 
9174.319145596  1.029454000  0.002133790 0 
9174.319340023  1.030477000  0.002137340 0 
9174.319534451  1.027110000  0.002119383 0 
9174.319728878  1.030946000  0.002119652 0 
9174.319923306  1.027901000  0.002110606 0 
9174.320117733  1.033300000  0.002128845 0 
9174.320312161  1.041821000  0.002141490 0 
9174.320506589  1.038424000  0.002147006 0 
9174.320701017  1.030705000  0.002132319 0 
9174.320895444  1.031605000  0.002127028 0 
9174.321089872  1.036255000  0.002137713 0 
9174.321284300  1.028612000  0.002123125 0 
9174.321478727  1.029781000  0.002111872 0 
9174.321680098  1.032537000  0.002127839 0 
9174.321867582  1.025838000  0.002119851 0 
9174.322062010  1.039175000  0.002140234 0 
9174.322256438  1.025111000  0.002105596 0 
9174.322450865  1.036562000  0.002130749 0 
9174.322652237  1.031437000  0.002122168 0 
9174.322839721  1.030672000  0.002118336 0 
9174.323034148  1.032693000  0.002124194 0 
9174.323228576  1.029633000  0.002115031 0 
9174.323423003  1.039413000  0.002144717 0 
9174.323617431  1.038230000  0.002140570 0 
9174.323811858  1.035166000  0.002122675 0 
9174.324006286  1.039043000  0.002138024 0 
9174.324200714  1.025444000  0.002108547 0 
9174.324395142  1.032932000  0.002118232 0 
9174.324589569  1.037332000  0.002137861 0 
9174.324783997  1.038458000  0.002140348 0 
9174.324978425  1.037651000  0.002147306 0 
9174.325172852  1.031306000  0.002122780 0 
9174.325367279  1.038147000  0.002133935 0 
9174.325561707  1.035860000  0.002122802 0 
9174.325756135  1.034105000  0.002113796 0 
9174.325950562  1.041766000  0.002150998 0 
9174.326144990  1.039388000  0.002128612 0 
9174.326339418  1.039812000  0.002143410 0 
9174.326533846  1.036460000  0.002120027 0 
9174.326728273  1.023730000  0.002101863 0 
9174.326922700  1.035860000  0.002115340 0 
9174.327117128  1.025506000  0.002115662 0 
9174.327311556  1.046422000  0.002166274 0 
9174.327505983  1.033175000  0.002127818 0 
9174.327700411  1.037630000  0.002133869 0 
9174.327894839  1.029546000  0.002116378 0 
9174.328089267  1.027656000  0.002108028 0 
9174.328283694  1.034886000  0.002126750 0 
9174.328478122  1.026321000  0.002116484 0 
9174.328672549  1.037480000  0.002143688 0 
9174.328866977  1.039512000  0.002144616 0 
9174.329061404  1.040734000  0.002144701 0 
9174.329255832  1.041966000  0.002145839 0 
9174.329450260  1.027518000  0.002124133 0 
9174.329644687  1.026236000  0.002114873 0 
9174.329839115  1.043558000  0.002142057 0 
9174.330033543  1.040437000  0.002139612 0 
9174.330227970  1.046431000  0.002157866 0 
9174.330422398  1.032186000  0.002125089 0 
9174.330616825  1.044767000  0.002162836 0 
9174.330811253  1.032938000  0.002129432 0 
9174.331005681  1.020380000  0.002096489 0 
9174.331200108  1.039571000  0.002134031 0 
9174.331394536  1.032312000  0.002121916 0 
9174.331588964  1.041464000  0.002138145 0 
9174.331783391  1.031467000  0.002114612 0 
9174.331977819  1.017253000  0.002090700 0 
9174.332172247  1.025058000  0.002113081 0 
9174.332366674  1.031259000  0.002115242 0 
9174.332561102  1.030441000  0.002129842 0 
9174.332755529  1.057745000  0.002172600 0 
9174.332949957  1.058928000  0.002170671 0 
9174.333144384  1.042353000  0.002135731 0 
9174.333338812  1.031758000  0.002138731 0 
9174.333533240  1.050989000  0.002177951 0 
9174.333727668  1.047327000  0.002165458 0 
9174.333922095  1.028590000  0.002115537 0 
9174.334116522  1.031167000  0.002130358 0 
9174.334310950  1.019094000  0.002105778 0 
9174.334505378  1.027479000  0.002114667 0 
9174.334699805  1.045070000  0.002153901 0 
9174.334894233  1.029666000  0.002145475 0 
9174.335088661  1.031916000  0.002139480 0 
9174.335283088  1.039015000  0.002133627 0 
9174.335477516  1.029105000  0.002124178 0 
9174.335671943  1.037233000  0.002124984 0 
9174.335866371  1.020955000  0.002089243 0 
9174.336060799  1.050132000  0.002161042 0 
9174.336255226  1.035255000  0.002123749 0 
9174.336449654  1.022387000  0.002109535 0 
9174.336644081  1.033283000  0.002115592 0 
9174.336838509  1.037778000  0.002127165 0 
9174.337032937  1.031979000  0.002119530 0 
9174.337227364  1.030843000  0.002130099 0 
9174.337421792  1.037676000  0.002128769 0 
9174.337616220  1.049440000  0.002161657 0 
9174.337810647  1.032179000  0.002125010 0 
9174.338005075  1.029601000  0.002113234 0 
9174.338199502  1.033487000  0.002125899 0 
9174.338393930  1.028274000  0.002117179 0 
9174.338588357  1.032455000  0.002121484 0 
9174.338782785  1.045149000  0.002156186 0 
9174.338977213  1.046730000  0.002152742 0 
9174.339171640  1.039982000  0.002139567 0 
9174.339366068  1.041590000  0.002139670 0 
9174.339560496  1.051583000  0.002158356 0 
9174.339754923  1.037140000  0.002128919 0 
9174.339949351  1.043040000  0.002140079 0 
9174.340143778  1.040748000  0.002143295 0 
9174.340338206  1.036231000  0.002125318 0 
9174.340532633  1.048421000  0.002154651 0 
9174.340727061  1.025652000  0.002111022 0 
9174.340921489  1.037460000  0.002127737 0 
9174.341115917  1.047509000  0.002155253 0 
9174.341310344  1.042272000  0.002146550 0 
9174.341504771  1.036999000  0.002134812 0 
9174.341699199  1.029981000  0.002117780 0 
9174.341907514  1.022243000  0.002097164 0 
9174.342094998  1.023917000  0.002120466 0 
9174.342289425  1.029116000  0.002124650 0 
9174.342483853  1.029209000  0.002128622 0 
9174.342678281  1.039799000  0.002158547 0 
9174.342872709  1.031065000  0.002132244 0 
9174.343067137  1.026629000  0.002114568 0 
9174.343261564  1.037089000  0.002134388 0 
9174.343455991  1.029247000  0.002126657 0 
9174.343650419  1.032331000  0.002131210 0 
9174.343844847  1.039682000  0.002142346 0 
9174.344039274  1.027488000  0.002115155 0 
9174.344233702  1.038269000  0.002134568 0 
9174.344428129  1.031504000  0.002133261 0 
9174.344622557  1.047035000  0.002155389 0 
9174.344816985  1.030260000  0.002121289 0 
9174.345011412  1.049658000  0.002167911 0 
9174.345205840  1.045411000  0.002160637 0 
9174.345400268  1.036029000  0.002141739 0 
9174.345594695  1.033157000  0.002131271 0 
9174.345789122  1.014510000  0.002085122 0 
9174.345983550  1.050603000  0.002159351 0 
9174.346177978  1.012525000  0.002084636 0 
9174.346372406  1.033178000  0.002136638 0 
9174.346566833  1.027168000  0.002118507 0 
9174.346761261  1.043905000  0.002152970 0 
9174.346955688  1.038963000  0.002147610 0 
9174.347150116  1.028067000  0.002119284 0 
9174.347344543  1.040730000  0.002142594 0 
9174.347538971  1.039730000  0.002139550 0 
9174.347733398  1.039336000  0.002139718 0 
9174.347927826  1.039729000  0.002139681 0 
9174.348122254  1.029670000  0.002115919 0 
9174.348316682  1.037325000  0.002140840 0 
9174.348511109  1.023251000  0.002111932 0 
9174.348705536  1.041504000  0.002154928 0 
9174.348899964  1.046480000  0.002163325 0 
9174.349094392  1.045427000  0.002166741 0 
9174.349288819  1.040549000  0.002152062 0 
9174.349483247  1.042445000  0.002150777 0 
9174.349677674  1.033736000  0.002143183 0 
9174.349872102  1.034322000  0.002154596 0 
9174.350066530  1.032342000  0.002133454 0 
9174.350260957  1.040040000  0.002151660 0 
9174.350455385  1.036888000  0.002135475 0 
9174.350649812  1.041907000  0.002150715 0 
9174.350844240  1.040623000  0.002150987 0 
9174.351038667  1.044277000  0.002151424 0 
9174.351233095  1.038083000  0.002152424 0 
9174.351427523  1.028252000  0.002119963 0 
9174.351621950  1.040550000  0.002161733 0 
9174.351816378  1.049491000  0.002183801 0 
9174.352010806  1.046780000  0.002165760 0 
9174.352205233  1.049600000  0.002164836 0 
9174.352399661  1.040095000  0.002151711 0 
9174.352594088  1.049050000  0.002171139 0 
9174.352788516  1.041436000  0.002157700 0 
9174.352982943  1.031103000  0.002128342 0 
9174.353177371  1.032583000  0.002144050 0 
9174.353371799  1.039108000  0.002165363 0 
9174.353566226  1.039692000  0.002156058 0 
9174.353760654  1.036644000  0.002148211 0 
9174.353948137  1.036056000  0.002150320 0 
9174.354149509  1.039364000  0.002150099 0 
9174.354343936  1.055002000  0.002191769 0 
9174.354538364  1.044611000  0.002166186 0 
9174.354732791  1.047795000  0.002206209 0 
9174.354927219  1.044334000  0.002163196 0 
9174.355121647  1.046118000  0.002167457 0 
9174.355316074  1.054672000  0.002179124 0 
9174.355510502  1.041258000  0.002155836 0 
9174.355704930  1.045161000  0.002166375 0 
9174.355899357  1.040917000  0.002152619 0 
9174.356093785  1.058817000  0.002199736 0 
9174.356288212  1.049546000  0.002182967 0 
9174.356482640  1.054154000  0.002185088 0 
9174.356677067  1.042989000  0.002162596 0 
9174.356864551  1.055580000  0.002174751 0 
9174.357065923  1.030668000  0.002122442 0 
9174.357260350  1.047403000  0.002154773 0 
9174.357454778  1.047976000  0.002164975 0 
9174.357649205  1.040255000  0.002146029 0 
9174.357836689  1.052456000  0.002171133 0 
9174.358038060  1.056172000  0.002171966 0 
9174.358232488  1.058500000  0.002184177 0 
9174.358426915  1.035359000  0.002134623 0 
9174.358614400  1.044762000  0.002153781 0 
9174.358808827  1.037238000  0.002138339 0 
9174.359010198  1.037359000  0.002139324 0 
9174.359204626  1.049545000  0.002169921 0 
9174.359399054  1.046755000  0.002165929 0 
9174.359593481  1.035290000  0.002143587 0 
9174.359787908  1.036746000  0.002149799 0 
9174.359982336  1.049533000  0.002166946 0 
9174.360176764  1.047111000  0.002166158 0 
9174.360371192  1.056223000  0.002190560 0 
9174.360565619  1.047179000  0.002170840 0 
9174.360760047  1.055461000  0.002182353 0 
9174.360954474  1.047155000  0.002154564 0 
9174.361148902  1.050884000  0.002170895 0 
9174.361343329  1.048870000  0.002172008 0 
9174.361537757  1.055206000  0.002206186 0 
9174.361725240  1.049302000  0.002197875 0 
9174.361926612  1.053220000  0.002180929 0 
9174.362121040  1.052172000  0.002193119 0 
9174.362315467  1.045385000  0.002168881 0 
9174.362509895  1.062400000  0.002202532 0 
9174.362697378  1.048768000  0.002172884 0 
9174.362898750  1.038588000  0.002144491 0 
9174.363093177  1.036946000  0.002147747 0 
9174.363287605  1.052134000  0.002174434 0 
9174.363482032  1.056800000  0.002194559 0 
9174.363676460  1.054573000  0.002180703 0 
9174.363870888  1.051362000  0.002184777 0 
9174.364065315  1.053888000  0.002199938 0 
9174.364259743  1.048169000  0.002183607 0 
9174.364447227  1.061018000  0.002206979 0 
9174.364648598  1.049813000  0.002160834 0 
9174.364843025  1.062711000  0.002203386 0 
9174.365037453  1.052251000  0.002173774 0 
9174.365231881  1.061054000  0.002193158 0 
9174.365426308  1.051977000  0.002190626 0 
9174.365620736  1.051519000  0.002168228 0 
9174.365815163  1.054552000  0.002183482 0 
9174.366009591  1.043993000  0.002165511 0 
9174.366204019  1.049930000  0.002173007 0 
9174.366398446  1.052369000  0.002179678 0 
9174.366592874  1.053085000  0.002178645 0 
9174.366787301  1.065821000  0.002211423 0 
9174.366981729  1.053165000  0.002191322 0 
9174.367176156  1.049448000  0.002182672 0 
9174.367370584  1.047823000  0.002185562 0 
9174.367565012  1.055430000  0.002209636 0 
9174.367759439  1.059787000  0.002198377 0 
9174.367953866  1.051851000  0.002184747 0 
9174.368148294  1.037604000  0.002182293 0 
9174.368342722  1.048365000  0.002188395 0 
9174.368537149  1.052701000  0.002195664 0 
9174.368731576  1.043030000  0.002161908 0 
9174.368926005  1.069632000  0.002227844 0 
9174.369120432  1.048734000  0.002179234 0 
9174.369314860  1.054037000  0.002180185 0 
9174.369509287  1.059345000  0.002223507 0 
9174.369703715  1.042498000  0.002173589 0 
9174.369898142  1.050819000  0.002180331 0 
9174.370092570  1.057266000  0.002197223 0 
9174.370286997  1.055195000  0.002196125 0 
9174.370481425  1.058413000  0.002197261 0 
9174.370675853  1.048506000  0.002175909 0 
9174.370870280  1.056563000  0.002202673 0 
9174.371064708  1.046073000  0.002173684 0 
9174.371259135  1.060213000  0.002208937 0 
9174.371446619  1.057009000  0.002198712 0 
9174.371647990  1.057699000  0.002185813 0 
9174.371842418  1.043617000  0.002162165 0 
9174.372036845  1.044036000  0.002196113 0 
9174.372231273  1.054524000  0.002198976 0 
9174.372425701  1.048979000  0.002168977 0 
9174.372620128  1.055709000  0.002178958 0 
9174.372814556  1.057693000  0.002181240 0 
9174.373008983  1.057476000  0.002194124 0 
9174.373203411  1.062931000  0.002204176 0 
9174.373397838  1.041158000  0.002157149 0 
9174.373592266  1.048596000  0.002185105 0 
9174.373786693  1.062813000  0.002195702 0 
9174.373981121  1.042319000  0.002153382 0 
9174.374175549  1.052460000  0.002171143 0 
9174.374369976  1.051974000  0.002164035 0 
9174.374564404  1.043668000  0.002145389 0 
9174.374758831  1.060866000  0.002190876 0 
9174.374953259  1.061859000  0.002199932 0 
9174.375147686  1.050044000  0.002167392 0 
9174.375335170  1.047808000  0.002174234 0 
9174.375536541  1.051822000  0.002186029 0 
9174.375730969  1.054272000  0.002180329 0 
9174.375925397  1.040296000  0.002156351 0 
9174.376119824  1.044904000  0.002161507 0 
9174.376314252  1.049052000  0.002163767 0 
9174.376508679  1.056325000  0.002188247 0 
9174.376703107  1.058525000  0.002193298 0 
9174.376897534  1.048156000  0.002167098 0 
9174.377085018  1.048106000  0.002157099 0 
9174.377279446  1.054343000  0.002188576 0 
9174.377480817  1.059560000  0.002186091 0 
9174.377675245  1.043706000  0.002157992 0 
9174.377869672  1.049928000  0.002168049 0 
9174.378064100  1.054009000  0.002172913 0 
9174.378251583  1.052648000  0.002172231 0 
9174.378452955  1.059140000  0.002190596 0 
9174.378647382  1.053000000  0.002183405 0 
9174.378841810  1.048458000  0.002165743 0 
9174.379036237  1.045984000  0.002154537 0 
9174.379230665  1.053897000  0.002175139 0 
9174.379425093  1.058416000  0.002196480 0 
9174.379619520  1.056972000  0.002187588 0 
9174.379813948  1.051605000  0.002186220 0 
9174.380008375  1.048130000  0.002178934 0 
9174.380202803  1.049861000  0.002181543 0 
9174.380397230  1.060701000  0.002205940 0 
9174.380591658  1.045560000  0.002169385 0 
9174.380786086  1.059901000  0.002199030 0 
9174.380973569  1.051378000  0.002186462 0 
9174.381167997  1.051980000  0.002188602 0 
9174.381369368  1.062884000  0.002214844 0 
9174.381563796  1.052432000  0.002196159 0 
9174.381758223  1.055842000  0.002197221 0 
9174.381945706  1.064026000  0.002215017 0 
9174.382140134  1.044762000  0.002165835 0 
9174.382341506  1.049967000  0.002185409 0 
9174.382535933  1.050310000  0.002182524 0 
9174.382730361  1.048169000  0.002176962 0 
9174.382924789  1.046330000  0.002172837 0 
9174.383119216  1.055569000  0.002203879 0 
9174.383313643  1.056891000  0.002198431 0 
9174.383508071  1.055066000  0.002199572 0 
9174.383702499  1.052982000  0.002193152 0 
9174.383896926  1.053104000  0.002202420 0 
9174.384091354  1.055899000  0.002200305 0 
9174.384285782  1.048976000  0.002205023 0 
9174.384480209  1.056586000  0.002215804 0 
9174.384674636  1.042606000  0.002183664 0 
9174.384862120  1.051149000  0.002211697 0 
9174.385056548  1.057067000  0.002212110 0 
9174.385257919  1.054158000  0.002198009 0 
9174.385452346  1.047080000  0.002197996 0 
9174.385646774  1.047312000  0.002198139 0 
9174.385841202  1.049397000  0.002197917 0 
9174.386035629  1.058909000  0.002224725 0 
9174.386230057  1.053518000  0.002199831 0 
9174.386424484  1.048638000  0.002190258 0 
9174.386618912  1.054451000  0.002214352 0 
9174.386813339  1.051530000  0.002195101 0 
9174.387007767  1.048388000  0.002196181 0 
9174.387202194  1.051878000  0.002192744 0 
9174.387396622  1.045665000  0.002187904 0 
9174.387591050  1.047412000  0.002187657 0 
9174.387778533  1.049865000  0.002192184 0 
9174.387972961  1.047273000  0.002190788 0 
9174.388174332  1.052097000  0.002209252 0 
9174.388368760  1.044509000  0.002185016 0 
9174.388563187  1.042531000  0.002172801 0 
9174.388750671  1.047041000  0.002183366 0 
9174.388945099  1.053647000  0.002211087 0 
9174.389146470  1.051710000  0.002197082 0 
9174.389340898  1.056465000  0.002216926 0 
9174.389535325  1.059523000  0.002224798 0 
9174.389729752  1.049712000  0.002200305 0 
9174.389924180  1.042731000  0.002191454 0 
9174.390118608  1.043729000  0.002194733 0 
9174.390313035  1.048787000  0.002212364 0 
9174.390507462  1.050368000  0.002210808 0 
9174.390701890  1.050556000  0.002203991 0 
9174.390896318  1.059410000  0.002225512 0 
9174.391090745  1.056322000  0.002217461 0 
9174.391285173  1.045662000  0.002202992 0 
9174.391479600  1.059413000  0.002225234 0 
9174.391667084  1.050909000  0.002203311 0 
9174.391861511  1.063619000  0.002230162 0 
9174.392062883  1.041701000  0.002182726 0 
9174.392257310  1.050952000  0.002195512 0 
9174.392451738  1.054568000  0.002209322 0 
9174.392646166  1.060772000  0.002223631 0 
9174.392840593  1.053122000  0.002205487 0 
9174.393035021  1.063921000  0.002230263 0 
9174.393229448  1.059542000  0.002224370 0 
9174.393423876  1.052231000  0.002205101 0 
9174.393611359  1.045904000  0.002207309 0 
9174.393805787  1.049355000  0.002212479 0 
9174.394007158  1.056086000  0.002247571 0 
9174.394201586  1.049687000  0.002211165 0 
9174.394396013  1.055876000  0.002215992 0 
9174.394583497  1.055864000  0.002217586 0 
9174.394777925  1.051274000  0.002224559 0 
9174.394979296  1.056810000  0.002236918 0 
9174.395173723  1.053690000  0.002231616 0 
9174.395368151  1.053608000  0.002223247 0 
9174.395555635  1.056319000  0.002246126 0 
9174.395750062  1.048864000  0.002231576 0 
9174.395951434  1.054745000  0.002237432 0 
9174.396145861  1.049106000  0.002272803 0 
9174.396340289  1.063850000  0.002389809 0 
9174.396527772  1.049535000  0.002324108 0 
9174.396722200  1.052163000  0.002246173 0 
9174.396923571  1.058065000  0.002283599 0 
9174.397117999  1.044300000  0.002299702 0 
9174.397312426  1.041682000  0.002234869 0 
9174.397506854  1.056735000  0.002273367 0 
9174.397694338  1.056026000  0.002255521 0 
9174.397895709  1.050769000  0.002254127 0 
9174.398090136  1.050811000  0.002225836 0 
9174.398284564  1.050862000  0.002231514 0 
9174.398472048  1.054755000  0.002233657 0 
9174.398666475  1.052658000  0.002234170 0 
9174.398867847  1.048054000  0.002222124 0 
9174.399062274  1.049242000  0.002233518 0 
9174.399256702  1.063813000  0.002298451 0 
9174.399839984  1.043618000  0.002352673 0 
9174.400034412  1.056361000  0.002261727 0 
9174.400228839  1.045557000  0.002260284 0 
9174.400416323  1.043175000  0.002231515 0 
9174.400610751  1.048007000  0.002259720 0 
9174.400812122  1.043477000  0.002243461 0 
9174.401006549  1.055687000  0.002249800 0 
9174.401200977  1.046605000  0.002281741 0 
9174.401395404  1.053749000  0.002337154 0 
9174.401582888  1.051460000  0.002261840 0 
9174.401784260  1.048701000  0.002272978 0 
9174.401978687  1.047768000  0.002357897 0 
9174.402173114  1.045107000  0.002290168 0 
9174.402360598  1.035918000  0.002249633 0 
9174.402555026  1.051718000  0.002290293 0 
9174.402756397  1.062681000  0.002305270 0 
9174.402950825  1.056769000  0.002373778 0 
9174.403145252  1.042948000  0.002352436 0 
9174.403332736  1.034802000  0.002318534 0 
9174.403527163  1.035901000  0.002246205 0 
9174.403728535  1.056044000  0.002297274 0 
9174.403922962  1.050925000  0.002294929 0 
9174.404110446  1.063622000  0.002331525 0 
9174.404304874  1.045874000  0.002264890 0 
9174.404499301  1.039843000  0.002249834 0 
9174.404700672  1.053494000  0.002246285 0 
9174.404895100  1.043665000  0.002220527 0 
9174.405089527  1.049678000  0.002257027 0 
9174.405283955  1.045466000  0.002248616 0 
9174.405471439  1.043096000  0.002243937 0 
9174.405672810  1.047316000  0.002255781 0 
9174.405867238  1.056866000  0.002258833 0 
9174.406061665  1.048501000  0.002246932 0 
9174.406249149  1.048961000  0.002227346 0 
9174.406443576  1.041959000  0.002225888 0 
9174.406644948  1.032904000  0.002206836 0 
9174.406839375  1.048252000  0.002248501 0 
9174.407033803  1.052388000  0.002264727 0 
9174.407221287  1.026905000  0.002185588 0 
9174.407415714  1.047970000  0.002232780 0 
9174.407617085  1.046197000  0.002230332 0 
9174.407811513  1.044286000  0.002219460 0 
