descriptor x_phase m_phase 
-1.500000 0.016255 
-1.499000 0.016182 
-1.498000 0.016108 
-1.497000 0.016033 
-1.496000 0.015958 
-1.495000 0.015883 
-1.494000 0.015807 
-1.493000 0.015730 
-1.492000 0.015652 
-1.491000 0.015574 
-1.490000 0.015495 
-1.489000 0.015416 
-1.488000 0.015336 
-1.487000 0.015256 
-1.486000 0.015174 
-1.485000 0.015093 
-1.484000 0.015010 
-1.483000 0.014927 
-1.482000 0.014844 
-1.481000 0.014760 
-1.480000 0.014675 
-1.479000 0.014590 
-1.478000 0.014504 
-1.477000 0.014417 
-1.476000 0.014330 
-1.475000 0.014243 
-1.474000 0.014155 
-1.473000 0.014066 
-1.472000 0.013977 
-1.471000 0.013887 
-1.470000 0.013797 
-1.469000 0.013706 
-1.468000 0.013614 
-1.467000 0.013522 
-1.466000 0.013430 
-1.465000 0.013337 
-1.464000 0.013243 
-1.463000 0.013149 
-1.462000 0.013054 
-1.461000 0.012959 
-1.460000 0.012864 
-1.459000 0.012768 
-1.458000 0.012671 
-1.457000 0.012574 
-1.456000 0.012476 
-1.455000 0.012378 
-1.454000 0.012279 
-1.453000 0.012180 
-1.452000 0.012081 
-1.451000 0.011981 
-1.450000 0.011880 
-1.449000 0.011779 
-1.448000 0.011678 
-1.447000 0.011576 
-1.446000 0.011473 
-1.445000 0.011371 
-1.444000 0.011267 
-1.443000 0.011164 
-1.442000 0.011059 
-1.441000 0.010955 
-1.440000 0.010850 
-1.439000 0.010744 
-1.438000 0.010638 
-1.437000 0.010532 
-1.436000 0.010425 
-1.435000 0.010318 
-1.434000 0.010211 
-1.433000 0.010103 
-1.432000 0.009994 
-1.431000 0.009886 
-1.430000 0.009776 
-1.429000 0.009667 
-1.428000 0.009557 
-1.427000 0.009447 
-1.426000 0.009336 
-1.425000 0.009225 
-1.424000 0.009114 
-1.423000 0.009002 
-1.422000 0.008890 
-1.421000 0.008777 
-1.420000 0.008665 
-1.419000 0.008551 
-1.418000 0.008438 
-1.417000 0.008324 
-1.416000 0.008210 
-1.415000 0.008096 
-1.414000 0.007981 
-1.413000 0.007866 
-1.412000 0.007750 
-1.411000 0.007635 
-1.410000 0.007518 
-1.409000 0.007402 
-1.408000 0.007286 
-1.407000 0.007169 
-1.406000 0.007051 
-1.405000 0.006934 
-1.404000 0.006816 
-1.403000 0.006698 
-1.402000 0.006580 
-1.401000 0.006462 
-1.400000 0.006343 
-1.399000 0.006224 
-1.398000 0.006104 
-1.397000 0.005985 
-1.396000 0.005865 
-1.395000 0.005745 
-1.394000 0.005625 
-1.393000 0.005505 
-1.392000 0.005384 
-1.391000 0.005263 
-1.390000 0.005142 
-1.389000 0.005021 
-1.388000 0.004899 
-1.387000 0.004778 
-1.386000 0.004656 
-1.385000 0.004534 
-1.384000 0.004411 
-1.383000 0.004289 
-1.382000 0.004167 
-1.381000 0.004044 
-1.380000 0.003921 
-1.379000 0.003798 
-1.378000 0.003675 
-1.377000 0.003551 
-1.376000 0.003428 
-1.375000 0.003304 
-1.374000 0.003181 
-1.373000 0.003057 
-1.372000 0.002933 
-1.371000 0.002809 
-1.370000 0.002684 
-1.369000 0.002560 
-1.368000 0.002436 
-1.367000 0.002311 
-1.366000 0.002187 
-1.365000 0.002062 
-1.364000 0.001937 
-1.363000 0.001812 
-1.362000 0.001687 
-1.361000 0.001562 
-1.360000 0.001437 
-1.359000 0.001312 
-1.358000 0.001187 
-1.357000 0.001062 
-1.356000 0.000937 
-1.355000 0.000811 
-1.354000 0.000686 
-1.353000 0.000561 
-1.352000 0.000435 
-1.351000 0.000310 
-1.350000 0.000184 
-1.349000 0.000059 
-1.348000 -0.000066 
-1.347000 -0.000192 
-1.346000 -0.000317 
-1.345000 -0.000443 
-1.344000 -0.000568 
-1.343000 -0.000693 
-1.342000 -0.000819 
-1.341000 -0.000944 
-1.340000 -0.001069 
-1.339000 -0.001194 
-1.338000 -0.001319 
-1.337000 -0.001445 
-1.336000 -0.001570 
-1.335000 -0.001695 
-1.334000 -0.001819 
-1.333000 -0.001944 
-1.332000 -0.002069 
-1.331000 -0.002194 
-1.330000 -0.002318 
-1.329000 -0.002443 
-1.328000 -0.002567 
-1.327000 -0.002692 
-1.326000 -0.002816 
-1.325000 -0.002940 
-1.324000 -0.003064 
-1.323000 -0.003188 
-1.322000 -0.003311 
-1.321000 -0.003435 
-1.320000 -0.003559 
-1.319000 -0.003682 
-1.318000 -0.003805 
-1.317000 -0.003928 
-1.316000 -0.004051 
-1.315000 -0.004174 
-1.314000 -0.004296 
-1.313000 -0.004419 
-1.312000 -0.004541 
-1.311000 -0.004663 
-1.310000 -0.004785 
-1.309000 -0.004906 
-1.308000 -0.005028 
-1.307000 -0.005149 
-1.306000 -0.005270 
-1.305000 -0.005391 
-1.304000 -0.005512 
-1.303000 -0.005632 
-1.302000 -0.005752 
-1.301000 -0.005872 
-1.300000 -0.005992 
-1.299000 -0.006111 
-1.298000 -0.006231 
-1.297000 -0.006350 
-1.296000 -0.006468 
-1.295000 -0.006587 
-1.294000 -0.006705 
-1.293000 -0.006823 
-1.292000 -0.006941 
-1.291000 -0.007058 
-1.290000 -0.007175 
-1.289000 -0.007292 
-1.288000 -0.007409 
-1.287000 -0.007525 
-1.286000 -0.007641 
-1.285000 -0.007757 
-1.284000 -0.007872 
-1.283000 -0.007987 
-1.282000 -0.008102 
-1.281000 -0.008217 
-1.280000 -0.008331 
-1.279000 -0.008445 
-1.278000 -0.008558 
-1.277000 -0.008671 
-1.276000 -0.008784 
-1.275000 -0.008896 
-1.274000 -0.009008 
-1.273000 -0.009120 
-1.272000 -0.009231 
-1.271000 -0.009342 
-1.270000 -0.009453 
-1.269000 -0.009563 
-1.268000 -0.009673 
-1.267000 -0.009783 
-1.266000 -0.009892 
-1.265000 -0.010001 
-1.264000 -0.010109 
-1.263000 -0.010217 
-1.262000 -0.010324 
-1.261000 -0.010431 
-1.260000 -0.010538 
-1.259000 -0.010644 
-1.258000 -0.010750 
-1.257000 -0.010856 
-1.256000 -0.010961 
-1.255000 -0.011065 
-1.254000 -0.011170 
-1.253000 -0.011273 
-1.252000 -0.011377 
-1.251000 -0.011479 
-1.250000 -0.011582 
-1.249000 -0.011684 
-1.248000 -0.011785 
-1.247000 -0.011886 
-1.246000 -0.011987 
-1.245000 -0.012087 
-1.244000 -0.012186 
-1.243000 -0.012285 
-1.242000 -0.012384 
-1.241000 -0.012482 
-1.240000 -0.012579 
-1.239000 -0.012677 
-1.238000 -0.012773 
-1.237000 -0.012869 
-1.236000 -0.012965 
-1.235000 -0.013060 
-1.234000 -0.013155 
-1.233000 -0.013249 
-1.232000 -0.013342 
-1.231000 -0.013435 
-1.230000 -0.013528 
-1.229000 -0.013620 
-1.228000 -0.013711 
-1.227000 -0.013802 
-1.226000 -0.013892 
-1.225000 -0.013982 
-1.224000 -0.014071 
-1.223000 -0.014160 
-1.222000 -0.014248 
-1.221000 -0.014335 
-1.220000 -0.014422 
-1.219000 -0.014509 
-1.218000 -0.014595 
-1.217000 -0.014680 
-1.216000 -0.014765 
-1.215000 -0.014849 
-1.214000 -0.014932 
-1.213000 -0.015015 
-1.212000 -0.015097 
-1.211000 -0.015179 
-1.210000 -0.015260 
-1.209000 -0.015341 
-1.208000 -0.015421 
-1.207000 -0.015500 
-1.206000 -0.015579 
-1.205000 -0.015657 
-1.204000 -0.015734 
-1.203000 -0.015811 
-1.202000 -0.015887 
-1.201000 -0.015963 
-1.200000 -0.016038 
-1.199000 -0.016112 
-1.198000 -0.016186 
-1.197000 -0.016259 
-1.196000 -0.016331 
-1.195000 -0.016403 
-1.194000 -0.016474 
-1.193000 -0.016545 
-1.192000 -0.016614 
-1.191000 -0.016684 
-1.190000 -0.016752 
-1.189000 -0.016820 
-1.188000 -0.016887 
-1.187000 -0.016954 
-1.186000 -0.017019 
-1.185000 -0.017085 
-1.184000 -0.017149 
-1.183000 -0.017213 
-1.182000 -0.017276 
-1.181000 -0.017339 
-1.180000 -0.017400 
-1.179000 -0.017461 
-1.178000 -0.017522 
-1.177000 -0.017582 
-1.176000 -0.017641 
-1.175000 -0.017699 
-1.174000 -0.017756 
-1.173000 -0.017813 
-1.172000 -0.017870 
-1.171000 -0.017925 
-1.170000 -0.017980 
-1.169000 -0.018034 
-1.168000 -0.018087 
-1.167000 -0.018140 
-1.166000 -0.018192 
-1.165000 -0.018243 
-1.164000 -0.018294 
-1.163000 -0.018343 
-1.162000 -0.018392 
-1.161000 -0.018441 
-1.160000 -0.018488 
-1.159000 -0.018535 
-1.158000 -0.018581 
-1.157000 -0.018627 
-1.156000 -0.018672 
-1.155000 -0.018715 
-1.154000 -0.018759 
-1.153000 -0.018801 
-1.152000 -0.018843 
-1.151000 -0.018884 
-1.150000 -0.018924 
-1.149000 -0.018964 
-1.148000 -0.019002 
-1.147000 -0.019040 
-1.146000 -0.019077 
-1.145000 -0.019114 
-1.144000 -0.019150 
-1.143000 -0.019185 
-1.142000 -0.019219 
-1.141000 -0.019252 
-1.140000 -0.019285 
-1.139000 -0.019317 
-1.138000 -0.019348 
-1.137000 -0.019378 
-1.136000 -0.019408 
-1.135000 -0.019437 
-1.134000 -0.019465 
-1.133000 -0.019492 
-1.132000 -0.019519 
-1.131000 -0.019545 
-1.130000 -0.019570 
-1.129000 -0.019594 
-1.128000 -0.019617 
-1.127000 -0.019640 
-1.126000 -0.019662 
-1.125000 -0.019683 
-1.124000 -0.019704 
-1.123000 -0.019723 
-1.122000 -0.019742 
-1.121000 -0.019760 
-1.120000 -0.019777 
-1.119000 -0.019794 
-1.118000 -0.019810 
-1.117000 -0.019824 
-1.116000 -0.019839 
-1.115000 -0.019852 
-1.114000 -0.019864 
-1.113000 -0.019876 
-1.112000 -0.019887 
-1.111000 -0.019897 
-1.110000 -0.019907 
-1.109000 -0.019916 
-1.108000 -0.019923 
-1.107000 -0.019930 
-1.106000 -0.019937 
-1.105000 -0.019942 
-1.104000 -0.019947 
-1.103000 -0.019951 
-1.102000 -0.019954 
-1.101000 -0.019956 
-1.100000 -0.019958 
-1.099000 -0.019959 
-1.098000 -0.019959 
-1.097000 -0.019958 
-1.096000 -0.019956 
-1.095000 -0.019954 
-1.094000 -0.019951 
-1.093000 -0.019947 
-1.092000 -0.019942 
-1.091000 -0.019936 
-1.090000 -0.019930 
-1.089000 -0.019923 
-1.088000 -0.019915 
-1.087000 -0.019906 
-1.086000 -0.019897 
-1.085000 -0.019887 
-1.084000 -0.019876 
-1.083000 -0.019864 
-1.082000 -0.019851 
-1.081000 -0.019838 
-1.080000 -0.019824 
-1.079000 -0.019809 
-1.078000 -0.019793 
-1.077000 -0.019776 
-1.076000 -0.019759 
-1.075000 -0.019741 
-1.074000 -0.019722 
-1.073000 -0.019702 
-1.072000 -0.019682 
-1.071000 -0.019661 
-1.070000 -0.019639 
-1.069000 -0.019616 
-1.068000 -0.019593 
-1.067000 -0.019568 
-1.066000 -0.019543 
-1.065000 -0.019517 
-1.064000 -0.019491 
-1.063000 -0.019463 
-1.062000 -0.019435 
-1.061000 -0.019406 
-1.060000 -0.019377 
-1.059000 -0.019346 
-1.058000 -0.019315 
-1.057000 -0.019283 
-1.056000 -0.019250 
-1.055000 -0.019217 
-1.054000 -0.019183 
-1.053000 -0.019148 
-1.052000 -0.019112 
-1.051000 -0.019075 
-1.050000 -0.019038 
-1.049000 -0.019000 
-1.048000 -0.018961 
-1.047000 -0.018922 
-1.046000 -0.018881 
-1.045000 -0.018840 
-1.044000 -0.018799 
-1.043000 -0.018756 
-1.042000 -0.018713 
-1.041000 -0.018669 
-1.040000 -0.018624 
-1.039000 -0.018579 
-1.038000 -0.018533 
-1.037000 -0.018486 
-1.036000 -0.018438 
-1.035000 -0.018390 
-1.034000 -0.018341 
-1.033000 -0.018291 
-1.032000 -0.018240 
-1.031000 -0.018189 
-1.030000 -0.018137 
-1.029000 -0.018084 
-1.028000 -0.018031 
-1.027000 -0.017977 
-1.026000 -0.017922 
-1.025000 -0.017866 
-1.024000 -0.017810 
-1.023000 -0.017753 
-1.022000 -0.017695 
-1.021000 -0.017637 
-1.020000 -0.017578 
-1.019000 -0.017518 
-1.018000 -0.017458 
-1.017000 -0.017397 
-1.016000 -0.017335 
-1.015000 -0.017272 
-1.014000 -0.017209 
-1.013000 -0.017145 
-1.012000 -0.017081 
-1.011000 -0.017016 
-1.010000 -0.016950 
-1.009000 -0.016883 
-1.008000 -0.016816 
-1.007000 -0.016748 
-1.006000 -0.016680 
-1.005000 -0.016610 
-1.004000 -0.016541 
-1.003000 -0.016470 
-1.002000 -0.016399 
-1.001000 -0.016327 
-1.000000 -0.016255 
-0.999000 -0.016182 
-0.998000 -0.016108 
-0.997000 -0.016033 
-0.996000 -0.015958 
-0.995000 -0.015883 
-0.994000 -0.015807 
-0.993000 -0.015730 
-0.992000 -0.015652 
-0.991000 -0.015574 
-0.990000 -0.015495 
-0.989000 -0.015416 
-0.988000 -0.015336 
-0.987000 -0.015256 
-0.986000 -0.015174 
-0.985000 -0.015093 
-0.984000 -0.015010 
-0.983000 -0.014927 
-0.982000 -0.014844 
-0.981000 -0.014760 
-0.980000 -0.014675 
-0.979000 -0.014590 
-0.978000 -0.014504 
-0.977000 -0.014417 
-0.976000 -0.014330 
-0.975000 -0.014243 
-0.974000 -0.014155 
-0.973000 -0.014066 
-0.972000 -0.013977 
-0.971000 -0.013887 
-0.970000 -0.013797 
-0.969000 -0.013706 
-0.968000 -0.013614 
-0.967000 -0.013522 
-0.966000 -0.013430 
-0.965000 -0.013337 
-0.964000 -0.013243 
-0.963000 -0.013149 
-0.962000 -0.013054 
-0.961000 -0.012959 
-0.960000 -0.012864 
-0.959000 -0.012768 
-0.958000 -0.012671 
-0.957000 -0.012574 
-0.956000 -0.012476 
-0.955000 -0.012378 
-0.954000 -0.012279 
-0.953000 -0.012180 
-0.952000 -0.012081 
-0.951000 -0.011981 
-0.950000 -0.011880 
-0.949000 -0.011779 
-0.948000 -0.011678 
-0.947000 -0.011576 
-0.946000 -0.011473 
-0.945000 -0.011371 
-0.944000 -0.011267 
-0.943000 -0.011164 
-0.942000 -0.011059 
-0.941000 -0.010955 
-0.940000 -0.010850 
-0.939000 -0.010744 
-0.938000 -0.010638 
-0.937000 -0.010532 
-0.936000 -0.010425 
-0.935000 -0.010318 
-0.934000 -0.010211 
-0.933000 -0.010103 
-0.932000 -0.009994 
-0.931000 -0.009886 
-0.930000 -0.009776 
-0.929000 -0.009667 
-0.928000 -0.009557 
-0.927000 -0.009447 
-0.926000 -0.009336 
-0.925000 -0.009225 
-0.924000 -0.009114 
-0.923000 -0.009002 
-0.922000 -0.008890 
-0.921000 -0.008777 
-0.920000 -0.008665 
-0.919000 -0.008551 
-0.918000 -0.008438 
-0.917000 -0.008324 
-0.916000 -0.008210 
-0.915000 -0.008096 
-0.914000 -0.007981 
-0.913000 -0.007866 
-0.912000 -0.007750 
-0.911000 -0.007635 
-0.910000 -0.007518 
-0.909000 -0.007402 
-0.908000 -0.007286 
-0.907000 -0.007169 
-0.906000 -0.007051 
-0.905000 -0.006934 
-0.904000 -0.006816 
-0.903000 -0.006698 
-0.902000 -0.006580 
-0.901000 -0.006462 
-0.900000 -0.006343 
-0.899000 -0.006224 
-0.898000 -0.006104 
-0.897000 -0.005985 
-0.896000 -0.005865 
-0.895000 -0.005745 
-0.894000 -0.005625 
-0.893000 -0.005505 
-0.892000 -0.005384 
-0.891000 -0.005263 
-0.890000 -0.005142 
-0.889000 -0.005021 
-0.888000 -0.004899 
-0.887000 -0.004778 
-0.886000 -0.004656 
-0.885000 -0.004534 
-0.884000 -0.004411 
-0.883000 -0.004289 
-0.882000 -0.004167 
-0.881000 -0.004044 
-0.880000 -0.003921 
-0.879000 -0.003798 
-0.878000 -0.003675 
-0.877000 -0.003551 
-0.876000 -0.003428 
-0.875000 -0.003304 
-0.874000 -0.003181 
-0.873000 -0.003057 
-0.872000 -0.002933 
-0.871000 -0.002809 
-0.870000 -0.002684 
-0.869000 -0.002560 
-0.868000 -0.002436 
-0.867000 -0.002311 
-0.866000 -0.002187 
-0.865000 -0.002062 
-0.864000 -0.001937 
-0.863000 -0.001812 
-0.862000 -0.001687 
-0.861000 -0.001562 
-0.860000 -0.001437 
-0.859000 -0.001312 
-0.858000 -0.001187 
-0.857000 -0.001062 
-0.856000 -0.000937 
-0.855000 -0.000811 
-0.854000 -0.000686 
-0.853000 -0.000561 
-0.852000 -0.000435 
-0.851000 -0.000310 
-0.850000 -0.000184 
-0.849000 -0.000059 
-0.848000 0.000066 
-0.847000 0.000192 
-0.846000 0.000317 
-0.845000 0.000443 
-0.844000 0.000568 
-0.843000 0.000693 
-0.842000 0.000819 
-0.841000 0.000944 
-0.840000 0.001069 
-0.839000 0.001194 
-0.838000 0.001319 
-0.837000 0.001445 
-0.836000 0.001570 
-0.835000 0.001695 
-0.834000 0.001819 
-0.833000 0.001944 
-0.832000 0.002069 
-0.831000 0.002194 
-0.830000 0.002318 
-0.829000 0.002443 
-0.828000 0.002567 
-0.827000 0.002692 
-0.826000 0.002816 
-0.825000 0.002940 
-0.824000 0.003064 
-0.823000 0.003188 
-0.822000 0.003311 
-0.821000 0.003435 
-0.820000 0.003559 
-0.819000 0.003682 
-0.818000 0.003805 
-0.817000 0.003928 
-0.816000 0.004051 
-0.815000 0.004174 
-0.814000 0.004296 
-0.813000 0.004419 
-0.812000 0.004541 
-0.811000 0.004663 
-0.810000 0.004785 
-0.809000 0.004906 
-0.808000 0.005028 
-0.807000 0.005149 
-0.806000 0.005270 
-0.805000 0.005391 
-0.804000 0.005512 
-0.803000 0.005632 
-0.802000 0.005752 
-0.801000 0.005872 
-0.800000 0.005992 
-0.799000 0.006111 
-0.798000 0.006231 
-0.797000 0.006350 
-0.796000 0.006468 
-0.795000 0.006587 
-0.794000 0.006705 
-0.793000 0.006823 
-0.792000 0.006941 
-0.791000 0.007058 
-0.790000 0.007175 
-0.789000 0.007292 
-0.788000 0.007409 
-0.787000 0.007525 
-0.786000 0.007641 
-0.785000 0.007757 
-0.784000 0.007872 
-0.783000 0.007987 
-0.782000 0.008102 
-0.781000 0.008217 
-0.780000 0.008331 
-0.779000 0.008445 
-0.778000 0.008558 
-0.777000 0.008671 
-0.776000 0.008784 
-0.775000 0.008896 
-0.774000 0.009008 
-0.773000 0.009120 
-0.772000 0.009231 
-0.771000 0.009342 
-0.770000 0.009453 
-0.769000 0.009563 
-0.768000 0.009673 
-0.767000 0.009783 
-0.766000 0.009892 
-0.765000 0.010001 
-0.764000 0.010109 
-0.763000 0.010217 
-0.762000 0.010324 
-0.761000 0.010431 
-0.760000 0.010538 
-0.759000 0.010644 
-0.758000 0.010750 
-0.757000 0.010856 
-0.756000 0.010961 
-0.755000 0.011065 
-0.754000 0.011170 
-0.753000 0.011273 
-0.752000 0.011377 
-0.751000 0.011479 
-0.750000 0.011582 
-0.749000 0.011684 
-0.748000 0.011785 
-0.747000 0.011886 
-0.746000 0.011987 
-0.745000 0.012087 
-0.744000 0.012186 
-0.743000 0.012285 
-0.742000 0.012384 
-0.741000 0.012482 
-0.740000 0.012579 
-0.739000 0.012677 
-0.738000 0.012773 
-0.737000 0.012869 
-0.736000 0.012965 
-0.735000 0.013060 
-0.734000 0.013155 
-0.733000 0.013249 
-0.732000 0.013342 
-0.731000 0.013435 
-0.730000 0.013528 
-0.729000 0.013620 
-0.728000 0.013711 
-0.727000 0.013802 
-0.726000 0.013892 
-0.725000 0.013982 
-0.724000 0.014071 
-0.723000 0.014160 
-0.722000 0.014248 
-0.721000 0.014335 
-0.720000 0.014422 
-0.719000 0.014509 
-0.718000 0.014595 
-0.717000 0.014680 
-0.716000 0.014765 
-0.715000 0.014849 
-0.714000 0.014932 
-0.713000 0.015015 
-0.712000 0.015097 
-0.711000 0.015179 
-0.710000 0.015260 
-0.709000 0.015341 
-0.708000 0.015421 
-0.707000 0.015500 
-0.706000 0.015579 
-0.705000 0.015657 
-0.704000 0.015734 
-0.703000 0.015811 
-0.702000 0.015887 
-0.701000 0.015963 
-0.700000 0.016038 
-0.699000 0.016112 
-0.698000 0.016186 
-0.697000 0.016259 
-0.696000 0.016331 
-0.695000 0.016403 
-0.694000 0.016474 
-0.693000 0.016545 
-0.692000 0.016614 
-0.691000 0.016684 
-0.690000 0.016752 
-0.689000 0.016820 
-0.688000 0.016887 
-0.687000 0.016954 
-0.686000 0.017019 
-0.685000 0.017085 
-0.684000 0.017149 
-0.683000 0.017213 
-0.682000 0.017276 
-0.681000 0.017339 
-0.680000 0.017400 
-0.679000 0.017461 
-0.678000 0.017522 
-0.677000 0.017582 
-0.676000 0.017641 
-0.675000 0.017699 
-0.674000 0.017756 
-0.673000 0.017813 
-0.672000 0.017870 
-0.671000 0.017925 
-0.670000 0.017980 
-0.669000 0.018034 
-0.668000 0.018087 
-0.667000 0.018140 
-0.666000 0.018192 
-0.665000 0.018243 
-0.664000 0.018294 
-0.663000 0.018343 
-0.662000 0.018392 
-0.661000 0.018441 
-0.660000 0.018488 
-0.659000 0.018535 
-0.658000 0.018581 
-0.657000 0.018627 
-0.656000 0.018672 
-0.655000 0.018715 
-0.654000 0.018759 
-0.653000 0.018801 
-0.652000 0.018843 
-0.651000 0.018884 
-0.650000 0.018924 
-0.649000 0.018964 
-0.648000 0.019002 
-0.647000 0.019040 
-0.646000 0.019077 
-0.645000 0.019114 
-0.644000 0.019150 
-0.643000 0.019185 
-0.642000 0.019219 
-0.641000 0.019252 
-0.640000 0.019285 
-0.639000 0.019317 
-0.638000 0.019348 
-0.637000 0.019378 
-0.636000 0.019408 
-0.635000 0.019437 
-0.634000 0.019465 
-0.633000 0.019492 
-0.632000 0.019519 
-0.631000 0.019545 
-0.630000 0.019570 
-0.629000 0.019594 
-0.628000 0.019617 
-0.627000 0.019640 
-0.626000 0.019662 
-0.625000 0.019683 
-0.624000 0.019704 
-0.623000 0.019723 
-0.622000 0.019742 
-0.621000 0.019760 
-0.620000 0.019777 
-0.619000 0.019794 
-0.618000 0.019810 
-0.617000 0.019824 
-0.616000 0.019839 
-0.615000 0.019852 
-0.614000 0.019864 
-0.613000 0.019876 
-0.612000 0.019887 
-0.611000 0.019897 
-0.610000 0.019907 
-0.609000 0.019916 
-0.608000 0.019923 
-0.607000 0.019930 
-0.606000 0.019937 
-0.605000 0.019942 
-0.604000 0.019947 
-0.603000 0.019951 
-0.602000 0.019954 
-0.601000 0.019956 
-0.600000 0.019958 
-0.599000 0.019959 
-0.598000 0.019959 
-0.597000 0.019958 
-0.596000 0.019956 
-0.595000 0.019954 
-0.594000 0.019951 
-0.593000 0.019947 
-0.592000 0.019942 
-0.591000 0.019936 
-0.590000 0.019930 
-0.589000 0.019923 
-0.588000 0.019915 
-0.587000 0.019906 
-0.586000 0.019897 
-0.585000 0.019887 
-0.584000 0.019876 
-0.583000 0.019864 
-0.582000 0.019851 
-0.581000 0.019838 
-0.580000 0.019824 
-0.579000 0.019809 
-0.578000 0.019793 
-0.577000 0.019776 
-0.576000 0.019759 
-0.575000 0.019741 
-0.574000 0.019722 
-0.573000 0.019702 
-0.572000 0.019682 
-0.571000 0.019661 
-0.570000 0.019639 
-0.569000 0.019616 
-0.568000 0.019593 
-0.567000 0.019568 
-0.566000 0.019543 
-0.565000 0.019517 
-0.564000 0.019491 
-0.563000 0.019463 
-0.562000 0.019435 
-0.561000 0.019406 
-0.560000 0.019377 
-0.559000 0.019346 
-0.558000 0.019315 
-0.557000 0.019283 
-0.556000 0.019250 
-0.555000 0.019217 
-0.554000 0.019183 
-0.553000 0.019148 
-0.552000 0.019112 
-0.551000 0.019075 
-0.550000 0.019038 
-0.549000 0.019000 
-0.548000 0.018961 
-0.547000 0.018922 
-0.546000 0.018881 
-0.545000 0.018840 
-0.544000 0.018799 
-0.543000 0.018756 
-0.542000 0.018713 
-0.541000 0.018669 
-0.540000 0.018624 
-0.539000 0.018579 
-0.538000 0.018533 
-0.537000 0.018486 
-0.536000 0.018438 
-0.535000 0.018390 
-0.534000 0.018341 
-0.533000 0.018291 
-0.532000 0.018240 
-0.531000 0.018189 
-0.530000 0.018137 
-0.529000 0.018084 
-0.528000 0.018031 
-0.527000 0.017977 
-0.526000 0.017922 
-0.525000 0.017866 
-0.524000 0.017810 
-0.523000 0.017753 
-0.522000 0.017695 
-0.521000 0.017637 
-0.520000 0.017578 
-0.519000 0.017518 
-0.518000 0.017458 
-0.517000 0.017397 
-0.516000 0.017335 
-0.515000 0.017272 
-0.514000 0.017209 
-0.513000 0.017145 
-0.512000 0.017081 
-0.511000 0.017016 
-0.510000 0.016950 
-0.509000 0.016883 
-0.508000 0.016816 
-0.507000 0.016748 
-0.506000 0.016680 
-0.505000 0.016610 
-0.504000 0.016541 
-0.503000 0.016470 
-0.502000 0.016399 
-0.501000 0.016327 
-0.500000 0.016255 
-0.499000 0.016182 
-0.498000 0.016108 
-0.497000 0.016033 
-0.496000 0.015958 
-0.495000 0.015883 
-0.494000 0.015807 
-0.493000 0.015730 
-0.492000 0.015652 
-0.491000 0.015574 
-0.490000 0.015495 
-0.489000 0.015416 
-0.488000 0.015336 
-0.487000 0.015256 
-0.486000 0.015174 
-0.485000 0.015093 
-0.484000 0.015010 
-0.483000 0.014927 
-0.482000 0.014844 
-0.481000 0.014760 
-0.480000 0.014675 
-0.479000 0.014590 
-0.478000 0.014504 
-0.477000 0.014417 
-0.476000 0.014330 
-0.475000 0.014243 
-0.474000 0.014155 
-0.473000 0.014066 
-0.472000 0.013977 
-0.471000 0.013887 
-0.470000 0.013797 
-0.469000 0.013706 
-0.468000 0.013614 
-0.467000 0.013522 
-0.466000 0.013430 
-0.465000 0.013337 
-0.464000 0.013243 
-0.463000 0.013149 
-0.462000 0.013054 
-0.461000 0.012959 
-0.460000 0.012864 
-0.459000 0.012768 
-0.458000 0.012671 
-0.457000 0.012574 
-0.456000 0.012476 
-0.455000 0.012378 
-0.454000 0.012279 
-0.453000 0.012180 
-0.452000 0.012081 
-0.451000 0.011981 
-0.450000 0.011880 
-0.449000 0.011779 
-0.448000 0.011678 
-0.447000 0.011576 
-0.446000 0.011473 
-0.445000 0.011371 
-0.444000 0.011267 
-0.443000 0.011164 
-0.442000 0.011059 
-0.441000 0.010955 
-0.440000 0.010850 
-0.439000 0.010744 
-0.438000 0.010638 
-0.437000 0.010532 
-0.436000 0.010425 
-0.435000 0.010318 
-0.434000 0.010211 
-0.433000 0.010103 
-0.432000 0.009994 
-0.431000 0.009886 
-0.430000 0.009776 
-0.429000 0.009667 
-0.428000 0.009557 
-0.427000 0.009447 
-0.426000 0.009336 
-0.425000 0.009225 
-0.424000 0.009114 
-0.423000 0.009002 
-0.422000 0.008890 
-0.421000 0.008777 
-0.420000 0.008665 
-0.419000 0.008551 
-0.418000 0.008438 
-0.417000 0.008324 
-0.416000 0.008210 
-0.415000 0.008096 
-0.414000 0.007981 
-0.413000 0.007866 
-0.412000 0.007750 
-0.411000 0.007635 
-0.410000 0.007518 
-0.409000 0.007402 
-0.408000 0.007286 
-0.407000 0.007169 
-0.406000 0.007051 
-0.405000 0.006934 
-0.404000 0.006816 
-0.403000 0.006698 
-0.402000 0.006580 
-0.401000 0.006462 
-0.400000 0.006343 
-0.399000 0.006224 
-0.398000 0.006104 
-0.397000 0.005985 
-0.396000 0.005865 
-0.395000 0.005745 
-0.394000 0.005625 
-0.393000 0.005505 
-0.392000 0.005384 
-0.391000 0.005263 
-0.390000 0.005142 
-0.389000 0.005021 
-0.388000 0.004899 
-0.387000 0.004778 
-0.386000 0.004656 
-0.385000 0.004534 
-0.384000 0.004411 
-0.383000 0.004289 
-0.382000 0.004167 
-0.381000 0.004044 
-0.380000 0.003921 
-0.379000 0.003798 
-0.378000 0.003675 
-0.377000 0.003551 
-0.376000 0.003428 
-0.375000 0.003304 
-0.374000 0.003181 
-0.373000 0.003057 
-0.372000 0.002933 
-0.371000 0.002809 
-0.370000 0.002684 
-0.369000 0.002560 
-0.368000 0.002436 
-0.367000 0.002311 
-0.366000 0.002187 
-0.365000 0.002062 
-0.364000 0.001937 
-0.363000 0.001812 
-0.362000 0.001687 
-0.361000 0.001562 
-0.360000 0.001437 
-0.359000 0.001312 
-0.358000 0.001187 
-0.357000 0.001062 
-0.356000 0.000937 
-0.355000 0.000811 
-0.354000 0.000686 
-0.353000 0.000561 
-0.352000 0.000435 
-0.351000 0.000310 
-0.350000 0.000184 
-0.349000 0.000059 
-0.348000 -0.000066 
-0.347000 -0.000192 
-0.346000 -0.000317 
-0.345000 -0.000443 
-0.344000 -0.000568 
-0.343000 -0.000693 
-0.342000 -0.000819 
-0.341000 -0.000944 
-0.340000 -0.001069 
-0.339000 -0.001194 
-0.338000 -0.001319 
-0.337000 -0.001445 
-0.336000 -0.001570 
-0.335000 -0.001695 
-0.334000 -0.001819 
-0.333000 -0.001944 
-0.332000 -0.002069 
-0.331000 -0.002194 
-0.330000 -0.002318 
-0.329000 -0.002443 
-0.328000 -0.002567 
-0.327000 -0.002692 
-0.326000 -0.002816 
-0.325000 -0.002940 
-0.324000 -0.003064 
-0.323000 -0.003188 
-0.322000 -0.003311 
-0.321000 -0.003435 
-0.320000 -0.003559 
-0.319000 -0.003682 
-0.318000 -0.003805 
-0.317000 -0.003928 
-0.316000 -0.004051 
-0.315000 -0.004174 
-0.314000 -0.004296 
-0.313000 -0.004419 
-0.312000 -0.004541 
-0.311000 -0.004663 
-0.310000 -0.004785 
-0.309000 -0.004906 
-0.308000 -0.005028 
-0.307000 -0.005149 
-0.306000 -0.005270 
-0.305000 -0.005391 
-0.304000 -0.005512 
-0.303000 -0.005632 
-0.302000 -0.005752 
-0.301000 -0.005872 
-0.300000 -0.005992 
-0.299000 -0.006111 
-0.298000 -0.006231 
-0.297000 -0.006350 
-0.296000 -0.006468 
-0.295000 -0.006587 
-0.294000 -0.006705 
-0.293000 -0.006823 
-0.292000 -0.006941 
-0.291000 -0.007058 
-0.290000 -0.007175 
-0.289000 -0.007292 
-0.288000 -0.007409 
-0.287000 -0.007525 
-0.286000 -0.007641 
-0.285000 -0.007757 
-0.284000 -0.007872 
-0.283000 -0.007987 
-0.282000 -0.008102 
-0.281000 -0.008217 
-0.280000 -0.008331 
-0.279000 -0.008445 
-0.278000 -0.008558 
-0.277000 -0.008671 
-0.276000 -0.008784 
-0.275000 -0.008896 
-0.274000 -0.009008 
-0.273000 -0.009120 
-0.272000 -0.009231 
-0.271000 -0.009342 
-0.270000 -0.009453 
-0.269000 -0.009563 
-0.268000 -0.009673 
-0.267000 -0.009783 
-0.266000 -0.009892 
-0.265000 -0.010001 
-0.264000 -0.010109 
-0.263000 -0.010217 
-0.262000 -0.010324 
-0.261000 -0.010431 
-0.260000 -0.010538 
-0.259000 -0.010644 
-0.258000 -0.010750 
-0.257000 -0.010856 
-0.256000 -0.010961 
-0.255000 -0.011065 
-0.254000 -0.011170 
-0.253000 -0.011273 
-0.252000 -0.011377 
-0.251000 -0.011479 
-0.250000 -0.011582 
-0.249000 -0.011684 
-0.248000 -0.011785 
-0.247000 -0.011886 
-0.246000 -0.011987 
-0.245000 -0.012087 
-0.244000 -0.012186 
-0.243000 -0.012285 
-0.242000 -0.012384 
-0.241000 -0.012482 
-0.240000 -0.012579 
-0.239000 -0.012677 
-0.238000 -0.012773 
-0.237000 -0.012869 
-0.236000 -0.012965 
-0.235000 -0.013060 
-0.234000 -0.013155 
-0.233000 -0.013249 
-0.232000 -0.013342 
-0.231000 -0.013435 
-0.230000 -0.013528 
-0.229000 -0.013620 
-0.228000 -0.013711 
-0.227000 -0.013802 
-0.226000 -0.013892 
-0.225000 -0.013982 
-0.224000 -0.014071 
-0.223000 -0.014160 
-0.222000 -0.014248 
-0.221000 -0.014335 
-0.220000 -0.014422 
-0.219000 -0.014509 
-0.218000 -0.014595 
-0.217000 -0.014680 
-0.216000 -0.014765 
-0.215000 -0.014849 
-0.214000 -0.014932 
-0.213000 -0.015015 
-0.212000 -0.015097 
-0.211000 -0.015179 
-0.210000 -0.015260 
-0.209000 -0.015341 
-0.208000 -0.015421 
-0.207000 -0.015500 
-0.206000 -0.015579 
-0.205000 -0.015657 
-0.204000 -0.015734 
-0.203000 -0.015811 
-0.202000 -0.015887 
-0.201000 -0.015963 
-0.200000 -0.016038 
-0.199000 -0.016112 
-0.198000 -0.016186 
-0.197000 -0.016259 
-0.196000 -0.016331 
-0.195000 -0.016403 
-0.194000 -0.016474 
-0.193000 -0.016545 
-0.192000 -0.016614 
-0.191000 -0.016684 
-0.190000 -0.016752 
-0.189000 -0.016820 
-0.188000 -0.016887 
-0.187000 -0.016954 
-0.186000 -0.017019 
-0.185000 -0.017085 
-0.184000 -0.017149 
-0.183000 -0.017213 
-0.182000 -0.017276 
-0.181000 -0.017339 
-0.180000 -0.017400 
-0.179000 -0.017461 
-0.178000 -0.017522 
-0.177000 -0.017582 
-0.176000 -0.017641 
-0.175000 -0.017699 
-0.174000 -0.017756 
-0.173000 -0.017813 
-0.172000 -0.017870 
-0.171000 -0.017925 
-0.170000 -0.017980 
-0.169000 -0.018034 
-0.168000 -0.018087 
-0.167000 -0.018140 
-0.166000 -0.018192 
-0.165000 -0.018243 
-0.164000 -0.018294 
-0.163000 -0.018343 
-0.162000 -0.018392 
-0.161000 -0.018441 
-0.160000 -0.018488 
-0.159000 -0.018535 
-0.158000 -0.018581 
-0.157000 -0.018627 
-0.156000 -0.018672 
-0.155000 -0.018715 
-0.154000 -0.018759 
-0.153000 -0.018801 
-0.152000 -0.018843 
-0.151000 -0.018884 
-0.150000 -0.018924 
-0.149000 -0.018964 
-0.148000 -0.019002 
-0.147000 -0.019040 
-0.146000 -0.019077 
-0.145000 -0.019114 
-0.144000 -0.019150 
-0.143000 -0.019185 
-0.142000 -0.019219 
-0.141000 -0.019252 
-0.140000 -0.019285 
-0.139000 -0.019317 
-0.138000 -0.019348 
-0.137000 -0.019378 
-0.136000 -0.019408 
-0.135000 -0.019437 
-0.134000 -0.019465 
-0.133000 -0.019492 
-0.132000 -0.019519 
-0.131000 -0.019545 
-0.130000 -0.019570 
-0.129000 -0.019594 
-0.128000 -0.019617 
-0.127000 -0.019640 
-0.126000 -0.019662 
-0.125000 -0.019683 
-0.124000 -0.019704 
-0.123000 -0.019723 
-0.122000 -0.019742 
-0.121000 -0.019760 
-0.120000 -0.019777 
-0.119000 -0.019794 
-0.118000 -0.019810 
-0.117000 -0.019824 
-0.116000 -0.019839 
-0.115000 -0.019852 
-0.114000 -0.019864 
-0.113000 -0.019876 
-0.112000 -0.019887 
-0.111000 -0.019897 
-0.110000 -0.019907 
-0.109000 -0.019916 
-0.108000 -0.019923 
-0.107000 -0.019930 
-0.106000 -0.019937 
-0.105000 -0.019942 
-0.104000 -0.019947 
-0.103000 -0.019951 
-0.102000 -0.019954 
-0.101000 -0.019956 
-0.100000 -0.019958 
-0.099000 -0.019959 
-0.098000 -0.019959 
-0.097000 -0.019958 
-0.096000 -0.019956 
-0.095000 -0.019954 
-0.094000 -0.019951 
-0.093000 -0.019947 
-0.092000 -0.019942 
-0.091000 -0.019936 
-0.090000 -0.019930 
-0.089000 -0.019923 
-0.088000 -0.019915 
-0.087000 -0.019906 
-0.086000 -0.019897 
-0.085000 -0.019887 
-0.084000 -0.019876 
-0.083000 -0.019864 
-0.082000 -0.019851 
-0.081000 -0.019838 
-0.080000 -0.019824 
-0.079000 -0.019809 
-0.078000 -0.019793 
-0.077000 -0.019776 
-0.076000 -0.019759 
-0.075000 -0.019741 
-0.074000 -0.019722 
-0.073000 -0.019702 
-0.072000 -0.019682 
-0.071000 -0.019661 
-0.070000 -0.019639 
-0.069000 -0.019616 
-0.068000 -0.019593 
-0.067000 -0.019568 
-0.066000 -0.019543 
-0.065000 -0.019517 
-0.064000 -0.019491 
-0.063000 -0.019463 
-0.062000 -0.019435 
-0.061000 -0.019406 
-0.060000 -0.019377 
-0.059000 -0.019346 
-0.058000 -0.019315 
-0.057000 -0.019283 
-0.056000 -0.019250 
-0.055000 -0.019217 
-0.054000 -0.019183 
-0.053000 -0.019148 
-0.052000 -0.019112 
-0.051000 -0.019075 
-0.050000 -0.019038 
-0.049000 -0.019000 
-0.048000 -0.018961 
-0.047000 -0.018922 
-0.046000 -0.018881 
-0.045000 -0.018840 
-0.044000 -0.018799 
-0.043000 -0.018756 
-0.042000 -0.018713 
-0.041000 -0.018669 
-0.040000 -0.018624 
-0.039000 -0.018579 
-0.038000 -0.018533 
-0.037000 -0.018486 
-0.036000 -0.018438 
-0.035000 -0.018390 
-0.034000 -0.018341 
-0.033000 -0.018291 
-0.032000 -0.018240 
-0.031000 -0.018189 
-0.030000 -0.018137 
-0.029000 -0.018084 
-0.028000 -0.018031 
-0.027000 -0.017977 
-0.026000 -0.017922 
-0.025000 -0.017866 
-0.024000 -0.017810 
-0.023000 -0.017753 
-0.022000 -0.017695 
-0.021000 -0.017637 
-0.020000 -0.017578 
-0.019000 -0.017518 
-0.018000 -0.017458 
-0.017000 -0.017397 
-0.016000 -0.017335 
-0.015000 -0.017272 
-0.014000 -0.017209 
-0.013000 -0.017145 
-0.012000 -0.017081 
-0.011000 -0.017016 
-0.010000 -0.016950 
-0.009000 -0.016883 
-0.008000 -0.016816 
-0.007000 -0.016748 
-0.006000 -0.016680 
-0.005000 -0.016610 
-0.004000 -0.016541 
-0.003000 -0.016470 
-0.002000 -0.016399 
-0.001000 -0.016327 
-0.000000 -0.016255 
0.001000 -0.016182 
0.002000 -0.016108 
0.003000 -0.016033 
0.004000 -0.015958 
0.005000 -0.015883 
0.006000 -0.015807 
0.007000 -0.015730 
0.008000 -0.015652 
0.009000 -0.015574 
0.010000 -0.015495 
0.011000 -0.015416 
0.012000 -0.015336 
0.013000 -0.015256 
0.014000 -0.015174 
0.015000 -0.015093 
0.016000 -0.015010 
0.017000 -0.014927 
0.018000 -0.014844 
0.019000 -0.014760 
0.020000 -0.014675 
0.021000 -0.014590 
0.022000 -0.014504 
0.023000 -0.014417 
0.024000 -0.014330 
0.025000 -0.014243 
0.026000 -0.014155 
0.027000 -0.014066 
0.028000 -0.013977 
0.029000 -0.013887 
0.030000 -0.013797 
0.031000 -0.013706 
0.032000 -0.013614 
0.033000 -0.013522 
0.034000 -0.013430 
0.035000 -0.013337 
0.036000 -0.013243 
0.037000 -0.013149 
0.038000 -0.013054 
0.039000 -0.012959 
0.040000 -0.012864 
0.041000 -0.012768 
0.042000 -0.012671 
0.043000 -0.012574 
0.044000 -0.012476 
0.045000 -0.012378 
0.046000 -0.012279 
0.047000 -0.012180 
0.048000 -0.012081 
0.049000 -0.011981 
0.050000 -0.011880 
0.051000 -0.011779 
0.052000 -0.011678 
0.053000 -0.011576 
0.054000 -0.011473 
0.055000 -0.011371 
0.056000 -0.011267 
0.057000 -0.011164 
0.058000 -0.011059 
0.059000 -0.010955 
0.060000 -0.010850 
0.061000 -0.010744 
0.062000 -0.010638 
0.063000 -0.010532 
0.064000 -0.010425 
0.065000 -0.010318 
0.066000 -0.010211 
0.067000 -0.010103 
0.068000 -0.009994 
0.069000 -0.009886 
0.070000 -0.009776 
0.071000 -0.009667 
0.072000 -0.009557 
0.073000 -0.009447 
0.074000 -0.009336 
0.075000 -0.009225 
0.076000 -0.009114 
0.077000 -0.009002 
0.078000 -0.008890 
0.079000 -0.008777 
0.080000 -0.008665 
0.081000 -0.008551 
0.082000 -0.008438 
0.083000 -0.008324 
0.084000 -0.008210 
0.085000 -0.008096 
0.086000 -0.007981 
0.087000 -0.007866 
0.088000 -0.007750 
0.089000 -0.007635 
0.090000 -0.007518 
0.091000 -0.007402 
0.092000 -0.007286 
0.093000 -0.007169 
0.094000 -0.007051 
0.095000 -0.006934 
0.096000 -0.006816 
0.097000 -0.006698 
0.098000 -0.006580 
0.099000 -0.006462 
0.100000 -0.006343 
0.101000 -0.006224 
0.102000 -0.006104 
0.103000 -0.005985 
0.104000 -0.005865 
0.105000 -0.005745 
0.106000 -0.005625 
0.107000 -0.005505 
0.108000 -0.005384 
0.109000 -0.005263 
0.110000 -0.005142 
0.111000 -0.005021 
0.112000 -0.004899 
0.113000 -0.004778 
0.114000 -0.004656 
0.115000 -0.004534 
0.116000 -0.004411 
0.117000 -0.004289 
0.118000 -0.004167 
0.119000 -0.004044 
0.120000 -0.003921 
0.121000 -0.003798 
0.122000 -0.003675 
0.123000 -0.003551 
0.124000 -0.003428 
0.125000 -0.003304 
0.126000 -0.003181 
0.127000 -0.003057 
0.128000 -0.002933 
0.129000 -0.002809 
0.130000 -0.002684 
0.131000 -0.002560 
0.132000 -0.002436 
0.133000 -0.002311 
0.134000 -0.002187 
0.135000 -0.002062 
0.136000 -0.001937 
0.137000 -0.001812 
0.138000 -0.001687 
0.139000 -0.001562 
0.140000 -0.001437 
0.141000 -0.001312 
0.142000 -0.001187 
0.143000 -0.001062 
0.144000 -0.000937 
0.145000 -0.000811 
0.146000 -0.000686 
0.147000 -0.000561 
0.148000 -0.000435 
0.149000 -0.000310 
0.150000 -0.000184 
0.151000 -0.000059 
0.152000 0.000066 
0.153000 0.000192 
0.154000 0.000317 
0.155000 0.000443 
0.156000 0.000568 
0.157000 0.000693 
0.158000 0.000819 
0.159000 0.000944 
0.160000 0.001069 
0.161000 0.001194 
0.162000 0.001319 
0.163000 0.001445 
0.164000 0.001570 
0.165000 0.001695 
0.166000 0.001819 
0.167000 0.001944 
0.168000 0.002069 
0.169000 0.002194 
0.170000 0.002318 
0.171000 0.002443 
0.172000 0.002567 
0.173000 0.002692 
0.174000 0.002816 
0.175000 0.002940 
0.176000 0.003064 
0.177000 0.003188 
0.178000 0.003311 
0.179000 0.003435 
0.180000 0.003559 
0.181000 0.003682 
0.182000 0.003805 
0.183000 0.003928 
0.184000 0.004051 
0.185000 0.004174 
0.186000 0.004296 
0.187000 0.004419 
0.188000 0.004541 
0.189000 0.004663 
0.190000 0.004785 
0.191000 0.004906 
0.192000 0.005028 
0.193000 0.005149 
0.194000 0.005270 
0.195000 0.005391 
0.196000 0.005512 
0.197000 0.005632 
0.198000 0.005752 
0.199000 0.005872 
0.200000 0.005992 
0.201000 0.006111 
0.202000 0.006231 
0.203000 0.006350 
0.204000 0.006468 
0.205000 0.006587 
0.206000 0.006705 
0.207000 0.006823 
0.208000 0.006941 
0.209000 0.007058 
0.210000 0.007175 
0.211000 0.007292 
0.212000 0.007409 
0.213000 0.007525 
0.214000 0.007641 
0.215000 0.007757 
0.216000 0.007872 
0.217000 0.007987 
0.218000 0.008102 
0.219000 0.008217 
0.220000 0.008331 
0.221000 0.008445 
0.222000 0.008558 
0.223000 0.008671 
0.224000 0.008784 
0.225000 0.008896 
0.226000 0.009008 
0.227000 0.009120 
0.228000 0.009231 
0.229000 0.009342 
0.230000 0.009453 
0.231000 0.009563 
0.232000 0.009673 
0.233000 0.009783 
0.234000 0.009892 
0.235000 0.010001 
0.236000 0.010109 
0.237000 0.010217 
0.238000 0.010324 
0.239000 0.010431 
0.240000 0.010538 
0.241000 0.010644 
0.242000 0.010750 
0.243000 0.010856 
0.244000 0.010961 
0.245000 0.011065 
0.246000 0.011170 
0.247000 0.011273 
0.248000 0.011377 
0.249000 0.011479 
0.250000 0.011582 
0.251000 0.011684 
0.252000 0.011785 
0.253000 0.011886 
0.254000 0.011987 
0.255000 0.012087 
0.256000 0.012186 
0.257000 0.012285 
0.258000 0.012384 
0.259000 0.012482 
0.260000 0.012579 
0.261000 0.012677 
0.262000 0.012773 
0.263000 0.012869 
0.264000 0.012965 
0.265000 0.013060 
0.266000 0.013155 
0.267000 0.013249 
0.268000 0.013342 
0.269000 0.013435 
0.270000 0.013528 
0.271000 0.013620 
0.272000 0.013711 
0.273000 0.013802 
0.274000 0.013892 
0.275000 0.013982 
0.276000 0.014071 
0.277000 0.014160 
0.278000 0.014248 
0.279000 0.014335 
0.280000 0.014422 
0.281000 0.014509 
0.282000 0.014595 
0.283000 0.014680 
0.284000 0.014765 
0.285000 0.014849 
0.286000 0.014932 
0.287000 0.015015 
0.288000 0.015097 
0.289000 0.015179 
0.290000 0.015260 
0.291000 0.015341 
0.292000 0.015421 
0.293000 0.015500 
0.294000 0.015579 
0.295000 0.015657 
0.296000 0.015734 
0.297000 0.015811 
0.298000 0.015887 
0.299000 0.015963 
0.300000 0.016038 
0.301000 0.016112 
0.302000 0.016186 
0.303000 0.016259 
0.304000 0.016331 
0.305000 0.016403 
0.306000 0.016474 
0.307000 0.016545 
0.308000 0.016614 
0.309000 0.016684 
0.310000 0.016752 
0.311000 0.016820 
0.312000 0.016887 
0.313000 0.016954 
0.314000 0.017019 
0.315000 0.017085 
0.316000 0.017149 
0.317000 0.017213 
0.318000 0.017276 
0.319000 0.017339 
0.320000 0.017400 
0.321000 0.017461 
0.322000 0.017522 
0.323000 0.017582 
0.324000 0.017641 
0.325000 0.017699 
0.326000 0.017756 
0.327000 0.017813 
0.328000 0.017870 
0.329000 0.017925 
0.330000 0.017980 
0.331000 0.018034 
0.332000 0.018087 
0.333000 0.018140 
0.334000 0.018192 
0.335000 0.018243 
0.336000 0.018294 
0.337000 0.018343 
0.338000 0.018392 
0.339000 0.018441 
0.340000 0.018488 
0.341000 0.018535 
0.342000 0.018581 
0.343000 0.018627 
0.344000 0.018672 
0.345000 0.018715 
0.346000 0.018759 
0.347000 0.018801 
0.348000 0.018843 
0.349000 0.018884 
0.350000 0.018924 
0.351000 0.018964 
0.352000 0.019002 
0.353000 0.019040 
0.354000 0.019077 
0.355000 0.019114 
0.356000 0.019150 
0.357000 0.019185 
0.358000 0.019219 
0.359000 0.019252 
0.360000 0.019285 
0.361000 0.019317 
0.362000 0.019348 
0.363000 0.019378 
0.364000 0.019408 
0.365000 0.019437 
0.366000 0.019465 
0.367000 0.019492 
0.368000 0.019519 
0.369000 0.019545 
0.370000 0.019570 
0.371000 0.019594 
0.372000 0.019617 
0.373000 0.019640 
0.374000 0.019662 
0.375000 0.019683 
0.376000 0.019704 
0.377000 0.019723 
0.378000 0.019742 
0.379000 0.019760 
0.380000 0.019777 
0.381000 0.019794 
0.382000 0.019810 
0.383000 0.019824 
0.384000 0.019839 
0.385000 0.019852 
0.386000 0.019864 
0.387000 0.019876 
0.388000 0.019887 
0.389000 0.019897 
0.390000 0.019907 
0.391000 0.019916 
0.392000 0.019923 
0.393000 0.019930 
0.394000 0.019937 
0.395000 0.019942 
0.396000 0.019947 
0.397000 0.019951 
0.398000 0.019954 
0.399000 0.019956 
0.400000 0.019958 
0.401000 0.019959 
0.402000 0.019959 
0.403000 0.019958 
0.404000 0.019956 
0.405000 0.019954 
0.406000 0.019951 
0.407000 0.019947 
0.408000 0.019942 
0.409000 0.019936 
0.410000 0.019930 
0.411000 0.019923 
0.412000 0.019915 
0.413000 0.019906 
0.414000 0.019897 
0.415000 0.019887 
0.416000 0.019876 
0.417000 0.019864 
0.418000 0.019851 
0.419000 0.019838 
0.420000 0.019824 
0.421000 0.019809 
0.422000 0.019793 
0.423000 0.019776 
0.424000 0.019759 
0.425000 0.019741 
0.426000 0.019722 
0.427000 0.019702 
0.428000 0.019682 
0.429000 0.019661 
0.430000 0.019639 
0.431000 0.019616 
0.432000 0.019593 
0.433000 0.019568 
0.434000 0.019543 
0.435000 0.019517 
0.436000 0.019491 
0.437000 0.019463 
0.438000 0.019435 
0.439000 0.019406 
0.440000 0.019377 
0.441000 0.019346 
0.442000 0.019315 
0.443000 0.019283 
0.444000 0.019250 
0.445000 0.019217 
0.446000 0.019183 
0.447000 0.019148 
0.448000 0.019112 
0.449000 0.019075 
0.450000 0.019038 
0.451000 0.019000 
0.452000 0.018961 
0.453000 0.018922 
0.454000 0.018881 
0.455000 0.018840 
0.456000 0.018799 
0.457000 0.018756 
0.458000 0.018713 
0.459000 0.018669 
0.460000 0.018624 
0.461000 0.018579 
0.462000 0.018533 
0.463000 0.018486 
0.464000 0.018438 
0.465000 0.018390 
0.466000 0.018341 
0.467000 0.018291 
0.468000 0.018240 
0.469000 0.018189 
0.470000 0.018137 
0.471000 0.018084 
0.472000 0.018031 
0.473000 0.017977 
0.474000 0.017922 
0.475000 0.017866 
0.476000 0.017810 
0.477000 0.017753 
0.478000 0.017695 
0.479000 0.017637 
0.480000 0.017578 
0.481000 0.017518 
0.482000 0.017458 
0.483000 0.017397 
0.484000 0.017335 
0.485000 0.017272 
0.486000 0.017209 
0.487000 0.017145 
0.488000 0.017081 
0.489000 0.017016 
0.490000 0.016950 
0.491000 0.016883 
0.492000 0.016816 
0.493000 0.016748 
0.494000 0.016680 
0.495000 0.016610 
0.496000 0.016541 
0.497000 0.016470 
0.498000 0.016399 
0.499000 0.016327 
0.500000 0.016255 
0.501000 0.016182 
0.502000 0.016108 
0.503000 0.016033 
0.504000 0.015958 
0.505000 0.015883 
0.506000 0.015807 
0.507000 0.015730 
0.508000 0.015652 
0.509000 0.015574 
0.510000 0.015495 
0.511000 0.015416 
0.512000 0.015336 
0.513000 0.015256 
0.514000 0.015174 
0.515000 0.015093 
0.516000 0.015010 
0.517000 0.014927 
0.518000 0.014844 
0.519000 0.014760 
0.520000 0.014675 
0.521000 0.014590 
0.522000 0.014504 
0.523000 0.014417 
0.524000 0.014330 
0.525000 0.014243 
0.526000 0.014155 
0.527000 0.014066 
0.528000 0.013977 
0.529000 0.013887 
0.530000 0.013797 
0.531000 0.013706 
0.532000 0.013614 
0.533000 0.013522 
0.534000 0.013430 
0.535000 0.013337 
0.536000 0.013243 
0.537000 0.013149 
0.538000 0.013054 
0.539000 0.012959 
0.540000 0.012864 
0.541000 0.012768 
0.542000 0.012671 
0.543000 0.012574 
0.544000 0.012476 
0.545000 0.012378 
0.546000 0.012279 
0.547000 0.012180 
0.548000 0.012081 
0.549000 0.011981 
0.550000 0.011880 
0.551000 0.011779 
0.552000 0.011678 
0.553000 0.011576 
0.554000 0.011473 
0.555000 0.011371 
0.556000 0.011267 
0.557000 0.011164 
0.558000 0.011059 
0.559000 0.010955 
0.560000 0.010850 
0.561000 0.010744 
0.562000 0.010638 
0.563000 0.010532 
0.564000 0.010425 
0.565000 0.010318 
0.566000 0.010211 
0.567000 0.010103 
0.568000 0.009994 
0.569000 0.009886 
0.570000 0.009776 
0.571000 0.009667 
0.572000 0.009557 
0.573000 0.009447 
0.574000 0.009336 
0.575000 0.009225 
0.576000 0.009114 
0.577000 0.009002 
0.578000 0.008890 
0.579000 0.008777 
0.580000 0.008665 
0.581000 0.008551 
0.582000 0.008438 
0.583000 0.008324 
0.584000 0.008210 
0.585000 0.008096 
0.586000 0.007981 
0.587000 0.007866 
0.588000 0.007750 
0.589000 0.007635 
0.590000 0.007518 
0.591000 0.007402 
0.592000 0.007286 
0.593000 0.007169 
0.594000 0.007051 
0.595000 0.006934 
0.596000 0.006816 
0.597000 0.006698 
0.598000 0.006580 
0.599000 0.006462 
0.600000 0.006343 
0.601000 0.006224 
0.602000 0.006104 
0.603000 0.005985 
0.604000 0.005865 
0.605000 0.005745 
0.606000 0.005625 
0.607000 0.005505 
0.608000 0.005384 
0.609000 0.005263 
0.610000 0.005142 
0.611000 0.005021 
0.612000 0.004899 
0.613000 0.004778 
0.614000 0.004656 
0.615000 0.004534 
0.616000 0.004411 
0.617000 0.004289 
0.618000 0.004167 
0.619000 0.004044 
0.620000 0.003921 
0.621000 0.003798 
0.622000 0.003675 
0.623000 0.003551 
0.624000 0.003428 
0.625000 0.003304 
0.626000 0.003181 
0.627000 0.003057 
0.628000 0.002933 
0.629000 0.002809 
0.630000 0.002684 
0.631000 0.002560 
0.632000 0.002436 
0.633000 0.002311 
0.634000 0.002187 
0.635000 0.002062 
0.636000 0.001937 
0.637000 0.001812 
0.638000 0.001687 
0.639000 0.001562 
0.640000 0.001437 
0.641000 0.001312 
0.642000 0.001187 
0.643000 0.001062 
0.644000 0.000937 
0.645000 0.000811 
0.646000 0.000686 
0.647000 0.000561 
0.648000 0.000435 
0.649000 0.000310 
0.650000 0.000184 
0.651000 0.000059 
0.652000 -0.000066 
0.653000 -0.000192 
0.654000 -0.000317 
0.655000 -0.000443 
0.656000 -0.000568 
0.657000 -0.000693 
0.658000 -0.000819 
0.659000 -0.000944 
0.660000 -0.001069 
0.661000 -0.001194 
0.662000 -0.001319 
0.663000 -0.001445 
0.664000 -0.001570 
0.665000 -0.001695 
0.666000 -0.001819 
0.667000 -0.001944 
0.668000 -0.002069 
0.669000 -0.002194 
0.670000 -0.002318 
0.671000 -0.002443 
0.672000 -0.002567 
0.673000 -0.002692 
0.674000 -0.002816 
0.675000 -0.002940 
0.676000 -0.003064 
0.677000 -0.003188 
0.678000 -0.003311 
0.679000 -0.003435 
0.680000 -0.003559 
0.681000 -0.003682 
0.682000 -0.003805 
0.683000 -0.003928 
0.684000 -0.004051 
0.685000 -0.004174 
0.686000 -0.004296 
0.687000 -0.004419 
0.688000 -0.004541 
0.689000 -0.004663 
0.690000 -0.004785 
0.691000 -0.004906 
0.692000 -0.005028 
0.693000 -0.005149 
0.694000 -0.005270 
0.695000 -0.005391 
0.696000 -0.005512 
0.697000 -0.005632 
0.698000 -0.005752 
0.699000 -0.005872 
0.700000 -0.005992 
0.701000 -0.006111 
0.702000 -0.006231 
0.703000 -0.006350 
0.704000 -0.006468 
0.705000 -0.006587 
0.706000 -0.006705 
0.707000 -0.006823 
0.708000 -0.006941 
0.709000 -0.007058 
0.710000 -0.007175 
0.711000 -0.007292 
0.712000 -0.007409 
0.713000 -0.007525 
0.714000 -0.007641 
0.715000 -0.007757 
0.716000 -0.007872 
0.717000 -0.007987 
0.718000 -0.008102 
0.719000 -0.008217 
0.720000 -0.008331 
0.721000 -0.008445 
0.722000 -0.008558 
0.723000 -0.008671 
0.724000 -0.008784 
0.725000 -0.008896 
0.726000 -0.009008 
0.727000 -0.009120 
0.728000 -0.009231 
0.729000 -0.009342 
0.730000 -0.009453 
0.731000 -0.009563 
0.732000 -0.009673 
0.733000 -0.009783 
0.734000 -0.009892 
0.735000 -0.010001 
0.736000 -0.010109 
0.737000 -0.010217 
0.738000 -0.010324 
0.739000 -0.010431 
0.740000 -0.010538 
0.741000 -0.010644 
0.742000 -0.010750 
0.743000 -0.010856 
0.744000 -0.010961 
0.745000 -0.011065 
0.746000 -0.011170 
0.747000 -0.011273 
0.748000 -0.011377 
0.749000 -0.011479 
0.750000 -0.011582 
0.751000 -0.011684 
0.752000 -0.011785 
0.753000 -0.011886 
0.754000 -0.011987 
0.755000 -0.012087 
0.756000 -0.012186 
0.757000 -0.012285 
0.758000 -0.012384 
0.759000 -0.012482 
0.760000 -0.012579 
0.761000 -0.012677 
0.762000 -0.012773 
0.763000 -0.012869 
0.764000 -0.012965 
0.765000 -0.013060 
0.766000 -0.013155 
0.767000 -0.013249 
0.768000 -0.013342 
0.769000 -0.013435 
0.770000 -0.013528 
0.771000 -0.013620 
0.772000 -0.013711 
0.773000 -0.013802 
0.774000 -0.013892 
0.775000 -0.013982 
0.776000 -0.014071 
0.777000 -0.014160 
0.778000 -0.014248 
0.779000 -0.014335 
0.780000 -0.014422 
0.781000 -0.014509 
0.782000 -0.014595 
0.783000 -0.014680 
0.784000 -0.014765 
0.785000 -0.014849 
0.786000 -0.014932 
0.787000 -0.015015 
0.788000 -0.015097 
0.789000 -0.015179 
0.790000 -0.015260 
0.791000 -0.015341 
0.792000 -0.015421 
0.793000 -0.015500 
0.794000 -0.015579 
0.795000 -0.015657 
0.796000 -0.015734 
0.797000 -0.015811 
0.798000 -0.015887 
0.799000 -0.015963 
0.800000 -0.016038 
0.801000 -0.016112 
0.802000 -0.016186 
0.803000 -0.016259 
0.804000 -0.016331 
0.805000 -0.016403 
0.806000 -0.016474 
0.807000 -0.016545 
0.808000 -0.016614 
0.809000 -0.016684 
0.810000 -0.016752 
0.811000 -0.016820 
0.812000 -0.016887 
0.813000 -0.016954 
0.814000 -0.017019 
0.815000 -0.017085 
0.816000 -0.017149 
0.817000 -0.017213 
0.818000 -0.017276 
0.819000 -0.017339 
0.820000 -0.017400 
0.821000 -0.017461 
0.822000 -0.017522 
0.823000 -0.017582 
0.824000 -0.017641 
0.825000 -0.017699 
0.826000 -0.017756 
0.827000 -0.017813 
0.828000 -0.017870 
0.829000 -0.017925 
0.830000 -0.017980 
0.831000 -0.018034 
0.832000 -0.018087 
0.833000 -0.018140 
0.834000 -0.018192 
0.835000 -0.018243 
0.836000 -0.018294 
0.837000 -0.018343 
0.838000 -0.018392 
0.839000 -0.018441 
0.840000 -0.018488 
0.841000 -0.018535 
0.842000 -0.018581 
0.843000 -0.018627 
0.844000 -0.018672 
0.845000 -0.018715 
0.846000 -0.018759 
0.847000 -0.018801 
0.848000 -0.018843 
0.849000 -0.018884 
0.850000 -0.018924 
0.851000 -0.018964 
0.852000 -0.019002 
0.853000 -0.019040 
0.854000 -0.019077 
0.855000 -0.019114 
0.856000 -0.019150 
0.857000 -0.019185 
0.858000 -0.019219 
0.859000 -0.019252 
0.860000 -0.019285 
0.861000 -0.019317 
0.862000 -0.019348 
0.863000 -0.019378 
0.864000 -0.019408 
0.865000 -0.019437 
0.866000 -0.019465 
0.867000 -0.019492 
0.868000 -0.019519 
0.869000 -0.019545 
0.870000 -0.019570 
0.871000 -0.019594 
0.872000 -0.019617 
0.873000 -0.019640 
0.874000 -0.019662 
0.875000 -0.019683 
0.876000 -0.019704 
0.877000 -0.019723 
0.878000 -0.019742 
0.879000 -0.019760 
0.880000 -0.019777 
0.881000 -0.019794 
0.882000 -0.019810 
0.883000 -0.019824 
0.884000 -0.019839 
0.885000 -0.019852 
0.886000 -0.019864 
0.887000 -0.019876 
0.888000 -0.019887 
0.889000 -0.019897 
0.890000 -0.019907 
0.891000 -0.019916 
0.892000 -0.019923 
0.893000 -0.019930 
0.894000 -0.019937 
0.895000 -0.019942 
0.896000 -0.019947 
0.897000 -0.019951 
0.898000 -0.019954 
0.899000 -0.019956 
0.900000 -0.019958 
0.901000 -0.019959 
0.902000 -0.019959 
0.903000 -0.019958 
0.904000 -0.019956 
0.905000 -0.019954 
0.906000 -0.019951 
0.907000 -0.019947 
0.908000 -0.019942 
0.909000 -0.019936 
0.910000 -0.019930 
0.911000 -0.019923 
0.912000 -0.019915 
0.913000 -0.019906 
0.914000 -0.019897 
0.915000 -0.019887 
0.916000 -0.019876 
0.917000 -0.019864 
0.918000 -0.019851 
0.919000 -0.019838 
0.920000 -0.019824 
0.921000 -0.019809 
0.922000 -0.019793 
0.923000 -0.019776 
0.924000 -0.019759 
0.925000 -0.019741 
0.926000 -0.019722 
0.927000 -0.019702 
0.928000 -0.019682 
0.929000 -0.019661 
0.930000 -0.019639 
0.931000 -0.019616 
0.932000 -0.019593 
0.933000 -0.019568 
0.934000 -0.019543 
0.935000 -0.019517 
0.936000 -0.019491 
0.937000 -0.019463 
0.938000 -0.019435 
0.939000 -0.019406 
0.940000 -0.019377 
0.941000 -0.019346 
0.942000 -0.019315 
0.943000 -0.019283 
0.944000 -0.019250 
0.945000 -0.019217 
0.946000 -0.019183 
0.947000 -0.019148 
0.948000 -0.019112 
0.949000 -0.019075 
0.950000 -0.019038 
0.951000 -0.019000 
0.952000 -0.018961 
0.953000 -0.018922 
0.954000 -0.018881 
0.955000 -0.018840 
0.956000 -0.018799 
0.957000 -0.018756 
0.958000 -0.018713 
0.959000 -0.018669 
0.960000 -0.018624 
0.961000 -0.018579 
0.962000 -0.018533 
0.963000 -0.018486 
0.964000 -0.018438 
0.965000 -0.018390 
0.966000 -0.018341 
0.967000 -0.018291 
0.968000 -0.018240 
0.969000 -0.018189 
0.970000 -0.018137 
0.971000 -0.018084 
0.972000 -0.018031 
0.973000 -0.017977 
0.974000 -0.017922 
0.975000 -0.017866 
0.976000 -0.017810 
0.977000 -0.017753 
0.978000 -0.017695 
0.979000 -0.017637 
0.980000 -0.017578 
0.981000 -0.017518 
0.982000 -0.017458 
0.983000 -0.017397 
0.984000 -0.017335 
0.985000 -0.017272 
0.986000 -0.017209 
0.987000 -0.017145 
0.988000 -0.017081 
0.989000 -0.017016 
0.990000 -0.016950 
0.991000 -0.016883 
0.992000 -0.016816 
0.993000 -0.016748 
0.994000 -0.016680 
0.995000 -0.016610 
0.996000 -0.016541 
0.997000 -0.016470 
0.998000 -0.016399 
0.999000 -0.016327 
1.000000 -0.016255 
1.001000 -0.016182 
1.002000 -0.016108 
1.003000 -0.016033 
1.004000 -0.015958 
1.005000 -0.015883 
1.006000 -0.015807 
1.007000 -0.015730 
1.008000 -0.015652 
1.009000 -0.015574 
1.010000 -0.015495 
1.011000 -0.015416 
1.012000 -0.015336 
1.013000 -0.015256 
1.014000 -0.015174 
1.015000 -0.015093 
1.016000 -0.015010 
1.017000 -0.014927 
1.018000 -0.014844 
1.019000 -0.014760 
1.020000 -0.014675 
1.021000 -0.014590 
1.022000 -0.014504 
1.023000 -0.014417 
1.024000 -0.014330 
1.025000 -0.014243 
1.026000 -0.014155 
1.027000 -0.014066 
1.028000 -0.013977 
1.029000 -0.013887 
1.030000 -0.013797 
1.031000 -0.013706 
1.032000 -0.013614 
1.033000 -0.013522 
1.034000 -0.013430 
1.035000 -0.013337 
1.036000 -0.013243 
1.037000 -0.013149 
1.038000 -0.013054 
1.039000 -0.012959 
1.040000 -0.012864 
1.041000 -0.012768 
1.042000 -0.012671 
1.043000 -0.012574 
1.044000 -0.012476 
1.045000 -0.012378 
1.046000 -0.012279 
1.047000 -0.012180 
1.048000 -0.012081 
1.049000 -0.011981 
1.050000 -0.011880 
1.051000 -0.011779 
1.052000 -0.011678 
1.053000 -0.011576 
1.054000 -0.011473 
1.055000 -0.011371 
1.056000 -0.011267 
1.057000 -0.011164 
1.058000 -0.011059 
1.059000 -0.010955 
1.060000 -0.010850 
1.061000 -0.010744 
1.062000 -0.010638 
1.063000 -0.010532 
1.064000 -0.010425 
1.065000 -0.010318 
1.066000 -0.010211 
1.067000 -0.010103 
1.068000 -0.009994 
1.069000 -0.009886 
1.070000 -0.009776 
1.071000 -0.009667 
1.072000 -0.009557 
1.073000 -0.009447 
1.074000 -0.009336 
1.075000 -0.009225 
1.076000 -0.009114 
1.077000 -0.009002 
1.078000 -0.008890 
1.079000 -0.008777 
1.080000 -0.008665 
1.081000 -0.008551 
1.082000 -0.008438 
1.083000 -0.008324 
1.084000 -0.008210 
1.085000 -0.008096 
1.086000 -0.007981 
1.087000 -0.007866 
1.088000 -0.007750 
1.089000 -0.007635 
1.090000 -0.007518 
1.091000 -0.007402 
1.092000 -0.007286 
1.093000 -0.007169 
1.094000 -0.007051 
1.095000 -0.006934 
1.096000 -0.006816 
1.097000 -0.006698 
1.098000 -0.006580 
1.099000 -0.006462 
1.100000 -0.006343 
1.101000 -0.006224 
1.102000 -0.006104 
1.103000 -0.005985 
1.104000 -0.005865 
1.105000 -0.005745 
1.106000 -0.005625 
1.107000 -0.005505 
1.108000 -0.005384 
1.109000 -0.005263 
1.110000 -0.005142 
1.111000 -0.005021 
1.112000 -0.004899 
1.113000 -0.004778 
1.114000 -0.004656 
1.115000 -0.004534 
1.116000 -0.004411 
1.117000 -0.004289 
1.118000 -0.004167 
1.119000 -0.004044 
1.120000 -0.003921 
1.121000 -0.003798 
1.122000 -0.003675 
1.123000 -0.003551 
1.124000 -0.003428 
1.125000 -0.003304 
1.126000 -0.003181 
1.127000 -0.003057 
1.128000 -0.002933 
1.129000 -0.002809 
1.130000 -0.002684 
1.131000 -0.002560 
1.132000 -0.002436 
1.133000 -0.002311 
1.134000 -0.002187 
1.135000 -0.002062 
1.136000 -0.001937 
1.137000 -0.001812 
1.138000 -0.001687 
1.139000 -0.001562 
1.140000 -0.001437 
1.141000 -0.001312 
1.142000 -0.001187 
1.143000 -0.001062 
1.144000 -0.000937 
1.145000 -0.000811 
1.146000 -0.000686 
1.147000 -0.000561 
1.148000 -0.000435 
1.149000 -0.000310 
1.150000 -0.000184 
1.151000 -0.000059 
1.152000 0.000066 
1.153000 0.000192 
1.154000 0.000317 
1.155000 0.000443 
1.156000 0.000568 
1.157000 0.000693 
1.158000 0.000819 
1.159000 0.000944 
1.160000 0.001069 
1.161000 0.001194 
1.162000 0.001319 
1.163000 0.001445 
1.164000 0.001570 
1.165000 0.001695 
1.166000 0.001819 
1.167000 0.001944 
1.168000 0.002069 
1.169000 0.002194 
1.170000 0.002318 
1.171000 0.002443 
1.172000 0.002567 
1.173000 0.002692 
1.174000 0.002816 
1.175000 0.002940 
1.176000 0.003064 
1.177000 0.003188 
1.178000 0.003311 
1.179000 0.003435 
1.180000 0.003559 
1.181000 0.003682 
1.182000 0.003805 
1.183000 0.003928 
1.184000 0.004051 
1.185000 0.004174 
1.186000 0.004296 
1.187000 0.004419 
1.188000 0.004541 
1.189000 0.004663 
1.190000 0.004785 
1.191000 0.004906 
1.192000 0.005028 
1.193000 0.005149 
1.194000 0.005270 
1.195000 0.005391 
1.196000 0.005512 
1.197000 0.005632 
1.198000 0.005752 
1.199000 0.005872 
1.200000 0.005992 
1.201000 0.006111 
1.202000 0.006231 
1.203000 0.006350 
1.204000 0.006468 
1.205000 0.006587 
1.206000 0.006705 
1.207000 0.006823 
1.208000 0.006941 
1.209000 0.007058 
1.210000 0.007175 
1.211000 0.007292 
1.212000 0.007409 
1.213000 0.007525 
1.214000 0.007641 
1.215000 0.007757 
1.216000 0.007872 
1.217000 0.007987 
1.218000 0.008102 
1.219000 0.008217 
1.220000 0.008331 
1.221000 0.008445 
1.222000 0.008558 
1.223000 0.008671 
1.224000 0.008784 
1.225000 0.008896 
1.226000 0.009008 
1.227000 0.009120 
1.228000 0.009231 
1.229000 0.009342 
1.230000 0.009453 
1.231000 0.009563 
1.232000 0.009673 
1.233000 0.009783 
1.234000 0.009892 
1.235000 0.010001 
1.236000 0.010109 
1.237000 0.010217 
1.238000 0.010324 
1.239000 0.010431 
1.240000 0.010538 
1.241000 0.010644 
1.242000 0.010750 
1.243000 0.010856 
1.244000 0.010961 
1.245000 0.011065 
1.246000 0.011170 
1.247000 0.011273 
1.248000 0.011377 
1.249000 0.011479 
1.250000 0.011582 
1.251000 0.011684 
1.252000 0.011785 
1.253000 0.011886 
1.254000 0.011987 
1.255000 0.012087 
1.256000 0.012186 
1.257000 0.012285 
1.258000 0.012384 
1.259000 0.012482 
1.260000 0.012579 
1.261000 0.012677 
1.262000 0.012773 
1.263000 0.012869 
1.264000 0.012965 
1.265000 0.013060 
1.266000 0.013155 
1.267000 0.013249 
1.268000 0.013342 
1.269000 0.013435 
1.270000 0.013528 
1.271000 0.013620 
1.272000 0.013711 
1.273000 0.013802 
1.274000 0.013892 
1.275000 0.013982 
1.276000 0.014071 
1.277000 0.014160 
1.278000 0.014248 
1.279000 0.014335 
1.280000 0.014422 
1.281000 0.014509 
1.282000 0.014595 
1.283000 0.014680 
1.284000 0.014765 
1.285000 0.014849 
1.286000 0.014932 
1.287000 0.015015 
1.288000 0.015097 
1.289000 0.015179 
1.290000 0.015260 
1.291000 0.015341 
1.292000 0.015421 
1.293000 0.015500 
1.294000 0.015579 
1.295000 0.015657 
1.296000 0.015734 
1.297000 0.015811 
1.298000 0.015887 
1.299000 0.015963 
1.300000 0.016038 
1.301000 0.016112 
1.302000 0.016186 
1.303000 0.016259 
1.304000 0.016331 
1.305000 0.016403 
1.306000 0.016474 
1.307000 0.016545 
1.308000 0.016614 
1.309000 0.016684 
1.310000 0.016752 
1.311000 0.016820 
1.312000 0.016887 
1.313000 0.016954 
1.314000 0.017019 
1.315000 0.017085 
1.316000 0.017149 
1.317000 0.017213 
1.318000 0.017276 
1.319000 0.017339 
1.320000 0.017400 
1.321000 0.017461 
1.322000 0.017522 
1.323000 0.017582 
1.324000 0.017641 
1.325000 0.017699 
1.326000 0.017756 
1.327000 0.017813 
1.328000 0.017870 
1.329000 0.017925 
1.330000 0.017980 
1.331000 0.018034 
1.332000 0.018087 
1.333000 0.018140 
1.334000 0.018192 
1.335000 0.018243 
1.336000 0.018294 
1.337000 0.018343 
1.338000 0.018392 
1.339000 0.018441 
1.340000 0.018488 
1.341000 0.018535 
1.342000 0.018581 
1.343000 0.018627 
1.344000 0.018672 
1.345000 0.018715 
1.346000 0.018759 
1.347000 0.018801 
1.348000 0.018843 
1.349000 0.018884 
1.350000 0.018924 
1.351000 0.018964 
1.352000 0.019002 
1.353000 0.019040 
1.354000 0.019077 
1.355000 0.019114 
1.356000 0.019150 
1.357000 0.019185 
1.358000 0.019219 
1.359000 0.019252 
1.360000 0.019285 
1.361000 0.019317 
1.362000 0.019348 
1.363000 0.019378 
1.364000 0.019408 
1.365000 0.019437 
1.366000 0.019465 
1.367000 0.019492 
1.368000 0.019519 
1.369000 0.019545 
1.370000 0.019570 
1.371000 0.019594 
1.372000 0.019617 
1.373000 0.019640 
1.374000 0.019662 
1.375000 0.019683 
1.376000 0.019704 
1.377000 0.019723 
1.378000 0.019742 
1.379000 0.019760 
1.380000 0.019777 
1.381000 0.019794 
1.382000 0.019810 
1.383000 0.019824 
1.384000 0.019839 
1.385000 0.019852 
1.386000 0.019864 
1.387000 0.019876 
1.388000 0.019887 
1.389000 0.019897 
1.390000 0.019907 
1.391000 0.019916 
1.392000 0.019923 
1.393000 0.019930 
1.394000 0.019937 
1.395000 0.019942 
1.396000 0.019947 
1.397000 0.019951 
1.398000 0.019954 
1.399000 0.019956 
1.400000 0.019958 
1.401000 0.019959 
1.402000 0.019959 
1.403000 0.019958 
1.404000 0.019956 
1.405000 0.019954 
1.406000 0.019951 
1.407000 0.019947 
1.408000 0.019942 
1.409000 0.019936 
1.410000 0.019930 
1.411000 0.019923 
1.412000 0.019915 
1.413000 0.019906 
1.414000 0.019897 
1.415000 0.019887 
1.416000 0.019876 
1.417000 0.019864 
1.418000 0.019851 
1.419000 0.019838 
1.420000 0.019824 
1.421000 0.019809 
1.422000 0.019793 
1.423000 0.019776 
1.424000 0.019759 
1.425000 0.019741 
1.426000 0.019722 
1.427000 0.019702 
1.428000 0.019682 
1.429000 0.019661 
1.430000 0.019639 
1.431000 0.019616 
1.432000 0.019593 
1.433000 0.019568 
1.434000 0.019543 
1.435000 0.019517 
1.436000 0.019491 
1.437000 0.019463 
1.438000 0.019435 
1.439000 0.019406 
1.440000 0.019377 
1.441000 0.019346 
1.442000 0.019315 
1.443000 0.019283 
1.444000 0.019250 
1.445000 0.019217 
1.446000 0.019183 
1.447000 0.019148 
1.448000 0.019112 
1.449000 0.019075 
1.450000 0.019038 
1.451000 0.019000 
1.452000 0.018961 
1.453000 0.018922 
1.454000 0.018881 
1.455000 0.018840 
1.456000 0.018799 
1.457000 0.018756 
1.458000 0.018713 
1.459000 0.018669 
1.460000 0.018624 
1.461000 0.018579 
1.462000 0.018533 
1.463000 0.018486 
1.464000 0.018438 
1.465000 0.018390 
1.466000 0.018341 
1.467000 0.018291 
1.468000 0.018240 
1.469000 0.018189 
1.470000 0.018137 
1.471000 0.018084 
1.472000 0.018031 
1.473000 0.017977 
1.474000 0.017922 
1.475000 0.017866 
1.476000 0.017810 
1.477000 0.017753 
1.478000 0.017695 
1.479000 0.017637 
1.480000 0.017578 
1.481000 0.017518 
1.482000 0.017458 
1.483000 0.017397 
1.484000 0.017335 
1.485000 0.017272 
1.486000 0.017209 
1.487000 0.017145 
1.488000 0.017081 
1.489000 0.017016 
1.490000 0.016950 
1.491000 0.016883 
1.492000 0.016816 
1.493000 0.016748 
1.494000 0.016680 
1.495000 0.016610 
1.496000 0.016541 
1.497000 0.016470 
1.498000 0.016399 
1.499000 0.016327 
