descriptor Tc_phase m_phase 
-1.500000 0.000000 
-1.499000 0.868729 
-1.498000 1.737424 
-1.497000 2.606050 
-1.496000 3.474573 
-1.495000 4.342960 
-1.494000 5.211174 
-1.493000 6.079183 
-1.492000 6.946952 
-1.491000 7.814447 
-1.490000 8.681633 
-1.489000 9.548477 
-1.488000 10.414943 
-1.487000 11.280999 
-1.486000 12.146609 
-1.485000 13.011739 
-1.484000 13.876356 
-1.483000 14.740425 
-1.482000 15.603912 
-1.481000 16.466783 
-1.480000 17.329004 
-1.479000 18.190541 
-1.478000 19.051360 
-1.477000 19.911426 
-1.476000 20.770707 
-1.475000 21.629167 
-1.474000 22.486774 
-1.473000 23.343493 
-1.472000 24.199290 
-1.471000 25.054132 
-1.470000 25.907985 
-1.469000 26.760815 
-1.468000 27.612589 
-1.467000 28.463272 
-1.466000 29.312832 
-1.465000 30.161235 
-1.464000 31.008447 
-1.463000 31.854435 
-1.462000 32.699165 
-1.461000 33.542604 
-1.460000 34.384719 
-1.459000 35.225477 
-1.458000 36.064844 
-1.457000 36.902787 
-1.456000 37.739274 
-1.455000 38.574270 
-1.454000 39.407744 
-1.453000 40.239662 
-1.452000 41.069991 
-1.451000 41.898699 
-1.450000 42.725753 
-1.449000 43.551120 
-1.448000 44.374767 
-1.447000 45.196663 
-1.446000 46.016775 
-1.445000 46.835070 
-1.444000 47.651516 
-1.443000 48.466081 
-1.442000 49.278732 
-1.441000 50.089438 
-1.440000 50.898167 
-1.439000 51.704886 
-1.438000 52.509564 
-1.437000 53.312169 
-1.436000 54.112669 
-1.435000 54.911034 
-1.434000 55.707230 
-1.433000 56.501227 
-1.432000 57.292993 
-1.431000 58.082498 
-1.430000 58.869709 
-1.429000 59.654597 
-1.428000 60.437130 
-1.427000 61.217276 
-1.426000 61.995006 
-1.425000 62.770288 
-1.424000 63.543092 
-1.423000 64.313388 
-1.422000 65.081145 
-1.421000 65.846332 
-1.420000 66.608920 
-1.419000 67.368879 
-1.418000 68.126177 
-1.417000 68.880786 
-1.416000 69.632676 
-1.415000 70.381817 
-1.414000 71.128180 
-1.413000 71.871734 
-1.412000 72.612451 
-1.411000 73.350301 
-1.410000 74.085256 
-1.409000 74.817286 
-1.408000 75.546362 
-1.407000 76.272456 
-1.406000 76.995538 
-1.405000 77.715581 
-1.404000 78.432556 
-1.403000 79.146435 
-1.402000 79.857189 
-1.401000 80.564790 
-1.400000 81.269211 
-1.399000 81.970423 
-1.398000 82.668400 
-1.397000 83.363112 
-1.396000 84.054534 
-1.395000 84.742638 
-1.394000 85.427396 
-1.393000 86.108781 
-1.392000 86.786767 
-1.391000 87.461327 
-1.390000 88.132434 
-1.389000 88.800061 
-1.388000 89.464183 
-1.387000 90.124773 
-1.386000 90.781805 
-1.385000 91.435253 
-1.384000 92.085092 
-1.383000 92.731295 
-1.382000 93.373837 
-1.381000 94.012693 
-1.380000 94.647838 
-1.379000 95.279246 
-1.378000 95.906892 
-1.377000 96.530752 
-1.376000 97.150802 
-1.375000 97.767016 
-1.374000 98.379370 
-1.373000 98.987841 
-1.372000 99.592404 
-1.371000 100.193035 
-1.370000 100.789710 
-1.369000 101.382407 
-1.368000 101.971101 
-1.367000 102.555769 
-1.366000 103.136389 
-1.365000 103.712937 
-1.364000 104.285390 
-1.363000 104.853727 
-1.362000 105.417924 
-1.361000 105.977960 
-1.360000 106.533812 
-1.359000 107.085457 
-1.358000 107.632876 
-1.357000 108.176045 
-1.356000 108.714943 
-1.355000 109.249550 
-1.354000 109.779844 
-1.353000 110.305804 
-1.352000 110.827409 
-1.351000 111.344639 
-1.350000 111.857473 
-1.349000 112.365891 
-1.348000 112.869873 
-1.347000 113.369399 
-1.346000 113.864450 
-1.345000 114.355005 
-1.344000 114.841046 
-1.343000 115.322553 
-1.342000 115.799508 
-1.341000 116.271891 
-1.340000 116.739683 
-1.339000 117.202867 
-1.338000 117.661424 
-1.337000 118.115336 
-1.336000 118.564585 
-1.335000 119.009154 
-1.334000 119.449024 
-1.333000 119.884178 
-1.332000 120.314599 
-1.331000 120.740271 
-1.330000 121.161176 
-1.329000 121.577298 
-1.328000 121.988620 
-1.327000 122.395126 
-1.326000 122.796801 
-1.325000 123.193627 
-1.324000 123.585590 
-1.323000 123.972674 
-1.322000 124.354864 
-1.321000 124.732145 
-1.320000 125.104501 
-1.319000 125.471918 
-1.318000 125.834382 
-1.317000 126.191878 
-1.316000 126.544393 
-1.315000 126.891912 
-1.314000 127.234421 
-1.313000 127.571907 
-1.312000 127.904357 
-1.311000 128.231757 
-1.310000 128.554095 
-1.309000 128.871358 
-1.308000 129.183534 
-1.307000 129.490609 
-1.306000 129.792572 
-1.305000 130.089412 
-1.304000 130.381115 
-1.303000 130.667672 
-1.302000 130.949070 
-1.301000 131.225298 
-1.300000 131.496346 
-1.299000 131.762202 
-1.298000 132.022857 
-1.297000 132.278299 
-1.296000 132.528520 
-1.295000 132.773508 
-1.294000 133.013255 
-1.293000 133.247751 
-1.292000 133.476986 
-1.291000 133.700952 
-1.290000 133.919640 
-1.289000 134.133040 
-1.288000 134.341146 
-1.287000 134.543948 
-1.286000 134.741438 
-1.285000 134.933609 
-1.284000 135.120453 
-1.283000 135.301962 
-1.282000 135.478130 
-1.281000 135.648950 
-1.280000 135.814414 
-1.279000 135.974517 
-1.278000 136.129252 
-1.277000 136.278612 
-1.276000 136.422593 
-1.275000 136.561188 
-1.274000 136.694391 
-1.273000 136.822198 
-1.272000 136.944604 
-1.271000 137.061603 
-1.270000 137.173191 
-1.269000 137.279364 
-1.268000 137.380118 
-1.267000 137.475448 
-1.266000 137.565350 
-1.265000 137.649822 
-1.264000 137.728859 
-1.263000 137.802460 
-1.262000 137.870620 
-1.261000 137.933337 
-1.260000 137.990609 
-1.259000 138.042433 
-1.258000 138.088807 
-1.257000 138.129730 
-1.256000 138.165200 
-1.255000 138.195215 
-1.254000 138.219775 
-1.253000 138.238878 
-1.252000 138.252523 
-1.251000 138.260711 
-1.250000 138.263440 
-1.249000 138.260711 
-1.248000 138.252523 
-1.247000 138.238878 
-1.246000 138.219775 
-1.245000 138.195215 
-1.244000 138.165200 
-1.243000 138.129730 
-1.242000 138.088807 
-1.241000 138.042433 
-1.240000 137.990609 
-1.239000 137.933337 
-1.238000 137.870620 
-1.237000 137.802460 
-1.236000 137.728859 
-1.235000 137.649822 
-1.234000 137.565350 
-1.233000 137.475448 
-1.232000 137.380118 
-1.231000 137.279364 
-1.230000 137.173191 
-1.229000 137.061603 
-1.228000 136.944604 
-1.227000 136.822198 
-1.226000 136.694391 
-1.225000 136.561188 
-1.224000 136.422593 
-1.223000 136.278612 
-1.222000 136.129252 
-1.221000 135.974517 
-1.220000 135.814414 
-1.219000 135.648950 
-1.218000 135.478130 
-1.217000 135.301962 
-1.216000 135.120453 
-1.215000 134.933609 
-1.214000 134.741438 
-1.213000 134.543948 
-1.212000 134.341146 
-1.211000 134.133040 
-1.210000 133.919640 
-1.209000 133.700952 
-1.208000 133.476986 
-1.207000 133.247751 
-1.206000 133.013255 
-1.205000 132.773508 
-1.204000 132.528520 
-1.203000 132.278299 
-1.202000 132.022857 
-1.201000 131.762202 
-1.200000 131.496346 
-1.199000 131.225298 
-1.198000 130.949070 
-1.197000 130.667672 
-1.196000 130.381115 
-1.195000 130.089412 
-1.194000 129.792572 
-1.193000 129.490609 
-1.192000 129.183534 
-1.191000 128.871358 
-1.190000 128.554095 
-1.189000 128.231757 
-1.188000 127.904357 
-1.187000 127.571907 
-1.186000 127.234421 
-1.185000 126.891912 
-1.184000 126.544393 
-1.183000 126.191879 
-1.182000 125.834382 
-1.181000 125.471918 
-1.180000 125.104501 
-1.179000 124.732145 
-1.178000 124.354864 
-1.177000 123.972674 
-1.176000 123.585590 
-1.175000 123.193627 
-1.174000 122.796801 
-1.173000 122.395126 
-1.172000 121.988620 
-1.171000 121.577298 
-1.170000 121.161176 
-1.169000 120.740271 
-1.168000 120.314599 
-1.167000 119.884178 
-1.166000 119.449024 
-1.165000 119.009154 
-1.164000 118.564585 
-1.163000 118.115336 
-1.162000 117.661424 
-1.161000 117.202867 
-1.160000 116.739683 
-1.159000 116.271891 
-1.158000 115.799508 
-1.157000 115.322553 
-1.156000 114.841046 
-1.155000 114.355005 
-1.154000 113.864450 
-1.153000 113.369399 
-1.152000 112.869873 
-1.151000 112.365891 
-1.150000 111.857473 
-1.149000 111.344638 
-1.148000 110.827409 
-1.147000 110.305804 
-1.146000 109.779844 
-1.145000 109.249550 
-1.144000 108.714943 
-1.143000 108.176045 
-1.142000 107.632876 
-1.141000 107.085457 
-1.140000 106.533811 
-1.139000 105.977960 
-1.138000 105.417924 
-1.137000 104.853727 
-1.136000 104.285391 
-1.135000 103.712937 
-1.134000 103.136389 
-1.133000 102.555769 
-1.132000 101.971101 
-1.131000 101.382406 
-1.130000 100.789710 
-1.129000 100.193035 
-1.128000 99.592404 
-1.127000 98.987841 
-1.126000 98.379370 
-1.125000 97.767016 
-1.124000 97.150802 
-1.123000 96.530752 
-1.122000 95.906892 
-1.121000 95.279246 
-1.120000 94.647838 
-1.119000 94.012693 
-1.118000 93.373837 
-1.117000 92.731295 
-1.116000 92.085092 
-1.115000 91.435253 
-1.114000 90.781805 
-1.113000 90.124773 
-1.112000 89.464183 
-1.111000 88.800061 
-1.110000 88.132433 
-1.109000 87.461327 
-1.108000 86.786767 
-1.107000 86.108781 
-1.106000 85.427396 
-1.105000 84.742638 
-1.104000 84.054534 
-1.103000 83.363113 
-1.102000 82.668400 
-1.101000 81.970423 
-1.100000 81.269211 
-1.099000 80.564790 
-1.098000 79.857189 
-1.097000 79.146435 
-1.096000 78.432556 
-1.095000 77.715581 
-1.094000 76.995538 
-1.093000 76.272456 
-1.092000 75.546362 
-1.091000 74.817286 
-1.090000 74.085256 
-1.089000 73.350301 
-1.088000 72.612451 
-1.087000 71.871734 
-1.086000 71.128180 
-1.085000 70.381817 
-1.084000 69.632676 
-1.083000 68.880786 
-1.082000 68.126177 
-1.081000 67.368878 
-1.080000 66.608920 
-1.079000 65.846332 
-1.078000 65.081145 
-1.077000 64.313388 
-1.076000 63.543092 
-1.075000 62.770288 
-1.074000 61.995006 
-1.073000 61.217276 
-1.072000 60.437130 
-1.071000 59.654597 
-1.070000 58.869710 
-1.069000 58.082498 
-1.068000 57.292993 
-1.067000 56.501227 
-1.066000 55.707230 
-1.065000 54.911034 
-1.064000 54.112669 
-1.063000 53.312169 
-1.062000 52.509564 
-1.061000 51.704886 
-1.060000 50.898167 
-1.059000 50.089438 
-1.058000 49.278732 
-1.057000 48.466081 
-1.056000 47.651516 
-1.055000 46.835070 
-1.054000 46.016775 
-1.053000 45.196664 
-1.052000 44.374768 
-1.051000 43.551120 
-1.050000 42.725753 
-1.049000 41.898699 
-1.048000 41.069991 
-1.047000 40.239662 
-1.046000 39.407744 
-1.045000 38.574270 
-1.044000 37.739274 
-1.043000 36.902787 
-1.042000 36.064844 
-1.041000 35.225477 
-1.040000 34.384719 
-1.039000 33.542604 
-1.038000 32.699165 
-1.037000 31.854435 
-1.036000 31.008447 
-1.035000 30.161235 
-1.034000 29.312832 
-1.033000 28.463272 
-1.032000 27.612589 
-1.031000 26.760815 
-1.030000 25.907985 
-1.029000 25.054132 
-1.028000 24.199290 
-1.027000 23.343493 
-1.026000 22.486774 
-1.025000 21.629167 
-1.024000 20.770707 
-1.023000 19.911426 
-1.022000 19.051360 
-1.021000 18.190541 
-1.020000 17.329004 
-1.019000 16.466783 
-1.018000 15.603912 
-1.017000 14.740425 
-1.016000 13.876356 
-1.015000 13.011739 
-1.014000 12.146609 
-1.013000 11.280999 
-1.012000 10.414943 
-1.011000 9.548477 
-1.010000 8.681633 
-1.009000 7.814447 
-1.008000 6.946952 
-1.007000 6.079183 
-1.006000 5.211174 
-1.005000 4.342960 
-1.004000 3.474573 
-1.003000 2.606050 
-1.002000 1.737424 
-1.001000 0.868729 
-1.000000 -0.000000 
-0.999000 -0.868729 
-0.998000 -1.737424 
-0.997000 -2.606050 
-0.996000 -3.474573 
-0.995000 -4.342960 
-0.994000 -5.211174 
-0.993000 -6.079183 
-0.992000 -6.946952 
-0.991000 -7.814447 
-0.990000 -8.681633 
-0.989000 -9.548477 
-0.988000 -10.414943 
-0.987000 -11.280999 
-0.986000 -12.146609 
-0.985000 -13.011739 
-0.984000 -13.876356 
-0.983000 -14.740425 
-0.982000 -15.603912 
-0.981000 -16.466783 
-0.980000 -17.329004 
-0.979000 -18.190541 
-0.978000 -19.051360 
-0.977000 -19.911426 
-0.976000 -20.770707 
-0.975000 -21.629167 
-0.974000 -22.486774 
-0.973000 -23.343493 
-0.972000 -24.199290 
-0.971000 -25.054132 
-0.970000 -25.907985 
-0.969000 -26.760815 
-0.968000 -27.612589 
-0.967000 -28.463272 
-0.966000 -29.312832 
-0.965000 -30.161235 
-0.964000 -31.008447 
-0.963000 -31.854435 
-0.962000 -32.699165 
-0.961000 -33.542604 
-0.960000 -34.384719 
-0.959000 -35.225477 
-0.958000 -36.064844 
-0.957000 -36.902787 
-0.956000 -37.739274 
-0.955000 -38.574270 
-0.954000 -39.407744 
-0.953000 -40.239662 
-0.952000 -41.069991 
-0.951000 -41.898699 
-0.950000 -42.725753 
-0.949000 -43.551120 
-0.948000 -44.374768 
-0.947000 -45.196664 
-0.946000 -46.016775 
-0.945000 -46.835070 
-0.944000 -47.651516 
-0.943000 -48.466081 
-0.942000 -49.278732 
-0.941000 -50.089438 
-0.940000 -50.898167 
-0.939000 -51.704886 
-0.938000 -52.509564 
-0.937000 -53.312169 
-0.936000 -54.112669 
-0.935000 -54.911034 
-0.934000 -55.707230 
-0.933000 -56.501227 
-0.932000 -57.292993 
-0.931000 -58.082498 
-0.930000 -58.869710 
-0.929000 -59.654597 
-0.928000 -60.437130 
-0.927000 -61.217276 
-0.926000 -61.995006 
-0.925000 -62.770288 
-0.924000 -63.543092 
-0.923000 -64.313388 
-0.922000 -65.081145 
-0.921000 -65.846332 
-0.920000 -66.608920 
-0.919000 -67.368878 
-0.918000 -68.126177 
-0.917000 -68.880786 
-0.916000 -69.632676 
-0.915000 -70.381817 
-0.914000 -71.128180 
-0.913000 -71.871734 
-0.912000 -72.612451 
-0.911000 -73.350301 
-0.910000 -74.085256 
-0.909000 -74.817286 
-0.908000 -75.546362 
-0.907000 -76.272456 
-0.906000 -76.995538 
-0.905000 -77.715581 
-0.904000 -78.432556 
-0.903000 -79.146435 
-0.902000 -79.857189 
-0.901000 -80.564790 
-0.900000 -81.269211 
-0.899000 -81.970423 
-0.898000 -82.668400 
-0.897000 -83.363113 
-0.896000 -84.054534 
-0.895000 -84.742638 
-0.894000 -85.427396 
-0.893000 -86.108781 
-0.892000 -86.786767 
-0.891000 -87.461327 
-0.890000 -88.132434 
-0.889000 -88.800061 
-0.888000 -89.464183 
-0.887000 -90.124773 
-0.886000 -90.781805 
-0.885000 -91.435253 
-0.884000 -92.085092 
-0.883000 -92.731295 
-0.882000 -93.373837 
-0.881000 -94.012693 
-0.880000 -94.647838 
-0.879000 -95.279246 
-0.878000 -95.906892 
-0.877000 -96.530752 
-0.876000 -97.150802 
-0.875000 -97.767016 
-0.874000 -98.379370 
-0.873000 -98.987841 
-0.872000 -99.592404 
-0.871000 -100.193035 
-0.870000 -100.789710 
-0.869000 -101.382406 
-0.868000 -101.971101 
-0.867000 -102.555769 
-0.866000 -103.136389 
-0.865000 -103.712937 
-0.864000 -104.285391 
-0.863000 -104.853727 
-0.862000 -105.417924 
-0.861000 -105.977960 
-0.860000 -106.533811 
-0.859000 -107.085457 
-0.858000 -107.632876 
-0.857000 -108.176045 
-0.856000 -108.714943 
-0.855000 -109.249550 
-0.854000 -109.779844 
-0.853000 -110.305804 
-0.852000 -110.827409 
-0.851000 -111.344638 
-0.850000 -111.857473 
-0.849000 -112.365891 
-0.848000 -112.869873 
-0.847000 -113.369399 
-0.846000 -113.864450 
-0.845000 -114.355005 
-0.844000 -114.841046 
-0.843000 -115.322553 
-0.842000 -115.799508 
-0.841000 -116.271891 
-0.840000 -116.739683 
-0.839000 -117.202867 
-0.838000 -117.661424 
-0.837000 -118.115336 
-0.836000 -118.564585 
-0.835000 -119.009154 
-0.834000 -119.449024 
-0.833000 -119.884178 
-0.832000 -120.314599 
-0.831000 -120.740271 
-0.830000 -121.161176 
-0.829000 -121.577298 
-0.828000 -121.988620 
-0.827000 -122.395126 
-0.826000 -122.796801 
-0.825000 -123.193627 
-0.824000 -123.585590 
-0.823000 -123.972674 
-0.822000 -124.354864 
-0.821000 -124.732145 
-0.820000 -125.104501 
-0.819000 -125.471918 
-0.818000 -125.834382 
-0.817000 -126.191879 
-0.816000 -126.544393 
-0.815000 -126.891912 
-0.814000 -127.234421 
-0.813000 -127.571907 
-0.812000 -127.904357 
-0.811000 -128.231757 
-0.810000 -128.554095 
-0.809000 -128.871358 
-0.808000 -129.183534 
-0.807000 -129.490609 
-0.806000 -129.792572 
-0.805000 -130.089412 
-0.804000 -130.381115 
-0.803000 -130.667672 
-0.802000 -130.949070 
-0.801000 -131.225298 
-0.800000 -131.496346 
-0.799000 -131.762202 
-0.798000 -132.022857 
-0.797000 -132.278299 
-0.796000 -132.528520 
-0.795000 -132.773508 
-0.794000 -133.013255 
-0.793000 -133.247751 
-0.792000 -133.476986 
-0.791000 -133.700952 
-0.790000 -133.919640 
-0.789000 -134.133040 
-0.788000 -134.341146 
-0.787000 -134.543948 
-0.786000 -134.741438 
-0.785000 -134.933609 
-0.784000 -135.120453 
-0.783000 -135.301962 
-0.782000 -135.478130 
-0.781000 -135.648950 
-0.780000 -135.814414 
-0.779000 -135.974517 
-0.778000 -136.129252 
-0.777000 -136.278612 
-0.776000 -136.422593 
-0.775000 -136.561188 
-0.774000 -136.694391 
-0.773000 -136.822198 
-0.772000 -136.944604 
-0.771000 -137.061603 
-0.770000 -137.173191 
-0.769000 -137.279364 
-0.768000 -137.380118 
-0.767000 -137.475448 
-0.766000 -137.565350 
-0.765000 -137.649822 
-0.764000 -137.728859 
-0.763000 -137.802460 
-0.762000 -137.870620 
-0.761000 -137.933337 
-0.760000 -137.990609 
-0.759000 -138.042433 
-0.758000 -138.088807 
-0.757000 -138.129730 
-0.756000 -138.165200 
-0.755000 -138.195215 
-0.754000 -138.219775 
-0.753000 -138.238878 
-0.752000 -138.252523 
-0.751000 -138.260711 
-0.750000 -138.263440 
-0.749000 -138.260711 
-0.748000 -138.252523 
-0.747000 -138.238878 
-0.746000 -138.219775 
-0.745000 -138.195215 
-0.744000 -138.165200 
-0.743000 -138.129730 
-0.742000 -138.088807 
-0.741000 -138.042433 
-0.740000 -137.990609 
-0.739000 -137.933337 
-0.738000 -137.870620 
-0.737000 -137.802460 
-0.736000 -137.728859 
-0.735000 -137.649822 
-0.734000 -137.565350 
-0.733000 -137.475448 
-0.732000 -137.380118 
-0.731000 -137.279364 
-0.730000 -137.173191 
-0.729000 -137.061603 
-0.728000 -136.944604 
-0.727000 -136.822198 
-0.726000 -136.694391 
-0.725000 -136.561188 
-0.724000 -136.422593 
-0.723000 -136.278612 
-0.722000 -136.129252 
-0.721000 -135.974517 
-0.720000 -135.814414 
-0.719000 -135.648950 
-0.718000 -135.478130 
-0.717000 -135.301962 
-0.716000 -135.120453 
-0.715000 -134.933609 
-0.714000 -134.741438 
-0.713000 -134.543948 
-0.712000 -134.341146 
-0.711000 -134.133040 
-0.710000 -133.919640 
-0.709000 -133.700952 
-0.708000 -133.476986 
-0.707000 -133.247751 
-0.706000 -133.013255 
-0.705000 -132.773508 
-0.704000 -132.528520 
-0.703000 -132.278299 
-0.702000 -132.022857 
-0.701000 -131.762202 
-0.700000 -131.496346 
-0.699000 -131.225298 
-0.698000 -130.949070 
-0.697000 -130.667672 
-0.696000 -130.381115 
-0.695000 -130.089412 
-0.694000 -129.792572 
-0.693000 -129.490609 
-0.692000 -129.183534 
-0.691000 -128.871358 
-0.690000 -128.554095 
-0.689000 -128.231757 
-0.688000 -127.904357 
-0.687000 -127.571907 
-0.686000 -127.234421 
-0.685000 -126.891912 
-0.684000 -126.544393 
-0.683000 -126.191878 
-0.682000 -125.834382 
-0.681000 -125.471918 
-0.680000 -125.104501 
-0.679000 -124.732144 
-0.678000 -124.354864 
-0.677000 -123.972674 
-0.676000 -123.585590 
-0.675000 -123.193627 
-0.674000 -122.796801 
-0.673000 -122.395126 
-0.672000 -121.988620 
-0.671000 -121.577298 
-0.670000 -121.161176 
-0.669000 -120.740271 
-0.668000 -120.314599 
-0.667000 -119.884178 
-0.666000 -119.449024 
-0.665000 -119.009154 
-0.664000 -118.564585 
-0.663000 -118.115336 
-0.662000 -117.661424 
-0.661000 -117.202867 
-0.660000 -116.739683 
-0.659000 -116.271891 
-0.658000 -115.799508 
-0.657000 -115.322553 
-0.656000 -114.841046 
-0.655000 -114.355005 
-0.654000 -113.864450 
-0.653000 -113.369399 
-0.652000 -112.869873 
-0.651000 -112.365891 
-0.650000 -111.857473 
-0.649000 -111.344639 
-0.648000 -110.827409 
-0.647000 -110.305804 
-0.646000 -109.779844 
-0.645000 -109.249550 
-0.644000 -108.714943 
-0.643000 -108.176045 
-0.642000 -107.632876 
-0.641000 -107.085457 
-0.640000 -106.533812 
-0.639000 -105.977960 
-0.638000 -105.417924 
-0.637000 -104.853727 
-0.636000 -104.285391 
-0.635000 -103.712937 
-0.634000 -103.136389 
-0.633000 -102.555769 
-0.632000 -101.971101 
-0.631000 -101.382407 
-0.630000 -100.789710 
-0.629000 -100.193035 
-0.628000 -99.592404 
-0.627000 -98.987841 
-0.626000 -98.379370 
-0.625000 -97.767016 
-0.624000 -97.150802 
-0.623000 -96.530752 
-0.622000 -95.906892 
-0.621000 -95.279246 
-0.620000 -94.647838 
-0.619000 -94.012693 
-0.618000 -93.373837 
-0.617000 -92.731295 
-0.616000 -92.085092 
-0.615000 -91.435253 
-0.614000 -90.781805 
-0.613000 -90.124773 
-0.612000 -89.464183 
-0.611000 -88.800061 
-0.610000 -88.132434 
-0.609000 -87.461327 
-0.608000 -86.786767 
-0.607000 -86.108781 
-0.606000 -85.427396 
-0.605000 -84.742638 
-0.604000 -84.054534 
-0.603000 -83.363112 
-0.602000 -82.668400 
-0.601000 -81.970423 
-0.600000 -81.269211 
-0.599000 -80.564790 
-0.598000 -79.857189 
-0.597000 -79.146435 
-0.596000 -78.432556 
-0.595000 -77.715581 
-0.594000 -76.995538 
-0.593000 -76.272456 
-0.592000 -75.546362 
-0.591000 -74.817286 
-0.590000 -74.085256 
-0.589000 -73.350301 
-0.588000 -72.612451 
-0.587000 -71.871734 
-0.586000 -71.128180 
-0.585000 -70.381817 
-0.584000 -69.632676 
-0.583000 -68.880786 
-0.582000 -68.126177 
-0.581000 -67.368878 
-0.580000 -66.608920 
-0.579000 -65.846332 
-0.578000 -65.081145 
-0.577000 -64.313388 
-0.576000 -63.543092 
-0.575000 -62.770288 
-0.574000 -61.995006 
-0.573000 -61.217276 
-0.572000 -60.437130 
-0.571000 -59.654597 
-0.570000 -58.869709 
-0.569000 -58.082498 
-0.568000 -57.292993 
-0.567000 -56.501227 
-0.566000 -55.707230 
-0.565000 -54.911034 
-0.564000 -54.112669 
-0.563000 -53.312169 
-0.562000 -52.509564 
-0.561000 -51.704886 
-0.560000 -50.898167 
-0.559000 -50.089438 
-0.558000 -49.278732 
-0.557000 -48.466081 
-0.556000 -47.651516 
-0.555000 -46.835070 
-0.554000 -46.016775 
-0.553000 -45.196663 
-0.552000 -44.374767 
-0.551000 -43.551120 
-0.550000 -42.725753 
-0.549000 -41.898699 
-0.548000 -41.069991 
-0.547000 -40.239662 
-0.546000 -39.407744 
-0.545000 -38.574270 
-0.544000 -37.739274 
-0.543000 -36.902787 
-0.542000 -36.064844 
-0.541000 -35.225477 
-0.540000 -34.384719 
-0.539000 -33.542604 
-0.538000 -32.699165 
-0.537000 -31.854435 
-0.536000 -31.008447 
-0.535000 -30.161235 
-0.534000 -29.312832 
-0.533000 -28.463273 
-0.532000 -27.612589 
-0.531000 -26.760815 
-0.530000 -25.907985 
-0.529000 -25.054132 
-0.528000 -24.199290 
-0.527000 -23.343493 
-0.526000 -22.486774 
-0.525000 -21.629167 
-0.524000 -20.770707 
-0.523000 -19.911426 
-0.522000 -19.051360 
-0.521000 -18.190541 
-0.520000 -17.329004 
-0.519000 -16.466783 
-0.518000 -15.603912 
-0.517000 -14.740425 
-0.516000 -13.876356 
-0.515000 -13.011739 
-0.514000 -12.146609 
-0.513000 -11.280999 
-0.512000 -10.414943 
-0.511000 -9.548477 
-0.510000 -8.681633 
-0.509000 -7.814447 
-0.508000 -6.946952 
-0.507000 -6.079183 
-0.506000 -5.211174 
-0.505000 -4.342960 
-0.504000 -3.474573 
-0.503000 -2.606050 
-0.502000 -1.737424 
-0.501000 -0.868729 
-0.500000 -0.000000 
-0.499000 0.868729 
-0.498000 1.737424 
-0.497000 2.606050 
-0.496000 3.474573 
-0.495000 4.342960 
-0.494000 5.211174 
-0.493000 6.079183 
-0.492000 6.946952 
-0.491000 7.814447 
-0.490000 8.681633 
-0.489000 9.548477 
-0.488000 10.414943 
-0.487000 11.280999 
-0.486000 12.146609 
-0.485000 13.011739 
-0.484000 13.876356 
-0.483000 14.740425 
-0.482000 15.603912 
-0.481000 16.466783 
-0.480000 17.329004 
-0.479000 18.190541 
-0.478000 19.051360 
-0.477000 19.911426 
-0.476000 20.770707 
-0.475000 21.629167 
-0.474000 22.486774 
-0.473000 23.343493 
-0.472000 24.199290 
-0.471000 25.054132 
-0.470000 25.907985 
-0.469000 26.760815 
-0.468000 27.612589 
-0.467000 28.463272 
-0.466000 29.312832 
-0.465000 30.161235 
-0.464000 31.008447 
-0.463000 31.854435 
-0.462000 32.699165 
-0.461000 33.542604 
-0.460000 34.384719 
-0.459000 35.225477 
-0.458000 36.064844 
-0.457000 36.902787 
-0.456000 37.739273 
-0.455000 38.574270 
-0.454000 39.407744 
-0.453000 40.239662 
-0.452000 41.069991 
-0.451000 41.898699 
-0.450000 42.725753 
-0.449000 43.551120 
-0.448000 44.374768 
-0.447000 45.196663 
-0.446000 46.016775 
-0.445000 46.835070 
-0.444000 47.651516 
-0.443000 48.466081 
-0.442000 49.278732 
-0.441000 50.089438 
-0.440000 50.898167 
-0.439000 51.704886 
-0.438000 52.509564 
-0.437000 53.312169 
-0.436000 54.112670 
-0.435000 54.911033 
-0.434000 55.707230 
-0.433000 56.501227 
-0.432000 57.292993 
-0.431000 58.082498 
-0.430000 58.869710 
-0.429000 59.654597 
-0.428000 60.437130 
-0.427000 61.217276 
-0.426000 61.995006 
-0.425000 62.770288 
-0.424000 63.543093 
-0.423000 64.313388 
-0.422000 65.081145 
-0.421000 65.846332 
-0.420000 66.608920 
-0.419000 67.368879 
-0.418000 68.126177 
-0.417000 68.880786 
-0.416000 69.632676 
-0.415000 70.381817 
-0.414000 71.128180 
-0.413000 71.871734 
-0.412000 72.612451 
-0.411000 73.350301 
-0.410000 74.085256 
-0.409000 74.817286 
-0.408000 75.546362 
-0.407000 76.272456 
-0.406000 76.995538 
-0.405000 77.715581 
-0.404000 78.432556 
-0.403000 79.146435 
-0.402000 79.857189 
-0.401000 80.564790 
-0.400000 81.269211 
-0.399000 81.970423 
-0.398000 82.668400 
-0.397000 83.363113 
-0.396000 84.054534 
-0.395000 84.742638 
-0.394000 85.427396 
-0.393000 86.108781 
-0.392000 86.786767 
-0.391000 87.461327 
-0.390000 88.132434 
-0.389000 88.800061 
-0.388000 89.464183 
-0.387000 90.124773 
-0.386000 90.781805 
-0.385000 91.435253 
-0.384000 92.085092 
-0.383000 92.731295 
-0.382000 93.373837 
-0.381000 94.012693 
-0.380000 94.647838 
-0.379000 95.279246 
-0.378000 95.906892 
-0.377000 96.530753 
-0.376000 97.150802 
-0.375000 97.767016 
-0.374000 98.379370 
-0.373000 98.987841 
-0.372000 99.592404 
-0.371000 100.193035 
-0.370000 100.789710 
-0.369000 101.382407 
-0.368000 101.971101 
-0.367000 102.555769 
-0.366000 103.136389 
-0.365000 103.712937 
-0.364000 104.285390 
-0.363000 104.853727 
-0.362000 105.417924 
-0.361000 105.977960 
-0.360000 106.533811 
-0.359000 107.085457 
-0.358000 107.632876 
-0.357000 108.176045 
-0.356000 108.714943 
-0.355000 109.249550 
-0.354000 109.779844 
-0.353000 110.305804 
-0.352000 110.827409 
-0.351000 111.344638 
-0.350000 111.857473 
-0.349000 112.365891 
-0.348000 112.869873 
-0.347000 113.369399 
-0.346000 113.864450 
-0.345000 114.355005 
-0.344000 114.841046 
-0.343000 115.322553 
-0.342000 115.799508 
-0.341000 116.271891 
-0.340000 116.739683 
-0.339000 117.202867 
-0.338000 117.661424 
-0.337000 118.115336 
-0.336000 118.564585 
-0.335000 119.009154 
-0.334000 119.449023 
-0.333000 119.884178 
-0.332000 120.314599 
-0.331000 120.740271 
-0.330000 121.161176 
-0.329000 121.577298 
-0.328000 121.988620 
-0.327000 122.395126 
-0.326000 122.796801 
-0.325000 123.193627 
-0.324000 123.585590 
-0.323000 123.972674 
-0.322000 124.354864 
-0.321000 124.732145 
-0.320000 125.104501 
-0.319000 125.471918 
-0.318000 125.834382 
-0.317000 126.191879 
-0.316000 126.544393 
-0.315000 126.891912 
-0.314000 127.234421 
-0.313000 127.571907 
-0.312000 127.904357 
-0.311000 128.231757 
-0.310000 128.554095 
-0.309000 128.871358 
-0.308000 129.183534 
-0.307000 129.490609 
-0.306000 129.792572 
-0.305000 130.089412 
-0.304000 130.381115 
-0.303000 130.667672 
-0.302000 130.949070 
-0.301000 131.225298 
-0.300000 131.496346 
-0.299000 131.762202 
-0.298000 132.022857 
-0.297000 132.278299 
-0.296000 132.528520 
-0.295000 132.773508 
-0.294000 133.013255 
-0.293000 133.247751 
-0.292000 133.476986 
-0.291000 133.700952 
-0.290000 133.919640 
-0.289000 134.133040 
-0.288000 134.341146 
-0.287000 134.543948 
-0.286000 134.741438 
-0.285000 134.933609 
-0.284000 135.120453 
-0.283000 135.301962 
-0.282000 135.478130 
-0.281000 135.648950 
-0.280000 135.814414 
-0.279000 135.974517 
-0.278000 136.129252 
-0.277000 136.278612 
-0.276000 136.422593 
-0.275000 136.561188 
-0.274000 136.694391 
-0.273000 136.822198 
-0.272000 136.944604 
-0.271000 137.061603 
-0.270000 137.173191 
-0.269000 137.279364 
-0.268000 137.380118 
-0.267000 137.475448 
-0.266000 137.565350 
-0.265000 137.649822 
-0.264000 137.728859 
-0.263000 137.802460 
-0.262000 137.870620 
-0.261000 137.933337 
-0.260000 137.990609 
-0.259000 138.042433 
-0.258000 138.088807 
-0.257000 138.129730 
-0.256000 138.165200 
-0.255000 138.195215 
-0.254000 138.219775 
-0.253000 138.238878 
-0.252000 138.252523 
-0.251000 138.260711 
-0.250000 138.263440 
-0.249000 138.260711 
-0.248000 138.252523 
-0.247000 138.238878 
-0.246000 138.219775 
-0.245000 138.195215 
-0.244000 138.165200 
-0.243000 138.129730 
-0.242000 138.088807 
-0.241000 138.042433 
-0.240000 137.990609 
-0.239000 137.933337 
-0.238000 137.870620 
-0.237000 137.802460 
-0.236000 137.728859 
-0.235000 137.649822 
-0.234000 137.565350 
-0.233000 137.475448 
-0.232000 137.380118 
-0.231000 137.279364 
-0.230000 137.173191 
-0.229000 137.061603 
-0.228000 136.944604 
-0.227000 136.822198 
-0.226000 136.694391 
-0.225000 136.561188 
-0.224000 136.422593 
-0.223000 136.278612 
-0.222000 136.129252 
-0.221000 135.974517 
-0.220000 135.814414 
-0.219000 135.648950 
-0.218000 135.478130 
-0.217000 135.301962 
-0.216000 135.120453 
-0.215000 134.933609 
-0.214000 134.741438 
-0.213000 134.543948 
-0.212000 134.341146 
-0.211000 134.133040 
-0.210000 133.919640 
-0.209000 133.700952 
-0.208000 133.476986 
-0.207000 133.247751 
-0.206000 133.013255 
-0.205000 132.773508 
-0.204000 132.528520 
-0.203000 132.278299 
-0.202000 132.022857 
-0.201000 131.762202 
-0.200000 131.496346 
-0.199000 131.225298 
-0.198000 130.949070 
-0.197000 130.667672 
-0.196000 130.381115 
-0.195000 130.089412 
-0.194000 129.792572 
-0.193000 129.490609 
-0.192000 129.183534 
-0.191000 128.871358 
-0.190000 128.554095 
-0.189000 128.231757 
-0.188000 127.904357 
-0.187000 127.571907 
-0.186000 127.234421 
-0.185000 126.891912 
-0.184000 126.544393 
-0.183000 126.191878 
-0.182000 125.834382 
-0.181000 125.471918 
-0.180000 125.104501 
-0.179000 124.732145 
-0.178000 124.354864 
-0.177000 123.972674 
-0.176000 123.585590 
-0.175000 123.193627 
-0.174000 122.796801 
-0.173000 122.395126 
-0.172000 121.988620 
-0.171000 121.577298 
-0.170000 121.161176 
-0.169000 120.740271 
-0.168000 120.314599 
-0.167000 119.884178 
-0.166000 119.449024 
-0.165000 119.009154 
-0.164000 118.564585 
-0.163000 118.115336 
-0.162000 117.661424 
-0.161000 117.202867 
-0.160000 116.739683 
-0.159000 116.271891 
-0.158000 115.799508 
-0.157000 115.322553 
-0.156000 114.841046 
-0.155000 114.355005 
-0.154000 113.864450 
-0.153000 113.369399 
-0.152000 112.869873 
-0.151000 112.365891 
-0.150000 111.857473 
-0.149000 111.344639 
-0.148000 110.827409 
-0.147000 110.305804 
-0.146000 109.779844 
-0.145000 109.249550 
-0.144000 108.714943 
-0.143000 108.176045 
-0.142000 107.632876 
-0.141000 107.085457 
-0.140000 106.533811 
-0.139000 105.977960 
-0.138000 105.417924 
-0.137000 104.853727 
-0.136000 104.285390 
-0.135000 103.712937 
-0.134000 103.136389 
-0.133000 102.555769 
-0.132000 101.971101 
-0.131000 101.382407 
-0.130000 100.789710 
-0.129000 100.193035 
-0.128000 99.592404 
-0.127000 98.987841 
-0.126000 98.379370 
-0.125000 97.767016 
-0.124000 97.150802 
-0.123000 96.530753 
-0.122000 95.906892 
-0.121000 95.279246 
-0.120000 94.647838 
-0.119000 94.012693 
-0.118000 93.373837 
-0.117000 92.731295 
-0.116000 92.085092 
-0.115000 91.435253 
-0.114000 90.781805 
-0.113000 90.124773 
-0.112000 89.464183 
-0.111000 88.800061 
-0.110000 88.132434 
-0.109000 87.461327 
-0.108000 86.786767 
-0.107000 86.108781 
-0.106000 85.427395 
-0.105000 84.742638 
-0.104000 84.054534 
-0.103000 83.363112 
-0.102000 82.668400 
-0.101000 81.970423 
-0.100000 81.269211 
-0.099000 80.564790 
-0.098000 79.857189 
-0.097000 79.146435 
-0.096000 78.432556 
-0.095000 77.715581 
-0.094000 76.995538 
-0.093000 76.272456 
-0.092000 75.546362 
-0.091000 74.817286 
-0.090000 74.085256 
-0.089000 73.350301 
-0.088000 72.612451 
-0.087000 71.871734 
-0.086000 71.128180 
-0.085000 70.381817 
-0.084000 69.632676 
-0.083000 68.880786 
-0.082000 68.126177 
-0.081000 67.368879 
-0.080000 66.608920 
-0.079000 65.846332 
-0.078000 65.081145 
-0.077000 64.313388 
-0.076000 63.543092 
-0.075000 62.770288 
-0.074000 61.995006 
-0.073000 61.217276 
-0.072000 60.437130 
-0.071000 59.654597 
-0.070000 58.869709 
-0.069000 58.082498 
-0.068000 57.292993 
-0.067000 56.501227 
-0.066000 55.707230 
-0.065000 54.911034 
-0.064000 54.112669 
-0.063000 53.312169 
-0.062000 52.509564 
-0.061000 51.704886 
-0.060000 50.898167 
-0.059000 50.089438 
-0.058000 49.278732 
-0.057000 48.466081 
-0.056000 47.651516 
-0.055000 46.835070 
-0.054000 46.016775 
-0.053000 45.196663 
-0.052000 44.374768 
-0.051000 43.551120 
-0.050000 42.725753 
-0.049000 41.898699 
-0.048000 41.069991 
-0.047000 40.239662 
-0.046000 39.407744 
-0.045000 38.574270 
-0.044000 37.739274 
-0.043000 36.902787 
-0.042000 36.064844 
-0.041000 35.225477 
-0.040000 34.384719 
-0.039000 33.542604 
-0.038000 32.699165 
-0.037000 31.854435 
-0.036000 31.008447 
-0.035000 30.161235 
-0.034000 29.312832 
-0.033000 28.463272 
-0.032000 27.612589 
-0.031000 26.760815 
-0.030000 25.907985 
-0.029000 25.054132 
-0.028000 24.199290 
-0.027000 23.343493 
-0.026000 22.486774 
-0.025000 21.629167 
-0.024000 20.770707 
-0.023000 19.911426 
-0.022000 19.051360 
-0.021000 18.190541 
-0.020000 17.329004 
-0.019000 16.466783 
-0.018000 15.603912 
-0.017000 14.740425 
-0.016000 13.876356 
-0.015000 13.011739 
-0.014000 12.146609 
-0.013000 11.280999 
-0.012000 10.414943 
-0.011000 9.548477 
-0.010000 8.681633 
-0.009000 7.814447 
-0.008000 6.946952 
-0.007000 6.079183 
-0.006000 5.211174 
-0.005000 4.342960 
-0.004000 3.474574 
-0.003000 2.606050 
-0.002000 1.737424 
-0.001000 0.868729 
-0.000000 0.000000 
0.001000 -0.868729 
0.002000 -1.737424 
0.003000 -2.606050 
0.004000 -3.474574 
0.005000 -4.342960 
0.006000 -5.211174 
0.007000 -6.079183 
0.008000 -6.946952 
0.009000 -7.814447 
0.010000 -8.681633 
0.011000 -9.548477 
0.012000 -10.414943 
0.013000 -11.280999 
0.014000 -12.146609 
0.015000 -13.011739 
0.016000 -13.876356 
0.017000 -14.740425 
0.018000 -15.603912 
0.019000 -16.466783 
0.020000 -17.329004 
0.021000 -18.190541 
0.022000 -19.051360 
0.023000 -19.911426 
0.024000 -20.770707 
0.025000 -21.629167 
0.026000 -22.486774 
0.027000 -23.343493 
0.028000 -24.199290 
0.029000 -25.054132 
0.030000 -25.907985 
0.031000 -26.760815 
0.032000 -27.612589 
0.033000 -28.463272 
0.034000 -29.312832 
0.035000 -30.161235 
0.036000 -31.008447 
0.037000 -31.854435 
0.038000 -32.699165 
0.039000 -33.542604 
0.040000 -34.384719 
0.041000 -35.225477 
0.042000 -36.064844 
0.043000 -36.902787 
0.044000 -37.739274 
0.045000 -38.574270 
0.046000 -39.407744 
0.047000 -40.239662 
0.048000 -41.069991 
0.049000 -41.898699 
0.050000 -42.725753 
0.051000 -43.551120 
0.052000 -44.374767 
0.053000 -45.196663 
0.054000 -46.016775 
0.055000 -46.835070 
0.056000 -47.651516 
0.057000 -48.466081 
0.058000 -49.278732 
0.059000 -50.089438 
0.060000 -50.898167 
0.061000 -51.704886 
0.062000 -52.509564 
0.063000 -53.312169 
0.064000 -54.112669 
0.065000 -54.911034 
0.066000 -55.707230 
0.067000 -56.501227 
0.068000 -57.292993 
0.069000 -58.082498 
0.070000 -58.869709 
0.071000 -59.654597 
0.072000 -60.437130 
0.073000 -61.217276 
0.074000 -61.995006 
0.075000 -62.770288 
0.076000 -63.543092 
0.077000 -64.313388 
0.078000 -65.081145 
0.079000 -65.846332 
0.080000 -66.608920 
0.081000 -67.368879 
0.082000 -68.126177 
0.083000 -68.880786 
0.084000 -69.632676 
0.085000 -70.381817 
0.086000 -71.128180 
0.087000 -71.871734 
0.088000 -72.612451 
0.089000 -73.350301 
0.090000 -74.085256 
0.091000 -74.817286 
0.092000 -75.546362 
0.093000 -76.272456 
0.094000 -76.995538 
0.095000 -77.715581 
0.096000 -78.432556 
0.097000 -79.146435 
0.098000 -79.857189 
0.099000 -80.564790 
0.100000 -81.269211 
0.101000 -81.970423 
0.102000 -82.668400 
0.103000 -83.363112 
0.104000 -84.054534 
0.105000 -84.742638 
0.106000 -85.427395 
0.107000 -86.108781 
0.108000 -86.786767 
0.109000 -87.461327 
0.110000 -88.132434 
0.111000 -88.800061 
0.112000 -89.464183 
0.113000 -90.124773 
0.114000 -90.781805 
0.115000 -91.435253 
0.116000 -92.085092 
0.117000 -92.731295 
0.118000 -93.373837 
0.119000 -94.012693 
0.120000 -94.647838 
0.121000 -95.279246 
0.122000 -95.906892 
0.123000 -96.530753 
0.124000 -97.150802 
0.125000 -97.767016 
0.126000 -98.379370 
0.127000 -98.987841 
0.128000 -99.592404 
0.129000 -100.193035 
0.130000 -100.789710 
0.131000 -101.382407 
0.132000 -101.971101 
0.133000 -102.555769 
0.134000 -103.136389 
0.135000 -103.712937 
0.136000 -104.285390 
0.137000 -104.853727 
0.138000 -105.417924 
0.139000 -105.977960 
0.140000 -106.533811 
0.141000 -107.085457 
0.142000 -107.632876 
0.143000 -108.176045 
0.144000 -108.714943 
0.145000 -109.249550 
0.146000 -109.779844 
0.147000 -110.305804 
0.148000 -110.827409 
0.149000 -111.344639 
0.150000 -111.857473 
0.151000 -112.365891 
0.152000 -112.869873 
0.153000 -113.369399 
0.154000 -113.864450 
0.155000 -114.355005 
0.156000 -114.841046 
0.157000 -115.322553 
0.158000 -115.799508 
0.159000 -116.271891 
0.160000 -116.739683 
0.161000 -117.202867 
0.162000 -117.661424 
0.163000 -118.115336 
0.164000 -118.564585 
0.165000 -119.009154 
0.166000 -119.449024 
0.167000 -119.884178 
0.168000 -120.314599 
0.169000 -120.740271 
0.170000 -121.161176 
0.171000 -121.577298 
0.172000 -121.988620 
0.173000 -122.395126 
0.174000 -122.796801 
0.175000 -123.193627 
0.176000 -123.585590 
0.177000 -123.972674 
0.178000 -124.354864 
0.179000 -124.732145 
0.180000 -125.104501 
0.181000 -125.471918 
0.182000 -125.834382 
0.183000 -126.191878 
0.184000 -126.544393 
0.185000 -126.891912 
0.186000 -127.234421 
0.187000 -127.571907 
0.188000 -127.904357 
0.189000 -128.231757 
0.190000 -128.554095 
0.191000 -128.871358 
0.192000 -129.183534 
0.193000 -129.490609 
0.194000 -129.792572 
0.195000 -130.089412 
0.196000 -130.381115 
0.197000 -130.667672 
0.198000 -130.949070 
0.199000 -131.225298 
0.200000 -131.496346 
0.201000 -131.762202 
0.202000 -132.022857 
0.203000 -132.278299 
0.204000 -132.528520 
0.205000 -132.773508 
0.206000 -133.013255 
0.207000 -133.247751 
0.208000 -133.476986 
0.209000 -133.700952 
0.210000 -133.919640 
0.211000 -134.133040 
0.212000 -134.341146 
0.213000 -134.543948 
0.214000 -134.741438 
0.215000 -134.933609 
0.216000 -135.120453 
0.217000 -135.301962 
0.218000 -135.478130 
0.219000 -135.648950 
0.220000 -135.814414 
0.221000 -135.974517 
0.222000 -136.129252 
0.223000 -136.278612 
0.224000 -136.422593 
0.225000 -136.561188 
0.226000 -136.694391 
0.227000 -136.822198 
0.228000 -136.944604 
0.229000 -137.061603 
0.230000 -137.173191 
0.231000 -137.279364 
0.232000 -137.380118 
0.233000 -137.475448 
0.234000 -137.565350 
0.235000 -137.649822 
0.236000 -137.728859 
0.237000 -137.802460 
0.238000 -137.870620 
0.239000 -137.933337 
0.240000 -137.990609 
0.241000 -138.042433 
0.242000 -138.088807 
0.243000 -138.129730 
0.244000 -138.165200 
0.245000 -138.195215 
0.246000 -138.219775 
0.247000 -138.238878 
0.248000 -138.252523 
0.249000 -138.260711 
0.250000 -138.263440 
0.251000 -138.260711 
0.252000 -138.252523 
0.253000 -138.238878 
0.254000 -138.219775 
0.255000 -138.195215 
0.256000 -138.165200 
0.257000 -138.129730 
0.258000 -138.088807 
0.259000 -138.042433 
0.260000 -137.990609 
0.261000 -137.933337 
0.262000 -137.870620 
0.263000 -137.802460 
0.264000 -137.728859 
0.265000 -137.649822 
0.266000 -137.565350 
0.267000 -137.475448 
0.268000 -137.380118 
0.269000 -137.279364 
0.270000 -137.173191 
0.271000 -137.061603 
0.272000 -136.944604 
0.273000 -136.822198 
0.274000 -136.694391 
0.275000 -136.561188 
0.276000 -136.422593 
0.277000 -136.278612 
0.278000 -136.129252 
0.279000 -135.974517 
0.280000 -135.814414 
0.281000 -135.648950 
0.282000 -135.478130 
0.283000 -135.301962 
0.284000 -135.120453 
0.285000 -134.933609 
0.286000 -134.741438 
0.287000 -134.543948 
0.288000 -134.341146 
0.289000 -134.133040 
0.290000 -133.919640 
0.291000 -133.700952 
0.292000 -133.476986 
0.293000 -133.247751 
0.294000 -133.013255 
0.295000 -132.773508 
0.296000 -132.528520 
0.297000 -132.278299 
0.298000 -132.022857 
0.299000 -131.762202 
0.300000 -131.496346 
0.301000 -131.225298 
0.302000 -130.949070 
0.303000 -130.667672 
0.304000 -130.381115 
0.305000 -130.089412 
0.306000 -129.792572 
0.307000 -129.490609 
0.308000 -129.183534 
0.309000 -128.871358 
0.310000 -128.554095 
0.311000 -128.231757 
0.312000 -127.904357 
0.313000 -127.571907 
0.314000 -127.234421 
0.315000 -126.891912 
0.316000 -126.544393 
0.317000 -126.191879 
0.318000 -125.834382 
0.319000 -125.471918 
0.320000 -125.104501 
0.321000 -124.732145 
0.322000 -124.354864 
0.323000 -123.972674 
0.324000 -123.585590 
0.325000 -123.193627 
0.326000 -122.796801 
0.327000 -122.395126 
0.328000 -121.988620 
0.329000 -121.577298 
0.330000 -121.161176 
0.331000 -120.740271 
0.332000 -120.314599 
0.333000 -119.884178 
0.334000 -119.449023 
0.335000 -119.009154 
0.336000 -118.564585 
0.337000 -118.115336 
0.338000 -117.661424 
0.339000 -117.202867 
0.340000 -116.739683 
0.341000 -116.271891 
0.342000 -115.799508 
0.343000 -115.322553 
0.344000 -114.841046 
0.345000 -114.355005 
0.346000 -113.864450 
0.347000 -113.369399 
0.348000 -112.869873 
0.349000 -112.365891 
0.350000 -111.857473 
0.351000 -111.344638 
0.352000 -110.827409 
0.353000 -110.305804 
0.354000 -109.779844 
0.355000 -109.249550 
0.356000 -108.714943 
0.357000 -108.176045 
0.358000 -107.632876 
0.359000 -107.085457 
0.360000 -106.533811 
0.361000 -105.977960 
0.362000 -105.417924 
0.363000 -104.853727 
0.364000 -104.285390 
0.365000 -103.712937 
0.366000 -103.136389 
0.367000 -102.555769 
0.368000 -101.971101 
0.369000 -101.382407 
0.370000 -100.789710 
0.371000 -100.193035 
0.372000 -99.592404 
0.373000 -98.987841 
0.374000 -98.379370 
0.375000 -97.767016 
0.376000 -97.150802 
0.377000 -96.530753 
0.378000 -95.906892 
0.379000 -95.279246 
0.380000 -94.647838 
0.381000 -94.012693 
0.382000 -93.373837 
0.383000 -92.731295 
0.384000 -92.085092 
0.385000 -91.435253 
0.386000 -90.781805 
0.387000 -90.124773 
0.388000 -89.464183 
0.389000 -88.800061 
0.390000 -88.132434 
0.391000 -87.461327 
0.392000 -86.786767 
0.393000 -86.108781 
0.394000 -85.427396 
0.395000 -84.742638 
0.396000 -84.054534 
0.397000 -83.363113 
0.398000 -82.668400 
0.399000 -81.970423 
0.400000 -81.269211 
0.401000 -80.564790 
0.402000 -79.857189 
0.403000 -79.146435 
0.404000 -78.432556 
0.405000 -77.715581 
0.406000 -76.995538 
0.407000 -76.272456 
0.408000 -75.546362 
0.409000 -74.817286 
0.410000 -74.085256 
0.411000 -73.350301 
0.412000 -72.612451 
0.413000 -71.871734 
0.414000 -71.128180 
0.415000 -70.381817 
0.416000 -69.632676 
0.417000 -68.880786 
0.418000 -68.126177 
0.419000 -67.368879 
0.420000 -66.608920 
0.421000 -65.846332 
0.422000 -65.081145 
0.423000 -64.313388 
0.424000 -63.543093 
0.425000 -62.770288 
0.426000 -61.995006 
0.427000 -61.217276 
0.428000 -60.437130 
0.429000 -59.654597 
0.430000 -58.869710 
0.431000 -58.082498 
0.432000 -57.292993 
0.433000 -56.501227 
0.434000 -55.707230 
0.435000 -54.911033 
0.436000 -54.112670 
0.437000 -53.312169 
0.438000 -52.509564 
0.439000 -51.704886 
0.440000 -50.898167 
0.441000 -50.089438 
0.442000 -49.278732 
0.443000 -48.466081 
0.444000 -47.651516 
0.445000 -46.835070 
0.446000 -46.016775 
0.447000 -45.196663 
0.448000 -44.374768 
0.449000 -43.551120 
0.450000 -42.725753 
0.451000 -41.898699 
0.452000 -41.069991 
0.453000 -40.239662 
0.454000 -39.407744 
0.455000 -38.574270 
0.456000 -37.739273 
0.457000 -36.902787 
0.458000 -36.064844 
0.459000 -35.225477 
0.460000 -34.384719 
0.461000 -33.542604 
0.462000 -32.699165 
0.463000 -31.854435 
0.464000 -31.008447 
0.465000 -30.161235 
0.466000 -29.312832 
0.467000 -28.463272 
0.468000 -27.612589 
0.469000 -26.760815 
0.470000 -25.907985 
0.471000 -25.054132 
0.472000 -24.199290 
0.473000 -23.343493 
0.474000 -22.486774 
0.475000 -21.629167 
0.476000 -20.770707 
0.477000 -19.911426 
0.478000 -19.051360 
0.479000 -18.190541 
0.480000 -17.329004 
0.481000 -16.466783 
0.482000 -15.603912 
0.483000 -14.740425 
0.484000 -13.876356 
0.485000 -13.011739 
0.486000 -12.146609 
0.487000 -11.280999 
0.488000 -10.414943 
0.489000 -9.548477 
0.490000 -8.681633 
0.491000 -7.814447 
0.492000 -6.946952 
0.493000 -6.079183 
0.494000 -5.211174 
0.495000 -4.342960 
0.496000 -3.474573 
0.497000 -2.606050 
0.498000 -1.737424 
0.499000 -0.868729 
0.500000 0.000000 
0.501000 0.868729 
0.502000 1.737424 
0.503000 2.606050 
0.504000 3.474573 
0.505000 4.342960 
0.506000 5.211174 
0.507000 6.079183 
0.508000 6.946952 
0.509000 7.814447 
0.510000 8.681633 
0.511000 9.548477 
0.512000 10.414943 
0.513000 11.280999 
0.514000 12.146609 
0.515000 13.011739 
0.516000 13.876356 
0.517000 14.740425 
0.518000 15.603912 
0.519000 16.466783 
0.520000 17.329004 
0.521000 18.190541 
0.522000 19.051360 
0.523000 19.911426 
0.524000 20.770707 
0.525000 21.629167 
0.526000 22.486774 
0.527000 23.343493 
0.528000 24.199290 
0.529000 25.054132 
0.530000 25.907985 
0.531000 26.760815 
0.532000 27.612589 
0.533000 28.463273 
0.534000 29.312832 
0.535000 30.161235 
0.536000 31.008447 
0.537000 31.854435 
0.538000 32.699165 
0.539000 33.542604 
0.540000 34.384719 
0.541000 35.225477 
0.542000 36.064844 
0.543000 36.902787 
0.544000 37.739274 
0.545000 38.574270 
0.546000 39.407744 
0.547000 40.239662 
0.548000 41.069991 
0.549000 41.898699 
0.550000 42.725753 
0.551000 43.551120 
0.552000 44.374767 
0.553000 45.196663 
0.554000 46.016775 
0.555000 46.835070 
0.556000 47.651516 
0.557000 48.466081 
0.558000 49.278732 
0.559000 50.089438 
0.560000 50.898167 
0.561000 51.704886 
0.562000 52.509564 
0.563000 53.312169 
0.564000 54.112669 
0.565000 54.911034 
0.566000 55.707230 
0.567000 56.501227 
0.568000 57.292993 
0.569000 58.082498 
0.570000 58.869709 
0.571000 59.654597 
0.572000 60.437130 
0.573000 61.217276 
0.574000 61.995006 
0.575000 62.770288 
0.576000 63.543092 
0.577000 64.313388 
0.578000 65.081145 
0.579000 65.846332 
0.580000 66.608920 
0.581000 67.368878 
0.582000 68.126177 
0.583000 68.880786 
0.584000 69.632676 
0.585000 70.381817 
0.586000 71.128180 
0.587000 71.871734 
0.588000 72.612451 
0.589000 73.350301 
0.590000 74.085256 
0.591000 74.817286 
0.592000 75.546362 
0.593000 76.272456 
0.594000 76.995538 
0.595000 77.715581 
0.596000 78.432556 
0.597000 79.146435 
0.598000 79.857189 
0.599000 80.564790 
0.600000 81.269211 
0.601000 81.970423 
0.602000 82.668400 
0.603000 83.363112 
0.604000 84.054534 
0.605000 84.742638 
0.606000 85.427396 
0.607000 86.108781 
0.608000 86.786767 
0.609000 87.461327 
0.610000 88.132434 
0.611000 88.800061 
0.612000 89.464183 
0.613000 90.124773 
0.614000 90.781805 
0.615000 91.435253 
0.616000 92.085092 
0.617000 92.731295 
0.618000 93.373837 
0.619000 94.012693 
0.620000 94.647838 
0.621000 95.279246 
0.622000 95.906892 
0.623000 96.530752 
0.624000 97.150802 
0.625000 97.767016 
0.626000 98.379370 
0.627000 98.987841 
0.628000 99.592404 
0.629000 100.193035 
0.630000 100.789710 
0.631000 101.382407 
0.632000 101.971101 
0.633000 102.555769 
0.634000 103.136389 
0.635000 103.712937 
0.636000 104.285391 
0.637000 104.853727 
0.638000 105.417924 
0.639000 105.977960 
0.640000 106.533812 
0.641000 107.085457 
0.642000 107.632876 
0.643000 108.176045 
0.644000 108.714943 
0.645000 109.249550 
0.646000 109.779844 
0.647000 110.305804 
0.648000 110.827409 
0.649000 111.344639 
0.650000 111.857473 
0.651000 112.365891 
0.652000 112.869873 
0.653000 113.369399 
0.654000 113.864450 
0.655000 114.355005 
0.656000 114.841046 
0.657000 115.322553 
0.658000 115.799508 
0.659000 116.271891 
0.660000 116.739683 
0.661000 117.202867 
0.662000 117.661424 
0.663000 118.115336 
0.664000 118.564585 
0.665000 119.009154 
0.666000 119.449024 
0.667000 119.884178 
0.668000 120.314599 
0.669000 120.740271 
0.670000 121.161176 
0.671000 121.577298 
0.672000 121.988620 
0.673000 122.395126 
0.674000 122.796801 
0.675000 123.193627 
0.676000 123.585590 
0.677000 123.972674 
0.678000 124.354864 
0.679000 124.732144 
0.680000 125.104501 
0.681000 125.471918 
0.682000 125.834382 
0.683000 126.191878 
0.684000 126.544393 
0.685000 126.891912 
0.686000 127.234421 
0.687000 127.571907 
0.688000 127.904357 
0.689000 128.231757 
0.690000 128.554095 
0.691000 128.871358 
0.692000 129.183534 
0.693000 129.490609 
0.694000 129.792572 
0.695000 130.089412 
0.696000 130.381115 
0.697000 130.667672 
0.698000 130.949070 
0.699000 131.225298 
0.700000 131.496346 
0.701000 131.762202 
0.702000 132.022857 
0.703000 132.278299 
0.704000 132.528520 
0.705000 132.773508 
0.706000 133.013255 
0.707000 133.247751 
0.708000 133.476986 
0.709000 133.700952 
0.710000 133.919640 
0.711000 134.133040 
0.712000 134.341146 
0.713000 134.543948 
0.714000 134.741438 
0.715000 134.933609 
0.716000 135.120453 
0.717000 135.301962 
0.718000 135.478130 
0.719000 135.648950 
0.720000 135.814414 
0.721000 135.974517 
0.722000 136.129252 
0.723000 136.278612 
0.724000 136.422593 
0.725000 136.561188 
0.726000 136.694391 
0.727000 136.822198 
0.728000 136.944604 
0.729000 137.061603 
0.730000 137.173191 
0.731000 137.279364 
0.732000 137.380118 
0.733000 137.475448 
0.734000 137.565350 
0.735000 137.649822 
0.736000 137.728859 
0.737000 137.802460 
0.738000 137.870620 
0.739000 137.933337 
0.740000 137.990609 
0.741000 138.042433 
0.742000 138.088807 
0.743000 138.129730 
0.744000 138.165200 
0.745000 138.195215 
0.746000 138.219775 
0.747000 138.238878 
0.748000 138.252523 
0.749000 138.260711 
0.750000 138.263440 
0.751000 138.260711 
0.752000 138.252523 
0.753000 138.238878 
0.754000 138.219775 
0.755000 138.195215 
0.756000 138.165200 
0.757000 138.129730 
0.758000 138.088807 
0.759000 138.042433 
0.760000 137.990609 
0.761000 137.933337 
0.762000 137.870620 
0.763000 137.802460 
0.764000 137.728859 
0.765000 137.649822 
0.766000 137.565350 
0.767000 137.475448 
0.768000 137.380118 
0.769000 137.279364 
0.770000 137.173191 
0.771000 137.061603 
0.772000 136.944604 
0.773000 136.822198 
0.774000 136.694391 
0.775000 136.561188 
0.776000 136.422593 
0.777000 136.278612 
0.778000 136.129252 
0.779000 135.974517 
0.780000 135.814414 
0.781000 135.648950 
0.782000 135.478130 
0.783000 135.301962 
0.784000 135.120453 
0.785000 134.933609 
0.786000 134.741438 
0.787000 134.543948 
0.788000 134.341146 
0.789000 134.133040 
0.790000 133.919640 
0.791000 133.700952 
0.792000 133.476986 
0.793000 133.247751 
0.794000 133.013255 
0.795000 132.773508 
0.796000 132.528520 
0.797000 132.278299 
0.798000 132.022857 
0.799000 131.762202 
0.800000 131.496346 
0.801000 131.225298 
0.802000 130.949070 
0.803000 130.667672 
0.804000 130.381115 
0.805000 130.089412 
0.806000 129.792572 
0.807000 129.490609 
0.808000 129.183534 
0.809000 128.871358 
0.810000 128.554095 
0.811000 128.231757 
0.812000 127.904357 
0.813000 127.571907 
0.814000 127.234421 
0.815000 126.891912 
0.816000 126.544393 
0.817000 126.191879 
0.818000 125.834382 
0.819000 125.471918 
0.820000 125.104501 
0.821000 124.732145 
0.822000 124.354864 
0.823000 123.972674 
0.824000 123.585590 
0.825000 123.193627 
0.826000 122.796801 
0.827000 122.395126 
0.828000 121.988620 
0.829000 121.577298 
0.830000 121.161176 
0.831000 120.740271 
0.832000 120.314599 
0.833000 119.884178 
0.834000 119.449024 
0.835000 119.009154 
0.836000 118.564585 
0.837000 118.115336 
0.838000 117.661424 
0.839000 117.202867 
0.840000 116.739683 
0.841000 116.271891 
0.842000 115.799508 
0.843000 115.322553 
0.844000 114.841046 
0.845000 114.355005 
0.846000 113.864450 
0.847000 113.369399 
0.848000 112.869873 
0.849000 112.365891 
0.850000 111.857473 
0.851000 111.344638 
0.852000 110.827409 
0.853000 110.305804 
0.854000 109.779844 
0.855000 109.249550 
0.856000 108.714943 
0.857000 108.176045 
0.858000 107.632876 
0.859000 107.085457 
0.860000 106.533811 
0.861000 105.977960 
0.862000 105.417924 
0.863000 104.853727 
0.864000 104.285391 
0.865000 103.712937 
0.866000 103.136389 
0.867000 102.555769 
0.868000 101.971101 
0.869000 101.382406 
0.870000 100.789710 
0.871000 100.193035 
0.872000 99.592404 
0.873000 98.987841 
0.874000 98.379370 
0.875000 97.767016 
0.876000 97.150802 
0.877000 96.530752 
0.878000 95.906892 
0.879000 95.279246 
0.880000 94.647838 
0.881000 94.012693 
0.882000 93.373837 
0.883000 92.731295 
0.884000 92.085092 
0.885000 91.435253 
0.886000 90.781805 
0.887000 90.124773 
0.888000 89.464183 
0.889000 88.800061 
0.890000 88.132434 
0.891000 87.461327 
0.892000 86.786767 
0.893000 86.108781 
0.894000 85.427396 
0.895000 84.742638 
0.896000 84.054534 
0.897000 83.363113 
0.898000 82.668400 
0.899000 81.970423 
0.900000 81.269211 
0.901000 80.564790 
0.902000 79.857189 
0.903000 79.146435 
0.904000 78.432556 
0.905000 77.715581 
0.906000 76.995538 
0.907000 76.272456 
0.908000 75.546362 
0.909000 74.817286 
0.910000 74.085256 
0.911000 73.350301 
0.912000 72.612451 
0.913000 71.871734 
0.914000 71.128180 
0.915000 70.381817 
0.916000 69.632676 
0.917000 68.880786 
0.918000 68.126177 
0.919000 67.368878 
0.920000 66.608920 
0.921000 65.846332 
0.922000 65.081145 
0.923000 64.313388 
0.924000 63.543092 
0.925000 62.770288 
0.926000 61.995006 
0.927000 61.217276 
0.928000 60.437130 
0.929000 59.654597 
0.930000 58.869710 
0.931000 58.082498 
0.932000 57.292993 
0.933000 56.501227 
0.934000 55.707230 
0.935000 54.911034 
0.936000 54.112669 
0.937000 53.312169 
0.938000 52.509564 
0.939000 51.704886 
0.940000 50.898167 
0.941000 50.089438 
0.942000 49.278732 
0.943000 48.466081 
0.944000 47.651516 
0.945000 46.835070 
0.946000 46.016775 
0.947000 45.196664 
0.948000 44.374768 
0.949000 43.551120 
0.950000 42.725753 
0.951000 41.898699 
0.952000 41.069991 
0.953000 40.239662 
0.954000 39.407744 
0.955000 38.574270 
0.956000 37.739274 
0.957000 36.902787 
0.958000 36.064844 
0.959000 35.225477 
0.960000 34.384719 
0.961000 33.542604 
0.962000 32.699165 
0.963000 31.854435 
0.964000 31.008447 
0.965000 30.161235 
0.966000 29.312832 
0.967000 28.463272 
0.968000 27.612589 
0.969000 26.760815 
0.970000 25.907985 
0.971000 25.054132 
0.972000 24.199290 
0.973000 23.343493 
0.974000 22.486774 
0.975000 21.629167 
0.976000 20.770707 
0.977000 19.911426 
0.978000 19.051360 
0.979000 18.190541 
0.980000 17.329004 
0.981000 16.466783 
0.982000 15.603912 
0.983000 14.740425 
0.984000 13.876356 
0.985000 13.011739 
0.986000 12.146609 
0.987000 11.280999 
0.988000 10.414943 
0.989000 9.548477 
0.990000 8.681633 
0.991000 7.814447 
0.992000 6.946952 
0.993000 6.079183 
0.994000 5.211174 
0.995000 4.342960 
0.996000 3.474573 
0.997000 2.606050 
0.998000 1.737424 
0.999000 0.868729 
1.000000 0.000000 
1.001000 -0.868729 
1.002000 -1.737424 
1.003000 -2.606050 
1.004000 -3.474573 
1.005000 -4.342960 
1.006000 -5.211174 
1.007000 -6.079183 
1.008000 -6.946952 
1.009000 -7.814447 
1.010000 -8.681633 
1.011000 -9.548477 
1.012000 -10.414943 
1.013000 -11.280999 
1.014000 -12.146609 
1.015000 -13.011739 
1.016000 -13.876356 
1.017000 -14.740425 
1.018000 -15.603912 
1.019000 -16.466783 
1.020000 -17.329004 
1.021000 -18.190541 
1.022000 -19.051360 
1.023000 -19.911426 
1.024000 -20.770707 
1.025000 -21.629167 
1.026000 -22.486774 
1.027000 -23.343493 
1.028000 -24.199290 
1.029000 -25.054132 
1.030000 -25.907985 
1.031000 -26.760815 
1.032000 -27.612589 
1.033000 -28.463272 
1.034000 -29.312832 
1.035000 -30.161235 
1.036000 -31.008447 
1.037000 -31.854435 
1.038000 -32.699165 
1.039000 -33.542604 
1.040000 -34.384719 
1.041000 -35.225477 
1.042000 -36.064844 
1.043000 -36.902787 
1.044000 -37.739274 
1.045000 -38.574270 
1.046000 -39.407744 
1.047000 -40.239662 
1.048000 -41.069991 
1.049000 -41.898699 
1.050000 -42.725753 
1.051000 -43.551120 
1.052000 -44.374768 
1.053000 -45.196664 
1.054000 -46.016775 
1.055000 -46.835070 
1.056000 -47.651516 
1.057000 -48.466081 
1.058000 -49.278732 
1.059000 -50.089438 
1.060000 -50.898167 
1.061000 -51.704886 
1.062000 -52.509564 
1.063000 -53.312169 
1.064000 -54.112669 
1.065000 -54.911034 
1.066000 -55.707230 
1.067000 -56.501227 
1.068000 -57.292993 
1.069000 -58.082498 
1.070000 -58.869710 
1.071000 -59.654597 
1.072000 -60.437130 
1.073000 -61.217276 
1.074000 -61.995006 
1.075000 -62.770288 
1.076000 -63.543092 
1.077000 -64.313388 
1.078000 -65.081145 
1.079000 -65.846332 
1.080000 -66.608920 
1.081000 -67.368878 
1.082000 -68.126177 
1.083000 -68.880786 
1.084000 -69.632676 
1.085000 -70.381817 
1.086000 -71.128180 
1.087000 -71.871734 
1.088000 -72.612451 
1.089000 -73.350301 
1.090000 -74.085256 
1.091000 -74.817286 
1.092000 -75.546362 
1.093000 -76.272456 
1.094000 -76.995538 
1.095000 -77.715581 
1.096000 -78.432556 
1.097000 -79.146435 
1.098000 -79.857189 
1.099000 -80.564790 
1.100000 -81.269211 
1.101000 -81.970423 
1.102000 -82.668400 
1.103000 -83.363113 
1.104000 -84.054534 
1.105000 -84.742638 
1.106000 -85.427396 
1.107000 -86.108781 
1.108000 -86.786767 
1.109000 -87.461327 
1.110000 -88.132433 
1.111000 -88.800061 
1.112000 -89.464183 
1.113000 -90.124773 
1.114000 -90.781805 
1.115000 -91.435253 
1.116000 -92.085092 
1.117000 -92.731295 
1.118000 -93.373837 
1.119000 -94.012693 
1.120000 -94.647838 
1.121000 -95.279246 
1.122000 -95.906892 
1.123000 -96.530752 
1.124000 -97.150802 
1.125000 -97.767016 
1.126000 -98.379370 
1.127000 -98.987841 
1.128000 -99.592404 
1.129000 -100.193035 
1.130000 -100.789710 
1.131000 -101.382406 
1.132000 -101.971101 
1.133000 -102.555769 
1.134000 -103.136389 
1.135000 -103.712937 
1.136000 -104.285391 
1.137000 -104.853727 
1.138000 -105.417924 
1.139000 -105.977960 
1.140000 -106.533811 
1.141000 -107.085457 
1.142000 -107.632876 
1.143000 -108.176045 
1.144000 -108.714943 
1.145000 -109.249550 
1.146000 -109.779844 
1.147000 -110.305804 
1.148000 -110.827409 
1.149000 -111.344638 
1.150000 -111.857473 
1.151000 -112.365891 
1.152000 -112.869873 
1.153000 -113.369399 
1.154000 -113.864450 
1.155000 -114.355005 
1.156000 -114.841046 
1.157000 -115.322553 
1.158000 -115.799508 
1.159000 -116.271891 
1.160000 -116.739683 
1.161000 -117.202867 
1.162000 -117.661424 
1.163000 -118.115336 
1.164000 -118.564585 
1.165000 -119.009154 
1.166000 -119.449024 
1.167000 -119.884178 
1.168000 -120.314599 
1.169000 -120.740271 
1.170000 -121.161176 
1.171000 -121.577298 
1.172000 -121.988620 
1.173000 -122.395126 
1.174000 -122.796801 
1.175000 -123.193627 
1.176000 -123.585590 
1.177000 -123.972674 
1.178000 -124.354864 
1.179000 -124.732145 
1.180000 -125.104501 
1.181000 -125.471918 
1.182000 -125.834382 
1.183000 -126.191879 
1.184000 -126.544393 
1.185000 -126.891912 
1.186000 -127.234421 
1.187000 -127.571907 
1.188000 -127.904357 
1.189000 -128.231757 
1.190000 -128.554095 
1.191000 -128.871358 
1.192000 -129.183534 
1.193000 -129.490609 
1.194000 -129.792572 
1.195000 -130.089412 
1.196000 -130.381115 
1.197000 -130.667672 
1.198000 -130.949070 
1.199000 -131.225298 
1.200000 -131.496346 
1.201000 -131.762202 
1.202000 -132.022857 
1.203000 -132.278299 
1.204000 -132.528520 
1.205000 -132.773508 
1.206000 -133.013255 
1.207000 -133.247751 
1.208000 -133.476986 
1.209000 -133.700952 
1.210000 -133.919640 
1.211000 -134.133040 
1.212000 -134.341146 
1.213000 -134.543948 
1.214000 -134.741438 
1.215000 -134.933609 
1.216000 -135.120453 
1.217000 -135.301962 
1.218000 -135.478130 
1.219000 -135.648950 
1.220000 -135.814414 
1.221000 -135.974517 
1.222000 -136.129252 
1.223000 -136.278612 
1.224000 -136.422593 
1.225000 -136.561188 
1.226000 -136.694391 
1.227000 -136.822198 
1.228000 -136.944604 
1.229000 -137.061603 
1.230000 -137.173191 
1.231000 -137.279364 
1.232000 -137.380118 
1.233000 -137.475448 
1.234000 -137.565350 
1.235000 -137.649822 
1.236000 -137.728859 
1.237000 -137.802460 
1.238000 -137.870620 
1.239000 -137.933337 
1.240000 -137.990609 
1.241000 -138.042433 
1.242000 -138.088807 
1.243000 -138.129730 
1.244000 -138.165200 
1.245000 -138.195215 
1.246000 -138.219775 
1.247000 -138.238878 
1.248000 -138.252523 
1.249000 -138.260711 
1.250000 -138.263440 
1.251000 -138.260711 
1.252000 -138.252523 
1.253000 -138.238878 
1.254000 -138.219775 
1.255000 -138.195215 
1.256000 -138.165200 
1.257000 -138.129730 
1.258000 -138.088807 
1.259000 -138.042433 
1.260000 -137.990609 
1.261000 -137.933337 
1.262000 -137.870620 
1.263000 -137.802460 
1.264000 -137.728859 
1.265000 -137.649822 
1.266000 -137.565350 
1.267000 -137.475448 
1.268000 -137.380118 
1.269000 -137.279364 
1.270000 -137.173191 
1.271000 -137.061603 
1.272000 -136.944604 
1.273000 -136.822198 
1.274000 -136.694391 
1.275000 -136.561188 
1.276000 -136.422593 
1.277000 -136.278612 
1.278000 -136.129252 
1.279000 -135.974517 
1.280000 -135.814414 
1.281000 -135.648950 
1.282000 -135.478130 
1.283000 -135.301962 
1.284000 -135.120453 
1.285000 -134.933609 
1.286000 -134.741438 
1.287000 -134.543948 
1.288000 -134.341146 
1.289000 -134.133040 
1.290000 -133.919640 
1.291000 -133.700952 
1.292000 -133.476986 
1.293000 -133.247751 
1.294000 -133.013255 
1.295000 -132.773508 
1.296000 -132.528520 
1.297000 -132.278299 
1.298000 -132.022857 
1.299000 -131.762202 
1.300000 -131.496346 
1.301000 -131.225298 
1.302000 -130.949070 
1.303000 -130.667672 
1.304000 -130.381115 
1.305000 -130.089412 
1.306000 -129.792572 
1.307000 -129.490609 
1.308000 -129.183534 
1.309000 -128.871358 
1.310000 -128.554095 
1.311000 -128.231757 
1.312000 -127.904357 
1.313000 -127.571907 
1.314000 -127.234421 
1.315000 -126.891912 
1.316000 -126.544393 
1.317000 -126.191878 
1.318000 -125.834382 
1.319000 -125.471918 
1.320000 -125.104501 
1.321000 -124.732145 
1.322000 -124.354864 
1.323000 -123.972674 
1.324000 -123.585590 
1.325000 -123.193627 
1.326000 -122.796801 
1.327000 -122.395126 
1.328000 -121.988620 
1.329000 -121.577298 
1.330000 -121.161176 
1.331000 -120.740271 
1.332000 -120.314599 
1.333000 -119.884178 
1.334000 -119.449024 
1.335000 -119.009154 
1.336000 -118.564585 
1.337000 -118.115336 
1.338000 -117.661424 
1.339000 -117.202867 
1.340000 -116.739683 
1.341000 -116.271891 
1.342000 -115.799508 
1.343000 -115.322553 
1.344000 -114.841046 
1.345000 -114.355005 
1.346000 -113.864450 
1.347000 -113.369399 
1.348000 -112.869873 
1.349000 -112.365891 
1.350000 -111.857473 
1.351000 -111.344639 
1.352000 -110.827409 
1.353000 -110.305804 
1.354000 -109.779844 
1.355000 -109.249550 
1.356000 -108.714943 
1.357000 -108.176045 
1.358000 -107.632876 
1.359000 -107.085457 
1.360000 -106.533812 
1.361000 -105.977960 
1.362000 -105.417924 
1.363000 -104.853727 
1.364000 -104.285390 
1.365000 -103.712937 
1.366000 -103.136389 
1.367000 -102.555769 
1.368000 -101.971101 
1.369000 -101.382407 
1.370000 -100.789710 
1.371000 -100.193035 
1.372000 -99.592404 
1.373000 -98.987841 
1.374000 -98.379370 
1.375000 -97.767016 
1.376000 -97.150802 
1.377000 -96.530752 
1.378000 -95.906892 
1.379000 -95.279246 
1.380000 -94.647838 
1.381000 -94.012693 
1.382000 -93.373837 
1.383000 -92.731295 
1.384000 -92.085092 
1.385000 -91.435253 
1.386000 -90.781805 
1.387000 -90.124773 
1.388000 -89.464183 
1.389000 -88.800061 
1.390000 -88.132434 
1.391000 -87.461327 
1.392000 -86.786767 
1.393000 -86.108781 
1.394000 -85.427396 
1.395000 -84.742638 
1.396000 -84.054534 
1.397000 -83.363112 
1.398000 -82.668400 
1.399000 -81.970423 
1.400000 -81.269211 
1.401000 -80.564790 
1.402000 -79.857189 
1.403000 -79.146435 
1.404000 -78.432556 
1.405000 -77.715581 
1.406000 -76.995538 
1.407000 -76.272456 
1.408000 -75.546362 
1.409000 -74.817286 
1.410000 -74.085256 
1.411000 -73.350301 
1.412000 -72.612451 
1.413000 -71.871734 
1.414000 -71.128180 
1.415000 -70.381817 
1.416000 -69.632676 
1.417000 -68.880786 
1.418000 -68.126177 
1.419000 -67.368879 
1.420000 -66.608920 
1.421000 -65.846332 
1.422000 -65.081145 
1.423000 -64.313388 
1.424000 -63.543092 
1.425000 -62.770288 
1.426000 -61.995006 
1.427000 -61.217276 
1.428000 -60.437130 
1.429000 -59.654597 
1.430000 -58.869709 
1.431000 -58.082498 
1.432000 -57.292993 
1.433000 -56.501227 
1.434000 -55.707230 
1.435000 -54.911034 
1.436000 -54.112669 
1.437000 -53.312169 
1.438000 -52.509564 
1.439000 -51.704886 
1.440000 -50.898167 
1.441000 -50.089438 
1.442000 -49.278732 
1.443000 -48.466081 
1.444000 -47.651516 
1.445000 -46.835070 
1.446000 -46.016775 
1.447000 -45.196663 
1.448000 -44.374767 
1.449000 -43.551120 
1.450000 -42.725753 
1.451000 -41.898699 
1.452000 -41.069991 
1.453000 -40.239662 
1.454000 -39.407744 
1.455000 -38.574270 
1.456000 -37.739274 
1.457000 -36.902787 
1.458000 -36.064844 
1.459000 -35.225477 
1.460000 -34.384719 
1.461000 -33.542604 
1.462000 -32.699165 
1.463000 -31.854435 
1.464000 -31.008447 
1.465000 -30.161235 
1.466000 -29.312832 
1.467000 -28.463272 
1.468000 -27.612589 
1.469000 -26.760815 
1.470000 -25.907985 
1.471000 -25.054132 
1.472000 -24.199290 
1.473000 -23.343493 
1.474000 -22.486774 
1.475000 -21.629167 
1.476000 -20.770707 
1.477000 -19.911426 
1.478000 -19.051360 
1.479000 -18.190541 
1.480000 -17.329004 
1.481000 -16.466783 
1.482000 -15.603912 
1.483000 -14.740425 
1.484000 -13.876356 
1.485000 -13.011739 
1.486000 -12.146609 
1.487000 -11.280999 
1.488000 -10.414943 
1.489000 -9.548477 
1.490000 -8.681633 
1.491000 -7.814447 
1.492000 -6.946952 
1.493000 -6.079183 
1.494000 -5.211174 
1.495000 -4.342960 
1.496000 -3.474573 
1.497000 -2.606050 
1.498000 -1.737424 
1.499000 -0.868729 
