descriptor BJD Tc_folded phase mod 
2455326.949950 -0.780665 0.759262 126.941201
2455327.049950 -0.680665 0.800519 138.534822
2455327.149950 -0.580665 0.841777 140.871059
2455327.249950 -0.480665 0.883034 133.793796
2455327.349950 -0.380665 0.924291 117.775959
2455327.449950 -0.280665 0.965549 93.887919
2455327.549950 -0.180665 0.006806 63.725956
2455327.649950 -0.080665 0.048064 29.305601
2455327.749950 0.019335 0.089321 -7.073058
2455327.849950 0.119335 0.130578 -42.979070
2455327.949950 0.219335 0.171836 -76.013069
2455328.049950 0.319335 0.213093 -103.967607
2455328.149950 0.419335 0.254350 -124.974663
2455328.249950 0.519335 0.295608 -137.630473
2455328.349950 0.619335 0.336865 -141.089329
2455328.449950 0.719335 0.378122 -135.120099
2455328.549950 0.819335 0.419380 -120.121668
2455328.649950 0.919335 0.460637 -97.096284
2455328.749950 1.019335 0.501895 -67.582585
2455328.849950 1.119335 0.543152 -33.552779
2455328.949950 -1.204474 0.584409 2.719142
2455329.049950 -1.104474 0.625667 38.809361
2455329.149950 -1.004474 0.666924 72.306200
2455329.249950 -0.904474 0.708181 100.971285
2455329.349950 -0.804474 0.749439 122.889113
2455329.449950 -0.704474 0.790696 136.595058
2455329.549950 -0.604474 0.831954 141.173239
2455329.649950 -0.504474 0.873211 136.317728
2455329.749950 -0.404474 0.914468 122.352985
2455329.849950 -0.304474 0.955726 100.212185
2455329.949950 -0.204474 0.996983 71.374854
2455330.049950 -0.104474 0.038240 37.768004
2455330.149950 -0.004474 0.079498 1.637362
2455330.249950 0.095526 0.120755 -34.602693
2455330.349950 0.195526 0.162012 -68.530475
2455330.449950 0.295526 0.203270 -97.878809
2455330.549950 0.395526 0.244527 -120.686537
2455330.649950 0.495526 0.285785 -135.429564
2455330.749950 0.595526 0.327042 -141.122712
2455330.849950 0.695526 0.368299 -137.385542
2455330.949950 0.795526 0.409557 -124.467787
2455331.049950 0.895526 0.450814 -103.232655
2455331.149950 0.995526 0.492071 -75.099154
2455331.249950 1.095526 0.533329 -41.947263
2455331.349950 1.195526 0.574586 -5.992308
2455331.449950 -1.128284 0.615843 30.363074
2455331.549950 -1.028284 0.657101 64.689489
2455331.649950 -0.928284 0.698358 94.693124
2455331.749950 -0.828284 0.739616 118.369031
2455331.849950 -0.728284 0.780873 134.135102
2455331.949950 -0.628284 0.822130 140.937793
2455332.049950 -0.528284 0.863388 138.322525
2455332.149950 -0.428284 0.904645 126.464058
2455332.249950 -0.328284 0.945902 106.154817
2455332.349950 -0.228284 0.987160 78.751937
2455332.449950 -0.128284 0.028417 46.086576
2455332.549950 -0.028284 0.069675 10.341547
2455332.649950 0.071716 0.110932 -26.094541
2455332.749950 0.171716 0.152189 -60.786899
2455332.849950 0.271716 0.193447 -91.417263
2455332.949950 0.371716 0.234704 -115.938803
2455333.049950 0.471716 0.275961 -132.712904
2455333.149950 0.571716 0.317219 -140.618661
2455333.249950 0.671716 0.358476 -139.127783
2455333.349950 0.771716 0.399733 -128.339898
2455333.449950 0.871716 0.440991 -108.975888
2455333.549950 0.971716 0.482248 -82.329725
2455333.649950 1.071716 0.523506 -50.182000
2455333.749950 1.171716 0.564763 -14.680938
2455333.849950 -1.152093 0.606020 21.801157
2455333.949950 -1.052093 0.647278 56.826422
2455334.049950 -0.952093 0.688535 88.054345
2455334.149950 -0.852093 0.729792 113.398167
2455334.249950 -0.752093 0.771050 131.164323
2455334.349950 -0.652093 0.812307 140.165617
2455334.449950 -0.552093 0.853564 139.800551
2455334.549950 -0.452093 0.894822 130.093520
2455334.649950 -0.352093 0.936079 111.693182
2455334.749950 -0.252093 0.977337 85.829111
2455334.849950 -0.152093 0.018594 54.229637
2455334.949950 -0.052093 0.059851 19.006348
2455335.049950 0.047907 0.101109 -17.487013
2455335.149950 0.147907 0.142366 -52.811830
2455335.249950 0.247907 0.183623 -84.607574
2455335.349950 0.347907 0.224881 -110.749542
2455335.449950 0.447907 0.266138 -129.490835
2455335.549950 0.547907 0.307396 -139.579095
2455335.649950 0.647907 0.348653 -140.340188
2455335.749950 0.747907 0.389910 -131.723255
2455335.849950 0.847907 0.431168 -114.304111
2455335.949950 0.947907 0.472425 -89.246762
2455336.049950 1.047907 0.513682 -58.225631
2455336.149950 1.147907 0.554940 -23.313658
2455336.249950 -1.175903 0.596197 13.156215
2455336.349950 -1.075903 0.637454 48.746945
2455336.449950 -0.975903 0.678712 81.080231
2455336.549950 -0.875903 0.719969 107.995451
2455336.649950 -0.775903 0.761227 127.694034
2455336.749950 -0.675903 0.802484 138.859652
2455336.849950 -0.575903 0.843741 140.746179
2455336.949950 -0.475903 0.884999 133.227551
2455337.049950 -0.375903 0.926256 116.806188
2455337.149950 -0.275903 0.967513 92.579424
2455337.249950 -0.175903 0.008771 62.166177
2455337.349950 -0.075903 0.050028 27.598767
2455337.449950 0.024097 0.091285 -8.812890
2455337.549950 0.124097 0.132543 -44.635638
2455337.649950 0.224097 0.173800 -77.475676
2455337.749950 0.324097 0.215058 -105.138516
2455337.849950 0.424097 0.256315 -125.775631
2455337.949950 0.524097 0.297572 -138.007974
2455338.049950 0.624097 0.338830 -141.018139
2455338.149950 0.724097 0.380087 -134.604975
2455338.249950 0.824097 0.421344 -119.197032
2455338.349950 0.924097 0.462602 -95.823923
2455338.449950 1.024097 0.503859 -66.047523
2455338.549950 1.124097 0.545116 -31.857594
2455338.649950 -1.199713 0.586374 4.461171
2455338.749950 -1.099713 0.627631 40.481825
2455338.849950 -0.999713 0.668889 73.797341
2455338.949950 -0.899713 0.710146 102.181459
2455339.049950 -0.799713 0.751403 123.737452
2455339.149950 -0.699713 0.792661 137.024872
2455339.249950 -0.599713 0.833918 141.155807
2455339.349950 -0.499713 0.875175 135.854215
2455339.449950 -0.399713 0.916433 121.474365
2455339.549950 -0.299713 0.957690 98.977170
2455339.649950 -0.199713 0.998948 69.865972
2455339.749950 -0.099713 0.040205 36.086083
2455339.849950 0.000287 0.081462 -0.105204
2455339.949950 0.100287 0.122720 -36.289462
2455340.049950 0.200287 0.163977 -70.048730
2455340.149950 0.300287 0.205234 -99.127095
2455340.249950 0.400287 0.246492 -121.581438
2455340.349950 0.500287 0.287749 -135.911281
2455340.449950 0.600287 0.329006 -141.159054
2455340.549950 0.700287 0.370264 -136.974081
2455340.649950 0.800287 0.411521 -123.636018
2455340.749950 0.900287 0.452779 -102.036161
2455340.849950 1.000287 0.494036 -73.617887
2455340.949950 1.100287 0.535293 -40.280208
2455341.049950 1.200287 0.576551 -4.250862
2455341.149950 -1.123522 0.617808 32.062540
2455341.249950 -1.023522 0.659065 66.233411
2455341.349950 -0.923522 0.700323 95.978332
2455341.449950 -0.823522 0.741580 119.309643
2455341.549950 -0.723522 0.782837 134.668263
2455341.649950 -0.623522 0.824095 141.027875
2455341.749950 -0.523522 0.865352 137.963508
2455341.849950 -0.423522 0.906610 125.679934
2455341.949950 -0.323522 0.947867 104.997983
2455342.049950 -0.223522 0.989124 77.299697
2455342.149950 -0.123522 0.030382 44.435973
2455342.249950 -0.023522 0.071639 8.602881
2455342.349950 0.076478 0.112896 -27.805086
2455342.449950 0.176478 0.154154 -62.355019
2455342.549950 0.276478 0.195411 -92.738170
2455342.649950 0.376478 0.236669 -116.924230
2455342.749950 0.476478 0.277926 -133.297001
2455342.849950 0.576478 0.319183 -140.762397
2455342.949950 0.676478 0.360441 -138.821553
2455343.049950 0.776478 0.401698 -127.604165
2455343.149950 0.876478 0.442955 -107.859816
2455343.249950 0.976478 0.484213 -80.907895
2455343.349950 1.076478 0.525470 -48.549423
2455343.449950 1.176478 0.566727 -12.946708
2455343.549950 -1.147332 0.607985 23.521152
2455343.649950 -1.047332 0.649242 58.417246
2455343.749950 -0.947332 0.690500 89.409694
2455343.849950 -0.847332 0.731757 114.427470
2455343.949950 -0.747332 0.773014 131.798801
2455344.049950 -0.647332 0.814272 140.362871
2455344.149950 -0.547332 0.855529 139.547399
2455344.249950 -0.447332 0.896786 129.406879
2455344.349950 -0.347332 0.938044 110.618935
2455344.449950 -0.247332 0.979301 84.439044
2455344.549950 -0.147332 0.020558 52.616639
2455344.649950 -0.047332 0.061816 17.278205
2455344.749950 0.052668 0.103073 -19.214820
2455344.849950 0.152668 0.144331 -54.423843
2455344.949950 0.252668 0.185588 -85.996073
2455345.049950 0.352668 0.226845 -111.821742
2455345.149950 0.452668 0.268103 -130.175089
2455345.249950 0.552668 0.309360 -139.829678
2455345.349950 0.652668 0.350617 -140.140355
2455345.449950 0.752668 0.391875 -131.086360
2455345.549950 0.852668 0.433132 -113.272712
2455345.649950 0.952668 0.474390 -87.889783
2455345.749950 1.052668 0.515647 -56.633749
2455345.849950 1.152668 0.556904 -21.593248
2455345.949950 -1.171141 0.598162 14.890189
2455346.049950 -1.071141 0.639419 50.378612
2455346.149950 -0.971141 0.680676 82.500558
2455346.249950 -0.871141 0.721934 109.109527
2455346.349950 -0.771141 0.763191 128.427412
2455346.449950 -0.671141 0.804448 139.163326
2455346.549950 -0.571141 0.845706 140.599855
2455346.649950 -0.471141 0.886963 132.641007
2455346.749950 -0.371141 0.928221 115.818620
2455346.849950 -0.271141 0.969478 91.256825
2455346.949950 -0.171141 0.010735 60.596927
2455347.049950 -0.071141 0.051993 25.887728
2455347.149950 0.028859 0.093250 -10.551379
2455347.249950 0.128859 0.134507 -46.285406
2455347.349950 0.228859 0.175765 -78.926479
2455347.449950 0.328859 0.217022 -106.293407
2455347.549950 0.428859 0.258279 -126.557435
2455347.649950 0.528859 0.299537 -138.364449
2455347.749950 0.628859 0.340794 -140.925463
2455347.849950 0.728859 0.382052 -134.069342
2455347.949950 0.828859 0.423309 -118.254234
2455348.049950 0.928859 0.464566 -94.536963
2455348.149950 1.028859 0.505824 -64.502398
2455348.249950 1.128859 0.547081 -30.157556
2455348.349950 -1.194951 0.588338 6.202520
2455348.449950 -1.094951 0.629596 42.148122
2455348.549950 -0.994951 0.670853 75.277238
2455348.649950 -0.894951 0.712111 103.376064
2455348.749950 -0.794951 0.753368 124.566937
2455348.849950 -0.694951 0.794625 137.433808
2455348.949950 -0.594951 0.835883 141.116869
2455349.049950 -0.494951 0.877140 135.370002
2455349.149950 -0.394951 0.918397 120.577236
2455349.249950 -0.294951 0.959655 97.727074
2455349.349950 -0.194951 0.000912 68.346444
2455349.449950 -0.094951 0.042169 34.398664
2455349.549950 0.005049 0.083427 -1.847755
2455349.649950 0.105049 0.124684 -37.970701
2455349.749950 0.205049 0.165942 -71.556311
2455349.849950 0.305049 0.207199 -100.360277
2455349.949950 0.405049 0.248456 -122.457815
2455350.049950 0.505049 0.289714 -136.372290
2455350.149950 0.605049 0.330971 -141.173889
2455350.249950 0.705049 0.372228 -136.541751
2455350.349950 0.805049 0.413486 -122.785412
2455350.449950 0.905049 0.454743 -100.824120
2455350.549950 1.005049 0.496000 -72.125404
2455350.649950 1.105049 0.537258 -38.607015
2455350.749950 1.205049 0.578515 -2.508770
2455350.849950 -1.118760 0.619773 33.757121
2455350.949950 -1.018760 0.661030 67.767242
2455351.049950 -0.918760 0.702287 97.248917
2455351.149950 -0.818760 0.743545 120.232077
2455351.249950 -0.718760 0.784802 135.180906
2455351.349950 -0.618760 0.826059 141.096470
2455351.449950 -0.518760 0.867317 137.583471
2455351.549950 -0.418760 0.908574 124.876661
2455351.649950 -0.318760 0.949832 103.825151
2455351.749950 -0.218760 0.991089 75.835680
2455351.849950 -0.118760 0.032346 42.778601
2455351.949950 -0.018760 0.073604 6.862905
2455352.049950 0.081240 0.114861 -29.511394
2455352.149950 0.181240 0.156118 -63.913638
2455352.249950 0.281240 0.197376 -94.044947
2455352.349950 0.381240 0.238633 -117.891842
2455352.449950 0.481240 0.279890 -133.860789
2455352.549950 0.581240 0.321148 -140.884686
2455352.649950 0.681240 0.362405 -138.494172
2455352.749950 0.781240 0.403663 -126.848989
2455352.849950 0.881240 0.444920 -106.727311
2455352.949950 0.981240 0.486177 -79.473737
2455353.049950 1.081240 0.527435 -46.909449
2455353.149950 1.181240 0.568692 -11.210505
2455353.249950 -1.142570 0.609949 25.237563
2455353.349950 -1.042570 0.651207 59.999169
2455353.449950 -0.942570 0.692464 90.751419
2455353.549950 -0.842570 0.733721 115.439340
2455353.649950 -0.742570 0.774979 132.413197
2455353.749950 -0.642570 0.816236 140.538738
2455353.849950 -0.542570 0.857494 139.272985
2455353.949950 -0.442570 0.898751 128.700521
2455354.049950 -0.342570 0.940008 109.527834
2455354.149950 -0.242570 0.981266 83.036112
2455354.249950 -0.142570 0.022523 50.995625
2455354.349950 -0.042570 0.063780 15.547430
2455354.449950 0.057430 0.105038 -20.939699
2455354.549950 0.157430 0.146295 -56.027564
2455354.649950 0.257430 0.187553 -87.371469
2455354.749950 0.357430 0.228810 -112.876905
2455354.849950 0.457430 0.270067 -130.839508
2455354.949950 0.557430 0.311325 -140.058955
2455355.049950 0.657430 0.352582 -139.919169
2455355.149950 0.757430 0.393839 -130.429491
2455355.249950 0.857430 0.435097 -112.224055
2455355.349950 0.957430 0.476354 -86.519412
2455355.449950 1.057430 0.517611 -55.033238
2455355.549950 1.157430 0.558869 -19.869548
2455355.649950 -1.166380 0.600126 16.621894
2455355.749950 -1.066380 0.641384 52.002603
2455355.849950 -0.966380 0.682641 83.908315
2455355.949950 -0.866380 0.723898 110.206978
2455356.049950 -0.766380 0.765156 129.141222
2455356.149950 -0.666380 0.806413 139.445795
2455356.249950 -0.566380 0.847670 140.432109
2455356.349950 -0.466380 0.888928 132.034254
2455356.449950 -0.366380 0.930185 114.813405
2455356.549950 -0.266380 0.971442 89.920320
2455356.649950 -0.166380 0.012700 59.018443
2455356.749950 -0.066380 0.053957 24.172745
2455356.849950 0.033620 0.095215 -12.288260
2455356.949950 0.133620 0.136472 -47.928121
2455357.049950 0.233620 0.177729 -80.365256
2455357.149950 0.333620 0.218987 -107.432102
2455357.249950 0.433620 0.260244 -127.319956
2455357.349950 0.533620 0.301501 -138.699842
2455357.449950 0.633620 0.342759 -140.811316
2455357.549950 0.733620 0.384016 -133.513281
2455357.649950 0.833620 0.425273 -117.293419
2455357.749950 0.933620 0.466531 -93.235598
2455357.849950 1.033620 0.507788 -62.947445
2455357.949950 1.133620 0.549046 -28.452923
2455358.049950 -1.190189 0.590303 7.942924
2455358.149950 -1.090189 0.631560 43.807997
2455358.249950 -0.990189 0.672818 76.745666
2455358.349950 -0.890189 0.714075 104.554918
2455358.449950 -0.790189 0.755332 125.377443
2455358.549950 -0.690189 0.796590 137.821805
2455358.649950 -0.590189 0.837847 141.056429
2455358.749950 -0.490189 0.879105 134.865165
2455358.849950 -0.390189 0.920362 119.661735
2455358.949950 -0.290189 0.961619 96.462088
2455359.049950 -0.190189 0.002877 66.816503
2455359.149950 -0.090189 0.044134 32.706005
2455359.249950 0.009811 0.085391 -3.590024
2455359.349950 0.109811 0.126649 -39.646155
2455359.449950 0.209811 0.167906 -73.052991
2455359.549950 0.309811 0.209163 -101.578167
2455359.649950 0.409811 0.250421 -123.315533
2455359.749950 0.509811 0.291678 -136.812521
2455359.849950 0.609811 0.332936 -141.167214
2455359.949950 0.709811 0.374193 -136.088617
2455360.049950 0.809811 0.415450 -121.916098
2455360.149950 0.909811 0.456708 -99.596717
2455360.249950 1.009811 0.497965 -70.621932
2455360.349950 1.109811 0.539222 -36.927941
2455360.449950 1.209811 0.580480 -0.766294
2455360.549950 -1.113999 0.621737 35.446559
2455360.649950 -1.013999 0.662994 69.290747
2455360.749950 -0.913999 0.704252 98.504684
2455360.849950 -0.813999 0.745509 121.136191
2455360.949950 -0.713999 0.786767 135.672951
2455361.049950 -0.613999 0.828024 141.143567
2455361.149950 -0.513999 0.869281 137.182472
2455361.249950 -0.413999 0.910539 124.054361
2455361.349950 -0.313999 0.951796 102.636500
2455361.449950 -0.213999 0.993053 74.360108
2455361.549950 -0.113999 0.034311 41.114710
2455361.649950 -0.013999 0.075568 5.121883
2455361.749950 0.086001 0.116826 -31.213206
2455361.849950 0.186001 0.158083 -65.462519
2455361.949950 0.286001 0.199340 -95.337396
2455362.049950 0.386001 0.240598 -118.841492
2455362.149950 0.486001 0.281855 -134.404181
2455362.249950 0.586001 0.323112 -140.985509
2455362.349950 0.686001 0.364370 -138.145689
2455362.449950 0.786001 0.405627 -126.074487
2455362.549950 0.886001 0.446884 -105.578544
2455362.649950 0.986001 0.488142 -78.027471
2455362.749950 1.086001 0.529399 -45.262327
2455362.849950 1.186001 0.570657 -9.472595
2455362.949950 -1.137808 0.611914 26.950129
2455363.049950 -1.037808 0.653171 61.571951
2455363.149950 -0.937808 0.694429 92.079318
2455363.249950 -0.837808 0.735686 116.433620
2455363.349950 -0.737808 0.776943 133.007418
2455363.449950 -0.637808 0.818201 140.693192
2455363.549950 -0.537808 0.859458 138.977351
2455363.649950 -0.437808 0.900715 127.974553
2455363.749950 -0.337808 0.941973 108.420046
2455363.849950 -0.237808 0.983230 81.620528
2455363.949950 -0.137808 0.024488 49.366840
2455364.049950 -0.037808 0.065745 13.814285
2455364.149950 0.062192 0.107002 -22.661388
2455364.249950 0.162192 0.148260 -57.622748
2455364.349950 0.262192 0.189517 -88.733553
2455364.449950 0.362192 0.230774 -113.914869
2455364.549950 0.462192 0.272032 -131.483993
2455364.649950 0.562192 0.313289 -140.266893
2455364.749950 0.662192 0.354547 -139.676665
2455364.849950 0.762192 0.395804 -129.752750
2455364.949950 0.862192 0.437061 -111.158299
2455365.049950 0.962192 0.478319 -85.135859
2455365.149950 1.062192 0.519576 -53.424342
2455365.249950 1.162192 0.560833 -18.142821
2455365.349950 -1.161618 0.602091 18.351067
2455365.449950 -1.061618 0.643348 53.618672
2455365.549950 -0.961618 0.684605 85.303288
2455365.649950 -0.861618 0.725863 111.287638
2455365.749950 -0.761618 0.767120 129.835356
2455365.849950 -0.661618 0.808378 139.707018
2455365.949950 -0.561618 0.849635 140.242965
2455366.049950 -0.461618 0.890892 131.407384
2455366.149950 -0.361618 0.932150 113.790697
2455366.249950 -0.261618 0.973407 88.570116
2455366.349950 -0.161618 0.014664 57.430967
2455366.449950 -0.061618 0.055922 22.454079
2455366.549950 0.038382 0.097179 -14.023270
2455366.649950 0.138382 0.138436 -49.563534
2455366.749950 0.238382 0.179694 -81.791789
2455366.849950 0.338382 0.220951 -108.554428
2455366.949950 0.438382 0.262209 -128.063078
2455367.049950 0.538382 0.303466 -139.014102
2455367.149950 0.638382 0.344723 -140.675713
2455367.249950 0.738382 0.385981 -132.936879
2455367.349950 0.838382 0.427238 -116.314733
2455367.449950 0.938382 0.468495 -91.920027
2455367.549950 1.038382 0.509753 -61.382902
2455367.649950 1.138382 0.551010 -26.743954
2455367.749950 -1.185427 0.592268 9.682118
2455367.849950 -1.085427 0.633525 45.461198
2455367.949950 -0.985427 0.674782 78.202400
2455368.049950 -0.885427 0.716040 105.717842
2455368.149950 -0.785427 0.757297 126.168846
2455368.249950 -0.685427 0.798554 138.188802
2455368.349950 -0.585427 0.839812 140.974497
2455368.449950 -0.485427 0.881069 134.339778
2455368.549950 -0.385427 0.922326 118.728003
2455368.649950 -0.285427 0.963584 95.182404
2455368.749950 -0.185427 0.004841 65.276382
2455368.849950 -0.085427 0.046099 31.008361
2455368.949950 0.014573 0.087356 -5.331747
2455369.049950 0.114573 0.128613 -41.315569
2455369.149950 0.214573 0.169871 -74.538539
2455369.249950 0.314573 0.211128 -102.780581
2455369.349950 0.414573 0.252385 -124.154463
2455369.449950 0.514573 0.293643 -137.231907
2455369.549950 0.614573 0.334900 -141.139031
2455369.649950 0.714573 0.376157 -135.614747
2455369.749950 0.814573 0.417415 -121.028209
2455369.849950 0.914573 0.458672 -98.354139
2455369.949950 1.014573 0.499930 -69.107699
2455370.049950 1.114573 0.541187 -35.243239
2455370.149950 -1.209237 0.582444 0.976298
2455370.249950 -1.109237 0.623702 37.130595
2455370.349950 -1.009237 0.664959 70.803695
2455370.449950 -0.909237 0.706216 99.745443
2455370.549950 -0.809237 0.747474 122.021849
2455370.649950 -0.709237 0.788731 136.144326
2455370.749950 -0.609237 0.829989 141.169158
2455370.849950 -0.509237 0.871246 136.760571
2455370.949950 -0.409237 0.912503 123.213160
2455371.049950 -0.309237 0.953761 101.432212
2455371.149950 -0.209237 0.995018 72.873206
2455371.249950 -0.109237 0.036275 39.444555
2455371.349950 -0.009237 0.077533 3.380081
2455371.449950 0.090763 0.118790 -32.910262
2455371.549950 0.190763 0.160047 -67.001426
2455371.649950 0.290763 0.201305 -96.615318
2455371.749950 0.390763 0.242562 -119.773035
2455371.849950 0.490763 0.283820 -134.927095
2455371.949950 0.590763 0.325077 -141.064852
2455372.049950 0.690763 0.366334 -137.776158
2455372.149950 0.790763 0.407592 -125.280776
2455372.249950 0.890763 0.448849 -104.413691
2455372.349950 0.990763 0.490106 -76.569315
2455372.449950 1.090763 0.531364 -43.608309
2455372.549950 1.190763 0.572621 -7.733241
2455372.649950 -1.133047 0.613878 28.658589
2455372.749950 -1.033047 0.655136 63.135351
2455372.849950 -0.933047 0.696393 93.393187
2455372.949950 -0.833047 0.737651 117.410161
2455373.049950 -0.733047 0.778908 133.581374
2455373.149950 -0.633047 0.820165 140.826209
2455373.249950 -0.533047 0.861423 138.660541
2455373.349950 -0.433047 0.902680 127.229087
2455373.449950 -0.333047 0.943937 107.295737
2455373.549950 -0.233047 0.985195 80.192509
2455373.649950 -0.133047 0.026452 47.730534
2455373.749950 -0.033047 0.067710 12.079037
2455373.849950 0.066953 0.108967 -24.379624
2455373.949950 0.166953 0.150224 -59.209153
2455374.049950 0.266953 0.191482 -90.082118
2455374.149950 0.366953 0.232739 -114.935478
2455374.249950 0.466953 0.273996 -132.108444
2455374.349950 0.566953 0.315254 -140.453459
2455374.449950 0.666953 0.356511 -139.412879
2455374.549950 0.766953 0.397768 -129.056239
2455374.649950 0.866953 0.439026 -110.075607
2455374.749950 0.966953 0.480283 -83.739335
2455374.849950 1.066953 0.521541 -51.807305
2455374.949950 1.166953 0.562798 -16.413329
2455375.049950 -1.156856 0.604055 20.077443
2455375.149950 -1.056856 0.645313 55.226570
2455375.249950 -0.956856 0.686570 86.685263
2455375.349950 -0.856856 0.727827 112.351342
2455375.449950 -0.756856 0.769085 130.509708
2455375.549950 -0.656856 0.810342 139.946955
2455375.649950 -0.556856 0.851599 140.032454
2455375.749950 -0.456856 0.892857 130.760491
2455375.849950 -0.356856 0.934114 112.750652
2455375.949950 -0.256856 0.975372 87.206416
2455376.049950 -0.156856 0.016629 55.834741
2455376.149950 -0.056856 0.057886 20.731992
2455376.249950 0.043144 0.099144 -15.756142
2455376.349950 0.143144 0.140401 -51.191396
2455376.449950 0.243144 0.181658 -83.205859
2455376.549950 0.343144 0.222916 -109.660215
2455376.649950 0.443144 0.264173 -128.786688
2455376.749950 0.543144 0.305430 -139.307181
2455376.849950 0.643144 0.346688 -140.518678
2455376.949950 0.743144 0.387945 -132.340221
2455377.049950 0.843144 0.429203 -115.318325
2455377.149950 0.943144 0.470460 -90.590452
2455377.249950 1.043144 0.511717 -59.809006
2455377.349950 1.143144 0.552975 -25.030911
2455377.449950 -1.180666 0.594232 11.419837
2455377.549950 -1.080666 0.635489 47.107472
2455377.649950 -0.980666 0.676747 79.647219
2455377.749950 -0.880666 0.718004 106.864658
2455377.849950 -0.780666 0.759262 126.941025
2455377.949950 -0.680666 0.800519 138.534745
2455378.049950 -0.580666 0.841776 140.871086
2455378.149950 -0.480666 0.883034 133.793924
2455378.249950 -0.380666 0.924291 117.776181
2455378.349950 -0.280666 0.965548 93.888218
2455378.449950 -0.180666 0.006806 63.726314
2455378.549950 -0.080666 0.048063 29.305994
2455378.649950 0.019334 0.089320 -7.072657
2455378.749950 0.119334 0.130578 -42.978687
2455378.849950 0.219334 0.171835 -76.012731
2455378.949950 0.319334 0.213093 -103.967335
2455379.049950 0.419334 0.254350 -124.974477
2455379.149950 0.519334 0.295607 -137.630383
2455379.249950 0.619334 0.336865 -141.089343
2455379.349950 0.719334 0.378122 -135.120215
2455379.449950 0.819334 0.419379 -120.121879
2455379.549950 0.919334 0.460637 -97.096576
2455379.649950 1.019334 0.501894 -67.582937
2455379.749950 1.119334 0.543151 -33.553168
2455379.849950 -1.204475 0.584409 2.718741
2455379.949950 -1.104475 0.625666 38.808975
2455380.049950 -1.004475 0.666924 72.305856
2455380.149950 -0.904475 0.708181 100.971005
2455380.249950 -0.804475 0.749438 122.888916
2455380.349950 -0.704475 0.790696 136.594956
2455380.449950 -0.604475 0.831953 141.173241
2455380.549950 -0.504475 0.873210 136.317832
2455380.649950 -0.404475 0.914468 122.353186
2455380.749950 -0.304475 0.955725 100.212468
2455380.849950 -0.204475 0.996983 71.375201
2455380.949950 -0.104475 0.038240 37.768391
2455381.049950 -0.004475 0.079497 1.637764
2455381.149950 0.095525 0.120755 -34.602304
2455381.249950 0.195525 0.162012 -68.530124
2455381.349950 0.295525 0.203269 -97.878520
2455381.449950 0.395525 0.244527 -120.686328
2455381.549950 0.495525 0.285784 -135.429451
2455381.649950 0.595525 0.327041 -141.122701
2455381.749950 0.695525 0.368299 -137.385634
2455381.849950 0.795525 0.409556 -124.467976
2455381.949950 0.895525 0.450814 -103.232929
2455382.049950 0.995525 0.492071 -75.099494
2455382.149950 1.095525 0.533328 -41.947646
2455382.249950 1.195525 0.574586 -5.992709
2455382.349950 -1.128285 0.615843 30.362682
2455382.449950 -1.028285 0.657100 64.689132
2455382.549950 -0.928285 0.698358 94.692826
2455382.649950 -0.828285 0.739615 118.368812
2455382.749950 -0.728285 0.780872 134.134977
2455382.849950 -0.628285 0.822130 140.937770
2455382.949950 -0.528285 0.863387 138.322605
2455383.049950 -0.428285 0.904645 126.464236
2455383.149950 -0.328285 0.945902 106.155081
2455383.249950 -0.228285 0.987159 78.752270
2455383.349950 -0.128285 0.028417 46.086955
2455383.449950 -0.028285 0.069674 10.341947
2455383.549950 0.071715 0.110931 -26.094146
2455383.649950 0.171715 0.152189 -60.786537
2455383.749950 0.271715 0.193446 -91.416957
2455383.849950 0.371715 0.234704 -115.938574
2455383.949950 0.471715 0.275961 -132.712767
2455384.049950 0.571715 0.317218 -140.618625
2455384.149950 0.671715 0.358476 -139.127852
2455384.249950 0.771715 0.399733 -128.340065
2455384.349950 0.871715 0.440990 -108.976143
2455384.449950 0.971715 0.482248 -82.330051
2455384.549950 1.071715 0.523505 -50.182376
2455384.649950 1.171715 0.564762 -14.681337
2455384.749950 -1.152094 0.606020 21.800761
2455384.849950 -1.052094 0.647277 56.826055
2455384.949950 -0.952094 0.688535 88.054031
2455385.049950 -0.852094 0.729792 113.397927
2455385.149950 -0.752094 0.771049 131.164175
2455385.249950 -0.652094 0.812307 140.165570
2455385.349950 -0.552094 0.853564 139.800607
2455385.449950 -0.452094 0.894821 130.093676
2455385.549950 -0.352094 0.936079 111.693427
2455385.649950 -0.252094 0.977336 85.829430
2455385.749950 -0.152094 0.018593 54.230008
2455385.849950 -0.052094 0.059851 19.006746
2455385.949950 0.047906 0.101108 -17.486614
2455386.049950 0.147906 0.142366 -52.811457
2455386.149950 0.247906 0.183623 -84.607252
2455386.249950 0.347906 0.224880 -110.749293
2455386.349950 0.447906 0.266138 -129.490676
2455386.449950 0.547906 0.307395 -139.579035
2455386.549950 0.647906 0.348652 -140.340232
2455386.649950 0.747906 0.389910 -131.723400
2455386.749950 0.847906 0.431167 -114.304346
2455386.849950 0.947906 0.472425 -89.247073
2455386.949950 1.047906 0.513682 -58.225997
2455387.049950 1.147906 0.554939 -23.314054
2455387.149950 -1.175904 0.596197 13.155816
2455387.249950 -1.075904 0.637454 48.746568
2455387.349950 -0.975904 0.678711 81.079902
2455387.449950 -0.875904 0.719969 107.995192
2455387.549950 -0.775904 0.761226 127.693863
2455387.649950 -0.675904 0.802483 138.859580
2455387.749950 -0.575904 0.843741 140.746211
2455387.849950 -0.475904 0.884998 133.227684
2455387.949950 -0.375904 0.926256 116.806414
2455388.049950 -0.275904 0.967513 92.579727
2455388.149950 -0.175904 0.008770 62.166538
2455388.249950 -0.075904 0.050028 27.599161
2455388.349950 0.024096 0.091285 -8.812489
2455388.449950 0.124096 0.132542 -44.635257
2455388.549950 0.224096 0.173800 -77.475340
2455388.649950 0.324096 0.215057 -105.138249
2455388.749950 0.424096 0.256314 -125.775448
2455388.849950 0.524096 0.297572 -138.007890
2455388.949950 0.624096 0.338829 -141.018158
2455389.049950 0.724096 0.380087 -134.605096
2455389.149950 0.824096 0.421344 -119.197247
2455389.249950 0.924096 0.462601 -95.824218
2455389.349950 1.024096 0.503859 -66.047878
2455389.449950 1.124096 0.545116 -31.857985
2455389.549950 -1.199714 0.586373 4.460770
2455389.649950 -1.099714 0.627631 40.481441
2455389.749950 -0.999714 0.668888 73.796999
2455389.849950 -0.899714 0.710146 102.181182
2455389.949950 -0.799714 0.751403 123.737258
2455390.049950 -0.699714 0.792660 137.024775
2455390.149950 -0.599714 0.833918 141.155814
2455390.249950 -0.499714 0.875175 135.854324
2455390.349950 -0.399714 0.916432 121.474569
2455390.449950 -0.299714 0.957690 98.977456
2455390.549950 -0.199714 0.998947 69.866321
2455390.649950 -0.099714 0.040204 36.086471
2455390.749950 0.000286 0.081462 -0.104803
2455390.849950 0.100286 0.122719 -36.289074
2455390.949950 0.200286 0.163977 -70.048381
2455391.049950 0.300286 0.205234 -99.126809
2455391.149950 0.400286 0.246491 -121.581234
2455391.249950 0.500286 0.287749 -135.911173
2455391.349950 0.600286 0.329006 -141.159048
2455391.449950 0.700286 0.370263 -136.974179
2455391.549950 0.800286 0.411521 -123.636212
2455391.649950 0.900286 0.452778 -102.036438
2455391.749950 1.000286 0.494035 -73.618230
2455391.849950 1.100286 0.535293 -40.280592
2455391.949950 1.200286 0.576550 -4.251264
2455392.049950 -1.123523 0.617808 32.062149
2455392.149950 -1.023523 0.659065 66.233057
2455392.249950 -0.923523 0.700322 95.978038
2455392.349950 -0.823523 0.741580 119.309428
2455392.449950 -0.723523 0.782837 134.668143
2455392.549950 -0.623523 0.824094 141.027857
2455392.649950 -0.523523 0.865352 137.963593
2455392.749950 -0.423523 0.906609 125.680116
2455392.849950 -0.323523 0.947867 104.998251
2455392.949950 -0.223523 0.989124 77.300033
2455393.049950 -0.123523 0.030381 44.436354
2455393.149950 -0.023523 0.071639 8.603282
2455393.249950 0.076477 0.112896 -27.804692
2455393.349950 0.176477 0.154153 -62.354659
2455393.449950 0.276477 0.195411 -92.737867
2455393.549950 0.376477 0.236668 -116.924005
2455393.649950 0.476477 0.277925 -133.296869
2455393.749950 0.576477 0.319183 -140.762366
2455393.849950 0.676477 0.360440 -138.821626
2455393.949950 0.776477 0.401698 -127.604336
2455394.049950 0.876477 0.442955 -107.860075
2455394.149950 0.976477 0.484212 -80.908224
2455394.249950 1.076477 0.525470 -48.549800
2455394.349950 1.176477 0.566727 -12.947107
2455394.449950 -1.147333 0.607984 23.520756
2455394.549950 -1.047333 0.649242 58.416881
2455394.649950 -0.947333 0.690499 89.409383
2455394.749950 -0.847333 0.731756 114.427235
2455394.849950 -0.747333 0.773014 131.798657
2455394.949950 -0.647333 0.814271 140.362828
2455395.049950 -0.547333 0.855529 139.547460
2455395.149950 -0.447333 0.896786 129.407039
2455395.249950 -0.347333 0.938043 110.619185
2455395.349950 -0.247333 0.979301 84.439366
2455395.449950 -0.147333 0.020558 52.617012
2455395.549950 -0.047333 0.061815 17.278603
2455395.649950 0.052667 0.103073 -19.214422
2455395.749950 0.152667 0.144330 -54.423472
2455395.849950 0.252667 0.185587 -85.995754
2455395.949950 0.352667 0.226845 -111.821497
2455396.049950 0.452667 0.268102 -130.174934
2455396.149950 0.552667 0.309360 -139.829622
2455396.249950 0.652667 0.350617 -140.140403
2455396.349950 0.752667 0.391874 -131.086509
2455396.449950 0.852667 0.433132 -113.272952
2455396.549950 0.952667 0.474389 -87.890097
2455396.649950 1.052667 0.515646 -56.634117
2455396.749950 1.152667 0.556904 -21.593645
2455396.849950 -1.171142 0.598161 14.889790
2455396.949950 -1.071142 0.639419 50.378237
2455397.049950 -0.971142 0.680676 82.500232
2455397.149950 -0.871142 0.721933 109.109272
2455397.249950 -0.771142 0.763191 128.427245
2455397.349950 -0.671142 0.804448 139.163258
2455397.449950 -0.571142 0.845705 140.599891
2455397.549950 -0.471142 0.886963 132.641145
2455397.649950 -0.371142 0.928220 115.818850
2455397.749950 -0.271142 0.969477 91.257131
2455397.849950 -0.171142 0.010735 60.597289
2455397.949950 -0.071142 0.051992 25.888123
2455398.049950 0.028858 0.093250 -10.550978
2455398.149950 0.128858 0.134507 -46.285027
2455398.249950 0.228858 0.175764 -78.926146
2455398.349950 0.328858 0.217022 -106.293142
2455398.449950 0.428858 0.258279 -126.557257
2455398.549950 0.528858 0.299536 -138.364369
2455398.649950 0.628858 0.340794 -140.925487
2455398.749950 0.728858 0.382051 -134.069467
2455398.849950 0.828858 0.423308 -118.254454
2455398.949950 0.928858 0.464566 -94.537261
2455399.049950 1.028858 0.505823 -64.502755
2455399.149950 1.128858 0.547081 -30.157948
2455399.249950 -1.194952 0.588338 6.202119
2455399.349950 -1.094952 0.629595 42.147739
2455399.449950 -0.994952 0.670853 75.276899
2455399.549950 -0.894952 0.712110 103.375791
2455399.649950 -0.794952 0.753367 124.566748
2455399.749950 -0.694952 0.794625 137.433717
2455399.849950 -0.594952 0.835882 141.116880
2455399.949950 -0.494952 0.877140 135.370116
2455400.049950 -0.394952 0.918397 120.577445
2455400.149950 -0.294952 0.959654 97.727363
2455400.249950 -0.194952 0.000912 68.346795
2455400.349950 -0.094952 0.042169 34.399054
2455400.449950 0.005048 0.083426 -1.847354
2455400.549950 0.105048 0.124684 -37.970315
2455400.649950 0.205048 0.165941 -71.555965
2455400.749950 0.305048 0.207198 -100.359994
2455400.849950 0.405048 0.248456 -122.457615
2455400.949950 0.505048 0.289713 -136.372186
2455401.049950 0.605048 0.330971 -141.173888
2455401.149950 0.705048 0.372228 -136.541853
2455401.249950 0.805048 0.413485 -122.785610
2455401.349950 0.905048 0.454743 -100.824401
2455401.449950 1.005048 0.496000 -72.125749
2455401.549950 1.105048 0.537257 -38.607401
2455401.649950 1.205048 0.578515 -2.509171
2455401.749950 -1.118762 0.619772 33.756731
2455401.849950 -1.018762 0.661029 67.766890
2455401.949950 -0.918762 0.702287 97.248626
2455402.049950 -0.818762 0.743544 120.231866
2455402.149950 -0.718762 0.784802 135.180790
2455402.249950 -0.618762 0.826059 141.096457
2455402.349950 -0.518762 0.867316 137.583561
2455402.449950 -0.418762 0.908574 124.876848
2455402.549950 -0.318762 0.949831 103.825423
2455402.649950 -0.218762 0.991088 75.836018
2455402.749950 -0.118762 0.032346 42.778983
2455402.849950 -0.018762 0.073603 6.863306
2455402.949950 0.081238 0.114861 -29.511001
2455403.049950 0.181238 0.156118 -63.913280
2455403.149950 0.281238 0.197375 -94.044648
2455403.249950 0.381238 0.238633 -117.891621
2455403.349950 0.481238 0.279890 -133.860661
2455403.449950 0.581238 0.321147 -140.884660
2455403.549950 0.681238 0.362405 -138.494250
2455403.649950 0.781238 0.403662 -126.849166
2455403.749950 0.881238 0.444919 -106.727574
2455403.849950 0.981238 0.486177 -79.474069
2455403.949950 1.081238 0.527434 -46.909827
2455404.049950 1.181238 0.568692 -11.210905
2455404.149950 -1.142571 0.609949 25.237168
2455404.249950 -1.042571 0.651206 59.998806
2455404.349950 -0.942571 0.692464 90.751112
2455404.449950 -0.842571 0.733721 115.439109
2455404.549950 -0.742571 0.774978 132.413058
2455404.649950 -0.642571 0.816236 140.538700
2455404.749950 -0.542571 0.857493 139.273051
2455404.849950 -0.442571 0.898750 128.700686
2455404.949950 -0.342571 0.940008 109.528088
2455405.049950 -0.242571 0.981265 83.036437
2455405.149950 -0.142571 0.022523 50.995999
2455405.249950 -0.042571 0.063780 15.547829
2455405.349950 0.057429 0.105037 -20.939302
2455405.449950 0.157429 0.146295 -56.027195
2455405.549950 0.257429 0.187552 -87.371154
2455405.649950 0.357429 0.228809 -112.876664
2455405.749950 0.457429 0.270067 -130.839358
2455405.849950 0.557429 0.311324 -140.058905
2455405.949950 0.657429 0.352582 -139.919222
2455406.049950 0.757429 0.393839 -130.429645
2455406.149950 0.857429 0.435096 -112.224299
2455406.249950 0.957429 0.476354 -86.519730
2455406.349950 1.057429 0.517611 -55.033607
2455406.449950 1.157429 0.558868 -19.869946
2455406.549950 -1.166381 0.600126 16.621496
2455406.649950 -1.066381 0.641383 52.002230
2455406.749950 -0.966381 0.682640 83.907993
2455406.849950 -0.866381 0.723898 110.206727
2455406.949950 -0.766381 0.765155 129.141060
2455407.049950 -0.666381 0.806413 139.445733
2455407.149950 -0.566381 0.847670 140.432150
2455407.249950 -0.466381 0.888927 132.034396
2455407.349950 -0.366381 0.930185 114.813639
2455407.449950 -0.266381 0.971442 89.920630
2455407.549950 -0.166381 0.012699 59.018808
2455407.649950 -0.066381 0.053957 24.173141
2455407.749950 0.033619 0.095214 -12.287860
2455407.849950 0.133619 0.136471 -47.927744
2455407.949950 0.233619 0.177729 -80.364926
2455408.049950 0.333619 0.218986 -107.431841
2455408.149950 0.433619 0.260244 -127.319782
2455408.249950 0.533619 0.301501 -138.699767
2455408.349950 0.633619 0.342758 -140.811344
2455408.449950 0.733619 0.384016 -133.513412
2455408.549950 0.833619 0.425273 -117.293643
2455408.649950 0.933619 0.466530 -93.235899
2455408.749950 1.033619 0.507788 -62.947805
2455408.849950 1.133619 0.549045 -28.453316
2455408.949950 -1.190190 0.590303 7.942524
2455409.049950 -1.090190 0.631560 43.807616
2455409.149950 -0.990190 0.672817 76.745329
2455409.249950 -0.890190 0.714075 104.554648
2455409.349950 -0.790190 0.755332 125.377258
2455409.449950 -0.690190 0.796589 137.821718
2455409.549950 -0.590190 0.837847 141.056445
2455409.649950 -0.490190 0.879104 134.865283
2455409.749950 -0.390190 0.920361 119.661948
2455409.849950 -0.290190 0.961619 96.462381
2455409.949950 -0.190190 0.002876 66.816857
2455410.049950 -0.090190 0.044134 32.706395
2455410.149950 0.009810 0.085391 -3.589623
2455410.249950 0.109810 0.126648 -39.645770
2455410.349950 0.209810 0.167906 -73.052647
2455410.449950 0.309810 0.209163 -101.577889
2455410.549950 0.409810 0.250420 -123.315338
2455410.649950 0.509810 0.291678 -136.812422
2455410.749950 0.609810 0.332935 -141.167218
2455410.849950 0.709810 0.374192 -136.088723
2455410.949950 0.809810 0.415450 -121.916301
2455411.049950 0.909810 0.456707 -99.597001
2455411.149950 1.009810 0.497965 -70.622279
2455411.249950 1.109810 0.539222 -36.928328
2455411.349950 1.209810 0.580479 -0.766696
2455411.449950 -1.114000 0.621737 35.446170
2455411.549950 -1.014000 0.662994 69.290398
2455411.649950 -0.914000 0.704251 98.504397
2455411.749950 -0.814000 0.745509 121.135985
2455411.849950 -0.714000 0.786766 135.672840
2455411.949950 -0.614000 0.828024 141.143558
2455412.049950 -0.514000 0.869281 137.182567
2455412.149950 -0.414000 0.910538 124.054552
2455412.249950 -0.314000 0.951796 102.636776
2455412.349950 -0.214000 0.993053 74.360449
2455412.449950 -0.114000 0.034310 41.115094
2455412.549950 -0.014000 0.075568 5.122284
2455412.649950 0.086000 0.116825 -31.212815
2455412.749950 0.186000 0.158082 -65.462163
2455412.849950 0.286000 0.199340 -95.337100
2455412.949950 0.386000 0.240597 -118.841275
2455413.049950 0.486000 0.281855 -134.404058
2455413.149950 0.586000 0.323112 -140.985488
2455413.249950 0.686000 0.364369 -138.145772
2455413.349950 0.786000 0.405627 -126.074668
2455413.449950 0.886000 0.446884 -105.578810
2455413.549950 0.986000 0.488141 -78.027805
2455413.649950 1.086000 0.529399 -45.262707
2455413.749950 1.186000 0.570656 -9.472995
2455413.849950 -1.137809 0.611913 26.949735
2455413.949950 -1.037809 0.653171 61.571590
2455414.049950 -0.937809 0.694428 92.079014
2455414.149950 -0.837809 0.735686 116.433393
2455414.249950 -0.737809 0.776943 133.007284
2455414.349950 -0.637809 0.818200 140.693159
2455414.449950 -0.537809 0.859458 138.977421
2455414.549950 -0.437809 0.900715 127.974723
2455414.649950 -0.337809 0.941972 108.420303
2455414.749950 -0.237809 0.983230 81.620856
2455414.849950 -0.137809 0.024487 49.367216
2455414.949950 -0.037809 0.065744 13.814685
2455415.049950 0.062191 0.107002 -22.660992
2455415.149950 0.162191 0.148259 -57.622382
2455415.249950 0.262191 0.189517 -88.733241
2455415.349950 0.362191 0.230774 -113.914632
2455415.449950 0.462191 0.272031 -131.483847
2455415.549950 0.562191 0.313289 -140.266847
2455415.649950 0.662191 0.354546 -139.676723
2455415.749950 0.762191 0.395803 -129.752908
2455415.849950 0.862191 0.437061 -111.158547
2455415.949950 0.962191 0.478318 -85.136180
2455416.049950 1.062191 0.519576 -53.424713
2455416.149950 1.162191 0.560833 -18.143219
2455416.249950 -1.161619 0.602090 18.350669
2455416.349950 -1.061619 0.643348 53.618300
2455416.449950 -0.961619 0.684605 85.302968
2455416.549950 -0.861619 0.725862 111.287391
2455416.649950 -0.761619 0.767120 129.835199
2455416.749950 -0.661619 0.808377 139.706961
2455416.849950 -0.561619 0.849634 140.243011
2455416.949950 -0.461619 0.890892 131.407530
2455417.049950 -0.361619 0.932149 113.790935
2455417.149950 -0.261619 0.973407 88.570429
2455417.249950 -0.161619 0.014664 57.431334
2455417.349950 -0.061619 0.055921 22.454475
2455417.449950 0.038381 0.097179 -14.022870
2455417.549950 0.138381 0.138436 -49.563158
2455417.649950 0.238381 0.179693 -81.791462
2455417.749950 0.338381 0.220951 -108.554171
2455417.849950 0.438381 0.262208 -128.062909
2455417.949950 0.538381 0.303465 -139.014032
2455418.049950 0.638381 0.344723 -140.675747
2455418.149950 0.738381 0.385980 -132.937014
2455418.249950 0.838381 0.427238 -116.314961
2455418.349950 0.938381 0.468495 -91.920332
2455418.449950 1.038381 0.509752 -61.383263
2455418.549950 1.138381 0.551010 -26.744349
2455418.649950 -1.185429 0.592267 9.681718
2455418.749950 -1.085429 0.633524 45.460818
2455418.849950 -0.985429 0.674782 78.202066
2455418.949950 -0.885429 0.716039 105.717576
2455419.049950 -0.785429 0.757297 126.168665
2455419.149950 -0.685429 0.798554 138.188720
2455419.249950 -0.585429 0.839811 140.974518
2455419.349950 -0.485429 0.881069 134.339902
2455419.449950 -0.385429 0.922326 118.728220
2455419.549950 -0.285429 0.963583 95.182701
2455419.649950 -0.185429 0.004841 65.276738
2455419.749950 -0.085429 0.046098 31.008753
2455419.849950 0.014571 0.087355 -5.331346
2455419.949950 0.114571 0.128613 -41.315185
2455420.049950 0.214571 0.169870 -74.538198
2455420.149950 0.314571 0.211128 -102.780306
2455420.249950 0.414571 0.252385 -124.154272
2455420.349950 0.514571 0.293642 -137.231812
2455420.449950 0.614571 0.334900 -141.139040
2455420.549950 0.714571 0.376157 -135.614859
2455420.649950 0.814571 0.417414 -121.028415
2455420.749950 0.914571 0.458672 -98.354427
2455420.849950 1.014571 0.499929 -69.108049
2455420.949950 1.114571 0.541186 -35.243628
2455421.049950 -1.209238 0.582444 0.975896
2455421.149950 -1.109238 0.623701 37.130208
2455421.249950 -1.009238 0.664959 70.803348
2455421.349950 -0.909238 0.706216 99.745159
2455421.449950 -0.809238 0.747473 122.021648
2455421.549950 -0.709238 0.788731 136.144219
2455421.649950 -0.609238 0.829988 141.169155
2455421.749950 -0.509238 0.871245 136.760670
2455421.849950 -0.409238 0.912503 123.213356
2455421.949950 -0.309238 0.953760 101.432491
2455422.049950 -0.209238 0.995018 72.873550
2455422.149950 -0.109238 0.036275 39.444941
2455422.249950 -0.009238 0.077532 3.380482
2455422.349950 0.090762 0.118790 -32.909872
2455422.449950 0.190762 0.160047 -67.001073
2455422.549950 0.290762 0.201304 -96.615026
2455422.649950 0.390762 0.242562 -119.772822
2455422.749950 0.490762 0.283819 -134.926977
2455422.849950 0.590762 0.325076 -141.064836
2455422.949950 0.690762 0.366334 -137.776245
2455423.049950 0.790762 0.407591 -125.280961
2455423.149950 0.890762 0.448849 -104.413961
2455423.249950 0.990762 0.490106 -76.569653
2455423.349950 1.090762 0.531363 -43.608690
2455423.449950 1.190762 0.572621 -7.733642
2455423.549950 -1.133048 0.613878 28.658196
2455423.649950 -1.033048 0.655135 63.134992
2455423.749950 -0.933048 0.696393 93.392886
2455423.849950 -0.833048 0.737650 117.409938
2455423.949950 -0.733048 0.778907 133.581244
2455424.049950 -0.633048 0.820165 140.826181
2455424.149950 -0.533048 0.861422 138.660617
2455424.249950 -0.433048 0.902680 127.229261
2455424.349950 -0.333048 0.943937 107.295998
2455424.449950 -0.233048 0.985194 80.192839
2455424.549950 -0.133048 0.026452 47.730912
2455424.649950 -0.033048 0.067709 12.079437
2455424.749950 0.066952 0.108966 -24.379229
2455424.849950 0.166952 0.150224 -59.208789
2455424.949950 0.266952 0.191481 -90.081808
2455425.049950 0.366952 0.232739 -114.935244
2455425.149950 0.466952 0.273996 -132.108302
2455425.249950 0.566952 0.315253 -140.453418
2455425.349950 0.666952 0.356511 -139.412942
2455425.449950 0.766952 0.397768 -129.056402
2455425.549950 0.866952 0.439025 -110.075858
2455425.649950 0.966952 0.480283 -83.739658
2455425.749950 1.066952 0.521540 -51.807679
2455425.849950 1.166952 0.562797 -16.413728
2455425.949950 -1.156857 0.604055 20.077046
2455426.049950 -1.056857 0.645312 55.226201
2455426.149950 -0.956857 0.686570 86.684947
2455426.249950 -0.856857 0.727827 112.351099
2455426.349950 -0.756857 0.769084 130.509555
2455426.449950 -0.656857 0.810342 139.946903
2455426.549950 -0.556857 0.851599 140.032505
2455426.649950 -0.456857 0.892856 130.760643
2455426.749950 -0.356857 0.934114 112.750893
2455426.849950 -0.256857 0.975371 87.206732
2455426.949950 -0.156857 0.016628 55.835110
2455427.049950 -0.056857 0.057886 20.732389
2455427.149950 0.043143 0.099143 -15.755743
2455427.249950 0.143143 0.140401 -51.191021
2455427.349950 0.243143 0.181658 -83.205535
2455427.449950 0.343143 0.222915 -109.659962
2455427.549950 0.443143 0.264173 -128.786523
2455427.649950 0.543143 0.305430 -139.307116
2455427.749950 0.643143 0.346687 -140.518716
2455427.849950 0.743143 0.387945 -132.340361
2455427.949950 0.843143 0.429202 -115.318556
2455428.049950 0.943143 0.470460 -90.590760
2455428.149950 1.043143 0.511717 -59.809369
2455428.249950 1.143143 0.552974 -25.031306
2455428.349950 -1.180667 0.594232 11.419437
2455428.449950 -1.080667 0.635489 47.107093
2455428.549950 -0.980667 0.676746 79.646887
2455428.649950 -0.880667 0.718004 106.864396
2455428.749950 -0.780667 0.759261 126.940849
2455428.849950 -0.680667 0.800518 138.534668
2455428.949950 -0.580667 0.841776 140.871112
2455429.049950 -0.480667 0.883033 133.794052
2455429.149950 -0.380667 0.924291 117.776402
2455429.249950 -0.280667 0.965548 93.888518
2455429.349950 -0.180667 0.006805 63.726673
2455429.449950 -0.080667 0.048063 29.306387
2455429.549950 0.019333 0.089320 -7.072256
2455429.649950 0.119333 0.130577 -42.978305
2455429.749950 0.219333 0.171835 -76.012392
2455429.849950 0.319333 0.213092 -103.967064
2455429.949950 0.419333 0.254349 -124.974290
2455430.049950 0.519333 0.295607 -137.630294
2455430.149950 0.619333 0.336864 -141.089357
2455430.249950 0.719333 0.378122 -135.120331
2455430.349950 0.819333 0.419379 -120.122090
2455430.449950 0.919333 0.460636 -97.096867
2455430.549950 1.019333 0.501894 -67.583289
2455430.649950 1.119333 0.543151 -33.553558
2455430.749950 -1.204476 0.584408 2.718340
2455430.849950 -1.104476 0.625666 38.808589
2455430.949950 -1.004476 0.666923 72.305511
2455431.049950 -0.904476 0.708181 100.970724
2455431.149950 -0.804476 0.749438 122.888718
2455431.249950 -0.704476 0.790695 136.594855
2455431.349950 -0.604476 0.831953 141.173243
2455431.449950 -0.504476 0.873210 136.317937
2455431.549950 -0.404476 0.914467 122.353386
2455431.649950 -0.304476 0.955725 100.212751
2455431.749950 -0.204476 0.996982 71.375547
2455431.849950 -0.104476 0.038239 37.768777
2455431.949950 -0.004476 0.079497 1.638165
2455432.049950 0.095524 0.120754 -34.601915
2455432.149950 0.195524 0.162012 -68.529773
2455432.249950 0.295524 0.203269 -97.878231
2455432.349950 0.395524 0.244526 -120.686120
2455432.449950 0.495524 0.285784 -135.429338
2455432.549950 0.595524 0.327041 -141.122690
2455432.649950 0.695524 0.368298 -137.385727
2455432.749950 0.795524 0.409556 -124.468165
2455432.849950 0.895524 0.450813 -103.233203
2455432.949950 0.995524 0.492070 -75.099834
2455433.049950 1.095524 0.533328 -41.948029
2455433.149950 1.195524 0.574585 -5.993110
2455433.249950 -1.128286 0.615843 30.362290
2455433.349950 -1.028286 0.657100 64.688775
2455433.449950 -0.928286 0.698357 94.692528
2455433.549950 -0.828286 0.739615 118.368593
2455433.649950 -0.728286 0.780872 134.134852
2455433.749950 -0.628286 0.822129 140.937747
2455433.849950 -0.528286 0.863387 138.322685
2455433.949950 -0.428286 0.904644 126.464415
2455434.049950 -0.328286 0.945902 106.155346
2455434.149950 -0.228286 0.987159 78.752604
2455434.249950 -0.128286 0.028416 46.087335
2455434.349950 -0.028286 0.069674 10.342348
2455434.449950 0.071714 0.110931 -26.093752
2455434.549950 0.171714 0.152188 -60.786174
2455434.649950 0.271714 0.193446 -91.416651
2455434.749950 0.371714 0.234703 -115.938345
2455434.849950 0.471714 0.275960 -132.712630
2455434.949950 0.571714 0.317218 -140.618589
2455435.049950 0.671714 0.358475 -139.127920
2455435.149950 0.771714 0.399733 -128.340232
2455435.249950 0.871714 0.440990 -108.976398
2455435.349950 0.971714 0.482247 -82.330378
2455435.449950 1.071714 0.523505 -50.182751
2455435.549950 1.171714 0.564762 -14.681736
2455435.649950 -1.152096 0.606019 21.800364
2455435.749950 -1.052096 0.647277 56.825687
2455435.849950 -0.952096 0.688534 88.053717
2455435.949950 -0.852096 0.729791 113.397688
2455436.049950 -0.752096 0.771049 131.164026
2455436.149950 -0.652096 0.812306 140.165522
2455436.249950 -0.552096 0.853564 139.800663
2455436.349950 -0.452096 0.894821 130.093832
2455436.449950 -0.352096 0.936078 111.693673
2455436.549950 -0.252096 0.977336 85.829749
2455436.649950 -0.152096 0.018593 54.230378
2455436.749950 -0.052096 0.059850 19.007143
2455436.849950 0.047904 0.101108 -17.486216
2455436.949950 0.147904 0.142365 -52.811085
2455437.049950 0.247904 0.183622 -84.606931
2455437.149950 0.347904 0.224880 -110.749044
2455437.249950 0.447904 0.266137 -129.490516
2455437.349950 0.547904 0.307395 -139.578975
2455437.449950 0.647904 0.348652 -140.340275
2455437.549950 0.747904 0.389909 -131.723544
2455437.649950 0.847904 0.431167 -114.304582
2455437.749950 0.947904 0.472424 -89.247385
2455437.849950 1.047904 0.513681 -58.226363
2455437.949950 1.147904 0.554939 -23.314450
2455438.049950 -1.175905 0.596196 13.155416
2455438.149950 -1.075905 0.637454 48.746191
2455438.249950 -0.975905 0.678711 81.079574
2455438.349950 -0.875905 0.719968 107.994934
2455438.449950 -0.775905 0.761226 127.693692
2455438.549950 -0.675905 0.802483 138.859508
2455438.649950 -0.575905 0.843740 140.746242
2455438.749950 -0.475905 0.884998 133.227817
2455438.849950 -0.375905 0.926255 116.806639
2455438.949950 -0.275905 0.967512 92.580031
2455439.049950 -0.175905 0.008770 62.166898
2455439.149950 -0.075905 0.050027 27.599555
2455439.249950 0.024095 0.091285 -8.812088
2455439.349950 0.124095 0.132542 -44.634876
2455439.449950 0.224095 0.173799 -77.475005
2455439.549950 0.324095 0.215057 -105.137981
2455439.649950 0.424095 0.256314 -125.775266
2455439.749950 0.524095 0.297571 -138.007805
2455439.849950 0.624095 0.338829 -141.018177
2455439.949950 0.724095 0.380086 -134.605217
2455440.049950 0.824095 0.421343 -119.197462
2455440.149950 0.924095 0.462601 -95.824513
2455440.249950 1.024095 0.503858 -66.048233
2455440.349950 1.124095 0.545116 -31.858376
2455440.449950 -1.199715 0.586373 4.460369
2455440.549950 -1.099715 0.627630 40.481056
2455440.649950 -0.999715 0.668888 73.796657
2455440.749950 -0.899715 0.710145 102.180905
2455440.849950 -0.799715 0.751402 123.737065
2455440.949950 -0.699715 0.792660 137.024679
2455441.049950 -0.599715 0.833917 141.155820
2455441.149950 -0.499715 0.875175 135.854433
2455441.249950 -0.399715 0.916432 121.474774
2455441.349950 -0.299715 0.957689 98.977742
2455441.449950 -0.199715 0.998947 69.866669
2455441.549950 -0.099715 0.040204 36.086859
2455441.649950 0.000285 0.081461 -0.104402
2455441.749950 0.100285 0.122719 -36.288686
2455441.849950 0.200285 0.163976 -70.048033
2455441.949950 0.300285 0.205233 -99.126523
2455442.049950 0.400285 0.246491 -121.581030
2455442.149950 0.500285 0.287748 -135.911064
2455442.249950 0.600285 0.329006 -141.159042
2455442.349950 0.700285 0.370263 -136.974276
2455442.449950 0.800285 0.411520 -123.636406
2455442.549950 0.900285 0.452778 -102.036716
2455442.649950 1.000285 0.494035 -73.618573
2455442.749950 1.100285 0.535292 -40.280977
2455442.849950 1.200285 0.576550 -4.251665
2455442.949950 -1.123524 0.617807 32.061758
2455443.049950 -1.023524 0.659064 66.232702
2455443.149950 -0.923524 0.700322 95.977743
2455443.249950 -0.823524 0.741579 119.309214
2455443.349950 -0.723524 0.782837 134.668022
2455443.449950 -0.623524 0.824094 141.027839
2455443.549950 -0.523524 0.865351 137.963679
2455443.649950 -0.423524 0.906609 125.680299
2455443.749950 -0.323524 0.947866 104.998520
2455443.849950 -0.223524 0.989123 77.300369
2455443.949950 -0.123524 0.030381 44.436736
2455444.049950 -0.023524 0.071638 8.603683
2455444.149950 0.076476 0.112896 -27.804298
2455444.249950 0.176476 0.154153 -62.354298
2455444.349950 0.276476 0.195410 -92.737565
2455444.449950 0.376476 0.236668 -116.923780
2455444.549950 0.476476 0.277925 -133.296736
2455444.649950 0.576476 0.319182 -140.762335
2455444.749950 0.676476 0.360440 -138.821699
2455444.849950 0.776476 0.401697 -127.604508
2455444.949950 0.876476 0.442954 -107.860334
2455445.049950 0.976476 0.484212 -80.908553
2455445.149950 1.076476 0.525469 -48.550177
2455445.249950 1.176476 0.566727 -12.947507
2455445.349950 -1.147334 0.607984 23.520361
2455445.449950 -1.047334 0.649241 58.416515
2455445.549950 -0.947334 0.690499 89.409072
2455445.649950 -0.847334 0.731756 114.427000
2455445.749950 -0.747334 0.773013 131.798513
2455445.849950 -0.647334 0.814271 140.362785
2455445.949950 -0.547334 0.855528 139.547521
2455446.049950 -0.447334 0.896785 129.407200
2455446.149950 -0.347334 0.938043 110.619434
2455446.249950 -0.247334 0.979300 84.439688
2455446.349950 -0.147334 0.020558 52.617384
2455446.449950 -0.047334 0.061815 17.279002
2455446.549950 0.052666 0.103072 -19.214024
2455446.649950 0.152666 0.144330 -54.423102
2455446.749950 0.252666 0.185587 -85.995436
2455446.849950 0.352666 0.226844 -111.821252
2455446.949950 0.452666 0.268102 -130.174778
2455447.049950 0.552666 0.309359 -139.829567
2455447.149950 0.652666 0.350617 -140.140452
2455447.249950 0.752666 0.391874 -131.086658
2455447.349950 0.852666 0.433131 -113.273191
2455447.449950 0.952666 0.474389 -87.890411
2455447.549950 1.052666 0.515646 -56.634484
2455447.649950 1.152666 0.556903 -21.594042
2455447.749950 -1.171143 0.598161 14.889391
2455447.849950 -1.071143 0.639418 50.377862
2455447.949950 -0.971143 0.680675 82.499907
2455448.049950 -0.871143 0.721933 109.109017
2455448.149950 -0.771143 0.763190 128.427079
2455448.249950 -0.671143 0.804448 139.163190
2455448.349950 -0.571143 0.845705 140.599928
2455448.449950 -0.471143 0.886962 132.641282
2455448.549950 -0.371143 0.928220 115.819079
2455448.649950 -0.271143 0.969477 91.257437
2455448.749950 -0.171143 0.010734 60.597652
2455448.849950 -0.071143 0.051992 25.888518
2455448.949950 0.028857 0.093249 -10.550578
2455449.049950 0.128857 0.134506 -46.284647
2455449.149950 0.228857 0.175764 -78.925813
2455449.249950 0.328857 0.217021 -106.292878
2455449.349950 0.428857 0.258279 -126.557079
2455449.449950 0.528857 0.299536 -138.364289
2455449.549950 0.628857 0.340793 -140.925511
2455449.649950 0.728857 0.382051 -134.069593
2455449.749950 0.828857 0.423308 -118.254673
2455449.849950 0.928857 0.464565 -94.537559
2455449.949950 1.028857 0.505823 -64.503112
2455450.049950 1.128857 0.547080 -30.158340
2455450.149950 -1.194953 0.588338 6.201718
2455450.249950 -1.094953 0.629595 42.147356
2455450.349950 -0.994953 0.670852 75.276559
2455450.449950 -0.894953 0.712110 103.375517
2455450.549950 -0.794953 0.753367 124.566559
2455450.649950 -0.694953 0.794624 137.433625
2455450.749950 -0.594953 0.835882 141.116891
2455450.849950 -0.494953 0.877139 135.370230
2455450.949950 -0.394953 0.918396 120.577653
2455451.049950 -0.294953 0.959654 97.727653
2455451.149950 -0.194953 0.000911 68.347147
2455451.249950 -0.094953 0.042169 34.399443
2455451.349950 0.005047 0.083426 -1.846952
2455451.449950 0.105047 0.124683 -37.969928
2455451.549950 0.205047 0.165941 -71.555619
2455451.649950 0.305047 0.207198 -100.359712
2455451.749950 0.405047 0.248455 -122.457415
2455451.849950 0.505047 0.289713 -136.372083
2455451.949950 0.605047 0.330970 -141.173887
2455452.049950 0.705047 0.372227 -136.541955
2455452.149950 0.805047 0.413485 -122.785808
2455452.249950 0.905047 0.454742 -100.824682
2455452.349950 1.005047 0.496000 -72.126094
2455452.449950 1.105047 0.537257 -38.607788
2455452.549950 1.205047 0.578514 -2.509572
2455452.649950 -1.118763 0.619772 33.756341
2455452.749950 -1.018763 0.661029 67.766538
2455452.849950 -0.918763 0.702286 97.248335
2455452.949950 -0.818763 0.743544 120.231656
2455453.049950 -0.718763 0.784801 135.180674
2455453.149950 -0.618763 0.826059 141.096443
2455453.249950 -0.518763 0.867316 137.583651
2455453.349950 -0.418763 0.908573 124.877035
2455453.449950 -0.318763 0.949831 103.825695
2455453.549950 -0.218763 0.991088 75.836357
2455453.649950 -0.118763 0.032345 42.779366
2455453.749950 -0.018763 0.073603 6.863707
2455453.849950 0.081237 0.114860 -29.510609
2455453.949950 0.181237 0.156117 -63.912922
2455454.049950 0.281237 0.197375 -94.044349
2455454.149950 0.381237 0.238632 -117.891400
2455454.249950 0.481237 0.279890 -133.860534
2455454.349950 0.581237 0.321147 -140.884634
2455454.449950 0.681237 0.362404 -138.494328
2455454.549950 0.781237 0.403662 -126.849342
2455454.649950 0.881237 0.444919 -106.727836
2455454.749950 0.981237 0.486176 -79.474401
2455454.849950 1.081237 0.527434 -46.910206
2455454.949950 1.181237 0.568691 -11.211306
2455455.049950 -1.142572 0.609948 25.236773
2455455.149950 -1.042572 0.651206 59.998443
2455455.249950 -0.942572 0.692463 90.750804
2455455.349950 -0.842572 0.733721 115.438878
2455455.449950 -0.742572 0.774978 132.412918
2455455.549950 -0.642572 0.816235 140.538662
2455455.649950 -0.542572 0.857493 139.273116
2455455.749950 -0.442572 0.898750 128.700851
2455455.849950 -0.342572 0.940007 109.528341
2455455.949950 -0.242572 0.981265 83.036762
2455456.049950 -0.142572 0.022522 50.996373
2455456.149950 -0.042572 0.063779 15.548228
2455456.249950 0.057428 0.105037 -20.938905
2455456.349950 0.157428 0.146294 -56.026827
2455456.449950 0.257428 0.187552 -87.370838
2455456.549950 0.357428 0.228809 -112.876423
2455456.649950 0.457428 0.270066 -130.839207
2455456.749950 0.557428 0.311324 -140.058854
2455456.849950 0.657428 0.352581 -139.919276
2455456.949950 0.757428 0.393838 -130.429798
2455457.049950 0.857428 0.435096 -112.224542
2455457.149950 0.957428 0.476353 -86.520047
2455457.249950 1.057428 0.517611 -55.033977
2455457.349950 1.157428 0.558868 -19.870343
2455457.449950 -1.166382 0.600125 16.621097
2455457.549950 -1.066382 0.641383 52.001857
2455457.649950 -0.966382 0.682640 83.907670
2455457.749950 -0.866382 0.723897 110.206476
2455457.849950 -0.766382 0.765155 129.140898
2455457.949950 -0.666382 0.806412 139.445670
2455458.049950 -0.566382 0.847669 140.432191
2455458.149950 -0.466382 0.888927 132.034538
2455458.249950 -0.366382 0.930184 114.813873
2455458.349950 -0.266382 0.971442 89.920939
2455458.449950 -0.166382 0.012699 59.019172
2455458.549950 -0.066382 0.053956 24.173536
2455458.649950 0.033618 0.095214 -12.287461
2455458.749950 0.133618 0.136471 -47.927366
2455458.849950 0.233618 0.177728 -80.364596
2455458.949950 0.333618 0.218986 -107.431581
2455459.049950 0.433618 0.260243 -127.319609
2455459.149950 0.533618 0.301500 -138.699692
2455459.249950 0.633618 0.342758 -140.811373
2455459.349950 0.733618 0.384015 -133.513542
2455459.449950 0.833618 0.425273 -117.293866
2455459.549950 0.933618 0.466530 -93.236201
2455459.649950 1.033618 0.507787 -62.948164
2455459.749950 1.133618 0.549045 -28.453709
2455459.849950 -1.190191 0.590302 7.942123
2455459.949950 -1.090191 0.631559 43.807234
2455460.049950 -0.990191 0.672817 76.744992
2455460.149950 -0.890191 0.714074 104.554379
2455460.249950 -0.790191 0.755332 125.377074
2455460.349950 -0.690191 0.796589 137.821631
2455460.449950 -0.590191 0.837846 141.056461
2455460.549950 -0.490191 0.879104 134.865402
2455460.649950 -0.390191 0.920361 119.662161
2455460.749950 -0.290191 0.961618 96.462674
2455460.849950 -0.190191 0.002876 66.817210
2455460.949950 -0.090191 0.044133 32.706786
2455461.049950 0.009809 0.085390 -3.589222
2455461.149950 0.109809 0.126648 -39.645385
2455461.249950 0.209809 0.167905 -73.052303
2455461.349950 0.309809 0.209163 -101.577610
2455461.449950 0.409809 0.250420 -123.315143
2455461.549950 0.509809 0.291677 -136.812323
2455461.649950 0.609809 0.332935 -141.167222
2455461.749950 0.709809 0.374192 -136.088830
2455461.849950 0.809809 0.415449 -121.916503
2455461.949950 0.909809 0.456707 -99.597286
2455462.049950 1.009809 0.497964 -70.622627
2455462.149950 1.109809 0.539221 -36.928716
2455462.249950 1.209809 0.580479 -0.767097
2455462.349950 -1.114001 0.621736 35.445781
2455462.449950 -1.014001 0.662994 69.290048
2455462.549950 -0.914001 0.704251 98.504109
2455462.649950 -0.814001 0.745508 121.135779
2455462.749950 -0.714001 0.786766 135.672729
2455462.849950 -0.614001 0.828023 141.143550
2455462.949950 -0.514001 0.869280 137.182661
2455463.049950 -0.414001 0.910538 124.054744
2455463.149950 -0.314001 0.951795 102.637052
2455463.249950 -0.214001 0.993053 74.360790
2455463.349950 -0.114001 0.034310 41.115478
2455463.449950 -0.014001 0.075567 5.122686
2455463.549950 0.085999 0.116825 -31.212423
2455463.649950 0.185999 0.158082 -65.461808
2455463.749950 0.285999 0.199339 -95.336804
2455463.849950 0.385999 0.240597 -118.841059
2455463.949950 0.485999 0.281854 -134.403935
2455464.049950 0.585999 0.323111 -140.985468
2455464.149950 0.685999 0.364369 -138.145854
2455464.249950 0.785999 0.405626 -126.074848
2455464.349950 0.885999 0.446884 -105.579077
2455464.449950 0.985999 0.488141 -78.028140
2455464.549950 1.085999 0.529398 -45.263087
2455464.649950 1.185999 0.570656 -9.473396
2455464.749950 -1.137810 0.611913 26.949341
2455464.849950 -1.037810 0.653170 61.571228
2455464.949950 -0.937810 0.694428 92.078709
2455465.049950 -0.837810 0.735685 116.433166
2455465.149950 -0.737810 0.776942 133.007149
2455465.249950 -0.637810 0.818200 140.693125
2455465.349950 -0.537810 0.859457 138.977492
2455465.449950 -0.437810 0.900715 127.974892
2455465.549950 -0.337810 0.941972 108.420560
2455465.649950 -0.237810 0.983229 81.621184
2455465.749950 -0.137810 0.024487 49.367592
2455465.849950 -0.037810 0.065744 13.815085
2455465.949950 0.062190 0.107001 -22.660596
2455466.049950 0.162190 0.148259 -57.622015
2455466.149950 0.262190 0.189516 -88.732929
2455466.249950 0.362190 0.230774 -113.914395
2455466.349950 0.462190 0.272031 -131.483701
2455466.449950 0.562190 0.313288 -140.266802
2455466.549950 0.662190 0.354546 -139.676781
2455466.649950 0.762190 0.395803 -129.753066
2455466.749950 0.862190 0.437060 -111.158794
2455466.849950 0.962190 0.478318 -85.136500
2455466.949950 1.062190 0.519575 -53.425085
2455467.049950 1.162190 0.560832 -18.143617
2455467.149950 -1.161620 0.602090 18.350271
2455467.249950 -1.061620 0.643347 53.617929
2455467.349950 -0.961620 0.684605 85.302648
2455467.449950 -0.861620 0.725862 111.287144
2455467.549950 -0.761620 0.767119 129.835041
2455467.649950 -0.661620 0.808377 139.706903
2455467.749950 -0.561620 0.849634 140.243058
2455467.849950 -0.461620 0.890891 131.407677
2455467.949950 -0.361620 0.932149 113.791173
2455468.049950 -0.261620 0.973406 88.570741
2455468.149950 -0.161620 0.014663 57.431701
2455468.249950 -0.061620 0.055921 22.454872
2455468.349950 0.038380 0.097178 -14.022471
2455468.449950 0.138380 0.138436 -49.562782
2455468.549950 0.238380 0.179693 -81.791134
2455468.649950 0.338380 0.220950 -108.553915
2455468.749950 0.438380 0.262208 -128.062740
2455468.849950 0.538380 0.303465 -139.013962
2455468.949950 0.638380 0.344722 -140.675781
2455469.049950 0.738380 0.385980 -132.937149
2455469.149950 0.838380 0.427237 -116.315188
2455469.249950 0.938380 0.468495 -91.920637
2455469.349950 1.038380 0.509752 -61.383625
2455469.449950 1.138380 0.551009 -26.744743
2455469.549950 -1.185430 0.592267 9.681317
2455469.649950 -1.085430 0.633524 45.460438
2455469.749950 -0.985430 0.674781 78.201731
2455469.849950 -0.885430 0.716039 105.717310
2455469.949950 -0.785430 0.757296 126.168485
2455470.049950 -0.685430 0.798553 138.188638
2455470.149950 -0.585430 0.839811 140.974539
2455470.249950 -0.485430 0.881068 134.340025
2455470.349950 -0.385430 0.922326 118.728437
2455470.449950 -0.285430 0.963583 95.182997
2455470.549950 -0.185430 0.004840 65.277094
2455470.649950 -0.085430 0.046098 31.009145
2455470.749950 0.014570 0.087355 -5.330944
2455470.849950 0.114570 0.128612 -41.314801
2455470.949950 0.214570 0.169870 -74.537857
2455471.049950 0.314570 0.211127 -102.780031
2455471.149950 0.414570 0.252384 -124.154081
2455471.249950 0.514570 0.293642 -137.231718
2455471.349950 0.614570 0.334899 -141.139048
2455471.449950 0.714570 0.376157 -135.614970
2455471.549950 0.814570 0.417414 -121.028622
2455471.649950 0.914570 0.458671 -98.354715
2455471.749950 1.014570 0.499929 -69.108399
2455471.849950 1.114570 0.541186 -35.244017
2455471.949950 -1.209239 0.582443 0.975495
2455472.049950 -1.109239 0.623701 37.129821
2455472.149950 -1.009239 0.664958 70.803001
2455472.249950 -0.909239 0.706216 99.744875
2455472.349950 -0.809239 0.747473 122.021446
2455472.449950 -0.709239 0.788730 136.144113
2455472.549950 -0.609239 0.829988 141.169152
2455472.649950 -0.509239 0.871245 136.760770
2455472.749950 -0.409239 0.912502 123.213552
2455472.849950 -0.309239 0.953760 101.432770
2455472.949950 -0.209239 0.995017 72.873893
2455473.049950 -0.109239 0.036274 39.445326
2455473.149950 -0.009239 0.077532 3.380884
2455473.249950 0.090761 0.118789 -32.909481
2455473.349950 0.190761 0.160047 -67.000719
2455473.449950 0.290761 0.201304 -96.614733
2455473.549950 0.390761 0.242561 -119.772610
2455473.649950 0.490761 0.283819 -134.926859
2455473.749950 0.590761 0.325076 -141.064820
2455473.849950 0.690761 0.366333 -137.776333
2455473.949950 0.790761 0.407591 -125.281146
2455474.049950 0.890761 0.448848 -104.414231
2455474.149950 0.990761 0.490105 -76.569990
2455474.249950 1.090761 0.531363 -43.609072
2455474.349950 1.190761 0.572620 -7.734043
2455474.449950 -1.133049 0.613878 28.657803
2455474.549950 -1.033049 0.655135 63.134633
2455474.649950 -0.933049 0.696392 93.392585
2455474.749950 -0.833049 0.737650 117.409715
2455474.849950 -0.733049 0.778907 133.581114
2455474.949950 -0.633049 0.820164 140.826153
2455475.049950 -0.533049 0.861422 138.660692
2455475.149950 -0.433049 0.902679 127.229435
2455475.249950 -0.333049 0.943936 107.296259
2455475.349950 -0.233049 0.985194 80.193169
2455475.449950 -0.133049 0.026451 47.731289
2455475.549950 -0.033049 0.067709 12.079837
2455475.649950 0.066951 0.108966 -24.378834
2455475.749950 0.166951 0.150223 -59.208424
2455475.849950 0.266951 0.191481 -90.081499
2455475.949950 0.366951 0.232738 -114.935011
2455476.049950 0.466951 0.273995 -132.108161
2455476.149950 0.566951 0.315253 -140.453378
2455476.249950 0.666951 0.356510 -139.413005
2455476.349950 0.766951 0.397768 -129.056565
2455476.449950 0.866951 0.439025 -110.076110
2455476.549950 0.966951 0.480282 -83.739981
2455476.649950 1.066951 0.521540 -51.808052
2455476.749950 1.166951 0.562797 -16.414127
2455476.849950 -1.156858 0.604054 20.076649
2455476.949950 -1.056858 0.645312 55.225831
2455477.049950 -0.956858 0.686569 86.684630
2455477.149950 -0.856858 0.727826 112.350856
2455477.249950 -0.756858 0.769084 130.509402
2455477.349950 -0.656858 0.810341 139.946850
2455477.449950 -0.556858 0.851599 140.032556
2455477.549950 -0.456858 0.892856 130.760794
2455477.649950 -0.356858 0.934113 112.751135
2455477.749950 -0.256858 0.975371 87.207048
2455477.849950 -0.156858 0.016628 55.835479
2455477.949950 -0.056858 0.057885 20.732786
2455478.049950 0.043142 0.099143 -15.755344
2455478.149950 0.143142 0.140400 -51.190647
2455478.249950 0.243142 0.181657 -83.205211
2455478.349950 0.343142 0.222915 -109.659709
2455478.449950 0.443142 0.264172 -128.786359
2455478.549950 0.543142 0.305430 -139.307051
2455478.649950 0.643142 0.346687 -140.518755
2455478.749950 0.743142 0.387944 -132.340501
2455478.849950 0.843142 0.429202 -115.318788
2455478.949950 0.943142 0.470459 -90.591068
2455479.049950 1.043142 0.511716 -59.809733
2455479.149950 1.143142 0.552974 -25.031701
2455479.249950 -1.180668 0.594231 11.419037
2455479.349950 -1.080668 0.635489 47.106715
2455479.449950 -0.980668 0.676746 79.646556
2455479.549950 -0.880668 0.718003 106.864134
2455479.649950 -0.780668 0.759261 126.940674
2455479.749950 -0.680668 0.800518 138.534591
2455479.849950 -0.580668 0.841775 140.871138
2455479.949950 -0.480668 0.883033 133.794180
2455480.049950 -0.380668 0.924290 117.776623
2455480.149950 -0.280668 0.965547 93.888818
2455480.249950 -0.180668 0.006805 63.727031
2455480.349950 -0.080668 0.048062 29.306779
2455480.449950 0.019332 0.089320 -7.071855
2455480.549950 0.119332 0.130577 -42.977922
2455480.649950 0.219332 0.171834 -76.012054
2455480.749950 0.319332 0.213092 -103.966792
2455480.849950 0.419332 0.254349 -124.974103
2455480.949950 0.519332 0.295606 -137.630204
2455481.049950 0.619332 0.336864 -141.089370
2455481.149950 0.719332 0.378121 -135.120448
2455481.249950 0.819332 0.419378 -120.122301
2455481.349950 0.919332 0.460636 -97.097158
2455481.449950 1.019332 0.501893 -67.583642
2455481.549950 1.119332 0.543151 -33.553948
2455481.649950 -1.204478 0.584408 2.717938
2455481.749950 -1.104478 0.625665 38.808203
2455481.849950 -1.004478 0.666923 72.305166
2455481.949950 -0.904478 0.708180 100.970444
2455482.049950 -0.804478 0.749437 122.888521
2455482.149950 -0.704478 0.790695 136.594754
2455482.249950 -0.604478 0.831952 141.173244
2455482.349950 -0.504478 0.873210 136.318041
2455482.449950 -0.404478 0.914467 122.353586
2455482.549950 -0.304478 0.955724 100.213034
2455482.649950 -0.204478 0.996982 71.375893
2455482.749950 -0.104478 0.038239 37.769164
2455482.849950 -0.004478 0.079496 1.638567
2455482.949950 0.095522 0.120754 -34.601526
2455483.049950 0.195522 0.162011 -68.529422
2455483.149950 0.295522 0.203268 -97.877942
2455483.249950 0.395522 0.244526 -120.685912
2455483.349950 0.495522 0.285783 -135.429224
2455483.449950 0.595522 0.327041 -141.122679
2455483.549950 0.695522 0.368298 -137.385819
2455483.649950 0.795522 0.409555 -124.468355
2455483.749950 0.895522 0.450813 -103.233477
2455483.849950 0.995522 0.492070 -75.100174
2455483.949950 1.095522 0.533327 -41.948413
2455484.049950 1.195522 0.574585 -5.993511
2455484.149950 -1.128287 0.615842 30.361898
2455484.249950 -1.028287 0.657099 64.688418
2455484.349950 -0.928287 0.698357 94.692231
2455484.449950 -0.828287 0.739614 118.368374
2455484.549950 -0.728287 0.780872 134.134727
2455484.649950 -0.628287 0.822129 140.937724
2455484.749950 -0.528287 0.863386 138.322766
2455484.849950 -0.428287 0.904644 126.464593
2455484.949950 -0.328287 0.945901 106.155611
2455485.049950 -0.228287 0.987158 78.752937
2455485.149950 -0.128287 0.028416 46.087714
2455485.249950 -0.028287 0.069673 10.342748
2455485.349950 0.071713 0.110931 -26.093357
2455485.449950 0.171713 0.152188 -60.785812
2455485.549950 0.271713 0.193445 -91.416345
2455485.649950 0.371713 0.234703 -115.938115
2455485.749950 0.471713 0.275960 -132.712493
2455485.849950 0.571713 0.317217 -140.618554
2455485.949950 0.671713 0.358475 -139.127988
2455486.049950 0.771713 0.399732 -128.340399
2455486.149950 0.871713 0.440989 -108.976653
2455486.249950 0.971713 0.482247 -82.330704
2455486.349950 1.071713 0.523504 -50.183126
2455486.449950 1.171713 0.564762 -14.682135
2455486.549950 -1.152097 0.606019 21.799967
2455486.649950 -1.052097 0.647276 56.825320
2455486.749950 -0.952097 0.688534 88.053404
2455486.849950 -0.852097 0.729791 113.397449
2455486.949950 -0.752097 0.771048 131.163878
2455487.049950 -0.652097 0.812306 140.165474
2455487.149950 -0.552097 0.853563 139.800719
2455487.249950 -0.452097 0.894820 130.093988
2455487.349950 -0.352097 0.936078 111.693918
2455487.449950 -0.252097 0.977335 85.830067
2455487.549950 -0.152097 0.018593 54.230749
2455487.649950 -0.052097 0.059850 19.007541
2455487.749950 0.047903 0.101107 -17.485818
2455487.849950 0.147903 0.142365 -52.810713
2455487.949950 0.247903 0.183622 -84.606610
2455488.049950 0.347903 0.224879 -110.748795
2455488.149950 0.447903 0.266137 -129.490356
2455488.249950 0.547903 0.307394 -139.578915
2455488.349950 0.647903 0.348652 -140.340319
2455488.449950 0.747903 0.389909 -131.723689
2455488.549950 0.847903 0.431166 -114.304817
2455488.649950 0.947903 0.472424 -89.247696
2455488.749950 1.047903 0.513681 -58.226728
2455488.849950 1.147903 0.554938 -23.314846
2455488.949950 -1.175906 0.596196 13.155016
2455489.049950 -1.075906 0.637453 48.745814
2455489.149950 -0.975906 0.678710 81.079245
2455489.249950 -0.875906 0.719968 107.994675
2455489.349950 -0.775906 0.761225 127.693521
2455489.449950 -0.675906 0.802483 138.859435
2455489.549950 -0.575906 0.843740 140.746273
2455489.649950 -0.475906 0.884997 133.227949
2455489.749950 -0.375906 0.926255 116.806865
2455489.849950 -0.275906 0.967512 92.580334
2455489.949950 -0.175906 0.008769 62.167259
2455490.049950 -0.075906 0.050027 27.599948
2455490.149950 0.024094 0.091284 -8.811688
2455490.249950 0.124094 0.132541 -44.634496
2455490.349950 0.224094 0.173799 -77.474669
2455490.449950 0.324094 0.215056 -105.137713
2455490.549950 0.424094 0.256314 -125.775084
2455490.649950 0.524094 0.297571 -138.007721
2455490.749950 0.624094 0.338828 -141.018196
2455490.849950 0.724094 0.380086 -134.605338
2455490.949950 0.824094 0.421343 -119.197677
2455491.049950 0.924094 0.462600 -95.824808
2455491.149950 1.024094 0.503858 -66.048587
2455491.249950 1.124094 0.545115 -31.858768
2455491.349950 -1.199716 0.586373 4.459967
2455491.449950 -1.099716 0.627630 40.480672
2455491.549950 -0.999716 0.668887 73.796315
2455491.649950 -0.899716 0.710145 102.180628
2455491.749950 -0.799716 0.751402 123.736872
2455491.849950 -0.699716 0.792659 137.024582
2455491.949950 -0.599716 0.833917 141.155827
2455492.049950 -0.499716 0.875174 135.854542
2455492.149950 -0.399716 0.916431 121.474978
2455492.249950 -0.299716 0.957689 98.978029
2455492.349950 -0.199716 0.998946 69.867018
2455492.449950 -0.099716 0.040204 36.087248
2455492.549950 0.000284 0.081461 -0.104000
2455492.649950 0.100284 0.122718 -36.288298
2455492.749950 0.200284 0.163976 -70.047684
2455492.849950 0.300284 0.205233 -99.126237
2455492.949950 0.400284 0.246490 -121.580826
2455493.049950 0.500284 0.287748 -135.910956
2455493.149950 0.600284 0.329005 -141.159036
2455493.249950 0.700284 0.370262 -136.974373
2455493.349950 0.800284 0.411520 -123.636600
2455493.449950 0.900284 0.452777 -102.036993
2455493.549950 1.000284 0.494035 -73.618915
2455493.649950 1.100284 0.535292 -40.281362
2455493.749950 1.200284 0.576549 -4.252066
2455493.849950 -1.123525 0.617807 32.061367
2455493.949950 -1.023525 0.659064 66.232348
2455494.049950 -0.923525 0.700321 95.977449
2455494.149950 -0.823525 0.741579 119.308999
2455494.249950 -0.723525 0.782836 134.667902
2455494.349950 -0.623525 0.824093 141.027821
2455494.449950 -0.523525 0.865351 137.963764
2455494.549950 -0.423525 0.906608 125.680482
2455494.649950 -0.323525 0.947866 104.998788
2455494.749950 -0.223525 0.989123 77.300705
2455494.849950 -0.123525 0.030380 44.437117
2455494.949950 -0.023525 0.071638 8.604083
2455495.049950 0.076475 0.112895 -27.803905
2455495.149950 0.176475 0.154152 -62.353938
2455495.249950 0.276475 0.195410 -92.737262
2455495.349950 0.376475 0.236667 -116.923555
2455495.449950 0.476475 0.277925 -133.296604
2455495.549950 0.576475 0.319182 -140.762305
2455495.649950 0.676475 0.360439 -138.821772
2455495.749950 0.776475 0.401697 -127.604680
2455495.849950 0.876475 0.442954 -107.860593
2455495.949950 0.976475 0.484211 -80.908882
2455496.049950 1.076475 0.525469 -48.550554
2455496.149950 1.176475 0.566726 -12.947907
2455496.249950 -1.147335 0.607983 23.519965
2455496.349950 -1.047335 0.649241 58.416150
2455496.449950 -0.947335 0.690498 89.408761
2455496.549950 -0.847335 0.731756 114.426765
2455496.649950 -0.747335 0.773013 131.798369
2455496.749950 -0.647335 0.814270 140.362742
2455496.849950 -0.547335 0.855528 139.547581
2455496.949950 -0.447335 0.896785 129.407360
2455497.049950 -0.347335 0.938042 110.619683
2455497.149950 -0.247335 0.979300 84.440010
2455497.249950 -0.147335 0.020557 52.617757
2455497.349950 -0.047335 0.061814 17.279400
2455497.449950 0.052665 0.103072 -19.213627
2455497.549950 0.152665 0.144329 -54.422731
2455497.649950 0.252665 0.185587 -85.995118
2455497.749950 0.352665 0.226844 -111.821007
2455497.849950 0.452665 0.268101 -130.174623
2455497.949950 0.552665 0.309359 -139.829512
2455498.049950 0.652665 0.350616 -140.140500
2455498.149950 0.752665 0.391873 -131.086807
2455498.249950 0.852665 0.433131 -113.273431
2455498.349950 0.952665 0.474388 -87.890726
2455498.449950 1.052665 0.515646 -56.634852
2455498.549950 1.152665 0.556903 -21.594439
2455498.649950 -1.171145 0.598160 14.888992
2455498.749950 -1.071145 0.639418 50.377487
2455498.849950 -0.971145 0.680675 82.499581
2455498.949950 -0.871145 0.721932 109.108762
2455499.049950 -0.771145 0.763190 128.426912
2455499.149950 -0.671145 0.804447 139.163123
2455499.249950 -0.571145 0.845704 140.599964
2455499.349950 -0.471145 0.886962 132.641420
2455499.449950 -0.371145 0.928219 115.819309
2455499.549950 -0.271145 0.969477 91.257743
2455499.649950 -0.171145 0.010734 60.598014
2455499.749950 -0.071145 0.051991 25.888912
2455499.849950 0.028855 0.093249 -10.550178
2455499.949950 0.128855 0.134506 -46.284268
2455500.049950 0.228855 0.175763 -78.925480
2455500.149950 0.328855 0.217021 -106.292614
2455500.249950 0.428855 0.258278 -126.556901
2455500.349950 0.528855 0.299535 -138.364210
2455500.449950 0.628855 0.340793 -140.925535
2455500.549950 0.728855 0.382050 -134.069719
2455500.649950 0.828855 0.423308 -118.254892
2455500.749950 0.928855 0.464565 -94.537857
2455500.849950 1.028855 0.505822 -64.503469
2455500.949950 1.128855 0.547080 -30.158732
2455501.049950 -1.194954 0.588337 6.201317
2455501.149950 -1.094954 0.629594 42.146973
2455501.249950 -0.994954 0.670852 75.276219
2455501.349950 -0.894954 0.712109 103.375244
2455501.449950 -0.794954 0.753367 124.566370
2455501.549950 -0.694954 0.794624 137.433533
2455501.649950 -0.594954 0.835881 141.116903
2455501.749950 -0.494954 0.877139 135.370344
2455501.849950 -0.394954 0.918396 120.577862
2455501.949950 -0.294954 0.959653 97.727943
2455502.049950 -0.194954 0.000911 68.347498
2455502.149950 -0.094954 0.042168 34.399833
2455502.249950 0.005046 0.083425 -1.846551
2455502.349950 0.105046 0.124683 -37.969541
2455502.449950 0.205046 0.165940 -71.555273
2455502.549950 0.305046 0.207198 -100.359430
2455502.649950 0.405046 0.248455 -122.457216
2455502.749950 0.505046 0.289712 -136.371979
2455502.849950 0.605046 0.330970 -141.173886
2455502.949950 0.705046 0.372227 -136.542057
2455503.049950 0.805046 0.413484 -122.786007
2455503.149950 0.905046 0.454742 -100.824963
2455503.249950 1.005046 0.495999 -72.126440
2455503.349950 1.105046 0.537256 -38.608174
2455503.449950 1.205046 0.578514 -2.509974
2455503.549950 -1.118764 0.619771 33.755952
2455503.649950 -1.018764 0.661029 67.766185
2455503.749950 -0.918764 0.702286 97.248044
2455503.849950 -0.818764 0.743543 120.231445
2455503.949950 -0.718764 0.784801 135.180558
2455504.049950 -0.618764 0.826058 141.096430
2455504.149950 -0.518764 0.867315 137.583741
2455504.249950 -0.418764 0.908573 124.877222
2455504.349950 -0.318764 0.949830 103.825967
2455504.449950 -0.218764 0.991088 75.836696
2455504.549950 -0.118764 0.032345 42.779749
2455504.649950 -0.018764 0.073602 6.864108
2455504.749950 0.081236 0.114860 -29.510216
2455504.849950 0.181236 0.156117 -63.912564
2455504.949950 0.281236 0.197374 -94.044049
2455505.049950 0.381236 0.238632 -117.891180
2455505.149950 0.481236 0.279889 -133.860406
2455505.249950 0.581236 0.321146 -140.884609
2455505.349950 0.681236 0.362404 -138.494405
2455505.449950 0.781236 0.403661 -126.849518
2455505.549950 0.881236 0.444919 -106.728099
2455505.649950 0.981236 0.486176 -79.474733
2455505.749950 1.081236 0.527433 -46.910584
2455505.849950 1.181236 0.568691 -11.211706
2455505.949950 -1.142573 0.609948 25.236378
2455506.049950 -1.042573 0.651205 59.998079
2455506.149950 -0.942573 0.692463 90.750497
2455506.249950 -0.842573 0.733720 115.438646
2455506.349950 -0.742573 0.774977 132.412779
2455506.449950 -0.642573 0.816235 140.538623
2455506.549950 -0.542573 0.857492 139.273182
2455506.649950 -0.442573 0.898750 128.701016
2455506.749950 -0.342573 0.940007 109.528594
2455506.849950 -0.242573 0.981264 83.037086
2455506.949950 -0.142573 0.022522 50.996748
2455507.049950 -0.042573 0.063779 15.548627
2455507.149950 0.057427 0.105036 -20.938508
2455507.249950 0.157427 0.146294 -56.026458
2455507.349950 0.257427 0.187551 -87.370523
2455507.449950 0.357427 0.228809 -112.876182
2455507.549950 0.457427 0.270066 -130.839056
2455507.649950 0.557427 0.311323 -140.058804
2455507.749950 0.657427 0.352581 -139.919329
2455507.849950 0.757427 0.393838 -130.429952
2455507.949950 0.857427 0.435095 -112.224786
2455508.049950 0.957427 0.476353 -86.520364
2455508.149950 1.057427 0.517610 -55.034347
2455508.249950 1.157427 0.558867 -19.870741
2455508.349950 -1.166383 0.600125 16.620698
2455508.449950 -1.066383 0.641382 52.001484
2455508.549950 -0.966383 0.682640 83.907347
2455508.649950 -0.866383 0.723897 110.206225
2455508.749950 -0.766383 0.765154 129.140736
2455508.849950 -0.666383 0.806412 139.445607
2455508.949950 -0.566383 0.847669 140.432232
2455509.049950 -0.466383 0.888926 132.034680
2455509.149950 -0.366383 0.930184 114.814106
2455509.249950 -0.266383 0.971441 89.921249
2455509.349950 -0.166383 0.012698 59.019537
2455509.449950 -0.066383 0.053956 24.173932
2455509.549950 0.033617 0.095213 -12.287061
2455509.649950 0.133617 0.136471 -47.926988
2455509.749950 0.233617 0.177728 -80.364266
2455509.849950 0.333617 0.218985 -107.431320
2455509.949950 0.433617 0.260243 -127.319435
2455510.049950 0.533617 0.301500 -138.699617
2455510.149950 0.633617 0.342757 -140.811402
2455510.249950 0.733617 0.384015 -133.513673
2455510.349950 0.833617 0.425272 -117.294090
2455510.449950 0.933617 0.466530 -93.236502
2455510.549950 1.033617 0.507787 -62.948523
2455510.649950 1.133617 0.549044 -28.454102
2455510.749950 -1.190192 0.590302 7.941722
2455510.849950 -1.090192 0.631559 43.806852
2455510.949950 -0.990192 0.672816 76.744655
2455511.049950 -0.890192 0.714074 104.554109
2455511.149950 -0.790192 0.755331 125.376889
2455511.249950 -0.690192 0.796588 137.821544
2455511.349950 -0.590192 0.837846 141.056478
2455511.449950 -0.490192 0.879103 134.865521
2455511.549950 -0.390192 0.920361 119.662375
2455511.649950 -0.290192 0.961618 96.462967
2455511.749950 -0.190192 0.002875 66.817564
2455511.849950 -0.090192 0.044133 32.707176
2455511.949950 0.009808 0.085390 -3.588820
2455512.049950 0.109808 0.126647 -39.644999
2455512.149950 0.209808 0.167905 -73.051960
2455512.249950 0.309808 0.209162 -101.577331
2455512.349950 0.409808 0.250419 -123.314947
2455512.449950 0.509808 0.291677 -136.812224
2455512.549950 0.609808 0.332934 -141.167226
2455512.649950 0.709808 0.374192 -136.088937
2455512.749950 0.809808 0.415449 -121.916705
2455512.849950 0.909808 0.456706 -99.597570
2455512.949950 1.009808 0.497964 -70.622975
2455513.049950 1.109808 0.539221 -36.929103
2455513.149950 1.209808 0.580478 -0.767499
2455513.249950 -1.114002 0.621736 35.445393
2455513.349950 -1.014002 0.662993 69.289698
2455513.449950 -0.914002 0.704251 98.503822
2455513.549950 -0.814002 0.745508 121.135573
2455513.649950 -0.714002 0.786765 135.672618
2455513.749950 -0.614002 0.828023 141.143542
2455513.849950 -0.514002 0.869280 137.182756
2455513.949950 -0.414002 0.910537 124.054936
2455514.049950 -0.314002 0.951795 102.637327
2455514.149950 -0.214002 0.993052 74.361131
2455514.249950 -0.114002 0.034309 41.115863
2455514.349950 -0.014002 0.075567 5.123087
2455514.449950 0.085998 0.116824 -31.212031
2455514.549950 0.185998 0.158082 -65.461452
2455514.649950 0.285998 0.199339 -95.336508
2455514.749950 0.385998 0.240596 -118.840842
2455514.849950 0.485998 0.281854 -134.403812
2455514.949950 0.585998 0.323111 -140.985447
2455515.049950 0.685998 0.364368 -138.145937
2455515.149950 0.785998 0.405626 -126.075029
2455515.249950 0.885998 0.446883 -105.579344
2455515.349950 0.985998 0.488140 -78.028474
2455515.449950 1.085998 0.529398 -45.263468
2455515.549950 1.185998 0.570655 -9.473796
2455515.649950 -1.137812 0.611913 26.948947
2455515.749950 -1.037812 0.653170 61.570867
2455515.849950 -0.937812 0.694427 92.078405
2455515.949950 -0.837812 0.735685 116.432939
2455516.049950 -0.737812 0.776942 133.007014
2455516.149950 -0.637812 0.818199 140.693092
2455516.249950 -0.537812 0.859457 138.977562
2455516.349950 -0.437812 0.900714 127.975062
2455516.449950 -0.337812 0.941971 108.420817
2455516.549950 -0.237812 0.983229 81.621511
2455516.649950 -0.137812 0.024486 49.367968
2455516.749950 -0.037812 0.065744 13.815484
2455516.849950 0.062188 0.107001 -22.660199
2455516.949950 0.162188 0.148258 -57.621649
2455517.049950 0.262188 0.189516 -88.732616
2455517.149950 0.362188 0.230773 -113.914158
2455517.249950 0.462188 0.272030 -131.483554
2455517.349950 0.562188 0.313288 -140.266756
2455517.449950 0.662188 0.354545 -139.676840
2455517.549950 0.762188 0.395803 -129.753224
2455517.649950 0.862188 0.437060 -111.159042
2455517.749950 0.962188 0.478317 -85.136820
2455517.849950 1.062188 0.519575 -53.425456
2455517.949950 1.162188 0.560832 -18.144015
2455518.049950 -1.161621 0.602089 18.349873
2455518.149950 -1.061621 0.643347 53.617558
2455518.249950 -0.961621 0.684604 85.302328
2455518.349950 -0.861621 0.725861 111.286897
2455518.449950 -0.761621 0.767119 129.834883
2455518.549950 -0.661621 0.808376 139.706845
2455518.649950 -0.561621 0.849634 140.243104
2455518.749950 -0.461621 0.890891 131.407824
2455518.849950 -0.361621 0.932148 113.791410
2455518.949950 -0.261621 0.973406 88.571054
2455519.049950 -0.161621 0.014663 57.432067
2455519.149950 -0.061621 0.055920 22.455268
2455519.249950 0.038379 0.097178 -14.022071
2455519.349950 0.138379 0.138435 -49.562407
2455519.449950 0.238379 0.179692 -81.790807
2455519.549950 0.338379 0.220950 -108.553658
2455519.649950 0.438379 0.262207 -128.062571
2455519.749950 0.538379 0.303465 -139.013892
2455519.849950 0.638379 0.344722 -140.675815
2455519.949950 0.738379 0.385979 -132.937284
2455520.049950 0.838379 0.427237 -116.315416
2455520.149950 0.938379 0.468494 -91.920942
2455520.249950 1.038379 0.509751 -61.383986
2455520.349950 1.138379 0.551009 -26.745137
2455520.449950 -1.185431 0.592266 9.680917
2455520.549950 -1.085431 0.633524 45.460058
2455520.649950 -0.985431 0.674781 78.201397
2455520.749950 -0.885431 0.716038 105.717044
2455520.849950 -0.785431 0.757296 126.168305
2455520.949950 -0.685431 0.798553 138.188556
2455521.049950 -0.585431 0.839810 140.974561
2455521.149950 -0.485431 0.881068 134.340149
2455521.249950 -0.385431 0.922325 118.728655
2455521.349950 -0.285431 0.963582 95.183294
2455521.449950 -0.185431 0.004840 65.277450
2455521.549950 -0.085431 0.046097 31.009536
2455521.649950 0.014569 0.087355 -5.330543
2455521.749950 0.114569 0.128612 -41.314417
2455521.849950 0.214569 0.169869 -74.537516
2455521.949950 0.314569 0.211127 -102.779756
2455522.049950 0.414569 0.252384 -124.153890
2455522.149950 0.514569 0.293641 -137.231624
2455522.249950 0.614569 0.334899 -141.139057
2455522.349950 0.714569 0.376156 -135.615082
2455522.449950 0.814569 0.417413 -121.028829
2455522.549950 0.914569 0.458671 -98.355003
2455522.649950 1.014569 0.499928 -69.108749
2455522.749950 1.114569 0.541186 -35.244406
2455522.849950 -1.209240 0.582443 0.975093
2455522.949950 -1.109240 0.623700 37.129433
2455523.049950 -1.009240 0.664958 70.802654
2455523.149950 -0.909240 0.706215 99.744591
2455523.249950 -0.809240 0.747472 122.021244
2455523.349950 -0.709240 0.788730 136.144007
2455523.449950 -0.609240 0.829987 141.169148
2455523.549950 -0.509240 0.871245 136.760869
2455523.649950 -0.409240 0.912502 123.213748
2455523.749950 -0.309240 0.953759 101.433049
2455523.849950 -0.209240 0.995017 72.874237
2455523.949950 -0.109240 0.036274 39.445712
2455524.049950 -0.009240 0.077531 3.381285
2455524.149950 0.090760 0.118789 -32.909091
2455524.249950 0.190760 0.160046 -67.000366
2455524.349950 0.290760 0.201303 -96.614440
2455524.449950 0.390760 0.242561 -119.772397
2455524.549950 0.490760 0.283818 -134.926741
2455524.649950 0.590760 0.325076 -141.064804
2455524.749950 0.690760 0.366333 -137.776420
2455524.849950 0.790760 0.407590 -125.281331
2455524.949950 0.890760 0.448848 -104.414501
2455525.049950 0.990760 0.490105 -76.570327
2455525.149950 1.090760 0.531362 -43.609454
2455525.249950 1.190760 0.572620 -7.734444
2455525.349950 -1.133050 0.613877 28.657410
2455525.449950 -1.033050 0.655134 63.134274
2455525.549950 -0.933050 0.696392 93.392284
2455525.649950 -0.833050 0.737649 117.409492
2455525.749950 -0.733050 0.778907 133.580984
2455525.849950 -0.633050 0.820164 140.826125
2455525.949950 -0.533050 0.861421 138.660767
2455526.049950 -0.433050 0.902679 127.229609
2455526.149950 -0.333050 0.943936 107.296520
2455526.249950 -0.233050 0.985193 80.193500
2455526.349950 -0.133050 0.026451 47.731667
2455526.449950 -0.033050 0.067708 12.080236
2455526.549950 0.066950 0.108966 -24.378438
2455526.649950 0.166950 0.150223 -59.208060
2455526.749950 0.266950 0.191480 -90.081190
2455526.849950 0.366950 0.232738 -114.934778
2455526.949950 0.466950 0.273995 -132.108019
2455527.049950 0.566950 0.315252 -140.453337
2455527.149950 0.666950 0.356510 -139.413069
2455527.249950 0.766950 0.397767 -129.056727
2455527.349950 0.866950 0.439024 -110.076361
2455527.449950 0.966950 0.480282 -83.740304
2455527.549950 1.066950 0.521539 -51.808426
2455527.649950 1.166950 0.562797 -16.414526
2455527.749950 -1.156859 0.604054 20.076251
2455527.849950 -1.056859 0.645311 55.225462
2455527.949950 -0.956859 0.686569 86.684313
2455528.049950 -0.856859 0.727826 112.350613
2455528.149950 -0.756859 0.769083 130.509249
2455528.249950 -0.656859 0.810341 139.946797
2455528.349950 -0.556859 0.851598 140.032607
2455528.449950 -0.456859 0.892855 130.760945
2455528.549950 -0.356859 0.934113 112.751377
2455528.649950 -0.256859 0.975370 87.207364
2455528.749950 -0.156859 0.016628 55.835847
2455528.849950 -0.056859 0.057885 20.733183
2455528.949950 0.043141 0.099142 -15.754946
2455529.049950 0.143141 0.140400 -51.190273
2455529.149950 0.243141 0.181657 -83.204886
2455529.249950 0.343141 0.222914 -109.659456
2455529.349950 0.443141 0.264172 -128.786194
2455529.449950 0.543141 0.305429 -139.306986
2455529.549950 0.643141 0.346687 -140.518793
2455529.649950 0.743141 0.387944 -132.340640
2455529.749950 0.843141 0.429201 -115.319020
2455529.849950 0.943141 0.470459 -90.591376
2455529.949950 1.043141 0.511716 -59.810097
2455530.049950 1.143141 0.552973 -25.032096
2455530.149950 -1.180669 0.594231 11.418637
2455530.249950 -1.080669 0.635488 47.106336
2455530.349950 -0.980669 0.676745 79.646224
2455530.449950 -0.880669 0.718003 106.863871
2455530.549950 -0.780669 0.759260 126.940498
2455530.649950 -0.680669 0.800518 138.534513
2455530.749950 -0.580669 0.841775 140.871164
2455530.849950 -0.480669 0.883032 133.794308
2455530.949950 -0.380669 0.924290 117.776845
2455531.049950 -0.280669 0.965547 93.889118
2455531.149950 -0.180669 0.006804 63.727389
2455531.249950 -0.080669 0.048062 29.307172
2455531.349950 0.019331 0.089319 -7.071454
2455531.449950 0.119331 0.130576 -42.977540
2455531.549950 0.219331 0.171834 -76.011716
2455531.649950 0.319331 0.213091 -103.966521
2455531.749950 0.419331 0.254349 -124.973916
2455531.849950 0.519331 0.295606 -137.630115
2455531.949950 0.619331 0.336863 -141.089384
2455532.049950 0.719331 0.378121 -135.120564
2455532.149950 0.819331 0.419378 -120.122512
2455532.249950 0.919331 0.460635 -97.097450
2455532.349950 1.019331 0.501893 -67.583994
2455532.449950 1.119331 0.543150 -33.554338
2455532.549950 -1.204479 0.584408 2.717537
2455532.649950 -1.104479 0.625665 38.807817
2455532.749950 -1.004479 0.666922 72.304821
2455532.849950 -0.904479 0.708180 100.970163
2455532.949950 -0.804479 0.749437 122.888323
2455533.049950 -0.704479 0.790694 136.594652
2455533.149950 -0.604479 0.831952 141.173246
2455533.249950 -0.504479 0.873209 136.318145
2455533.349950 -0.404479 0.914466 122.353786
2455533.449950 -0.304479 0.955724 100.213317
2455533.549950 -0.204479 0.996981 71.376240
2455533.649950 -0.104479 0.038239 37.769551
2455533.749950 -0.004479 0.079496 1.638968
2455533.849950 0.095521 0.120753 -34.601137
2455533.949950 0.195521 0.162011 -68.529071
2455534.049950 0.295521 0.203268 -97.877652
2455534.149950 0.395521 0.244525 -120.685704
2455534.249950 0.495521 0.285783 -135.429111
2455534.349950 0.595521 0.327040 -141.122668
2455534.449950 0.695521 0.368297 -137.385912
2455534.549950 0.795521 0.409555 -124.468544
