descriptor BJD mod 
2455326.949950 126.941201 
2455327.049950 138.534822 
2455327.149950 140.871059 
2455327.249950 133.793796 
2455327.349950 117.775959 
2455327.449950 93.887919 
2455327.549950 63.725956 
2455327.649950 29.305601 
2455327.749950 -7.073058 
2455327.849950 -42.979070 
2455327.949950 -76.013069 
2455328.049950 -103.967607 
2455328.149950 -124.974663 
2455328.249950 -137.630473 
2455328.349950 -141.089329 
2455328.449950 -135.120099 
2455328.549950 -120.121668 
2455328.649950 -97.096284 
2455328.749950 -67.582585 
2455328.849950 -33.552779 
2455328.949950 2.719142 
2455329.049950 38.809361 
2455329.149950 72.306200 
2455329.249950 100.971285 
2455329.349950 122.889113 
2455329.449950 136.595058 
2455329.549950 141.173239 
2455329.649950 136.317728 
2455329.749950 122.352985 
2455329.849950 100.212185 
2455329.949950 71.374854 
2455330.049950 37.768004 
2455330.149950 1.637362 
2455330.249950 -34.602693 
2455330.349950 -68.530475 
2455330.449950 -97.878809 
2455330.549950 -120.686537 
2455330.649950 -135.429564 
2455330.749950 -141.122712 
2455330.849950 -137.385542 
2455330.949950 -124.467787 
2455331.049950 -103.232655 
2455331.149950 -75.099154 
2455331.249950 -41.947263 
2455331.349950 -5.992308 
2455331.449950 30.363074 
2455331.549950 64.689489 
2455331.649950 94.693124 
2455331.749950 118.369031 
2455331.849950 134.135102 
2455331.949950 140.937793 
2455332.049950 138.322525 
2455332.149950 126.464058 
2455332.249950 106.154817 
2455332.349950 78.751937 
2455332.449950 46.086576 
2455332.549950 10.341547 
2455332.649950 -26.094541 
2455332.749950 -60.786899 
2455332.849950 -91.417263 
2455332.949950 -115.938803 
2455333.049950 -132.712904 
2455333.149950 -140.618661 
2455333.249950 -139.127783 
2455333.349950 -128.339898 
2455333.449950 -108.975888 
2455333.549950 -82.329725 
2455333.649950 -50.182000 
2455333.749950 -14.680938 
2455333.849950 21.801157 
2455333.949950 56.826422 
2455334.049950 88.054345 
2455334.149950 113.398167 
2455334.249950 131.164323 
2455334.349950 140.165617 
2455334.449950 139.800551 
2455334.549950 130.093520 
2455334.649950 111.693182 
2455334.749950 85.829111 
2455334.849950 54.229637 
2455334.949950 19.006348 
2455335.049950 -17.487013 
2455335.149950 -52.811830 
2455335.249950 -84.607574 
2455335.349950 -110.749542 
2455335.449950 -129.490835 
2455335.549950 -139.579095 
2455335.649950 -140.340188 
2455335.749950 -131.723255 
2455335.849950 -114.304111 
2455335.949950 -89.246762 
2455336.049950 -58.225631 
2455336.149950 -23.313658 
2455336.249950 13.156215 
2455336.349950 48.746945 
2455336.449950 81.080231 
2455336.549950 107.995451 
2455336.649950 127.694034 
2455336.749950 138.859652 
2455336.849950 140.746179 
2455336.949950 133.227551 
2455337.049950 116.806188 
2455337.149950 92.579424 
2455337.249950 62.166177 
2455337.349950 27.598767 
2455337.449950 -8.812890 
2455337.549950 -44.635638 
2455337.649950 -77.475676 
2455337.749950 -105.138516 
2455337.849950 -125.775631 
2455337.949950 -138.007974 
2455338.049950 -141.018139 
2455338.149950 -134.604975 
2455338.249950 -119.197032 
2455338.349950 -95.823923 
2455338.449950 -66.047523 
2455338.549950 -31.857594 
2455338.649950 4.461171 
2455338.749950 40.481825 
2455338.849950 73.797341 
2455338.949950 102.181459 
2455339.049950 123.737452 
2455339.149950 137.024872 
2455339.249950 141.155807 
2455339.349950 135.854215 
2455339.449950 121.474365 
2455339.549950 98.977170 
2455339.649950 69.865972 
2455339.749950 36.086083 
2455339.849950 -0.105204 
2455339.949950 -36.289462 
2455340.049950 -70.048730 
2455340.149950 -99.127095 
2455340.249950 -121.581438 
2455340.349950 -135.911281 
2455340.449950 -141.159054 
2455340.549950 -136.974081 
2455340.649950 -123.636018 
2455340.749950 -102.036161 
2455340.849950 -73.617887 
2455340.949950 -40.280208 
2455341.049950 -4.250862 
2455341.149950 32.062540 
2455341.249950 66.233411 
2455341.349950 95.978332 
2455341.449950 119.309643 
2455341.549950 134.668263 
2455341.649950 141.027875 
2455341.749950 137.963508 
2455341.849950 125.679934 
2455341.949950 104.997983 
2455342.049950 77.299697 
2455342.149950 44.435973 
2455342.249950 8.602881 
2455342.349950 -27.805086 
2455342.449950 -62.355019 
2455342.549950 -92.738170 
2455342.649950 -116.924230 
2455342.749950 -133.297001 
2455342.849950 -140.762397 
2455342.949950 -138.821553 
2455343.049950 -127.604165 
2455343.149950 -107.859816 
2455343.249950 -80.907895 
2455343.349950 -48.549423 
2455343.449950 -12.946708 
2455343.549950 23.521152 
2455343.649950 58.417246 
2455343.749950 89.409694 
2455343.849950 114.427470 
2455343.949950 131.798801 
2455344.049950 140.362871 
2455344.149950 139.547399 
2455344.249950 129.406879 
2455344.349950 110.618935 
2455344.449950 84.439044 
2455344.549950 52.616639 
2455344.649950 17.278205 
2455344.749950 -19.214820 
2455344.849950 -54.423843 
2455344.949950 -85.996073 
2455345.049950 -111.821742 
2455345.149950 -130.175089 
2455345.249950 -139.829678 
2455345.349950 -140.140355 
2455345.449950 -131.086360 
2455345.549950 -113.272712 
2455345.649950 -87.889783 
2455345.749950 -56.633749 
2455345.849950 -21.593248 
2455345.949950 14.890189 
2455346.049950 50.378612 
2455346.149950 82.500558 
2455346.249950 109.109527 
2455346.349950 128.427412 
2455346.449950 139.163326 
2455346.549950 140.599855 
2455346.649950 132.641007 
2455346.749950 115.818620 
2455346.849950 91.256825 
2455346.949950 60.596927 
2455347.049950 25.887728 
2455347.149950 -10.551379 
2455347.249950 -46.285406 
2455347.349950 -78.926479 
2455347.449950 -106.293407 
2455347.549950 -126.557435 
2455347.649950 -138.364449 
2455347.749950 -140.925463 
2455347.849950 -134.069342 
2455347.949950 -118.254234 
2455348.049950 -94.536963 
2455348.149950 -64.502398 
2455348.249950 -30.157556 
2455348.349950 6.202520 
2455348.449950 42.148122 
2455348.549950 75.277238 
2455348.649950 103.376064 
2455348.749950 124.566937 
2455348.849950 137.433808 
2455348.949950 141.116869 
2455349.049950 135.370002 
2455349.149950 120.577236 
2455349.249950 97.727074 
2455349.349950 68.346444 
2455349.449950 34.398664 
2455349.549950 -1.847755 
2455349.649950 -37.970701 
2455349.749950 -71.556311 
2455349.849950 -100.360277 
2455349.949950 -122.457815 
2455350.049950 -136.372290 
2455350.149950 -141.173889 
2455350.249950 -136.541751 
2455350.349950 -122.785412 
2455350.449950 -100.824120 
2455350.549950 -72.125404 
2455350.649950 -38.607015 
2455350.749950 -2.508770 
2455350.849950 33.757121 
2455350.949950 67.767242 
2455351.049950 97.248917 
2455351.149950 120.232077 
2455351.249950 135.180906 
2455351.349950 141.096470 
2455351.449950 137.583471 
2455351.549950 124.876661 
2455351.649950 103.825151 
2455351.749950 75.835680 
2455351.849950 42.778601 
2455351.949950 6.862905 
2455352.049950 -29.511394 
2455352.149950 -63.913638 
2455352.249950 -94.044947 
2455352.349950 -117.891842 
2455352.449950 -133.860789 
2455352.549950 -140.884686 
2455352.649950 -138.494172 
2455352.749950 -126.848989 
2455352.849950 -106.727311 
2455352.949950 -79.473737 
2455353.049950 -46.909449 
2455353.149950 -11.210505 
2455353.249950 25.237563 
2455353.349950 59.999169 
2455353.449950 90.751419 
2455353.549950 115.439340 
2455353.649950 132.413197 
2455353.749950 140.538738 
2455353.849950 139.272985 
2455353.949950 128.700521 
2455354.049950 109.527834 
2455354.149950 83.036112 
2455354.249950 50.995625 
2455354.349950 15.547430 
2455354.449950 -20.939699 
2455354.549950 -56.027564 
2455354.649950 -87.371469 
2455354.749950 -112.876905 
2455354.849950 -130.839508 
2455354.949950 -140.058955 
2455355.049950 -139.919169 
2455355.149950 -130.429491 
2455355.249950 -112.224055 
2455355.349950 -86.519412 
2455355.449950 -55.033238 
2455355.549950 -19.869548 
2455355.649950 16.621894 
2455355.749950 52.002603 
2455355.849950 83.908315 
2455355.949950 110.206978 
2455356.049950 129.141222 
2455356.149950 139.445795 
2455356.249950 140.432109 
2455356.349950 132.034254 
2455356.449950 114.813405 
2455356.549950 89.920320 
2455356.649950 59.018443 
2455356.749950 24.172745 
2455356.849950 -12.288260 
2455356.949950 -47.928121 
2455357.049950 -80.365256 
2455357.149950 -107.432102 
2455357.249950 -127.319956 
2455357.349950 -138.699842 
2455357.449950 -140.811316 
2455357.549950 -133.513281 
2455357.649950 -117.293419 
2455357.749950 -93.235598 
2455357.849950 -62.947445 
2455357.949950 -28.452923 
2455358.049950 7.942924 
2455358.149950 43.807997 
2455358.249950 76.745666 
2455358.349950 104.554918 
2455358.449950 125.377443 
2455358.549950 137.821805 
2455358.649950 141.056429 
2455358.749950 134.865165 
2455358.849950 119.661735 
2455358.949950 96.462088 
2455359.049950 66.816503 
2455359.149950 32.706005 
2455359.249950 -3.590024 
2455359.349950 -39.646155 
2455359.449950 -73.052991 
2455359.549950 -101.578167 
2455359.649950 -123.315533 
2455359.749950 -136.812521 
2455359.849950 -141.167214 
2455359.949950 -136.088617 
2455360.049950 -121.916098 
2455360.149950 -99.596717 
2455360.249950 -70.621932 
2455360.349950 -36.927941 
2455360.449950 -0.766294 
2455360.549950 35.446559 
2455360.649950 69.290747 
2455360.749950 98.504684 
2455360.849950 121.136191 
2455360.949950 135.672951 
2455361.049950 141.143567 
2455361.149950 137.182472 
2455361.249950 124.054361 
2455361.349950 102.636500 
2455361.449950 74.360108 
2455361.549950 41.114710 
2455361.649950 5.121883 
2455361.749950 -31.213206 
2455361.849950 -65.462519 
2455361.949950 -95.337396 
2455362.049950 -118.841492 
2455362.149950 -134.404181 
2455362.249950 -140.985509 
2455362.349950 -138.145689 
2455362.449950 -126.074487 
2455362.549950 -105.578544 
2455362.649950 -78.027471 
2455362.749950 -45.262327 
2455362.849950 -9.472595 
2455362.949950 26.950129 
2455363.049950 61.571951 
2455363.149950 92.079318 
2455363.249950 116.433620 
2455363.349950 133.007418 
2455363.449950 140.693192 
2455363.549950 138.977351 
2455363.649950 127.974553 
2455363.749950 108.420046 
2455363.849950 81.620528 
2455363.949950 49.366840 
2455364.049950 13.814285 
2455364.149950 -22.661388 
2455364.249950 -57.622748 
2455364.349950 -88.733553 
2455364.449950 -113.914869 
2455364.549950 -131.483993 
2455364.649950 -140.266893 
2455364.749950 -139.676665 
2455364.849950 -129.752750 
2455364.949950 -111.158299 
2455365.049950 -85.135859 
2455365.149950 -53.424342 
2455365.249950 -18.142821 
2455365.349950 18.351067 
2455365.449950 53.618672 
2455365.549950 85.303288 
2455365.649950 111.287638 
2455365.749950 129.835356 
2455365.849950 139.707018 
2455365.949950 140.242965 
2455366.049950 131.407384 
2455366.149950 113.790697 
2455366.249950 88.570116 
2455366.349950 57.430967 
2455366.449950 22.454079 
2455366.549950 -14.023270 
2455366.649950 -49.563534 
2455366.749950 -81.791789 
2455366.849950 -108.554428 
2455366.949950 -128.063078 
2455367.049950 -139.014102 
2455367.149950 -140.675713 
2455367.249950 -132.936879 
2455367.349950 -116.314733 
2455367.449950 -91.920027 
2455367.549950 -61.382902 
2455367.649950 -26.743954 
2455367.749950 9.682118 
2455367.849950 45.461198 
2455367.949950 78.202400 
2455368.049950 105.717842 
2455368.149950 126.168846 
2455368.249950 138.188802 
2455368.349950 140.974497 
2455368.449950 134.339778 
2455368.549950 118.728003 
2455368.649950 95.182404 
2455368.749950 65.276382 
2455368.849950 31.008361 
2455368.949950 -5.331747 
2455369.049950 -41.315569 
2455369.149950 -74.538539 
2455369.249950 -102.780581 
2455369.349950 -124.154463 
2455369.449950 -137.231907 
2455369.549950 -141.139031 
2455369.649950 -135.614747 
2455369.749950 -121.028209 
2455369.849950 -98.354139 
2455369.949950 -69.107699 
2455370.049950 -35.243239 
2455370.149950 0.976298 
2455370.249950 37.130595 
2455370.349950 70.803695 
2455370.449950 99.745443 
2455370.549950 122.021849 
2455370.649950 136.144326 
2455370.749950 141.169158 
2455370.849950 136.760571 
2455370.949950 123.213160 
2455371.049950 101.432212 
2455371.149950 72.873206 
2455371.249950 39.444555 
2455371.349950 3.380081 
2455371.449950 -32.910262 
2455371.549950 -67.001426 
2455371.649950 -96.615318 
2455371.749950 -119.773035 
2455371.849950 -134.927095 
2455371.949950 -141.064852 
2455372.049950 -137.776158 
2455372.149950 -125.280776 
2455372.249950 -104.413691 
2455372.349950 -76.569315 
2455372.449950 -43.608309 
2455372.549950 -7.733241 
2455372.649950 28.658589 
2455372.749950 63.135351 
2455372.849950 93.393187 
2455372.949950 117.410161 
2455373.049950 133.581374 
2455373.149950 140.826209 
2455373.249950 138.660541 
2455373.349950 127.229087 
2455373.449950 107.295737 
2455373.549950 80.192509 
2455373.649950 47.730534 
2455373.749950 12.079037 
2455373.849950 -24.379624 
2455373.949950 -59.209153 
2455374.049950 -90.082118 
2455374.149950 -114.935478 
2455374.249950 -132.108444 
2455374.349950 -140.453459 
2455374.449950 -139.412879 
2455374.549950 -129.056239 
2455374.649950 -110.075607 
2455374.749950 -83.739335 
2455374.849950 -51.807305 
2455374.949950 -16.413329 
2455375.049950 20.077443 
2455375.149950 55.226570 
2455375.249950 86.685263 
2455375.349950 112.351342 
2455375.449950 130.509708 
2455375.549950 139.946955 
2455375.649950 140.032454 
2455375.749950 130.760491 
2455375.849950 112.750652 
2455375.949950 87.206416 
2455376.049950 55.834741 
2455376.149950 20.731992 
2455376.249950 -15.756142 
2455376.349950 -51.191396 
2455376.449950 -83.205859 
2455376.549950 -109.660215 
2455376.649950 -128.786688 
2455376.749950 -139.307181 
2455376.849950 -140.518678 
2455376.949950 -132.340221 
2455377.049950 -115.318325 
2455377.149950 -90.590452 
2455377.249950 -59.809006 
2455377.349950 -25.030911 
2455377.449950 11.419837 
2455377.549950 47.107472 
2455377.649950 79.647219 
2455377.749950 106.864658 
2455377.849950 126.941025 
2455377.949950 138.534745 
2455378.049950 140.871086 
2455378.149950 133.793924 
2455378.249950 117.776181 
2455378.349950 93.888218 
2455378.449950 63.726314 
2455378.549950 29.305994 
2455378.649950 -7.072657 
2455378.749950 -42.978687 
2455378.849950 -76.012731 
2455378.949950 -103.967335 
2455379.049950 -124.974477 
2455379.149950 -137.630383 
2455379.249950 -141.089343 
2455379.349950 -135.120215 
2455379.449950 -120.121879 
2455379.549950 -97.096576 
2455379.649950 -67.582937 
2455379.749950 -33.553168 
2455379.849950 2.718741 
2455379.949950 38.808975 
2455380.049950 72.305856 
2455380.149950 100.971005 
2455380.249950 122.888916 
2455380.349950 136.594956 
2455380.449950 141.173241 
2455380.549950 136.317832 
2455380.649950 122.353186 
2455380.749950 100.212468 
2455380.849950 71.375201 
2455380.949950 37.768391 
2455381.049950 1.637764 
2455381.149950 -34.602304 
2455381.249950 -68.530124 
2455381.349950 -97.878520 
2455381.449950 -120.686328 
2455381.549950 -135.429451 
2455381.649950 -141.122701 
2455381.749950 -137.385634 
2455381.849950 -124.467976 
2455381.949950 -103.232929 
2455382.049950 -75.099494 
2455382.149950 -41.947646 
2455382.249950 -5.992709 
2455382.349950 30.362682 
2455382.449950 64.689132 
2455382.549950 94.692826 
2455382.649950 118.368812 
2455382.749950 134.134977 
2455382.849950 140.937770 
2455382.949950 138.322605 
2455383.049950 126.464236 
2455383.149950 106.155081 
2455383.249950 78.752270 
2455383.349950 46.086955 
2455383.449950 10.341947 
2455383.549950 -26.094146 
2455383.649950 -60.786537 
2455383.749950 -91.416957 
2455383.849950 -115.938574 
2455383.949950 -132.712767 
2455384.049950 -140.618625 
2455384.149950 -139.127852 
2455384.249950 -128.340065 
2455384.349950 -108.976143 
2455384.449950 -82.330051 
2455384.549950 -50.182376 
2455384.649950 -14.681337 
2455384.749950 21.800761 
2455384.849950 56.826055 
2455384.949950 88.054031 
2455385.049950 113.397927 
2455385.149950 131.164175 
2455385.249950 140.165570 
2455385.349950 139.800607 
2455385.449950 130.093676 
2455385.549950 111.693427 
2455385.649950 85.829430 
2455385.749950 54.230008 
2455385.849950 19.006746 
2455385.949950 -17.486614 
2455386.049950 -52.811457 
2455386.149950 -84.607252 
2455386.249950 -110.749293 
2455386.349950 -129.490676 
2455386.449950 -139.579035 
2455386.549950 -140.340232 
2455386.649950 -131.723400 
2455386.749950 -114.304346 
2455386.849950 -89.247073 
2455386.949950 -58.225997 
2455387.049950 -23.314054 
2455387.149950 13.155816 
2455387.249950 48.746568 
2455387.349950 81.079902 
2455387.449950 107.995192 
2455387.549950 127.693863 
2455387.649950 138.859580 
2455387.749950 140.746211 
2455387.849950 133.227684 
2455387.949950 116.806414 
2455388.049950 92.579727 
2455388.149950 62.166538 
2455388.249950 27.599161 
2455388.349950 -8.812489 
2455388.449950 -44.635257 
2455388.549950 -77.475340 
2455388.649950 -105.138249 
2455388.749950 -125.775448 
2455388.849950 -138.007890 
2455388.949950 -141.018158 
2455389.049950 -134.605096 
2455389.149950 -119.197247 
2455389.249950 -95.824218 
2455389.349950 -66.047878 
2455389.449950 -31.857985 
2455389.549950 4.460770 
2455389.649950 40.481441 
2455389.749950 73.796999 
2455389.849950 102.181182 
2455389.949950 123.737258 
2455390.049950 137.024775 
2455390.149950 141.155814 
2455390.249950 135.854324 
2455390.349950 121.474569 
2455390.449950 98.977456 
2455390.549950 69.866321 
2455390.649950 36.086471 
2455390.749950 -0.104803 
2455390.849950 -36.289074 
2455390.949950 -70.048381 
2455391.049950 -99.126809 
2455391.149950 -121.581234 
2455391.249950 -135.911173 
2455391.349950 -141.159048 
2455391.449950 -136.974179 
2455391.549950 -123.636212 
2455391.649950 -102.036438 
2455391.749950 -73.618230 
2455391.849950 -40.280592 
2455391.949950 -4.251264 
2455392.049950 32.062149 
2455392.149950 66.233057 
2455392.249950 95.978038 
2455392.349950 119.309428 
2455392.449950 134.668143 
2455392.549950 141.027857 
2455392.649950 137.963593 
2455392.749950 125.680116 
2455392.849950 104.998251 
2455392.949950 77.300033 
2455393.049950 44.436354 
2455393.149950 8.603282 
2455393.249950 -27.804692 
2455393.349950 -62.354659 
2455393.449950 -92.737867 
2455393.549950 -116.924005 
2455393.649950 -133.296869 
2455393.749950 -140.762366 
2455393.849950 -138.821626 
2455393.949950 -127.604336 
2455394.049950 -107.860075 
2455394.149950 -80.908224 
2455394.249950 -48.549800 
2455394.349950 -12.947107 
2455394.449950 23.520756 
2455394.549950 58.416881 
2455394.649950 89.409383 
2455394.749950 114.427235 
2455394.849950 131.798657 
2455394.949950 140.362828 
2455395.049950 139.547460 
2455395.149950 129.407039 
2455395.249950 110.619185 
2455395.349950 84.439366 
2455395.449950 52.617012 
2455395.549950 17.278603 
2455395.649950 -19.214422 
2455395.749950 -54.423472 
2455395.849950 -85.995754 
2455395.949950 -111.821497 
2455396.049950 -130.174934 
2455396.149950 -139.829622 
2455396.249950 -140.140403 
2455396.349950 -131.086509 
2455396.449950 -113.272952 
2455396.549950 -87.890097 
2455396.649950 -56.634117 
2455396.749950 -21.593645 
2455396.849950 14.889790 
2455396.949950 50.378237 
2455397.049950 82.500232 
2455397.149950 109.109272 
2455397.249950 128.427245 
2455397.349950 139.163258 
2455397.449950 140.599891 
2455397.549950 132.641145 
2455397.649950 115.818850 
2455397.749950 91.257131 
2455397.849950 60.597289 
2455397.949950 25.888123 
2455398.049950 -10.550978 
2455398.149950 -46.285027 
2455398.249950 -78.926146 
2455398.349950 -106.293142 
2455398.449950 -126.557257 
2455398.549950 -138.364369 
2455398.649950 -140.925487 
2455398.749950 -134.069467 
2455398.849950 -118.254454 
2455398.949950 -94.537261 
2455399.049950 -64.502755 
2455399.149950 -30.157948 
2455399.249950 6.202119 
2455399.349950 42.147739 
2455399.449950 75.276899 
2455399.549950 103.375791 
2455399.649950 124.566748 
2455399.749950 137.433717 
2455399.849950 141.116880 
2455399.949950 135.370116 
2455400.049950 120.577445 
2455400.149950 97.727363 
2455400.249950 68.346795 
2455400.349950 34.399054 
2455400.449950 -1.847354 
2455400.549950 -37.970315 
2455400.649950 -71.555965 
2455400.749950 -100.359994 
2455400.849950 -122.457615 
2455400.949950 -136.372186 
2455401.049950 -141.173888 
2455401.149950 -136.541853 
2455401.249950 -122.785610 
2455401.349950 -100.824401 
2455401.449950 -72.125749 
2455401.549950 -38.607401 
2455401.649950 -2.509171 
2455401.749950 33.756731 
2455401.849950 67.766890 
2455401.949950 97.248626 
2455402.049950 120.231866 
2455402.149950 135.180790 
2455402.249950 141.096457 
2455402.349950 137.583561 
2455402.449950 124.876848 
2455402.549950 103.825423 
2455402.649950 75.836018 
2455402.749950 42.778983 
2455402.849950 6.863306 
2455402.949950 -29.511001 
2455403.049950 -63.913280 
2455403.149950 -94.044648 
2455403.249950 -117.891621 
2455403.349950 -133.860661 
2455403.449950 -140.884660 
2455403.549950 -138.494250 
2455403.649950 -126.849166 
2455403.749950 -106.727574 
2455403.849950 -79.474069 
2455403.949950 -46.909827 
2455404.049950 -11.210905 
2455404.149950 25.237168 
2455404.249950 59.998806 
2455404.349950 90.751112 
2455404.449950 115.439109 
2455404.549950 132.413058 
2455404.649950 140.538700 
2455404.749950 139.273051 
2455404.849950 128.700686 
2455404.949950 109.528088 
2455405.049950 83.036437 
2455405.149950 50.995999 
2455405.249950 15.547829 
2455405.349950 -20.939302 
2455405.449950 -56.027195 
2455405.549950 -87.371154 
2455405.649950 -112.876664 
2455405.749950 -130.839358 
2455405.849950 -140.058905 
2455405.949950 -139.919222 
2455406.049950 -130.429645 
2455406.149950 -112.224299 
2455406.249950 -86.519730 
2455406.349950 -55.033607 
2455406.449950 -19.869946 
2455406.549950 16.621496 
2455406.649950 52.002230 
2455406.749950 83.907993 
2455406.849950 110.206727 
2455406.949950 129.141060 
2455407.049950 139.445733 
2455407.149950 140.432150 
2455407.249950 132.034396 
2455407.349950 114.813639 
2455407.449950 89.920630 
2455407.549950 59.018808 
2455407.649950 24.173141 
2455407.749950 -12.287860 
2455407.849950 -47.927744 
2455407.949950 -80.364926 
2455408.049950 -107.431841 
2455408.149950 -127.319782 
2455408.249950 -138.699767 
2455408.349950 -140.811344 
2455408.449950 -133.513412 
2455408.549950 -117.293643 
2455408.649950 -93.235899 
2455408.749950 -62.947805 
2455408.849950 -28.453316 
2455408.949950 7.942524 
2455409.049950 43.807616 
2455409.149950 76.745329 
2455409.249950 104.554648 
2455409.349950 125.377258 
2455409.449950 137.821718 
2455409.549950 141.056445 
2455409.649950 134.865283 
2455409.749950 119.661948 
2455409.849950 96.462381 
2455409.949950 66.816857 
2455410.049950 32.706395 
2455410.149950 -3.589623 
2455410.249950 -39.645770 
2455410.349950 -73.052647 
2455410.449950 -101.577889 
2455410.549950 -123.315338 
2455410.649950 -136.812422 
2455410.749950 -141.167218 
2455410.849950 -136.088723 
2455410.949950 -121.916301 
2455411.049950 -99.597001 
2455411.149950 -70.622279 
2455411.249950 -36.928328 
2455411.349950 -0.766696 
2455411.449950 35.446170 
2455411.549950 69.290398 
2455411.649950 98.504397 
2455411.749950 121.135985 
2455411.849950 135.672840 
2455411.949950 141.143558 
2455412.049950 137.182567 
2455412.149950 124.054552 
2455412.249950 102.636776 
2455412.349950 74.360449 
2455412.449950 41.115094 
2455412.549950 5.122284 
2455412.649950 -31.212815 
2455412.749950 -65.462163 
2455412.849950 -95.337100 
2455412.949950 -118.841275 
2455413.049950 -134.404058 
2455413.149950 -140.985488 
2455413.249950 -138.145772 
2455413.349950 -126.074668 
2455413.449950 -105.578810 
2455413.549950 -78.027805 
2455413.649950 -45.262707 
2455413.749950 -9.472995 
2455413.849950 26.949735 
2455413.949950 61.571590 
2455414.049950 92.079014 
2455414.149950 116.433393 
2455414.249950 133.007284 
2455414.349950 140.693159 
2455414.449950 138.977421 
2455414.549950 127.974723 
2455414.649950 108.420303 
2455414.749950 81.620856 
2455414.849950 49.367216 
2455414.949950 13.814685 
2455415.049950 -22.660992 
2455415.149950 -57.622382 
2455415.249950 -88.733241 
2455415.349950 -113.914632 
2455415.449950 -131.483847 
2455415.549950 -140.266847 
2455415.649950 -139.676723 
2455415.749950 -129.752908 
2455415.849950 -111.158547 
2455415.949950 -85.136180 
2455416.049950 -53.424713 
2455416.149950 -18.143219 
2455416.249950 18.350669 
2455416.349950 53.618300 
2455416.449950 85.302968 
2455416.549950 111.287391 
2455416.649950 129.835199 
2455416.749950 139.706961 
2455416.849950 140.243011 
2455416.949950 131.407530 
2455417.049950 113.790935 
2455417.149950 88.570429 
2455417.249950 57.431334 
2455417.349950 22.454475 
2455417.449950 -14.022870 
2455417.549950 -49.563158 
2455417.649950 -81.791462 
2455417.749950 -108.554171 
2455417.849950 -128.062909 
2455417.949950 -139.014032 
2455418.049950 -140.675747 
2455418.149950 -132.937014 
2455418.249950 -116.314961 
2455418.349950 -91.920332 
2455418.449950 -61.383263 
2455418.549950 -26.744349 
2455418.649950 9.681718 
2455418.749950 45.460818 
2455418.849950 78.202066 
2455418.949950 105.717576 
2455419.049950 126.168665 
2455419.149950 138.188720 
2455419.249950 140.974518 
2455419.349950 134.339902 
2455419.449950 118.728220 
2455419.549950 95.182701 
2455419.649950 65.276738 
2455419.749950 31.008753 
2455419.849950 -5.331346 
2455419.949950 -41.315185 
2455420.049950 -74.538198 
2455420.149950 -102.780306 
2455420.249950 -124.154272 
2455420.349950 -137.231812 
2455420.449950 -141.139040 
2455420.549950 -135.614859 
2455420.649950 -121.028415 
2455420.749950 -98.354427 
2455420.849950 -69.108049 
2455420.949950 -35.243628 
2455421.049950 0.975896 
2455421.149950 37.130208 
2455421.249950 70.803348 
2455421.349950 99.745159 
2455421.449950 122.021648 
2455421.549950 136.144219 
2455421.649950 141.169155 
2455421.749950 136.760670 
2455421.849950 123.213356 
2455421.949950 101.432491 
2455422.049950 72.873550 
2455422.149950 39.444941 
2455422.249950 3.380482 
2455422.349950 -32.909872 
2455422.449950 -67.001073 
2455422.549950 -96.615026 
2455422.649950 -119.772822 
2455422.749950 -134.926977 
2455422.849950 -141.064836 
2455422.949950 -137.776245 
2455423.049950 -125.280961 
2455423.149950 -104.413961 
2455423.249950 -76.569653 
2455423.349950 -43.608690 
2455423.449950 -7.733642 
2455423.549950 28.658196 
2455423.649950 63.134992 
2455423.749950 93.392886 
2455423.849950 117.409938 
2455423.949950 133.581244 
2455424.049950 140.826181 
2455424.149950 138.660617 
2455424.249950 127.229261 
2455424.349950 107.295998 
2455424.449950 80.192839 
2455424.549950 47.730912 
2455424.649950 12.079437 
2455424.749950 -24.379229 
2455424.849950 -59.208789 
2455424.949950 -90.081808 
2455425.049950 -114.935244 
2455425.149950 -132.108302 
2455425.249950 -140.453418 
2455425.349950 -139.412942 
2455425.449950 -129.056402 
2455425.549950 -110.075858 
2455425.649950 -83.739658 
2455425.749950 -51.807679 
2455425.849950 -16.413728 
2455425.949950 20.077046 
2455426.049950 55.226201 
2455426.149950 86.684947 
2455426.249950 112.351099 
2455426.349950 130.509555 
2455426.449950 139.946903 
2455426.549950 140.032505 
2455426.649950 130.760643 
2455426.749950 112.750893 
2455426.849950 87.206732 
2455426.949950 55.835110 
2455427.049950 20.732389 
2455427.149950 -15.755743 
2455427.249950 -51.191021 
2455427.349950 -83.205535 
2455427.449950 -109.659962 
2455427.549950 -128.786523 
2455427.649950 -139.307116 
2455427.749950 -140.518716 
2455427.849950 -132.340361 
2455427.949950 -115.318556 
2455428.049950 -90.590760 
2455428.149950 -59.809369 
2455428.249950 -25.031306 
2455428.349950 11.419437 
2455428.449950 47.107093 
2455428.549950 79.646887 
2455428.649950 106.864396 
2455428.749950 126.940849 
2455428.849950 138.534668 
2455428.949950 140.871112 
2455429.049950 133.794052 
2455429.149950 117.776402 
2455429.249950 93.888518 
2455429.349950 63.726673 
2455429.449950 29.306387 
2455429.549950 -7.072256 
2455429.649950 -42.978305 
2455429.749950 -76.012392 
2455429.849950 -103.967064 
2455429.949950 -124.974290 
2455430.049950 -137.630294 
2455430.149950 -141.089357 
2455430.249950 -135.120331 
2455430.349950 -120.122090 
2455430.449950 -97.096867 
2455430.549950 -67.583289 
2455430.649950 -33.553558 
2455430.749950 2.718340 
2455430.849950 38.808589 
2455430.949950 72.305511 
2455431.049950 100.970724 
2455431.149950 122.888718 
2455431.249950 136.594855 
2455431.349950 141.173243 
2455431.449950 136.317937 
2455431.549950 122.353386 
2455431.649950 100.212751 
2455431.749950 71.375547 
2455431.849950 37.768777 
2455431.949950 1.638165 
2455432.049950 -34.601915 
2455432.149950 -68.529773 
2455432.249950 -97.878231 
2455432.349950 -120.686120 
2455432.449950 -135.429338 
2455432.549950 -141.122690 
2455432.649950 -137.385727 
2455432.749950 -124.468165 
2455432.849950 -103.233203 
2455432.949950 -75.099834 
2455433.049950 -41.948029 
2455433.149950 -5.993110 
2455433.249950 30.362290 
2455433.349950 64.688775 
2455433.449950 94.692528 
2455433.549950 118.368593 
2455433.649950 134.134852 
2455433.749950 140.937747 
2455433.849950 138.322685 
2455433.949950 126.464415 
2455434.049950 106.155346 
2455434.149950 78.752604 
2455434.249950 46.087335 
2455434.349950 10.342348 
2455434.449950 -26.093752 
2455434.549950 -60.786174 
2455434.649950 -91.416651 
2455434.749950 -115.938345 
2455434.849950 -132.712630 
2455434.949950 -140.618589 
2455435.049950 -139.127920 
2455435.149950 -128.340232 
2455435.249950 -108.976398 
2455435.349950 -82.330378 
2455435.449950 -50.182751 
2455435.549950 -14.681736 
2455435.649950 21.800364 
2455435.749950 56.825687 
2455435.849950 88.053717 
2455435.949950 113.397688 
2455436.049950 131.164026 
2455436.149950 140.165522 
2455436.249950 139.800663 
2455436.349950 130.093832 
2455436.449950 111.693673 
2455436.549950 85.829749 
2455436.649950 54.230378 
2455436.749950 19.007143 
2455436.849950 -17.486216 
2455436.949950 -52.811085 
2455437.049950 -84.606931 
2455437.149950 -110.749044 
2455437.249950 -129.490516 
2455437.349950 -139.578975 
2455437.449950 -140.340275 
2455437.549950 -131.723544 
2455437.649950 -114.304582 
2455437.749950 -89.247385 
2455437.849950 -58.226363 
2455437.949950 -23.314450 
2455438.049950 13.155416 
2455438.149950 48.746191 
2455438.249950 81.079574 
2455438.349950 107.994934 
2455438.449950 127.693692 
2455438.549950 138.859508 
2455438.649950 140.746242 
2455438.749950 133.227817 
2455438.849950 116.806639 
2455438.949950 92.580031 
2455439.049950 62.166898 
2455439.149950 27.599555 
2455439.249950 -8.812088 
2455439.349950 -44.634876 
2455439.449950 -77.475005 
2455439.549950 -105.137981 
2455439.649950 -125.775266 
2455439.749950 -138.007805 
2455439.849950 -141.018177 
2455439.949950 -134.605217 
2455440.049950 -119.197462 
2455440.149950 -95.824513 
2455440.249950 -66.048233 
2455440.349950 -31.858376 
2455440.449950 4.460369 
2455440.549950 40.481056 
2455440.649950 73.796657 
2455440.749950 102.180905 
2455440.849950 123.737065 
2455440.949950 137.024679 
2455441.049950 141.155820 
2455441.149950 135.854433 
2455441.249950 121.474774 
2455441.349950 98.977742 
2455441.449950 69.866669 
2455441.549950 36.086859 
2455441.649950 -0.104402 
2455441.749950 -36.288686 
2455441.849950 -70.048033 
2455441.949950 -99.126523 
2455442.049950 -121.581030 
2455442.149950 -135.911064 
2455442.249950 -141.159042 
2455442.349950 -136.974276 
2455442.449950 -123.636406 
2455442.549950 -102.036716 
2455442.649950 -73.618573 
2455442.749950 -40.280977 
2455442.849950 -4.251665 
2455442.949950 32.061758 
2455443.049950 66.232702 
2455443.149950 95.977743 
2455443.249950 119.309214 
2455443.349950 134.668022 
2455443.449950 141.027839 
2455443.549950 137.963679 
2455443.649950 125.680299 
2455443.749950 104.998520 
2455443.849950 77.300369 
2455443.949950 44.436736 
2455444.049950 8.603683 
2455444.149950 -27.804298 
2455444.249950 -62.354298 
2455444.349950 -92.737565 
2455444.449950 -116.923780 
2455444.549950 -133.296736 
2455444.649950 -140.762335 
2455444.749950 -138.821699 
2455444.849950 -127.604508 
2455444.949950 -107.860334 
2455445.049950 -80.908553 
2455445.149950 -48.550177 
2455445.249950 -12.947507 
2455445.349950 23.520361 
2455445.449950 58.416515 
2455445.549950 89.409072 
2455445.649950 114.427000 
2455445.749950 131.798513 
2455445.849950 140.362785 
2455445.949950 139.547521 
2455446.049950 129.407200 
2455446.149950 110.619434 
2455446.249950 84.439688 
2455446.349950 52.617384 
2455446.449950 17.279002 
2455446.549950 -19.214024 
2455446.649950 -54.423102 
2455446.749950 -85.995436 
2455446.849950 -111.821252 
2455446.949950 -130.174778 
2455447.049950 -139.829567 
2455447.149950 -140.140452 
2455447.249950 -131.086658 
2455447.349950 -113.273191 
2455447.449950 -87.890411 
2455447.549950 -56.634484 
2455447.649950 -21.594042 
2455447.749950 14.889391 
2455447.849950 50.377862 
2455447.949950 82.499907 
2455448.049950 109.109017 
2455448.149950 128.427079 
2455448.249950 139.163190 
2455448.349950 140.599928 
2455448.449950 132.641282 
2455448.549950 115.819079 
2455448.649950 91.257437 
2455448.749950 60.597652 
2455448.849950 25.888518 
2455448.949950 -10.550578 
2455449.049950 -46.284647 
2455449.149950 -78.925813 
2455449.249950 -106.292878 
2455449.349950 -126.557079 
2455449.449950 -138.364289 
2455449.549950 -140.925511 
2455449.649950 -134.069593 
2455449.749950 -118.254673 
2455449.849950 -94.537559 
2455449.949950 -64.503112 
2455450.049950 -30.158340 
2455450.149950 6.201718 
2455450.249950 42.147356 
2455450.349950 75.276559 
2455450.449950 103.375517 
2455450.549950 124.566559 
2455450.649950 137.433625 
2455450.749950 141.116891 
2455450.849950 135.370230 
2455450.949950 120.577653 
2455451.049950 97.727653 
2455451.149950 68.347147 
2455451.249950 34.399443 
2455451.349950 -1.846952 
2455451.449950 -37.969928 
2455451.549950 -71.555619 
2455451.649950 -100.359712 
2455451.749950 -122.457415 
2455451.849950 -136.372083 
2455451.949950 -141.173887 
2455452.049950 -136.541955 
2455452.149950 -122.785808 
2455452.249950 -100.824682 
2455452.349950 -72.126094 
2455452.449950 -38.607788 
2455452.549950 -2.509572 
2455452.649950 33.756341 
2455452.749950 67.766538 
2455452.849950 97.248335 
2455452.949950 120.231656 
2455453.049950 135.180674 
2455453.149950 141.096443 
2455453.249950 137.583651 
2455453.349950 124.877035 
2455453.449950 103.825695 
2455453.549950 75.836357 
2455453.649950 42.779366 
2455453.749950 6.863707 
2455453.849950 -29.510609 
2455453.949950 -63.912922 
2455454.049950 -94.044349 
2455454.149950 -117.891400 
2455454.249950 -133.860534 
2455454.349950 -140.884634 
2455454.449950 -138.494328 
2455454.549950 -126.849342 
2455454.649950 -106.727836 
2455454.749950 -79.474401 
2455454.849950 -46.910206 
2455454.949950 -11.211306 
2455455.049950 25.236773 
2455455.149950 59.998443 
2455455.249950 90.750804 
2455455.349950 115.438878 
2455455.449950 132.412918 
2455455.549950 140.538662 
2455455.649950 139.273116 
2455455.749950 128.700851 
2455455.849950 109.528341 
2455455.949950 83.036762 
2455456.049950 50.996373 
2455456.149950 15.548228 
2455456.249950 -20.938905 
2455456.349950 -56.026827 
2455456.449950 -87.370838 
2455456.549950 -112.876423 
2455456.649950 -130.839207 
2455456.749950 -140.058854 
2455456.849950 -139.919276 
2455456.949950 -130.429798 
2455457.049950 -112.224542 
2455457.149950 -86.520047 
2455457.249950 -55.033977 
2455457.349950 -19.870343 
2455457.449950 16.621097 
2455457.549950 52.001857 
2455457.649950 83.907670 
2455457.749950 110.206476 
2455457.849950 129.140898 
2455457.949950 139.445670 
2455458.049950 140.432191 
2455458.149950 132.034538 
2455458.249950 114.813873 
2455458.349950 89.920939 
2455458.449950 59.019172 
2455458.549950 24.173536 
2455458.649950 -12.287461 
2455458.749950 -47.927366 
2455458.849950 -80.364596 
2455458.949950 -107.431581 
2455459.049950 -127.319609 
2455459.149950 -138.699692 
2455459.249950 -140.811373 
2455459.349950 -133.513542 
2455459.449950 -117.293866 
2455459.549950 -93.236201 
2455459.649950 -62.948164 
2455459.749950 -28.453709 
2455459.849950 7.942123 
2455459.949950 43.807234 
2455460.049950 76.744992 
2455460.149950 104.554379 
2455460.249950 125.377074 
2455460.349950 137.821631 
2455460.449950 141.056461 
2455460.549950 134.865402 
2455460.649950 119.662161 
2455460.749950 96.462674 
2455460.849950 66.817210 
2455460.949950 32.706786 
2455461.049950 -3.589222 
2455461.149950 -39.645385 
2455461.249950 -73.052303 
2455461.349950 -101.577610 
2455461.449950 -123.315143 
2455461.549950 -136.812323 
2455461.649950 -141.167222 
2455461.749950 -136.088830 
2455461.849950 -121.916503 
2455461.949950 -99.597286 
2455462.049950 -70.622627 
2455462.149950 -36.928716 
2455462.249950 -0.767097 
2455462.349950 35.445781 
2455462.449950 69.290048 
2455462.549950 98.504109 
2455462.649950 121.135779 
2455462.749950 135.672729 
2455462.849950 141.143550 
2455462.949950 137.182661 
2455463.049950 124.054744 
2455463.149950 102.637052 
2455463.249950 74.360790 
2455463.349950 41.115478 
2455463.449950 5.122686 
2455463.549950 -31.212423 
2455463.649950 -65.461808 
2455463.749950 -95.336804 
2455463.849950 -118.841059 
2455463.949950 -134.403935 
2455464.049950 -140.985468 
2455464.149950 -138.145854 
2455464.249950 -126.074848 
2455464.349950 -105.579077 
2455464.449950 -78.028140 
2455464.549950 -45.263087 
2455464.649950 -9.473396 
2455464.749950 26.949341 
2455464.849950 61.571228 
2455464.949950 92.078709 
2455465.049950 116.433166 
2455465.149950 133.007149 
2455465.249950 140.693125 
2455465.349950 138.977492 
2455465.449950 127.974892 
2455465.549950 108.420560 
2455465.649950 81.621184 
2455465.749950 49.367592 
2455465.849950 13.815085 
2455465.949950 -22.660596 
2455466.049950 -57.622015 
2455466.149950 -88.732929 
2455466.249950 -113.914395 
2455466.349950 -131.483701 
2455466.449950 -140.266802 
2455466.549950 -139.676781 
2455466.649950 -129.753066 
2455466.749950 -111.158794 
2455466.849950 -85.136500 
2455466.949950 -53.425085 
2455467.049950 -18.143617 
2455467.149950 18.350271 
2455467.249950 53.617929 
2455467.349950 85.302648 
2455467.449950 111.287144 
2455467.549950 129.835041 
2455467.649950 139.706903 
2455467.749950 140.243058 
2455467.849950 131.407677 
2455467.949950 113.791173 
2455468.049950 88.570741 
2455468.149950 57.431701 
2455468.249950 22.454872 
2455468.349950 -14.022471 
2455468.449950 -49.562782 
2455468.549950 -81.791134 
2455468.649950 -108.553915 
2455468.749950 -128.062740 
2455468.849950 -139.013962 
2455468.949950 -140.675781 
2455469.049950 -132.937149 
2455469.149950 -116.315188 
2455469.249950 -91.920637 
2455469.349950 -61.383625 
2455469.449950 -26.744743 
2455469.549950 9.681317 
2455469.649950 45.460438 
2455469.749950 78.201731 
2455469.849950 105.717310 
2455469.949950 126.168485 
2455470.049950 138.188638 
2455470.149950 140.974539 
2455470.249950 134.340025 
2455470.349950 118.728437 
2455470.449950 95.182997 
2455470.549950 65.277094 
2455470.649950 31.009145 
2455470.749950 -5.330944 
2455470.849950 -41.314801 
2455470.949950 -74.537857 
2455471.049950 -102.780031 
2455471.149950 -124.154081 
2455471.249950 -137.231718 
2455471.349950 -141.139048 
2455471.449950 -135.614970 
2455471.549950 -121.028622 
2455471.649950 -98.354715 
2455471.749950 -69.108399 
2455471.849950 -35.244017 
2455471.949950 0.975495 
2455472.049950 37.129821 
2455472.149950 70.803001 
2455472.249950 99.744875 
2455472.349950 122.021446 
2455472.449950 136.144113 
2455472.549950 141.169152 
2455472.649950 136.760770 
2455472.749950 123.213552 
2455472.849950 101.432770 
2455472.949950 72.873893 
2455473.049950 39.445326 
2455473.149950 3.380884 
2455473.249950 -32.909481 
2455473.349950 -67.000719 
2455473.449950 -96.614733 
2455473.549950 -119.772610 
2455473.649950 -134.926859 
2455473.749950 -141.064820 
2455473.849950 -137.776333 
2455473.949950 -125.281146 
2455474.049950 -104.414231 
2455474.149950 -76.569990 
2455474.249950 -43.609072 
2455474.349950 -7.734043 
2455474.449950 28.657803 
2455474.549950 63.134633 
2455474.649950 93.392585 
2455474.749950 117.409715 
2455474.849950 133.581114 
2455474.949950 140.826153 
2455475.049950 138.660692 
2455475.149950 127.229435 
2455475.249950 107.296259 
2455475.349950 80.193169 
2455475.449950 47.731289 
2455475.549950 12.079837 
2455475.649950 -24.378834 
2455475.749950 -59.208424 
2455475.849950 -90.081499 
2455475.949950 -114.935011 
2455476.049950 -132.108161 
2455476.149950 -140.453378 
2455476.249950 -139.413005 
2455476.349950 -129.056565 
2455476.449950 -110.076110 
2455476.549950 -83.739981 
2455476.649950 -51.808052 
2455476.749950 -16.414127 
2455476.849950 20.076649 
2455476.949950 55.225831 
2455477.049950 86.684630 
2455477.149950 112.350856 
2455477.249950 130.509402 
2455477.349950 139.946850 
2455477.449950 140.032556 
2455477.549950 130.760794 
2455477.649950 112.751135 
2455477.749950 87.207048 
2455477.849950 55.835479 
2455477.949950 20.732786 
2455478.049950 -15.755344 
2455478.149950 -51.190647 
2455478.249950 -83.205211 
2455478.349950 -109.659709 
2455478.449950 -128.786359 
2455478.549950 -139.307051 
2455478.649950 -140.518755 
2455478.749950 -132.340501 
2455478.849950 -115.318788 
2455478.949950 -90.591068 
2455479.049950 -59.809733 
2455479.149950 -25.031701 
2455479.249950 11.419037 
2455479.349950 47.106715 
2455479.449950 79.646556 
2455479.549950 106.864134 
2455479.649950 126.940674 
2455479.749950 138.534591 
2455479.849950 140.871138 
2455479.949950 133.794180 
2455480.049950 117.776623 
2455480.149950 93.888818 
2455480.249950 63.727031 
2455480.349950 29.306779 
2455480.449950 -7.071855 
2455480.549950 -42.977922 
2455480.649950 -76.012054 
2455480.749950 -103.966792 
2455480.849950 -124.974103 
2455480.949950 -137.630204 
2455481.049950 -141.089370 
2455481.149950 -135.120448 
2455481.249950 -120.122301 
2455481.349950 -97.097158 
2455481.449950 -67.583642 
2455481.549950 -33.553948 
2455481.649950 2.717938 
2455481.749950 38.808203 
2455481.849950 72.305166 
2455481.949950 100.970444 
2455482.049950 122.888521 
2455482.149950 136.594754 
2455482.249950 141.173244 
2455482.349950 136.318041 
2455482.449950 122.353586 
2455482.549950 100.213034 
2455482.649950 71.375893 
2455482.749950 37.769164 
2455482.849950 1.638567 
2455482.949950 -34.601526 
2455483.049950 -68.529422 
2455483.149950 -97.877942 
2455483.249950 -120.685912 
2455483.349950 -135.429224 
2455483.449950 -141.122679 
2455483.549950 -137.385819 
2455483.649950 -124.468355 
2455483.749950 -103.233477 
2455483.849950 -75.100174 
2455483.949950 -41.948413 
2455484.049950 -5.993511 
2455484.149950 30.361898 
2455484.249950 64.688418 
2455484.349950 94.692231 
2455484.449950 118.368374 
2455484.549950 134.134727 
2455484.649950 140.937724 
2455484.749950 138.322766 
2455484.849950 126.464593 
2455484.949950 106.155611 
2455485.049950 78.752937 
2455485.149950 46.087714 
2455485.249950 10.342748 
2455485.349950 -26.093357 
2455485.449950 -60.785812 
2455485.549950 -91.416345 
2455485.649950 -115.938115 
2455485.749950 -132.712493 
2455485.849950 -140.618554 
2455485.949950 -139.127988 
2455486.049950 -128.340399 
2455486.149950 -108.976653 
2455486.249950 -82.330704 
2455486.349950 -50.183126 
2455486.449950 -14.682135 
2455486.549950 21.799967 
2455486.649950 56.825320 
2455486.749950 88.053404 
2455486.849950 113.397449 
2455486.949950 131.163878 
2455487.049950 140.165474 
2455487.149950 139.800719 
2455487.249950 130.093988 
2455487.349950 111.693918 
2455487.449950 85.830067 
2455487.549950 54.230749 
2455487.649950 19.007541 
2455487.749950 -17.485818 
2455487.849950 -52.810713 
2455487.949950 -84.606610 
2455488.049950 -110.748795 
2455488.149950 -129.490356 
2455488.249950 -139.578915 
2455488.349950 -140.340319 
2455488.449950 -131.723689 
2455488.549950 -114.304817 
2455488.649950 -89.247696 
2455488.749950 -58.226728 
2455488.849950 -23.314846 
2455488.949950 13.155016 
2455489.049950 48.745814 
2455489.149950 81.079245 
2455489.249950 107.994675 
2455489.349950 127.693521 
2455489.449950 138.859435 
2455489.549950 140.746273 
2455489.649950 133.227949 
2455489.749950 116.806865 
2455489.849950 92.580334 
2455489.949950 62.167259 
2455490.049950 27.599948 
2455490.149950 -8.811688 
2455490.249950 -44.634496 
2455490.349950 -77.474669 
2455490.449950 -105.137713 
2455490.549950 -125.775084 
2455490.649950 -138.007721 
2455490.749950 -141.018196 
2455490.849950 -134.605338 
2455490.949950 -119.197677 
2455491.049950 -95.824808 
2455491.149950 -66.048587 
2455491.249950 -31.858768 
2455491.349950 4.459967 
2455491.449950 40.480672 
2455491.549950 73.796315 
2455491.649950 102.180628 
2455491.749950 123.736872 
2455491.849950 137.024582 
2455491.949950 141.155827 
2455492.049950 135.854542 
2455492.149950 121.474978 
2455492.249950 98.978029 
2455492.349950 69.867018 
2455492.449950 36.087248 
2455492.549950 -0.104000 
2455492.649950 -36.288298 
2455492.749950 -70.047684 
2455492.849950 -99.126237 
2455492.949950 -121.580826 
2455493.049950 -135.910956 
2455493.149950 -141.159036 
2455493.249950 -136.974373 
2455493.349950 -123.636600 
2455493.449950 -102.036993 
2455493.549950 -73.618915 
2455493.649950 -40.281362 
2455493.749950 -4.252066 
2455493.849950 32.061367 
2455493.949950 66.232348 
2455494.049950 95.977449 
2455494.149950 119.308999 
2455494.249950 134.667902 
2455494.349950 141.027821 
2455494.449950 137.963764 
2455494.549950 125.680482 
2455494.649950 104.998788 
2455494.749950 77.300705 
2455494.849950 44.437117 
2455494.949950 8.604083 
2455495.049950 -27.803905 
2455495.149950 -62.353938 
2455495.249950 -92.737262 
2455495.349950 -116.923555 
2455495.449950 -133.296604 
2455495.549950 -140.762305 
2455495.649950 -138.821772 
2455495.749950 -127.604680 
2455495.849950 -107.860593 
2455495.949950 -80.908882 
2455496.049950 -48.550554 
2455496.149950 -12.947907 
2455496.249950 23.519965 
2455496.349950 58.416150 
2455496.449950 89.408761 
2455496.549950 114.426765 
2455496.649950 131.798369 
2455496.749950 140.362742 
2455496.849950 139.547581 
2455496.949950 129.407360 
2455497.049950 110.619683 
2455497.149950 84.440010 
2455497.249950 52.617757 
2455497.349950 17.279400 
2455497.449950 -19.213627 
2455497.549950 -54.422731 
2455497.649950 -85.995118 
2455497.749950 -111.821007 
2455497.849950 -130.174623 
2455497.949950 -139.829512 
2455498.049950 -140.140500 
2455498.149950 -131.086807 
2455498.249950 -113.273431 
2455498.349950 -87.890726 
2455498.449950 -56.634852 
2455498.549950 -21.594439 
2455498.649950 14.888992 
2455498.749950 50.377487 
2455498.849950 82.499581 
2455498.949950 109.108762 
2455499.049950 128.426912 
2455499.149950 139.163123 
2455499.249950 140.599964 
2455499.349950 132.641420 
2455499.449950 115.819309 
2455499.549950 91.257743 
2455499.649950 60.598014 
2455499.749950 25.888912 
2455499.849950 -10.550178 
2455499.949950 -46.284268 
2455500.049950 -78.925480 
2455500.149950 -106.292614 
2455500.249950 -126.556901 
2455500.349950 -138.364210 
2455500.449950 -140.925535 
2455500.549950 -134.069719 
2455500.649950 -118.254892 
2455500.749950 -94.537857 
2455500.849950 -64.503469 
2455500.949950 -30.158732 
2455501.049950 6.201317 
2455501.149950 42.146973 
2455501.249950 75.276219 
2455501.349950 103.375244 
2455501.449950 124.566370 
2455501.549950 137.433533 
2455501.649950 141.116903 
2455501.749950 135.370344 
2455501.849950 120.577862 
2455501.949950 97.727943 
2455502.049950 68.347498 
2455502.149950 34.399833 
2455502.249950 -1.846551 
2455502.349950 -37.969541 
2455502.449950 -71.555273 
2455502.549950 -100.359430 
2455502.649950 -122.457216 
2455502.749950 -136.371979 
2455502.849950 -141.173886 
2455502.949950 -136.542057 
2455503.049950 -122.786007 
2455503.149950 -100.824963 
2455503.249950 -72.126440 
2455503.349950 -38.608174 
2455503.449950 -2.509974 
2455503.549950 33.755952 
2455503.649950 67.766185 
2455503.749950 97.248044 
2455503.849950 120.231445 
2455503.949950 135.180558 
2455504.049950 141.096430 
2455504.149950 137.583741 
2455504.249950 124.877222 
2455504.349950 103.825967 
2455504.449950 75.836696 
2455504.549950 42.779749 
2455504.649950 6.864108 
2455504.749950 -29.510216 
2455504.849950 -63.912564 
2455504.949950 -94.044049 
2455505.049950 -117.891180 
2455505.149950 -133.860406 
2455505.249950 -140.884609 
2455505.349950 -138.494405 
2455505.449950 -126.849518 
2455505.549950 -106.728099 
2455505.649950 -79.474733 
2455505.749950 -46.910584 
2455505.849950 -11.211706 
2455505.949950 25.236378 
2455506.049950 59.998079 
2455506.149950 90.750497 
2455506.249950 115.438646 
2455506.349950 132.412779 
2455506.449950 140.538623 
2455506.549950 139.273182 
2455506.649950 128.701016 
2455506.749950 109.528594 
2455506.849950 83.037086 
2455506.949950 50.996748 
2455507.049950 15.548627 
2455507.149950 -20.938508 
2455507.249950 -56.026458 
2455507.349950 -87.370523 
2455507.449950 -112.876182 
2455507.549950 -130.839056 
2455507.649950 -140.058804 
2455507.749950 -139.919329 
2455507.849950 -130.429952 
2455507.949950 -112.224786 
2455508.049950 -86.520364 
2455508.149950 -55.034347 
2455508.249950 -19.870741 
2455508.349950 16.620698 
2455508.449950 52.001484 
2455508.549950 83.907347 
2455508.649950 110.206225 
2455508.749950 129.140736 
2455508.849950 139.445607 
2455508.949950 140.432232 
2455509.049950 132.034680 
2455509.149950 114.814106 
2455509.249950 89.921249 
2455509.349950 59.019537 
2455509.449950 24.173932 
2455509.549950 -12.287061 
2455509.649950 -47.926988 
2455509.749950 -80.364266 
2455509.849950 -107.431320 
2455509.949950 -127.319435 
2455510.049950 -138.699617 
2455510.149950 -140.811402 
2455510.249950 -133.513673 
2455510.349950 -117.294090 
2455510.449950 -93.236502 
2455510.549950 -62.948523 
2455510.649950 -28.454102 
2455510.749950 7.941722 
2455510.849950 43.806852 
2455510.949950 76.744655 
2455511.049950 104.554109 
2455511.149950 125.376889 
2455511.249950 137.821544 
2455511.349950 141.056478 
2455511.449950 134.865521 
2455511.549950 119.662375 
2455511.649950 96.462967 
2455511.749950 66.817564 
2455511.849950 32.707176 
2455511.949950 -3.588820 
2455512.049950 -39.644999 
2455512.149950 -73.051960 
2455512.249950 -101.577331 
2455512.349950 -123.314947 
2455512.449950 -136.812224 
2455512.549950 -141.167226 
2455512.649950 -136.088937 
2455512.749950 -121.916705 
2455512.849950 -99.597570 
2455512.949950 -70.622975 
2455513.049950 -36.929103 
2455513.149950 -0.767499 
2455513.249950 35.445393 
2455513.349950 69.289698 
2455513.449950 98.503822 
2455513.549950 121.135573 
2455513.649950 135.672618 
2455513.749950 141.143542 
2455513.849950 137.182756 
2455513.949950 124.054936 
2455514.049950 102.637327 
2455514.149950 74.361131 
2455514.249950 41.115863 
2455514.349950 5.123087 
2455514.449950 -31.212031 
2455514.549950 -65.461452 
2455514.649950 -95.336508 
2455514.749950 -118.840842 
2455514.849950 -134.403812 
2455514.949950 -140.985447 
2455515.049950 -138.145937 
2455515.149950 -126.075029 
2455515.249950 -105.579344 
2455515.349950 -78.028474 
2455515.449950 -45.263468 
2455515.549950 -9.473796 
2455515.649950 26.948947 
2455515.749950 61.570867 
2455515.849950 92.078405 
2455515.949950 116.432939 
2455516.049950 133.007014 
2455516.149950 140.693092 
2455516.249950 138.977562 
2455516.349950 127.975062 
2455516.449950 108.420817 
2455516.549950 81.621511 
2455516.649950 49.367968 
2455516.749950 13.815484 
2455516.849950 -22.660199 
2455516.949950 -57.621649 
2455517.049950 -88.732616 
2455517.149950 -113.914158 
2455517.249950 -131.483554 
2455517.349950 -140.266756 
2455517.449950 -139.676840 
2455517.549950 -129.753224 
2455517.649950 -111.159042 
2455517.749950 -85.136820 
2455517.849950 -53.425456 
2455517.949950 -18.144015 
2455518.049950 18.349873 
2455518.149950 53.617558 
2455518.249950 85.302328 
2455518.349950 111.286897 
2455518.449950 129.834883 
2455518.549950 139.706845 
2455518.649950 140.243104 
2455518.749950 131.407824 
2455518.849950 113.791410 
2455518.949950 88.571054 
2455519.049950 57.432067 
2455519.149950 22.455268 
2455519.249950 -14.022071 
2455519.349950 -49.562407 
2455519.449950 -81.790807 
2455519.549950 -108.553658 
2455519.649950 -128.062571 
2455519.749950 -139.013892 
2455519.849950 -140.675815 
2455519.949950 -132.937284 
2455520.049950 -116.315416 
2455520.149950 -91.920942 
2455520.249950 -61.383986 
2455520.349950 -26.745137 
2455520.449950 9.680917 
2455520.549950 45.460058 
2455520.649950 78.201397 
2455520.749950 105.717044 
2455520.849950 126.168305 
2455520.949950 138.188556 
2455521.049950 140.974561 
2455521.149950 134.340149 
2455521.249950 118.728655 
2455521.349950 95.183294 
2455521.449950 65.277450 
2455521.549950 31.009536 
2455521.649950 -5.330543 
2455521.749950 -41.314417 
2455521.849950 -74.537516 
2455521.949950 -102.779756 
2455522.049950 -124.153890 
2455522.149950 -137.231624 
2455522.249950 -141.139057 
2455522.349950 -135.615082 
2455522.449950 -121.028829 
2455522.549950 -98.355003 
2455522.649950 -69.108749 
2455522.749950 -35.244406 
2455522.849950 0.975093 
2455522.949950 37.129433 
2455523.049950 70.802654 
2455523.149950 99.744591 
2455523.249950 122.021244 
2455523.349950 136.144007 
2455523.449950 141.169148 
2455523.549950 136.760869 
2455523.649950 123.213748 
2455523.749950 101.433049 
2455523.849950 72.874237 
2455523.949950 39.445712 
2455524.049950 3.381285 
2455524.149950 -32.909091 
2455524.249950 -67.000366 
2455524.349950 -96.614440 
2455524.449950 -119.772397 
2455524.549950 -134.926741 
2455524.649950 -141.064804 
2455524.749950 -137.776420 
2455524.849950 -125.281331 
2455524.949950 -104.414501 
2455525.049950 -76.570327 
2455525.149950 -43.609454 
2455525.249950 -7.734444 
2455525.349950 28.657410 
2455525.449950 63.134274 
2455525.549950 93.392284 
2455525.649950 117.409492 
2455525.749950 133.580984 
2455525.849950 140.826125 
2455525.949950 138.660767 
2455526.049950 127.229609 
2455526.149950 107.296520 
2455526.249950 80.193500 
2455526.349950 47.731667 
2455526.449950 12.080236 
2455526.549950 -24.378438 
2455526.649950 -59.208060 
2455526.749950 -90.081190 
2455526.849950 -114.934778 
2455526.949950 -132.108019 
2455527.049950 -140.453337 
2455527.149950 -139.413069 
2455527.249950 -129.056727 
2455527.349950 -110.076361 
2455527.449950 -83.740304 
2455527.549950 -51.808426 
2455527.649950 -16.414526 
2455527.749950 20.076251 
2455527.849950 55.225462 
2455527.949950 86.684313 
2455528.049950 112.350613 
2455528.149950 130.509249 
2455528.249950 139.946797 
2455528.349950 140.032607 
2455528.449950 130.760945 
2455528.549950 112.751377 
2455528.649950 87.207364 
2455528.749950 55.835847 
2455528.849950 20.733183 
2455528.949950 -15.754946 
2455529.049950 -51.190273 
2455529.149950 -83.204886 
2455529.249950 -109.659456 
2455529.349950 -128.786194 
2455529.449950 -139.306986 
2455529.549950 -140.518793 
2455529.649950 -132.340640 
2455529.749950 -115.319020 
2455529.849950 -90.591376 
2455529.949950 -59.810097 
2455530.049950 -25.032096 
2455530.149950 11.418637 
2455530.249950 47.106336 
2455530.349950 79.646224 
2455530.449950 106.863871 
2455530.549950 126.940498 
2455530.649950 138.534513 
2455530.749950 140.871164 
2455530.849950 133.794308 
2455530.949950 117.776845 
2455531.049950 93.889118 
2455531.149950 63.727389 
2455531.249950 29.307172 
2455531.349950 -7.071454 
2455531.449950 -42.977540 
2455531.549950 -76.011716 
2455531.649950 -103.966521 
2455531.749950 -124.973916 
2455531.849950 -137.630115 
2455531.949950 -141.089384 
2455532.049950 -135.120564 
2455532.149950 -120.122512 
2455532.249950 -97.097450 
2455532.349950 -67.583994 
2455532.449950 -33.554338 
2455532.549950 2.717537 
2455532.649950 38.807817 
2455532.749950 72.304821 
2455532.849950 100.970163 
2455532.949950 122.888323 
2455533.049950 136.594652 
2455533.149950 141.173246 
2455533.249950 136.318145 
2455533.349950 122.353786 
2455533.449950 100.213317 
2455533.549950 71.376240 
2455533.649950 37.769551 
2455533.749950 1.638968 
2455533.849950 -34.601137 
2455533.949950 -68.529071 
2455534.049950 -97.877652 
2455534.149950 -120.685704 
2455534.249950 -135.429111 
2455534.349950 -141.122668 
2455534.449950 -137.385912 
2455534.549950 -124.468544 
