descriptor Tc_phase m_phase 
-1.500000 -0.000000 
-1.499000 0.064845 
-1.498000 0.129688 
-1.497000 0.194526 
-1.496000 0.259356 
-1.495000 0.324176 
-1.494000 0.388983 
-1.493000 0.453775 
-1.492000 0.518549 
-1.491000 0.583302 
-1.490000 0.648032 
-1.489000 0.712737 
-1.488000 0.777414 
-1.487000 0.842060 
-1.486000 0.906672 
-1.485000 0.971249 
-1.484000 1.035788 
-1.483000 1.100285 
-1.482000 1.164739 
-1.481000 1.229148 
-1.480000 1.293507 
-1.479000 1.357816 
-1.478000 1.422071 
-1.477000 1.486270 
-1.476000 1.550410 
-1.475000 1.614489 
-1.474000 1.678504 
-1.473000 1.742453 
-1.472000 1.806333 
-1.471000 1.870142 
-1.470000 1.933877 
-1.469000 1.997536 
-1.468000 2.061116 
-1.467000 2.124614 
-1.466000 2.188029 
-1.465000 2.251357 
-1.464000 2.314596 
-1.463000 2.377744 
-1.462000 2.440798 
-1.461000 2.503756 
-1.460000 2.566615 
-1.459000 2.629373 
-1.458000 2.692026 
-1.457000 2.754574 
-1.456000 2.817013 
-1.455000 2.879340 
-1.454000 2.941554 
-1.453000 3.003652 
-1.452000 3.065631 
-1.451000 3.127489 
-1.450000 3.189224 
-1.449000 3.250832 
-1.448000 3.312313 
-1.447000 3.373663 
-1.446000 3.434879 
-1.445000 3.495960 
-1.444000 3.556903 
-1.443000 3.617705 
-1.442000 3.678365 
-1.441000 3.738879 
-1.440000 3.799246 
-1.439000 3.859463 
-1.438000 3.919527 
-1.437000 3.979437 
-1.436000 4.039189 
-1.435000 4.098783 
-1.434000 4.158214 
-1.433000 4.217481 
-1.432000 4.276582 
-1.431000 4.335514 
-1.430000 4.394274 
-1.429000 4.452861 
-1.428000 4.511273 
-1.427000 4.569506 
-1.426000 4.627559 
-1.425000 4.685429 
-1.424000 4.743115 
-1.423000 4.800613 
-1.422000 4.857921 
-1.421000 4.915038 
-1.420000 4.971960 
-1.419000 5.028687 
-1.418000 5.085215 
-1.417000 5.141542 
-1.416000 5.197666 
-1.415000 5.253585 
-1.414000 5.309296 
-1.413000 5.364798 
-1.412000 5.420088 
-1.411000 5.475164 
-1.410000 5.530024 
-1.409000 5.584666 
-1.408000 5.639087 
-1.407000 5.693286 
-1.406000 5.747260 
-1.405000 5.801007 
-1.404000 5.854525 
-1.403000 5.907811 
-1.402000 5.960865 
-1.401000 6.013683 
-1.400000 6.066264 
-1.399000 6.118605 
-1.398000 6.170705 
-1.397000 6.222561 
-1.396000 6.274172 
-1.395000 6.325535 
-1.394000 6.376648 
-1.393000 6.427509 
-1.392000 6.478117 
-1.391000 6.528469 
-1.390000 6.578563 
-1.389000 6.628397 
-1.388000 6.677970 
-1.387000 6.727279 
-1.386000 6.776323 
-1.385000 6.825099 
-1.384000 6.873605 
-1.383000 6.921841 
-1.382000 6.969802 
-1.381000 7.017489 
-1.380000 7.064899 
-1.379000 7.112030 
-1.378000 7.158880 
-1.377000 7.205447 
-1.376000 7.251730 
-1.375000 7.297727 
-1.374000 7.343436 
-1.373000 7.388855 
-1.372000 7.433982 
-1.371000 7.478815 
-1.370000 7.523353 
-1.369000 7.567595 
-1.368000 7.611537 
-1.367000 7.655179 
-1.366000 7.698519 
-1.365000 7.741555 
-1.364000 7.784285 
-1.363000 7.826708 
-1.362000 7.868822 
-1.361000 7.910625 
-1.360000 7.952116 
-1.359000 7.993294 
-1.358000 8.034155 
-1.357000 8.074699 
-1.356000 8.114925 
-1.355000 8.154830 
-1.354000 8.194413 
-1.353000 8.233673 
-1.352000 8.272608 
-1.351000 8.311216 
-1.350000 8.349496 
-1.349000 8.387447 
-1.348000 8.425066 
-1.347000 8.462352 
-1.346000 8.499305 
-1.345000 8.535922 
-1.344000 8.572202 
-1.343000 8.608144 
-1.342000 8.643746 
-1.341000 8.679006 
-1.340000 8.713924 
-1.339000 8.748498 
-1.338000 8.782727 
-1.337000 8.816608 
-1.336000 8.850142 
-1.335000 8.883327 
-1.334000 8.916160 
-1.333000 8.948642 
-1.332000 8.980770 
-1.331000 9.012544 
-1.330000 9.043962 
-1.329000 9.075023 
-1.328000 9.105726 
-1.327000 9.136069 
-1.326000 9.166052 
-1.325000 9.195673 
-1.324000 9.224930 
-1.323000 9.253824 
-1.322000 9.282352 
-1.321000 9.310514 
-1.320000 9.338308 
-1.319000 9.365734 
-1.318000 9.392789 
-1.317000 9.419474 
-1.316000 9.445788 
-1.315000 9.471728 
-1.314000 9.497294 
-1.313000 9.522485 
-1.312000 9.547301 
-1.311000 9.571739 
-1.310000 9.595800 
-1.309000 9.619482 
-1.308000 9.642784 
-1.307000 9.665705 
-1.306000 9.688245 
-1.305000 9.710402 
-1.304000 9.732176 
-1.303000 9.753566 
-1.302000 9.774570 
-1.301000 9.795189 
-1.300000 9.815421 
-1.299000 9.835266 
-1.298000 9.854722 
-1.297000 9.873790 
-1.296000 9.892467 
-1.295000 9.910754 
-1.294000 9.928650 
-1.293000 9.946153 
-1.292000 9.963264 
-1.291000 9.979982 
-1.290000 9.996306 
-1.289000 10.012235 
-1.288000 10.027769 
-1.287000 10.042907 
-1.286000 10.057648 
-1.285000 10.071993 
-1.284000 10.085939 
-1.283000 10.099488 
-1.282000 10.112638 
-1.281000 10.125389 
-1.280000 10.137740 
-1.279000 10.149690 
-1.278000 10.161240 
-1.277000 10.172389 
-1.276000 10.183136 
-1.275000 10.193482 
-1.274000 10.203425 
-1.273000 10.212965 
-1.272000 10.222102 
-1.271000 10.230835 
-1.270000 10.239164 
-1.269000 10.247089 
-1.268000 10.254610 
-1.267000 10.261726 
-1.266000 10.268437 
-1.265000 10.274742 
-1.264000 10.280642 
-1.263000 10.286135 
-1.262000 10.291223 
-1.261000 10.295905 
-1.260000 10.300180 
-1.259000 10.304048 
-1.258000 10.307509 
-1.257000 10.310564 
-1.256000 10.313212 
-1.255000 10.315452 
-1.254000 10.317285 
-1.253000 10.318711 
-1.252000 10.319730 
-1.251000 10.320341 
-1.250000 10.320545 
-1.249000 10.320341 
-1.248000 10.319730 
-1.247000 10.318711 
-1.246000 10.317285 
-1.245000 10.315452 
-1.244000 10.313212 
-1.243000 10.310564 
-1.242000 10.307509 
-1.241000 10.304048 
-1.240000 10.300180 
-1.239000 10.295905 
-1.238000 10.291223 
-1.237000 10.286135 
-1.236000 10.280642 
-1.235000 10.274742 
-1.234000 10.268437 
-1.233000 10.261726 
-1.232000 10.254610 
-1.231000 10.247089 
-1.230000 10.239164 
-1.229000 10.230835 
-1.228000 10.222102 
-1.227000 10.212965 
-1.226000 10.203425 
-1.225000 10.193482 
-1.224000 10.183136 
-1.223000 10.172389 
-1.222000 10.161240 
-1.221000 10.149690 
-1.220000 10.137740 
-1.219000 10.125389 
-1.218000 10.112638 
-1.217000 10.099488 
-1.216000 10.085939 
-1.215000 10.071993 
-1.214000 10.057648 
-1.213000 10.042907 
-1.212000 10.027769 
-1.211000 10.012235 
-1.210000 9.996306 
-1.209000 9.979982 
-1.208000 9.963264 
-1.207000 9.946153 
-1.206000 9.928650 
-1.205000 9.910754 
-1.204000 9.892467 
-1.203000 9.873790 
-1.202000 9.854722 
-1.201000 9.835266 
-1.200000 9.815421 
-1.199000 9.795189 
-1.198000 9.774570 
-1.197000 9.753566 
-1.196000 9.732176 
-1.195000 9.710402 
-1.194000 9.688245 
-1.193000 9.665705 
-1.192000 9.642784 
-1.191000 9.619482 
-1.190000 9.595800 
-1.189000 9.571739 
-1.188000 9.547301 
-1.187000 9.522485 
-1.186000 9.497294 
-1.185000 9.471728 
-1.184000 9.445788 
-1.183000 9.419474 
-1.182000 9.392789 
-1.181000 9.365734 
-1.180000 9.338308 
-1.179000 9.310514 
-1.178000 9.282352 
-1.177000 9.253824 
-1.176000 9.224930 
-1.175000 9.195673 
-1.174000 9.166052 
-1.173000 9.136069 
-1.172000 9.105726 
-1.171000 9.075023 
-1.170000 9.043962 
-1.169000 9.012544 
-1.168000 8.980770 
-1.167000 8.948642 
-1.166000 8.916160 
-1.165000 8.883327 
-1.164000 8.850142 
-1.163000 8.816608 
-1.162000 8.782727 
-1.161000 8.748498 
-1.160000 8.713924 
-1.159000 8.679006 
-1.158000 8.643746 
-1.157000 8.608144 
-1.156000 8.572202 
-1.155000 8.535922 
-1.154000 8.499305 
-1.153000 8.462352 
-1.152000 8.425066 
-1.151000 8.387447 
-1.150000 8.349496 
-1.149000 8.311216 
-1.148000 8.272608 
-1.147000 8.233673 
-1.146000 8.194413 
-1.145000 8.154830 
-1.144000 8.114925 
-1.143000 8.074699 
-1.142000 8.034155 
-1.141000 7.993294 
-1.140000 7.952116 
-1.139000 7.910625 
-1.138000 7.868822 
-1.137000 7.826708 
-1.136000 7.784285 
-1.135000 7.741555 
-1.134000 7.698519 
-1.133000 7.655179 
-1.132000 7.611537 
-1.131000 7.567595 
-1.130000 7.523353 
-1.129000 7.478815 
-1.128000 7.433982 
-1.127000 7.388855 
-1.126000 7.343436 
-1.125000 7.297727 
-1.124000 7.251730 
-1.123000 7.205447 
-1.122000 7.158880 
-1.121000 7.112030 
-1.120000 7.064899 
-1.119000 7.017489 
-1.118000 6.969802 
-1.117000 6.921841 
-1.116000 6.873605 
-1.115000 6.825099 
-1.114000 6.776323 
-1.113000 6.727279 
-1.112000 6.677970 
-1.111000 6.628397 
-1.110000 6.578563 
-1.109000 6.528469 
-1.108000 6.478117 
-1.107000 6.427509 
-1.106000 6.376648 
-1.105000 6.325535 
-1.104000 6.274172 
-1.103000 6.222561 
-1.102000 6.170705 
-1.101000 6.118605 
-1.100000 6.066264 
-1.099000 6.013683 
-1.098000 5.960865 
-1.097000 5.907811 
-1.096000 5.854525 
-1.095000 5.801007 
-1.094000 5.747260 
-1.093000 5.693286 
-1.092000 5.639087 
-1.091000 5.584666 
-1.090000 5.530024 
-1.089000 5.475164 
-1.088000 5.420088 
-1.087000 5.364798 
-1.086000 5.309296 
-1.085000 5.253585 
-1.084000 5.197666 
-1.083000 5.141542 
-1.082000 5.085215 
-1.081000 5.028687 
-1.080000 4.971960 
-1.079000 4.915038 
-1.078000 4.857921 
-1.077000 4.800613 
-1.076000 4.743115 
-1.075000 4.685429 
-1.074000 4.627559 
-1.073000 4.569506 
-1.072000 4.511273 
-1.071000 4.452861 
-1.070000 4.394274 
-1.069000 4.335514 
-1.068000 4.276582 
-1.067000 4.217481 
-1.066000 4.158214 
-1.065000 4.098783 
-1.064000 4.039189 
-1.063000 3.979437 
-1.062000 3.919527 
-1.061000 3.859463 
-1.060000 3.799246 
-1.059000 3.738879 
-1.058000 3.678365 
-1.057000 3.617705 
-1.056000 3.556903 
-1.055000 3.495960 
-1.054000 3.434879 
-1.053000 3.373663 
-1.052000 3.312313 
-1.051000 3.250832 
-1.050000 3.189224 
-1.049000 3.127489 
-1.048000 3.065631 
-1.047000 3.003652 
-1.046000 2.941554 
-1.045000 2.879340 
-1.044000 2.817013 
-1.043000 2.754574 
-1.042000 2.692026 
-1.041000 2.629373 
-1.040000 2.566615 
-1.039000 2.503756 
-1.038000 2.440798 
-1.037000 2.377744 
-1.036000 2.314596 
-1.035000 2.251357 
-1.034000 2.188029 
-1.033000 2.124614 
-1.032000 2.061116 
-1.031000 1.997536 
-1.030000 1.933877 
-1.029000 1.870142 
-1.028000 1.806333 
-1.027000 1.742453 
-1.026000 1.678504 
-1.025000 1.614489 
-1.024000 1.550410 
-1.023000 1.486270 
-1.022000 1.422071 
-1.021000 1.357816 
-1.020000 1.293507 
-1.019000 1.229148 
-1.018000 1.164739 
-1.017000 1.100285 
-1.016000 1.035788 
-1.015000 0.971249 
-1.014000 0.906672 
-1.013000 0.842060 
-1.012000 0.777414 
-1.011000 0.712737 
-1.010000 0.648032 
-1.009000 0.583302 
-1.008000 0.518549 
-1.007000 0.453775 
-1.006000 0.388983 
-1.005000 0.324176 
-1.004000 0.259356 
-1.003000 0.194526 
-1.002000 0.129688 
-1.001000 0.064845 
-1.000000 -0.000000 
-0.999000 -0.064845 
-0.998000 -0.129688 
-0.997000 -0.194526 
-0.996000 -0.259356 
-0.995000 -0.324176 
-0.994000 -0.388983 
-0.993000 -0.453775 
-0.992000 -0.518549 
-0.991000 -0.583302 
-0.990000 -0.648032 
-0.989000 -0.712737 
-0.988000 -0.777414 
-0.987000 -0.842060 
-0.986000 -0.906672 
-0.985000 -0.971249 
-0.984000 -1.035788 
-0.983000 -1.100285 
-0.982000 -1.164739 
-0.981000 -1.229148 
-0.980000 -1.293507 
-0.979000 -1.357816 
-0.978000 -1.422071 
-0.977000 -1.486270 
-0.976000 -1.550410 
-0.975000 -1.614489 
-0.974000 -1.678504 
-0.973000 -1.742453 
-0.972000 -1.806333 
-0.971000 -1.870142 
-0.970000 -1.933877 
-0.969000 -1.997536 
-0.968000 -2.061116 
-0.967000 -2.124614 
-0.966000 -2.188029 
-0.965000 -2.251357 
-0.964000 -2.314596 
-0.963000 -2.377744 
-0.962000 -2.440798 
-0.961000 -2.503756 
-0.960000 -2.566615 
-0.959000 -2.629373 
-0.958000 -2.692026 
-0.957000 -2.754574 
-0.956000 -2.817013 
-0.955000 -2.879340 
-0.954000 -2.941554 
-0.953000 -3.003652 
-0.952000 -3.065631 
-0.951000 -3.127489 
-0.950000 -3.189224 
-0.949000 -3.250832 
-0.948000 -3.312313 
-0.947000 -3.373663 
-0.946000 -3.434879 
-0.945000 -3.495960 
-0.944000 -3.556903 
-0.943000 -3.617705 
-0.942000 -3.678365 
-0.941000 -3.738879 
-0.940000 -3.799246 
-0.939000 -3.859463 
-0.938000 -3.919527 
-0.937000 -3.979437 
-0.936000 -4.039189 
-0.935000 -4.098783 
-0.934000 -4.158214 
-0.933000 -4.217481 
-0.932000 -4.276582 
-0.931000 -4.335514 
-0.930000 -4.394274 
-0.929000 -4.452861 
-0.928000 -4.511273 
-0.927000 -4.569506 
-0.926000 -4.627559 
-0.925000 -4.685429 
-0.924000 -4.743115 
-0.923000 -4.800613 
-0.922000 -4.857921 
-0.921000 -4.915038 
-0.920000 -4.971960 
-0.919000 -5.028687 
-0.918000 -5.085215 
-0.917000 -5.141542 
-0.916000 -5.197666 
-0.915000 -5.253585 
-0.914000 -5.309296 
-0.913000 -5.364798 
-0.912000 -5.420088 
-0.911000 -5.475164 
-0.910000 -5.530024 
-0.909000 -5.584666 
-0.908000 -5.639087 
-0.907000 -5.693286 
-0.906000 -5.747260 
-0.905000 -5.801007 
-0.904000 -5.854525 
-0.903000 -5.907811 
-0.902000 -5.960865 
-0.901000 -6.013683 
-0.900000 -6.066264 
-0.899000 -6.118605 
-0.898000 -6.170705 
-0.897000 -6.222561 
-0.896000 -6.274172 
-0.895000 -6.325535 
-0.894000 -6.376648 
-0.893000 -6.427509 
-0.892000 -6.478117 
-0.891000 -6.528469 
-0.890000 -6.578563 
-0.889000 -6.628397 
-0.888000 -6.677970 
-0.887000 -6.727279 
-0.886000 -6.776323 
-0.885000 -6.825099 
-0.884000 -6.873605 
-0.883000 -6.921841 
-0.882000 -6.969802 
-0.881000 -7.017489 
-0.880000 -7.064899 
-0.879000 -7.112030 
-0.878000 -7.158880 
-0.877000 -7.205447 
-0.876000 -7.251730 
-0.875000 -7.297727 
-0.874000 -7.343436 
-0.873000 -7.388855 
-0.872000 -7.433982 
-0.871000 -7.478815 
-0.870000 -7.523353 
-0.869000 -7.567595 
-0.868000 -7.611537 
-0.867000 -7.655179 
-0.866000 -7.698519 
-0.865000 -7.741555 
-0.864000 -7.784285 
-0.863000 -7.826708 
-0.862000 -7.868822 
-0.861000 -7.910625 
-0.860000 -7.952116 
-0.859000 -7.993294 
-0.858000 -8.034155 
-0.857000 -8.074699 
-0.856000 -8.114925 
-0.855000 -8.154830 
-0.854000 -8.194413 
-0.853000 -8.233673 
-0.852000 -8.272608 
-0.851000 -8.311216 
-0.850000 -8.349496 
-0.849000 -8.387447 
-0.848000 -8.425066 
-0.847000 -8.462352 
-0.846000 -8.499305 
-0.845000 -8.535922 
-0.844000 -8.572202 
-0.843000 -8.608144 
-0.842000 -8.643746 
-0.841000 -8.679006 
-0.840000 -8.713924 
-0.839000 -8.748498 
-0.838000 -8.782727 
-0.837000 -8.816608 
-0.836000 -8.850142 
-0.835000 -8.883327 
-0.834000 -8.916160 
-0.833000 -8.948642 
-0.832000 -8.980770 
-0.831000 -9.012544 
-0.830000 -9.043962 
-0.829000 -9.075023 
-0.828000 -9.105726 
-0.827000 -9.136069 
-0.826000 -9.166052 
-0.825000 -9.195673 
-0.824000 -9.224930 
-0.823000 -9.253824 
-0.822000 -9.282352 
-0.821000 -9.310514 
-0.820000 -9.338308 
-0.819000 -9.365734 
-0.818000 -9.392789 
-0.817000 -9.419474 
-0.816000 -9.445788 
-0.815000 -9.471728 
-0.814000 -9.497294 
-0.813000 -9.522485 
-0.812000 -9.547301 
-0.811000 -9.571739 
-0.810000 -9.595800 
-0.809000 -9.619482 
-0.808000 -9.642784 
-0.807000 -9.665705 
-0.806000 -9.688245 
-0.805000 -9.710402 
-0.804000 -9.732176 
-0.803000 -9.753566 
-0.802000 -9.774570 
-0.801000 -9.795189 
-0.800000 -9.815421 
-0.799000 -9.835266 
-0.798000 -9.854722 
-0.797000 -9.873790 
-0.796000 -9.892467 
-0.795000 -9.910754 
-0.794000 -9.928650 
-0.793000 -9.946153 
-0.792000 -9.963264 
-0.791000 -9.979982 
-0.790000 -9.996306 
-0.789000 -10.012235 
-0.788000 -10.027769 
-0.787000 -10.042907 
-0.786000 -10.057648 
-0.785000 -10.071993 
-0.784000 -10.085939 
-0.783000 -10.099488 
-0.782000 -10.112638 
-0.781000 -10.125389 
-0.780000 -10.137740 
-0.779000 -10.149690 
-0.778000 -10.161240 
-0.777000 -10.172389 
-0.776000 -10.183136 
-0.775000 -10.193482 
-0.774000 -10.203425 
-0.773000 -10.212965 
-0.772000 -10.222102 
-0.771000 -10.230835 
-0.770000 -10.239164 
-0.769000 -10.247089 
-0.768000 -10.254610 
-0.767000 -10.261726 
-0.766000 -10.268437 
-0.765000 -10.274742 
-0.764000 -10.280642 
-0.763000 -10.286135 
-0.762000 -10.291223 
-0.761000 -10.295905 
-0.760000 -10.300180 
-0.759000 -10.304048 
-0.758000 -10.307509 
-0.757000 -10.310564 
-0.756000 -10.313212 
-0.755000 -10.315452 
-0.754000 -10.317285 
-0.753000 -10.318711 
-0.752000 -10.319730 
-0.751000 -10.320341 
-0.750000 -10.320545 
-0.749000 -10.320341 
-0.748000 -10.319730 
-0.747000 -10.318711 
-0.746000 -10.317285 
-0.745000 -10.315452 
-0.744000 -10.313212 
-0.743000 -10.310564 
-0.742000 -10.307509 
-0.741000 -10.304048 
-0.740000 -10.300180 
-0.739000 -10.295905 
-0.738000 -10.291223 
-0.737000 -10.286135 
-0.736000 -10.280642 
-0.735000 -10.274742 
-0.734000 -10.268437 
-0.733000 -10.261726 
-0.732000 -10.254610 
-0.731000 -10.247089 
-0.730000 -10.239164 
-0.729000 -10.230835 
-0.728000 -10.222102 
-0.727000 -10.212965 
-0.726000 -10.203425 
-0.725000 -10.193482 
-0.724000 -10.183136 
-0.723000 -10.172389 
-0.722000 -10.161240 
-0.721000 -10.149690 
-0.720000 -10.137740 
-0.719000 -10.125389 
-0.718000 -10.112638 
-0.717000 -10.099488 
-0.716000 -10.085939 
-0.715000 -10.071993 
-0.714000 -10.057648 
-0.713000 -10.042907 
-0.712000 -10.027769 
-0.711000 -10.012235 
-0.710000 -9.996306 
-0.709000 -9.979982 
-0.708000 -9.963264 
-0.707000 -9.946153 
-0.706000 -9.928650 
-0.705000 -9.910754 
-0.704000 -9.892467 
-0.703000 -9.873790 
-0.702000 -9.854722 
-0.701000 -9.835266 
-0.700000 -9.815421 
-0.699000 -9.795189 
-0.698000 -9.774570 
-0.697000 -9.753566 
-0.696000 -9.732176 
-0.695000 -9.710402 
-0.694000 -9.688245 
-0.693000 -9.665705 
-0.692000 -9.642784 
-0.691000 -9.619482 
-0.690000 -9.595800 
-0.689000 -9.571739 
-0.688000 -9.547301 
-0.687000 -9.522485 
-0.686000 -9.497294 
-0.685000 -9.471728 
-0.684000 -9.445788 
-0.683000 -9.419474 
-0.682000 -9.392789 
-0.681000 -9.365734 
-0.680000 -9.338308 
-0.679000 -9.310514 
-0.678000 -9.282352 
-0.677000 -9.253824 
-0.676000 -9.224930 
-0.675000 -9.195673 
-0.674000 -9.166052 
-0.673000 -9.136069 
-0.672000 -9.105726 
-0.671000 -9.075023 
-0.670000 -9.043962 
-0.669000 -9.012544 
-0.668000 -8.980770 
-0.667000 -8.948642 
-0.666000 -8.916160 
-0.665000 -8.883327 
-0.664000 -8.850142 
-0.663000 -8.816608 
-0.662000 -8.782727 
-0.661000 -8.748498 
-0.660000 -8.713924 
-0.659000 -8.679006 
-0.658000 -8.643746 
-0.657000 -8.608144 
-0.656000 -8.572202 
-0.655000 -8.535922 
-0.654000 -8.499305 
-0.653000 -8.462352 
-0.652000 -8.425066 
-0.651000 -8.387447 
-0.650000 -8.349496 
-0.649000 -8.311216 
-0.648000 -8.272608 
-0.647000 -8.233673 
-0.646000 -8.194413 
-0.645000 -8.154830 
-0.644000 -8.114925 
-0.643000 -8.074699 
-0.642000 -8.034155 
-0.641000 -7.993294 
-0.640000 -7.952116 
-0.639000 -7.910625 
-0.638000 -7.868822 
-0.637000 -7.826708 
-0.636000 -7.784285 
-0.635000 -7.741555 
-0.634000 -7.698519 
-0.633000 -7.655179 
-0.632000 -7.611537 
-0.631000 -7.567595 
-0.630000 -7.523353 
-0.629000 -7.478815 
-0.628000 -7.433982 
-0.627000 -7.388855 
-0.626000 -7.343436 
-0.625000 -7.297727 
-0.624000 -7.251730 
-0.623000 -7.205447 
-0.622000 -7.158880 
-0.621000 -7.112030 
-0.620000 -7.064899 
-0.619000 -7.017489 
-0.618000 -6.969802 
-0.617000 -6.921841 
-0.616000 -6.873605 
-0.615000 -6.825099 
-0.614000 -6.776323 
-0.613000 -6.727279 
-0.612000 -6.677970 
-0.611000 -6.628397 
-0.610000 -6.578563 
-0.609000 -6.528469 
-0.608000 -6.478117 
-0.607000 -6.427509 
-0.606000 -6.376648 
-0.605000 -6.325535 
-0.604000 -6.274172 
-0.603000 -6.222561 
-0.602000 -6.170705 
-0.601000 -6.118605 
-0.600000 -6.066264 
-0.599000 -6.013683 
-0.598000 -5.960865 
-0.597000 -5.907811 
-0.596000 -5.854525 
-0.595000 -5.801007 
-0.594000 -5.747260 
-0.593000 -5.693286 
-0.592000 -5.639087 
-0.591000 -5.584666 
-0.590000 -5.530024 
-0.589000 -5.475164 
-0.588000 -5.420088 
-0.587000 -5.364798 
-0.586000 -5.309296 
-0.585000 -5.253585 
-0.584000 -5.197666 
-0.583000 -5.141542 
-0.582000 -5.085215 
-0.581000 -5.028687 
-0.580000 -4.971960 
-0.579000 -4.915038 
-0.578000 -4.857921 
-0.577000 -4.800613 
-0.576000 -4.743115 
-0.575000 -4.685429 
-0.574000 -4.627559 
-0.573000 -4.569506 
-0.572000 -4.511273 
-0.571000 -4.452861 
-0.570000 -4.394274 
-0.569000 -4.335514 
-0.568000 -4.276582 
-0.567000 -4.217481 
-0.566000 -4.158214 
-0.565000 -4.098783 
-0.564000 -4.039189 
-0.563000 -3.979437 
-0.562000 -3.919527 
-0.561000 -3.859463 
-0.560000 -3.799246 
-0.559000 -3.738879 
-0.558000 -3.678365 
-0.557000 -3.617705 
-0.556000 -3.556903 
-0.555000 -3.495960 
-0.554000 -3.434879 
-0.553000 -3.373663 
-0.552000 -3.312313 
-0.551000 -3.250832 
-0.550000 -3.189224 
-0.549000 -3.127489 
-0.548000 -3.065631 
-0.547000 -3.003652 
-0.546000 -2.941554 
-0.545000 -2.879340 
-0.544000 -2.817013 
-0.543000 -2.754574 
-0.542000 -2.692026 
-0.541000 -2.629373 
-0.540000 -2.566615 
-0.539000 -2.503756 
-0.538000 -2.440798 
-0.537000 -2.377744 
-0.536000 -2.314596 
-0.535000 -2.251357 
-0.534000 -2.188029 
-0.533000 -2.124614 
-0.532000 -2.061116 
-0.531000 -1.997536 
-0.530000 -1.933877 
-0.529000 -1.870142 
-0.528000 -1.806333 
-0.527000 -1.742453 
-0.526000 -1.678504 
-0.525000 -1.614489 
-0.524000 -1.550410 
-0.523000 -1.486270 
-0.522000 -1.422071 
-0.521000 -1.357816 
-0.520000 -1.293507 
-0.519000 -1.229148 
-0.518000 -1.164739 
-0.517000 -1.100285 
-0.516000 -1.035788 
-0.515000 -0.971249 
-0.514000 -0.906672 
-0.513000 -0.842060 
-0.512000 -0.777414 
-0.511000 -0.712737 
-0.510000 -0.648032 
-0.509000 -0.583302 
-0.508000 -0.518549 
-0.507000 -0.453775 
-0.506000 -0.388983 
-0.505000 -0.324176 
-0.504000 -0.259356 
-0.503000 -0.194526 
-0.502000 -0.129688 
-0.501000 -0.064845 
-0.500000 -0.000000 
-0.499000 0.064845 
-0.498000 0.129688 
-0.497000 0.194526 
-0.496000 0.259356 
-0.495000 0.324176 
-0.494000 0.388983 
-0.493000 0.453775 
-0.492000 0.518549 
-0.491000 0.583302 
-0.490000 0.648032 
-0.489000 0.712737 
-0.488000 0.777414 
-0.487000 0.842060 
-0.486000 0.906672 
-0.485000 0.971249 
-0.484000 1.035788 
-0.483000 1.100285 
-0.482000 1.164739 
-0.481000 1.229148 
-0.480000 1.293507 
-0.479000 1.357816 
-0.478000 1.422071 
-0.477000 1.486270 
-0.476000 1.550410 
-0.475000 1.614489 
-0.474000 1.678504 
-0.473000 1.742453 
-0.472000 1.806333 
-0.471000 1.870142 
-0.470000 1.933877 
-0.469000 1.997536 
-0.468000 2.061116 
-0.467000 2.124614 
-0.466000 2.188029 
-0.465000 2.251357 
-0.464000 2.314596 
-0.463000 2.377744 
-0.462000 2.440798 
-0.461000 2.503756 
-0.460000 2.566615 
-0.459000 2.629373 
-0.458000 2.692026 
-0.457000 2.754574 
-0.456000 2.817013 
-0.455000 2.879340 
-0.454000 2.941554 
-0.453000 3.003652 
-0.452000 3.065631 
-0.451000 3.127489 
-0.450000 3.189224 
-0.449000 3.250832 
-0.448000 3.312313 
-0.447000 3.373663 
-0.446000 3.434879 
-0.445000 3.495960 
-0.444000 3.556903 
-0.443000 3.617705 
-0.442000 3.678365 
-0.441000 3.738879 
-0.440000 3.799246 
-0.439000 3.859463 
-0.438000 3.919527 
-0.437000 3.979437 
-0.436000 4.039189 
-0.435000 4.098783 
-0.434000 4.158214 
-0.433000 4.217481 
-0.432000 4.276582 
-0.431000 4.335514 
-0.430000 4.394274 
-0.429000 4.452861 
-0.428000 4.511273 
-0.427000 4.569506 
-0.426000 4.627559 
-0.425000 4.685429 
-0.424000 4.743115 
-0.423000 4.800613 
-0.422000 4.857921 
-0.421000 4.915038 
-0.420000 4.971960 
-0.419000 5.028687 
-0.418000 5.085215 
-0.417000 5.141542 
-0.416000 5.197666 
-0.415000 5.253585 
-0.414000 5.309296 
-0.413000 5.364798 
-0.412000 5.420088 
-0.411000 5.475164 
-0.410000 5.530024 
-0.409000 5.584666 
-0.408000 5.639087 
-0.407000 5.693286 
-0.406000 5.747260 
-0.405000 5.801007 
-0.404000 5.854525 
-0.403000 5.907811 
-0.402000 5.960865 
-0.401000 6.013683 
-0.400000 6.066264 
-0.399000 6.118605 
-0.398000 6.170705 
-0.397000 6.222561 
-0.396000 6.274172 
-0.395000 6.325535 
-0.394000 6.376648 
-0.393000 6.427509 
-0.392000 6.478117 
-0.391000 6.528469 
-0.390000 6.578563 
-0.389000 6.628397 
-0.388000 6.677970 
-0.387000 6.727279 
-0.386000 6.776323 
-0.385000 6.825099 
-0.384000 6.873605 
-0.383000 6.921841 
-0.382000 6.969802 
-0.381000 7.017489 
-0.380000 7.064899 
-0.379000 7.112030 
-0.378000 7.158880 
-0.377000 7.205447 
-0.376000 7.251730 
-0.375000 7.297727 
-0.374000 7.343436 
-0.373000 7.388855 
-0.372000 7.433982 
-0.371000 7.478815 
-0.370000 7.523353 
-0.369000 7.567595 
-0.368000 7.611537 
-0.367000 7.655179 
-0.366000 7.698519 
-0.365000 7.741555 
-0.364000 7.784285 
-0.363000 7.826708 
-0.362000 7.868822 
-0.361000 7.910625 
-0.360000 7.952116 
-0.359000 7.993294 
-0.358000 8.034155 
-0.357000 8.074699 
-0.356000 8.114925 
-0.355000 8.154830 
-0.354000 8.194413 
-0.353000 8.233673 
-0.352000 8.272608 
-0.351000 8.311216 
-0.350000 8.349496 
-0.349000 8.387447 
-0.348000 8.425066 
-0.347000 8.462352 
-0.346000 8.499305 
-0.345000 8.535922 
-0.344000 8.572202 
-0.343000 8.608144 
-0.342000 8.643746 
-0.341000 8.679006 
-0.340000 8.713924 
-0.339000 8.748498 
-0.338000 8.782727 
-0.337000 8.816608 
-0.336000 8.850142 
-0.335000 8.883327 
-0.334000 8.916160 
-0.333000 8.948642 
-0.332000 8.980770 
-0.331000 9.012544 
-0.330000 9.043962 
-0.329000 9.075023 
-0.328000 9.105726 
-0.327000 9.136069 
-0.326000 9.166052 
-0.325000 9.195673 
-0.324000 9.224930 
-0.323000 9.253824 
-0.322000 9.282352 
-0.321000 9.310514 
-0.320000 9.338308 
-0.319000 9.365734 
-0.318000 9.392789 
-0.317000 9.419474 
-0.316000 9.445788 
-0.315000 9.471728 
-0.314000 9.497294 
-0.313000 9.522485 
-0.312000 9.547301 
-0.311000 9.571739 
-0.310000 9.595800 
-0.309000 9.619482 
-0.308000 9.642784 
-0.307000 9.665705 
-0.306000 9.688245 
-0.305000 9.710402 
-0.304000 9.732176 
-0.303000 9.753566 
-0.302000 9.774570 
-0.301000 9.795189 
-0.300000 9.815421 
-0.299000 9.835266 
-0.298000 9.854722 
-0.297000 9.873790 
-0.296000 9.892467 
-0.295000 9.910754 
-0.294000 9.928650 
-0.293000 9.946153 
-0.292000 9.963264 
-0.291000 9.979982 
-0.290000 9.996306 
-0.289000 10.012235 
-0.288000 10.027769 
-0.287000 10.042907 
-0.286000 10.057648 
-0.285000 10.071993 
-0.284000 10.085939 
-0.283000 10.099488 
-0.282000 10.112638 
-0.281000 10.125389 
-0.280000 10.137740 
-0.279000 10.149690 
-0.278000 10.161240 
-0.277000 10.172389 
-0.276000 10.183136 
-0.275000 10.193482 
-0.274000 10.203425 
-0.273000 10.212965 
-0.272000 10.222102 
-0.271000 10.230835 
-0.270000 10.239164 
-0.269000 10.247089 
-0.268000 10.254610 
-0.267000 10.261726 
-0.266000 10.268437 
-0.265000 10.274742 
-0.264000 10.280642 
-0.263000 10.286135 
-0.262000 10.291223 
-0.261000 10.295905 
-0.260000 10.300180 
-0.259000 10.304048 
-0.258000 10.307509 
-0.257000 10.310564 
-0.256000 10.313212 
-0.255000 10.315452 
-0.254000 10.317285 
-0.253000 10.318711 
-0.252000 10.319730 
-0.251000 10.320341 
-0.250000 10.320545 
-0.249000 10.320341 
-0.248000 10.319730 
-0.247000 10.318711 
-0.246000 10.317285 
-0.245000 10.315452 
-0.244000 10.313212 
-0.243000 10.310564 
-0.242000 10.307509 
-0.241000 10.304048 
-0.240000 10.300180 
-0.239000 10.295905 
-0.238000 10.291223 
-0.237000 10.286135 
-0.236000 10.280642 
-0.235000 10.274742 
-0.234000 10.268437 
-0.233000 10.261726 
-0.232000 10.254610 
-0.231000 10.247089 
-0.230000 10.239164 
-0.229000 10.230835 
-0.228000 10.222102 
-0.227000 10.212965 
-0.226000 10.203425 
-0.225000 10.193482 
-0.224000 10.183136 
-0.223000 10.172389 
-0.222000 10.161240 
-0.221000 10.149690 
-0.220000 10.137740 
-0.219000 10.125389 
-0.218000 10.112638 
-0.217000 10.099488 
-0.216000 10.085939 
-0.215000 10.071993 
-0.214000 10.057648 
-0.213000 10.042907 
-0.212000 10.027769 
-0.211000 10.012235 
-0.210000 9.996306 
-0.209000 9.979982 
-0.208000 9.963264 
-0.207000 9.946153 
-0.206000 9.928650 
-0.205000 9.910754 
-0.204000 9.892467 
-0.203000 9.873790 
-0.202000 9.854722 
-0.201000 9.835266 
-0.200000 9.815421 
-0.199000 9.795189 
-0.198000 9.774570 
-0.197000 9.753566 
-0.196000 9.732176 
-0.195000 9.710402 
-0.194000 9.688245 
-0.193000 9.665705 
-0.192000 9.642784 
-0.191000 9.619482 
-0.190000 9.595800 
-0.189000 9.571739 
-0.188000 9.547301 
-0.187000 9.522485 
-0.186000 9.497294 
-0.185000 9.471728 
-0.184000 9.445788 
-0.183000 9.419474 
-0.182000 9.392789 
-0.181000 9.365734 
-0.180000 9.338308 
-0.179000 9.310514 
-0.178000 9.282352 
-0.177000 9.253824 
-0.176000 9.224930 
-0.175000 9.195673 
-0.174000 9.166052 
-0.173000 9.136069 
-0.172000 9.105726 
-0.171000 9.075023 
-0.170000 9.043962 
-0.169000 9.012544 
-0.168000 8.980770 
-0.167000 8.948642 
-0.166000 8.916160 
-0.165000 8.883327 
-0.164000 8.850142 
-0.163000 8.816608 
-0.162000 8.782727 
-0.161000 8.748498 
-0.160000 8.713924 
-0.159000 8.679006 
-0.158000 8.643746 
-0.157000 8.608144 
-0.156000 8.572202 
-0.155000 8.535922 
-0.154000 8.499305 
-0.153000 8.462352 
-0.152000 8.425066 
-0.151000 8.387447 
-0.150000 8.349496 
-0.149000 8.311216 
-0.148000 8.272608 
-0.147000 8.233673 
-0.146000 8.194413 
-0.145000 8.154830 
-0.144000 8.114925 
-0.143000 8.074699 
-0.142000 8.034155 
-0.141000 7.993294 
-0.140000 7.952116 
-0.139000 7.910625 
-0.138000 7.868822 
-0.137000 7.826708 
-0.136000 7.784285 
-0.135000 7.741555 
-0.134000 7.698519 
-0.133000 7.655179 
-0.132000 7.611537 
-0.131000 7.567595 
-0.130000 7.523353 
-0.129000 7.478815 
-0.128000 7.433982 
-0.127000 7.388855 
-0.126000 7.343436 
-0.125000 7.297727 
-0.124000 7.251730 
-0.123000 7.205447 
-0.122000 7.158880 
-0.121000 7.112030 
-0.120000 7.064899 
-0.119000 7.017489 
-0.118000 6.969802 
-0.117000 6.921841 
-0.116000 6.873605 
-0.115000 6.825099 
-0.114000 6.776323 
-0.113000 6.727279 
-0.112000 6.677970 
-0.111000 6.628397 
-0.110000 6.578563 
-0.109000 6.528469 
-0.108000 6.478117 
-0.107000 6.427509 
-0.106000 6.376648 
-0.105000 6.325535 
-0.104000 6.274172 
-0.103000 6.222561 
-0.102000 6.170705 
-0.101000 6.118605 
-0.100000 6.066264 
-0.099000 6.013683 
-0.098000 5.960865 
-0.097000 5.907811 
-0.096000 5.854525 
-0.095000 5.801007 
-0.094000 5.747260 
-0.093000 5.693286 
-0.092000 5.639087 
-0.091000 5.584666 
-0.090000 5.530024 
-0.089000 5.475164 
-0.088000 5.420088 
-0.087000 5.364798 
-0.086000 5.309296 
-0.085000 5.253585 
-0.084000 5.197666 
-0.083000 5.141542 
-0.082000 5.085215 
-0.081000 5.028687 
-0.080000 4.971960 
-0.079000 4.915038 
-0.078000 4.857921 
-0.077000 4.800613 
-0.076000 4.743115 
-0.075000 4.685429 
-0.074000 4.627559 
-0.073000 4.569506 
-0.072000 4.511273 
-0.071000 4.452861 
-0.070000 4.394274 
-0.069000 4.335514 
-0.068000 4.276582 
-0.067000 4.217481 
-0.066000 4.158214 
-0.065000 4.098783 
-0.064000 4.039189 
-0.063000 3.979437 
-0.062000 3.919527 
-0.061000 3.859463 
-0.060000 3.799246 
-0.059000 3.738879 
-0.058000 3.678365 
-0.057000 3.617705 
-0.056000 3.556903 
-0.055000 3.495960 
-0.054000 3.434879 
-0.053000 3.373663 
-0.052000 3.312313 
-0.051000 3.250832 
-0.050000 3.189224 
-0.049000 3.127489 
-0.048000 3.065631 
-0.047000 3.003652 
-0.046000 2.941554 
-0.045000 2.879340 
-0.044000 2.817013 
-0.043000 2.754574 
-0.042000 2.692026 
-0.041000 2.629373 
-0.040000 2.566615 
-0.039000 2.503756 
-0.038000 2.440798 
-0.037000 2.377744 
-0.036000 2.314596 
-0.035000 2.251357 
-0.034000 2.188029 
-0.033000 2.124614 
-0.032000 2.061116 
-0.031000 1.997536 
-0.030000 1.933877 
-0.029000 1.870142 
-0.028000 1.806333 
-0.027000 1.742453 
-0.026000 1.678504 
-0.025000 1.614489 
-0.024000 1.550410 
-0.023000 1.486270 
-0.022000 1.422071 
-0.021000 1.357816 
-0.020000 1.293507 
-0.019000 1.229148 
-0.018000 1.164739 
-0.017000 1.100285 
-0.016000 1.035788 
-0.015000 0.971249 
-0.014000 0.906672 
-0.013000 0.842060 
-0.012000 0.777414 
-0.011000 0.712737 
-0.010000 0.648032 
-0.009000 0.583302 
-0.008000 0.518549 
-0.007000 0.453775 
-0.006000 0.388983 
-0.005000 0.324176 
-0.004000 0.259356 
-0.003000 0.194526 
-0.002000 0.129688 
-0.001000 0.064845 
-0.000000 0.000000 
0.001000 -0.064845 
0.002000 -0.129688 
0.003000 -0.194526 
0.004000 -0.259356 
0.005000 -0.324176 
0.006000 -0.388983 
0.007000 -0.453775 
0.008000 -0.518549 
0.009000 -0.583302 
0.010000 -0.648032 
0.011000 -0.712737 
0.012000 -0.777414 
0.013000 -0.842060 
0.014000 -0.906672 
0.015000 -0.971249 
0.016000 -1.035788 
0.017000 -1.100285 
0.018000 -1.164739 
0.019000 -1.229148 
0.020000 -1.293507 
0.021000 -1.357816 
0.022000 -1.422071 
0.023000 -1.486270 
0.024000 -1.550410 
0.025000 -1.614489 
0.026000 -1.678504 
0.027000 -1.742453 
0.028000 -1.806333 
0.029000 -1.870142 
0.030000 -1.933877 
0.031000 -1.997536 
0.032000 -2.061116 
0.033000 -2.124614 
0.034000 -2.188029 
0.035000 -2.251357 
0.036000 -2.314596 
0.037000 -2.377744 
0.038000 -2.440798 
0.039000 -2.503756 
0.040000 -2.566615 
0.041000 -2.629373 
0.042000 -2.692026 
0.043000 -2.754574 
0.044000 -2.817013 
0.045000 -2.879340 
0.046000 -2.941554 
0.047000 -3.003652 
0.048000 -3.065631 
0.049000 -3.127489 
0.050000 -3.189224 
0.051000 -3.250832 
0.052000 -3.312313 
0.053000 -3.373663 
0.054000 -3.434879 
0.055000 -3.495960 
0.056000 -3.556903 
0.057000 -3.617705 
0.058000 -3.678365 
0.059000 -3.738879 
0.060000 -3.799246 
0.061000 -3.859463 
0.062000 -3.919527 
0.063000 -3.979437 
0.064000 -4.039189 
0.065000 -4.098783 
0.066000 -4.158214 
0.067000 -4.217481 
0.068000 -4.276582 
0.069000 -4.335514 
0.070000 -4.394274 
0.071000 -4.452861 
0.072000 -4.511273 
0.073000 -4.569506 
0.074000 -4.627559 
0.075000 -4.685429 
0.076000 -4.743115 
0.077000 -4.800613 
0.078000 -4.857921 
0.079000 -4.915038 
0.080000 -4.971960 
0.081000 -5.028687 
0.082000 -5.085215 
0.083000 -5.141542 
0.084000 -5.197666 
0.085000 -5.253585 
0.086000 -5.309296 
0.087000 -5.364798 
0.088000 -5.420088 
0.089000 -5.475164 
0.090000 -5.530024 
0.091000 -5.584666 
0.092000 -5.639087 
0.093000 -5.693286 
0.094000 -5.747260 
0.095000 -5.801007 
0.096000 -5.854525 
0.097000 -5.907811 
0.098000 -5.960865 
0.099000 -6.013683 
0.100000 -6.066264 
0.101000 -6.118605 
0.102000 -6.170705 
0.103000 -6.222561 
0.104000 -6.274172 
0.105000 -6.325535 
0.106000 -6.376648 
0.107000 -6.427509 
0.108000 -6.478117 
0.109000 -6.528469 
0.110000 -6.578563 
0.111000 -6.628397 
0.112000 -6.677970 
0.113000 -6.727279 
0.114000 -6.776323 
0.115000 -6.825099 
0.116000 -6.873605 
0.117000 -6.921841 
0.118000 -6.969802 
0.119000 -7.017489 
0.120000 -7.064899 
0.121000 -7.112030 
0.122000 -7.158880 
0.123000 -7.205447 
0.124000 -7.251730 
0.125000 -7.297727 
0.126000 -7.343436 
0.127000 -7.388855 
0.128000 -7.433982 
0.129000 -7.478815 
0.130000 -7.523353 
0.131000 -7.567595 
0.132000 -7.611537 
0.133000 -7.655179 
0.134000 -7.698519 
0.135000 -7.741555 
0.136000 -7.784285 
0.137000 -7.826708 
0.138000 -7.868822 
0.139000 -7.910625 
0.140000 -7.952116 
0.141000 -7.993294 
0.142000 -8.034155 
0.143000 -8.074699 
0.144000 -8.114925 
0.145000 -8.154830 
0.146000 -8.194413 
0.147000 -8.233673 
0.148000 -8.272608 
0.149000 -8.311216 
0.150000 -8.349496 
0.151000 -8.387447 
0.152000 -8.425066 
0.153000 -8.462352 
0.154000 -8.499305 
0.155000 -8.535922 
0.156000 -8.572202 
0.157000 -8.608144 
0.158000 -8.643746 
0.159000 -8.679006 
0.160000 -8.713924 
0.161000 -8.748498 
0.162000 -8.782727 
0.163000 -8.816608 
0.164000 -8.850142 
0.165000 -8.883327 
0.166000 -8.916160 
0.167000 -8.948642 
0.168000 -8.980770 
0.169000 -9.012544 
0.170000 -9.043962 
0.171000 -9.075023 
0.172000 -9.105726 
0.173000 -9.136069 
0.174000 -9.166052 
0.175000 -9.195673 
0.176000 -9.224930 
0.177000 -9.253824 
0.178000 -9.282352 
0.179000 -9.310514 
0.180000 -9.338308 
0.181000 -9.365734 
0.182000 -9.392789 
0.183000 -9.419474 
0.184000 -9.445788 
0.185000 -9.471728 
0.186000 -9.497294 
0.187000 -9.522485 
0.188000 -9.547301 
0.189000 -9.571739 
0.190000 -9.595800 
0.191000 -9.619482 
0.192000 -9.642784 
0.193000 -9.665705 
0.194000 -9.688245 
0.195000 -9.710402 
0.196000 -9.732176 
0.197000 -9.753566 
0.198000 -9.774570 
0.199000 -9.795189 
0.200000 -9.815421 
0.201000 -9.835266 
0.202000 -9.854722 
0.203000 -9.873790 
0.204000 -9.892467 
0.205000 -9.910754 
0.206000 -9.928650 
0.207000 -9.946153 
0.208000 -9.963264 
0.209000 -9.979982 
0.210000 -9.996306 
0.211000 -10.012235 
0.212000 -10.027769 
0.213000 -10.042907 
0.214000 -10.057648 
0.215000 -10.071993 
0.216000 -10.085939 
0.217000 -10.099488 
0.218000 -10.112638 
0.219000 -10.125389 
0.220000 -10.137740 
0.221000 -10.149690 
0.222000 -10.161240 
0.223000 -10.172389 
0.224000 -10.183136 
0.225000 -10.193482 
0.226000 -10.203425 
0.227000 -10.212965 
0.228000 -10.222102 
0.229000 -10.230835 
0.230000 -10.239164 
0.231000 -10.247089 
0.232000 -10.254610 
0.233000 -10.261726 
0.234000 -10.268437 
0.235000 -10.274742 
0.236000 -10.280642 
0.237000 -10.286135 
0.238000 -10.291223 
0.239000 -10.295905 
0.240000 -10.300180 
0.241000 -10.304048 
0.242000 -10.307509 
0.243000 -10.310564 
0.244000 -10.313212 
0.245000 -10.315452 
0.246000 -10.317285 
0.247000 -10.318711 
0.248000 -10.319730 
0.249000 -10.320341 
0.250000 -10.320545 
0.251000 -10.320341 
0.252000 -10.319730 
0.253000 -10.318711 
0.254000 -10.317285 
0.255000 -10.315452 
0.256000 -10.313212 
0.257000 -10.310564 
0.258000 -10.307509 
0.259000 -10.304048 
0.260000 -10.300180 
0.261000 -10.295905 
0.262000 -10.291223 
0.263000 -10.286135 
0.264000 -10.280642 
0.265000 -10.274742 
0.266000 -10.268437 
0.267000 -10.261726 
0.268000 -10.254610 
0.269000 -10.247089 
0.270000 -10.239164 
0.271000 -10.230835 
0.272000 -10.222102 
0.273000 -10.212965 
0.274000 -10.203425 
0.275000 -10.193482 
0.276000 -10.183136 
0.277000 -10.172389 
0.278000 -10.161240 
0.279000 -10.149690 
0.280000 -10.137740 
0.281000 -10.125389 
0.282000 -10.112638 
0.283000 -10.099488 
0.284000 -10.085939 
0.285000 -10.071993 
0.286000 -10.057648 
0.287000 -10.042907 
0.288000 -10.027769 
0.289000 -10.012235 
0.290000 -9.996306 
0.291000 -9.979982 
0.292000 -9.963264 
0.293000 -9.946153 
0.294000 -9.928650 
0.295000 -9.910754 
0.296000 -9.892467 
0.297000 -9.873790 
0.298000 -9.854722 
0.299000 -9.835266 
0.300000 -9.815421 
0.301000 -9.795189 
0.302000 -9.774570 
0.303000 -9.753566 
0.304000 -9.732176 
0.305000 -9.710402 
0.306000 -9.688245 
0.307000 -9.665705 
0.308000 -9.642784 
0.309000 -9.619482 
0.310000 -9.595800 
0.311000 -9.571739 
0.312000 -9.547301 
0.313000 -9.522485 
0.314000 -9.497294 
0.315000 -9.471728 
0.316000 -9.445788 
0.317000 -9.419474 
0.318000 -9.392789 
0.319000 -9.365734 
0.320000 -9.338308 
0.321000 -9.310514 
0.322000 -9.282352 
0.323000 -9.253824 
0.324000 -9.224930 
0.325000 -9.195673 
0.326000 -9.166052 
0.327000 -9.136069 
0.328000 -9.105726 
0.329000 -9.075023 
0.330000 -9.043962 
0.331000 -9.012544 
0.332000 -8.980770 
0.333000 -8.948642 
0.334000 -8.916160 
0.335000 -8.883327 
0.336000 -8.850142 
0.337000 -8.816608 
0.338000 -8.782727 
0.339000 -8.748498 
0.340000 -8.713924 
0.341000 -8.679006 
0.342000 -8.643746 
0.343000 -8.608144 
0.344000 -8.572202 
0.345000 -8.535922 
0.346000 -8.499305 
0.347000 -8.462352 
0.348000 -8.425066 
0.349000 -8.387447 
0.350000 -8.349496 
0.351000 -8.311216 
0.352000 -8.272608 
0.353000 -8.233673 
0.354000 -8.194413 
0.355000 -8.154830 
0.356000 -8.114925 
0.357000 -8.074699 
0.358000 -8.034155 
0.359000 -7.993294 
0.360000 -7.952116 
0.361000 -7.910625 
0.362000 -7.868822 
0.363000 -7.826708 
0.364000 -7.784285 
0.365000 -7.741555 
0.366000 -7.698519 
0.367000 -7.655179 
0.368000 -7.611537 
0.369000 -7.567595 
0.370000 -7.523353 
0.371000 -7.478815 
0.372000 -7.433982 
0.373000 -7.388855 
0.374000 -7.343436 
0.375000 -7.297727 
0.376000 -7.251730 
0.377000 -7.205447 
0.378000 -7.158880 
0.379000 -7.112030 
0.380000 -7.064899 
0.381000 -7.017489 
0.382000 -6.969802 
0.383000 -6.921841 
0.384000 -6.873605 
0.385000 -6.825099 
0.386000 -6.776323 
0.387000 -6.727279 
0.388000 -6.677970 
0.389000 -6.628397 
0.390000 -6.578563 
0.391000 -6.528469 
0.392000 -6.478117 
0.393000 -6.427509 
0.394000 -6.376648 
0.395000 -6.325535 
0.396000 -6.274172 
0.397000 -6.222561 
0.398000 -6.170705 
0.399000 -6.118605 
0.400000 -6.066264 
0.401000 -6.013683 
0.402000 -5.960865 
0.403000 -5.907811 
0.404000 -5.854525 
0.405000 -5.801007 
0.406000 -5.747260 
0.407000 -5.693286 
0.408000 -5.639087 
0.409000 -5.584666 
0.410000 -5.530024 
0.411000 -5.475164 
0.412000 -5.420088 
0.413000 -5.364798 
0.414000 -5.309296 
0.415000 -5.253585 
0.416000 -5.197666 
0.417000 -5.141542 
0.418000 -5.085215 
0.419000 -5.028687 
0.420000 -4.971960 
0.421000 -4.915038 
0.422000 -4.857921 
0.423000 -4.800613 
0.424000 -4.743115 
0.425000 -4.685429 
0.426000 -4.627559 
0.427000 -4.569506 
0.428000 -4.511273 
0.429000 -4.452861 
0.430000 -4.394274 
0.431000 -4.335514 
0.432000 -4.276582 
0.433000 -4.217481 
0.434000 -4.158214 
0.435000 -4.098783 
0.436000 -4.039189 
0.437000 -3.979437 
0.438000 -3.919527 
0.439000 -3.859463 
0.440000 -3.799246 
0.441000 -3.738879 
0.442000 -3.678365 
0.443000 -3.617705 
0.444000 -3.556903 
0.445000 -3.495960 
0.446000 -3.434879 
0.447000 -3.373663 
0.448000 -3.312313 
0.449000 -3.250832 
0.450000 -3.189224 
0.451000 -3.127489 
0.452000 -3.065631 
0.453000 -3.003652 
0.454000 -2.941554 
0.455000 -2.879340 
0.456000 -2.817013 
0.457000 -2.754574 
0.458000 -2.692026 
0.459000 -2.629373 
0.460000 -2.566615 
0.461000 -2.503756 
0.462000 -2.440798 
0.463000 -2.377744 
0.464000 -2.314596 
0.465000 -2.251357 
0.466000 -2.188029 
0.467000 -2.124614 
0.468000 -2.061116 
0.469000 -1.997536 
0.470000 -1.933877 
0.471000 -1.870142 
0.472000 -1.806333 
0.473000 -1.742453 
0.474000 -1.678504 
0.475000 -1.614489 
0.476000 -1.550410 
0.477000 -1.486270 
0.478000 -1.422071 
0.479000 -1.357816 
0.480000 -1.293507 
0.481000 -1.229148 
0.482000 -1.164739 
0.483000 -1.100285 
0.484000 -1.035788 
0.485000 -0.971249 
0.486000 -0.906672 
0.487000 -0.842060 
0.488000 -0.777414 
0.489000 -0.712737 
0.490000 -0.648032 
0.491000 -0.583302 
0.492000 -0.518549 
0.493000 -0.453775 
0.494000 -0.388983 
0.495000 -0.324176 
0.496000 -0.259356 
0.497000 -0.194526 
0.498000 -0.129688 
0.499000 -0.064845 
0.500000 0.000000 
0.501000 0.064845 
0.502000 0.129688 
0.503000 0.194526 
0.504000 0.259356 
0.505000 0.324176 
0.506000 0.388983 
0.507000 0.453775 
0.508000 0.518549 
0.509000 0.583302 
0.510000 0.648032 
0.511000 0.712737 
0.512000 0.777414 
0.513000 0.842060 
0.514000 0.906672 
0.515000 0.971249 
0.516000 1.035788 
0.517000 1.100285 
0.518000 1.164739 
0.519000 1.229148 
0.520000 1.293507 
0.521000 1.357816 
0.522000 1.422071 
0.523000 1.486270 
0.524000 1.550410 
0.525000 1.614489 
0.526000 1.678504 
0.527000 1.742453 
0.528000 1.806333 
0.529000 1.870142 
0.530000 1.933877 
0.531000 1.997536 
0.532000 2.061116 
0.533000 2.124614 
0.534000 2.188029 
0.535000 2.251357 
0.536000 2.314596 
0.537000 2.377744 
0.538000 2.440798 
0.539000 2.503756 
0.540000 2.566615 
0.541000 2.629373 
0.542000 2.692026 
0.543000 2.754574 
0.544000 2.817013 
0.545000 2.879340 
0.546000 2.941554 
0.547000 3.003652 
0.548000 3.065631 
0.549000 3.127489 
0.550000 3.189224 
0.551000 3.250832 
0.552000 3.312313 
0.553000 3.373663 
0.554000 3.434879 
0.555000 3.495960 
0.556000 3.556903 
0.557000 3.617705 
0.558000 3.678365 
0.559000 3.738879 
0.560000 3.799246 
0.561000 3.859463 
0.562000 3.919527 
0.563000 3.979437 
0.564000 4.039189 
0.565000 4.098783 
0.566000 4.158214 
0.567000 4.217481 
0.568000 4.276582 
0.569000 4.335514 
0.570000 4.394274 
0.571000 4.452861 
0.572000 4.511273 
0.573000 4.569506 
0.574000 4.627559 
0.575000 4.685429 
0.576000 4.743115 
0.577000 4.800613 
0.578000 4.857921 
0.579000 4.915038 
0.580000 4.971960 
0.581000 5.028687 
0.582000 5.085215 
0.583000 5.141542 
0.584000 5.197666 
0.585000 5.253585 
0.586000 5.309296 
0.587000 5.364798 
0.588000 5.420088 
0.589000 5.475164 
0.590000 5.530024 
0.591000 5.584666 
0.592000 5.639087 
0.593000 5.693286 
0.594000 5.747260 
0.595000 5.801007 
0.596000 5.854525 
0.597000 5.907811 
0.598000 5.960865 
0.599000 6.013683 
0.600000 6.066264 
0.601000 6.118605 
0.602000 6.170705 
0.603000 6.222561 
0.604000 6.274172 
0.605000 6.325535 
0.606000 6.376648 
0.607000 6.427509 
0.608000 6.478117 
0.609000 6.528469 
0.610000 6.578563 
0.611000 6.628397 
0.612000 6.677970 
0.613000 6.727279 
0.614000 6.776323 
0.615000 6.825099 
0.616000 6.873605 
0.617000 6.921841 
0.618000 6.969802 
0.619000 7.017489 
0.620000 7.064899 
0.621000 7.112030 
0.622000 7.158880 
0.623000 7.205447 
0.624000 7.251730 
0.625000 7.297727 
0.626000 7.343436 
0.627000 7.388855 
0.628000 7.433982 
0.629000 7.478815 
0.630000 7.523353 
0.631000 7.567595 
0.632000 7.611537 
0.633000 7.655179 
0.634000 7.698519 
0.635000 7.741555 
0.636000 7.784285 
0.637000 7.826708 
0.638000 7.868822 
0.639000 7.910625 
0.640000 7.952116 
0.641000 7.993294 
0.642000 8.034155 
0.643000 8.074699 
0.644000 8.114925 
0.645000 8.154830 
0.646000 8.194413 
0.647000 8.233673 
0.648000 8.272608 
0.649000 8.311216 
0.650000 8.349496 
0.651000 8.387447 
0.652000 8.425066 
0.653000 8.462352 
0.654000 8.499305 
0.655000 8.535922 
0.656000 8.572202 
0.657000 8.608144 
0.658000 8.643746 
0.659000 8.679006 
0.660000 8.713924 
0.661000 8.748498 
0.662000 8.782727 
0.663000 8.816608 
0.664000 8.850142 
0.665000 8.883327 
0.666000 8.916160 
0.667000 8.948642 
0.668000 8.980770 
0.669000 9.012544 
0.670000 9.043962 
0.671000 9.075023 
0.672000 9.105726 
0.673000 9.136069 
0.674000 9.166052 
0.675000 9.195673 
0.676000 9.224930 
0.677000 9.253824 
0.678000 9.282352 
0.679000 9.310514 
0.680000 9.338308 
0.681000 9.365734 
0.682000 9.392789 
0.683000 9.419474 
0.684000 9.445788 
0.685000 9.471728 
0.686000 9.497294 
0.687000 9.522485 
0.688000 9.547301 
0.689000 9.571739 
0.690000 9.595800 
0.691000 9.619482 
0.692000 9.642784 
0.693000 9.665705 
0.694000 9.688245 
0.695000 9.710402 
0.696000 9.732176 
0.697000 9.753566 
0.698000 9.774570 
0.699000 9.795189 
0.700000 9.815421 
0.701000 9.835266 
0.702000 9.854722 
0.703000 9.873790 
0.704000 9.892467 
0.705000 9.910754 
0.706000 9.928650 
0.707000 9.946153 
0.708000 9.963264 
0.709000 9.979982 
0.710000 9.996306 
0.711000 10.012235 
0.712000 10.027769 
0.713000 10.042907 
0.714000 10.057648 
0.715000 10.071993 
0.716000 10.085939 
0.717000 10.099488 
0.718000 10.112638 
0.719000 10.125389 
0.720000 10.137740 
0.721000 10.149690 
0.722000 10.161240 
0.723000 10.172389 
0.724000 10.183136 
0.725000 10.193482 
0.726000 10.203425 
0.727000 10.212965 
0.728000 10.222102 
0.729000 10.230835 
0.730000 10.239164 
0.731000 10.247089 
0.732000 10.254610 
0.733000 10.261726 
0.734000 10.268437 
0.735000 10.274742 
0.736000 10.280642 
0.737000 10.286135 
0.738000 10.291223 
0.739000 10.295905 
0.740000 10.300180 
0.741000 10.304048 
0.742000 10.307509 
0.743000 10.310564 
0.744000 10.313212 
0.745000 10.315452 
0.746000 10.317285 
0.747000 10.318711 
0.748000 10.319730 
0.749000 10.320341 
0.750000 10.320545 
0.751000 10.320341 
0.752000 10.319730 
0.753000 10.318711 
0.754000 10.317285 
0.755000 10.315452 
0.756000 10.313212 
0.757000 10.310564 
0.758000 10.307509 
0.759000 10.304048 
0.760000 10.300180 
0.761000 10.295905 
0.762000 10.291223 
0.763000 10.286135 
0.764000 10.280642 
0.765000 10.274742 
0.766000 10.268437 
0.767000 10.261726 
0.768000 10.254610 
0.769000 10.247089 
0.770000 10.239164 
0.771000 10.230835 
0.772000 10.222102 
0.773000 10.212965 
0.774000 10.203425 
0.775000 10.193482 
0.776000 10.183136 
0.777000 10.172389 
0.778000 10.161240 
0.779000 10.149690 
0.780000 10.137740 
0.781000 10.125389 
0.782000 10.112638 
0.783000 10.099488 
0.784000 10.085939 
0.785000 10.071993 
0.786000 10.057648 
0.787000 10.042907 
0.788000 10.027769 
0.789000 10.012235 
0.790000 9.996306 
0.791000 9.979982 
0.792000 9.963264 
0.793000 9.946153 
0.794000 9.928650 
0.795000 9.910754 
0.796000 9.892467 
0.797000 9.873790 
0.798000 9.854722 
0.799000 9.835266 
0.800000 9.815421 
0.801000 9.795189 
0.802000 9.774570 
0.803000 9.753566 
0.804000 9.732176 
0.805000 9.710402 
0.806000 9.688245 
0.807000 9.665705 
0.808000 9.642784 
0.809000 9.619482 
0.810000 9.595800 
0.811000 9.571739 
0.812000 9.547301 
0.813000 9.522485 
0.814000 9.497294 
0.815000 9.471728 
0.816000 9.445788 
0.817000 9.419474 
0.818000 9.392789 
0.819000 9.365734 
0.820000 9.338308 
0.821000 9.310514 
0.822000 9.282352 
0.823000 9.253824 
0.824000 9.224930 
0.825000 9.195673 
0.826000 9.166052 
0.827000 9.136069 
0.828000 9.105726 
0.829000 9.075023 
0.830000 9.043962 
0.831000 9.012544 
0.832000 8.980770 
0.833000 8.948642 
0.834000 8.916160 
0.835000 8.883327 
0.836000 8.850142 
0.837000 8.816608 
0.838000 8.782727 
0.839000 8.748498 
0.840000 8.713924 
0.841000 8.679006 
0.842000 8.643746 
0.843000 8.608144 
0.844000 8.572202 
0.845000 8.535922 
0.846000 8.499305 
0.847000 8.462352 
0.848000 8.425066 
0.849000 8.387447 
0.850000 8.349496 
0.851000 8.311216 
0.852000 8.272608 
0.853000 8.233673 
0.854000 8.194413 
0.855000 8.154830 
0.856000 8.114925 
0.857000 8.074699 
0.858000 8.034155 
0.859000 7.993294 
0.860000 7.952116 
0.861000 7.910625 
0.862000 7.868822 
0.863000 7.826708 
0.864000 7.784285 
0.865000 7.741555 
0.866000 7.698519 
0.867000 7.655179 
0.868000 7.611537 
0.869000 7.567595 
0.870000 7.523353 
0.871000 7.478815 
0.872000 7.433982 
0.873000 7.388855 
0.874000 7.343436 
0.875000 7.297727 
0.876000 7.251730 
0.877000 7.205447 
0.878000 7.158880 
0.879000 7.112030 
0.880000 7.064899 
0.881000 7.017489 
0.882000 6.969802 
0.883000 6.921841 
0.884000 6.873605 
0.885000 6.825099 
0.886000 6.776323 
0.887000 6.727279 
0.888000 6.677970 
0.889000 6.628397 
0.890000 6.578563 
0.891000 6.528469 
0.892000 6.478117 
0.893000 6.427509 
0.894000 6.376648 
0.895000 6.325535 
0.896000 6.274172 
0.897000 6.222561 
0.898000 6.170705 
0.899000 6.118605 
0.900000 6.066264 
0.901000 6.013683 
0.902000 5.960865 
0.903000 5.907811 
0.904000 5.854525 
0.905000 5.801007 
0.906000 5.747260 
0.907000 5.693286 
0.908000 5.639087 
0.909000 5.584666 
0.910000 5.530024 
0.911000 5.475164 
0.912000 5.420088 
0.913000 5.364798 
0.914000 5.309296 
0.915000 5.253585 
0.916000 5.197666 
0.917000 5.141542 
0.918000 5.085215 
0.919000 5.028687 
0.920000 4.971960 
0.921000 4.915038 
0.922000 4.857921 
0.923000 4.800613 
0.924000 4.743115 
0.925000 4.685429 
0.926000 4.627559 
0.927000 4.569506 
0.928000 4.511273 
0.929000 4.452861 
0.930000 4.394274 
0.931000 4.335514 
0.932000 4.276582 
0.933000 4.217481 
0.934000 4.158214 
0.935000 4.098783 
0.936000 4.039189 
0.937000 3.979437 
0.938000 3.919527 
0.939000 3.859463 
0.940000 3.799246 
0.941000 3.738879 
0.942000 3.678365 
0.943000 3.617705 
0.944000 3.556903 
0.945000 3.495960 
0.946000 3.434879 
0.947000 3.373663 
0.948000 3.312313 
0.949000 3.250832 
0.950000 3.189224 
0.951000 3.127489 
0.952000 3.065631 
0.953000 3.003652 
0.954000 2.941554 
0.955000 2.879340 
0.956000 2.817013 
0.957000 2.754574 
0.958000 2.692026 
0.959000 2.629373 
0.960000 2.566615 
0.961000 2.503756 
0.962000 2.440798 
0.963000 2.377744 
0.964000 2.314596 
0.965000 2.251357 
0.966000 2.188029 
0.967000 2.124614 
0.968000 2.061116 
0.969000 1.997536 
0.970000 1.933877 
0.971000 1.870142 
0.972000 1.806333 
0.973000 1.742453 
0.974000 1.678504 
0.975000 1.614489 
0.976000 1.550410 
0.977000 1.486270 
0.978000 1.422071 
0.979000 1.357816 
0.980000 1.293507 
0.981000 1.229148 
0.982000 1.164739 
0.983000 1.100285 
0.984000 1.035788 
0.985000 0.971249 
0.986000 0.906672 
0.987000 0.842060 
0.988000 0.777414 
0.989000 0.712737 
0.990000 0.648032 
0.991000 0.583302 
0.992000 0.518549 
0.993000 0.453775 
0.994000 0.388983 
0.995000 0.324176 
0.996000 0.259356 
0.997000 0.194526 
0.998000 0.129688 
0.999000 0.064845 
1.000000 0.000000 
1.001000 -0.064845 
1.002000 -0.129688 
1.003000 -0.194526 
1.004000 -0.259356 
1.005000 -0.324176 
1.006000 -0.388983 
1.007000 -0.453775 
1.008000 -0.518549 
1.009000 -0.583302 
1.010000 -0.648032 
1.011000 -0.712737 
1.012000 -0.777414 
1.013000 -0.842060 
1.014000 -0.906672 
1.015000 -0.971249 
1.016000 -1.035788 
1.017000 -1.100285 
1.018000 -1.164739 
1.019000 -1.229148 
1.020000 -1.293507 
1.021000 -1.357816 
1.022000 -1.422071 
1.023000 -1.486270 
1.024000 -1.550410 
1.025000 -1.614489 
1.026000 -1.678504 
1.027000 -1.742453 
1.028000 -1.806333 
1.029000 -1.870142 
1.030000 -1.933877 
1.031000 -1.997536 
1.032000 -2.061116 
1.033000 -2.124614 
1.034000 -2.188029 
1.035000 -2.251357 
1.036000 -2.314596 
1.037000 -2.377744 
1.038000 -2.440798 
1.039000 -2.503756 
1.040000 -2.566615 
1.041000 -2.629373 
1.042000 -2.692026 
1.043000 -2.754574 
1.044000 -2.817013 
1.045000 -2.879340 
1.046000 -2.941554 
1.047000 -3.003652 
1.048000 -3.065631 
1.049000 -3.127489 
1.050000 -3.189224 
1.051000 -3.250832 
1.052000 -3.312313 
1.053000 -3.373663 
1.054000 -3.434879 
1.055000 -3.495960 
1.056000 -3.556903 
1.057000 -3.617705 
1.058000 -3.678365 
1.059000 -3.738879 
1.060000 -3.799246 
1.061000 -3.859463 
1.062000 -3.919527 
1.063000 -3.979437 
1.064000 -4.039189 
1.065000 -4.098783 
1.066000 -4.158214 
1.067000 -4.217481 
1.068000 -4.276582 
1.069000 -4.335514 
1.070000 -4.394274 
1.071000 -4.452861 
1.072000 -4.511273 
1.073000 -4.569506 
1.074000 -4.627559 
1.075000 -4.685429 
1.076000 -4.743115 
1.077000 -4.800613 
1.078000 -4.857921 
1.079000 -4.915038 
1.080000 -4.971960 
1.081000 -5.028687 
1.082000 -5.085215 
1.083000 -5.141542 
1.084000 -5.197666 
1.085000 -5.253585 
1.086000 -5.309296 
1.087000 -5.364798 
1.088000 -5.420088 
1.089000 -5.475164 
1.090000 -5.530024 
1.091000 -5.584666 
1.092000 -5.639087 
1.093000 -5.693286 
1.094000 -5.747260 
1.095000 -5.801007 
1.096000 -5.854525 
1.097000 -5.907811 
1.098000 -5.960865 
1.099000 -6.013683 
1.100000 -6.066264 
1.101000 -6.118605 
1.102000 -6.170705 
1.103000 -6.222561 
1.104000 -6.274172 
1.105000 -6.325535 
1.106000 -6.376648 
1.107000 -6.427509 
1.108000 -6.478117 
1.109000 -6.528469 
1.110000 -6.578563 
1.111000 -6.628397 
1.112000 -6.677970 
1.113000 -6.727279 
1.114000 -6.776323 
1.115000 -6.825099 
1.116000 -6.873605 
1.117000 -6.921841 
1.118000 -6.969802 
1.119000 -7.017489 
1.120000 -7.064899 
1.121000 -7.112030 
1.122000 -7.158880 
1.123000 -7.205447 
1.124000 -7.251730 
1.125000 -7.297727 
1.126000 -7.343436 
1.127000 -7.388855 
1.128000 -7.433982 
1.129000 -7.478815 
1.130000 -7.523353 
1.131000 -7.567595 
1.132000 -7.611537 
1.133000 -7.655179 
1.134000 -7.698519 
1.135000 -7.741555 
1.136000 -7.784285 
1.137000 -7.826708 
1.138000 -7.868822 
1.139000 -7.910625 
1.140000 -7.952116 
1.141000 -7.993294 
1.142000 -8.034155 
1.143000 -8.074699 
1.144000 -8.114925 
1.145000 -8.154830 
1.146000 -8.194413 
1.147000 -8.233673 
1.148000 -8.272608 
1.149000 -8.311216 
1.150000 -8.349496 
1.151000 -8.387447 
1.152000 -8.425066 
1.153000 -8.462352 
1.154000 -8.499305 
1.155000 -8.535922 
1.156000 -8.572202 
1.157000 -8.608144 
1.158000 -8.643746 
1.159000 -8.679006 
1.160000 -8.713924 
1.161000 -8.748498 
1.162000 -8.782727 
1.163000 -8.816609 
1.164000 -8.850142 
1.165000 -8.883327 
1.166000 -8.916160 
1.167000 -8.948642 
1.168000 -8.980770 
1.169000 -9.012544 
1.170000 -9.043962 
1.171000 -9.075023 
1.172000 -9.105726 
1.173000 -9.136069 
1.174000 -9.166052 
1.175000 -9.195673 
1.176000 -9.224930 
1.177000 -9.253824 
1.178000 -9.282352 
1.179000 -9.310514 
1.180000 -9.338308 
1.181000 -9.365734 
1.182000 -9.392789 
1.183000 -9.419474 
1.184000 -9.445788 
1.185000 -9.471728 
1.186000 -9.497294 
1.187000 -9.522485 
1.188000 -9.547301 
1.189000 -9.571739 
1.190000 -9.595800 
1.191000 -9.619482 
1.192000 -9.642784 
1.193000 -9.665705 
1.194000 -9.688245 
1.195000 -9.710402 
1.196000 -9.732176 
1.197000 -9.753566 
1.198000 -9.774570 
1.199000 -9.795189 
1.200000 -9.815421 
1.201000 -9.835266 
1.202000 -9.854722 
1.203000 -9.873790 
1.204000 -9.892467 
1.205000 -9.910754 
1.206000 -9.928650 
1.207000 -9.946153 
1.208000 -9.963264 
1.209000 -9.979982 
1.210000 -9.996306 
1.211000 -10.012235 
1.212000 -10.027769 
1.213000 -10.042907 
1.214000 -10.057648 
1.215000 -10.071993 
1.216000 -10.085939 
1.217000 -10.099488 
1.218000 -10.112638 
1.219000 -10.125389 
1.220000 -10.137740 
1.221000 -10.149690 
1.222000 -10.161240 
1.223000 -10.172389 
1.224000 -10.183136 
1.225000 -10.193482 
1.226000 -10.203425 
1.227000 -10.212965 
1.228000 -10.222102 
1.229000 -10.230835 
1.230000 -10.239164 
1.231000 -10.247089 
1.232000 -10.254610 
1.233000 -10.261726 
1.234000 -10.268437 
1.235000 -10.274742 
1.236000 -10.280642 
1.237000 -10.286135 
1.238000 -10.291223 
1.239000 -10.295905 
1.240000 -10.300180 
1.241000 -10.304048 
1.242000 -10.307509 
1.243000 -10.310564 
1.244000 -10.313212 
1.245000 -10.315452 
1.246000 -10.317285 
1.247000 -10.318711 
1.248000 -10.319730 
1.249000 -10.320341 
1.250000 -10.320545 
1.251000 -10.320341 
1.252000 -10.319730 
1.253000 -10.318711 
1.254000 -10.317285 
1.255000 -10.315452 
1.256000 -10.313212 
1.257000 -10.310564 
1.258000 -10.307509 
1.259000 -10.304048 
1.260000 -10.300180 
1.261000 -10.295905 
1.262000 -10.291223 
1.263000 -10.286135 
1.264000 -10.280642 
1.265000 -10.274742 
1.266000 -10.268437 
1.267000 -10.261726 
1.268000 -10.254610 
1.269000 -10.247089 
1.270000 -10.239164 
1.271000 -10.230835 
1.272000 -10.222102 
1.273000 -10.212965 
1.274000 -10.203425 
1.275000 -10.193482 
1.276000 -10.183136 
1.277000 -10.172389 
1.278000 -10.161240 
1.279000 -10.149690 
1.280000 -10.137740 
1.281000 -10.125389 
1.282000 -10.112638 
1.283000 -10.099488 
1.284000 -10.085939 
1.285000 -10.071993 
1.286000 -10.057648 
1.287000 -10.042907 
1.288000 -10.027769 
1.289000 -10.012235 
1.290000 -9.996306 
1.291000 -9.979982 
1.292000 -9.963264 
1.293000 -9.946153 
1.294000 -9.928650 
1.295000 -9.910754 
1.296000 -9.892467 
1.297000 -9.873790 
1.298000 -9.854722 
1.299000 -9.835266 
1.300000 -9.815421 
1.301000 -9.795189 
1.302000 -9.774570 
1.303000 -9.753566 
1.304000 -9.732176 
1.305000 -9.710402 
1.306000 -9.688245 
1.307000 -9.665705 
1.308000 -9.642784 
1.309000 -9.619482 
1.310000 -9.595800 
1.311000 -9.571739 
1.312000 -9.547301 
1.313000 -9.522485 
1.314000 -9.497294 
1.315000 -9.471728 
1.316000 -9.445788 
1.317000 -9.419474 
1.318000 -9.392789 
1.319000 -9.365734 
1.320000 -9.338308 
1.321000 -9.310514 
1.322000 -9.282352 
1.323000 -9.253824 
1.324000 -9.224930 
1.325000 -9.195673 
1.326000 -9.166052 
1.327000 -9.136069 
1.328000 -9.105726 
1.329000 -9.075023 
1.330000 -9.043962 
1.331000 -9.012544 
1.332000 -8.980770 
1.333000 -8.948642 
1.334000 -8.916160 
1.335000 -8.883327 
1.336000 -8.850142 
1.337000 -8.816608 
1.338000 -8.782727 
1.339000 -8.748498 
1.340000 -8.713924 
1.341000 -8.679006 
1.342000 -8.643746 
1.343000 -8.608144 
1.344000 -8.572202 
1.345000 -8.535922 
1.346000 -8.499305 
1.347000 -8.462352 
1.348000 -8.425066 
1.349000 -8.387447 
1.350000 -8.349496 
1.351000 -8.311216 
1.352000 -8.272608 
1.353000 -8.233673 
1.354000 -8.194413 
1.355000 -8.154830 
1.356000 -8.114925 
1.357000 -8.074699 
1.358000 -8.034155 
1.359000 -7.993294 
1.360000 -7.952116 
1.361000 -7.910625 
1.362000 -7.868822 
1.363000 -7.826708 
1.364000 -7.784285 
1.365000 -7.741555 
1.366000 -7.698519 
1.367000 -7.655179 
1.368000 -7.611537 
1.369000 -7.567595 
1.370000 -7.523353 
1.371000 -7.478815 
1.372000 -7.433982 
1.373000 -7.388855 
1.374000 -7.343436 
1.375000 -7.297727 
1.376000 -7.251730 
1.377000 -7.205447 
1.378000 -7.158880 
1.379000 -7.112030 
1.380000 -7.064899 
1.381000 -7.017489 
1.382000 -6.969802 
1.383000 -6.921841 
1.384000 -6.873605 
1.385000 -6.825099 
1.386000 -6.776323 
1.387000 -6.727279 
1.388000 -6.677970 
1.389000 -6.628397 
1.390000 -6.578563 
1.391000 -6.528469 
1.392000 -6.478117 
1.393000 -6.427509 
1.394000 -6.376648 
1.395000 -6.325535 
1.396000 -6.274172 
1.397000 -6.222561 
1.398000 -6.170705 
1.399000 -6.118605 
1.400000 -6.066264 
1.401000 -6.013683 
1.402000 -5.960865 
1.403000 -5.907811 
1.404000 -5.854525 
1.405000 -5.801007 
1.406000 -5.747260 
1.407000 -5.693286 
1.408000 -5.639087 
1.409000 -5.584666 
1.410000 -5.530024 
1.411000 -5.475164 
1.412000 -5.420088 
1.413000 -5.364798 
1.414000 -5.309296 
1.415000 -5.253585 
1.416000 -5.197666 
1.417000 -5.141542 
1.418000 -5.085215 
1.419000 -5.028687 
1.420000 -4.971960 
1.421000 -4.915038 
1.422000 -4.857921 
1.423000 -4.800613 
1.424000 -4.743115 
1.425000 -4.685429 
1.426000 -4.627559 
1.427000 -4.569506 
1.428000 -4.511273 
1.429000 -4.452861 
1.430000 -4.394274 
1.431000 -4.335514 
1.432000 -4.276582 
1.433000 -4.217481 
1.434000 -4.158214 
1.435000 -4.098783 
1.436000 -4.039189 
1.437000 -3.979437 
1.438000 -3.919527 
1.439000 -3.859463 
1.440000 -3.799246 
1.441000 -3.738879 
1.442000 -3.678365 
1.443000 -3.617705 
1.444000 -3.556903 
1.445000 -3.495960 
1.446000 -3.434879 
1.447000 -3.373663 
1.448000 -3.312313 
1.449000 -3.250832 
1.450000 -3.189224 
1.451000 -3.127489 
1.452000 -3.065631 
1.453000 -3.003652 
1.454000 -2.941554 
1.455000 -2.879340 
1.456000 -2.817013 
1.457000 -2.754574 
1.458000 -2.692026 
1.459000 -2.629373 
1.460000 -2.566615 
1.461000 -2.503756 
1.462000 -2.440798 
1.463000 -2.377744 
1.464000 -2.314596 
1.465000 -2.251357 
1.466000 -2.188029 
1.467000 -2.124614 
1.468000 -2.061116 
1.469000 -1.997536 
1.470000 -1.933877 
1.471000 -1.870142 
1.472000 -1.806333 
1.473000 -1.742453 
1.474000 -1.678504 
1.475000 -1.614489 
1.476000 -1.550410 
1.477000 -1.486270 
1.478000 -1.422071 
1.479000 -1.357816 
1.480000 -1.293507 
1.481000 -1.229148 
1.482000 -1.164739 
1.483000 -1.100285 
1.484000 -1.035788 
1.485000 -0.971249 
1.486000 -0.906672 
1.487000 -0.842060 
1.488000 -0.777414 
1.489000 -0.712737 
1.490000 -0.648032 
1.491000 -0.583302 
1.492000 -0.518549 
1.493000 -0.453775 
1.494000 -0.388983 
1.495000 -0.324176 
1.496000 -0.259356 
1.497000 -0.194526 
1.498000 -0.129688 
1.499000 -0.064845 
