descriptor x_phase m_phase 
-1.500000 -6.787834 
-1.499000 -6.738854 
-1.498000 -6.689607 
-1.497000 -6.640096 
-1.496000 -6.590323 
-1.495000 -6.540290 
-1.494000 -6.489998 
-1.493000 -6.439451 
-1.492000 -6.388649 
-1.491000 -6.337595 
-1.490000 -6.286291 
-1.489000 -6.234738 
-1.488000 -6.182940 
-1.487000 -6.130897 
-1.486000 -6.078613 
-1.485000 -6.026088 
-1.484000 -5.973326 
-1.483000 -5.920327 
-1.482000 -5.867095 
-1.481000 -5.813632 
-1.480000 -5.759938 
-1.479000 -5.706018 
-1.478000 -5.651872 
-1.477000 -5.597503 
-1.476000 -5.542913 
-1.475000 -5.488104 
-1.474000 -5.433079 
-1.473000 -5.377839 
-1.472000 -5.322387 
-1.471000 -5.266724 
-1.470000 -5.210854 
-1.469000 -5.154778 
-1.468000 -5.098498 
-1.467000 -5.042018 
-1.466000 -4.985338 
-1.465000 -4.928461 
-1.464000 -4.871390 
-1.463000 -4.814127 
-1.462000 -4.756673 
-1.461000 -4.699032 
-1.460000 -4.641205 
-1.459000 -4.583195 
-1.458000 -4.525004 
-1.457000 -4.466634 
-1.456000 -4.408088 
-1.455000 -4.349368 
-1.454000 -4.290476 
-1.453000 -4.231415 
-1.452000 -4.172187 
-1.451000 -4.112794 
-1.450000 -4.053239 
-1.449000 -3.993524 
-1.448000 -3.933651 
-1.447000 -3.873622 
-1.446000 -3.813441 
-1.445000 -3.753110 
-1.444000 -3.692630 
-1.443000 -3.632004 
-1.442000 -3.571235 
-1.441000 -3.510325 
-1.440000 -3.449277 
-1.439000 -3.388092 
-1.438000 -3.326773 
-1.437000 -3.265324 
-1.436000 -3.203745 
-1.435000 -3.142040 
-1.434000 -3.080210 
-1.433000 -3.018259 
-1.432000 -2.956189 
-1.431000 -2.894003 
-1.430000 -2.831702 
-1.429000 -2.769289 
-1.428000 -2.706767 
-1.427000 -2.644138 
-1.426000 -2.581405 
-1.425000 -2.518569 
-1.424000 -2.455635 
-1.423000 -2.392603 
-1.422000 -2.329477 
-1.421000 -2.266259 
-1.420000 -2.202951 
-1.419000 -2.139557 
-1.418000 -2.076078 
-1.417000 -2.012517 
-1.416000 -1.948877 
-1.415000 -1.885159 
-1.414000 -1.821368 
-1.413000 -1.757504 
-1.412000 -1.693571 
-1.411000 -1.629571 
-1.410000 -1.565507 
-1.409000 -1.501381 
-1.408000 -1.437196 
-1.407000 -1.372954 
-1.406000 -1.308657 
-1.405000 -1.244310 
-1.404000 -1.179913 
-1.403000 -1.115469 
-1.402000 -1.050981 
-1.401000 -0.986452 
-1.400000 -0.921884 
-1.399000 -0.857280 
-1.398000 -0.792641 
-1.397000 -0.727972 
-1.396000 -0.663274 
-1.395000 -0.598549 
-1.394000 -0.533801 
-1.393000 -0.469032 
-1.392000 -0.404244 
-1.391000 -0.339440 
-1.390000 -0.274623 
-1.389000 -0.209795 
-1.388000 -0.144959 
-1.387000 -0.080117 
-1.386000 -0.015272 
-1.385000 0.049574 
-1.384000 0.114417 
-1.383000 0.179257 
-1.382000 0.244089 
-1.381000 0.308911 
-1.380000 0.373722 
-1.379000 0.438517 
-1.378000 0.503295 
-1.377000 0.568054 
-1.376000 0.632790 
-1.375000 0.697501 
-1.374000 0.762184 
-1.373000 0.826838 
-1.372000 0.891458 
-1.371000 0.956044 
-1.370000 1.020592 
-1.369000 1.085099 
-1.368000 1.149564 
-1.367000 1.213983 
-1.366000 1.278354 
-1.365000 1.342675 
-1.364000 1.406943 
-1.363000 1.471155 
-1.362000 1.535310 
-1.361000 1.599403 
-1.360000 1.663434 
-1.359000 1.727398 
-1.358000 1.791295 
-1.357000 1.855121 
-1.356000 1.918874 
-1.355000 1.982551 
-1.354000 2.046149 
-1.353000 2.109667 
-1.352000 2.173102 
-1.351000 2.236450 
-1.350000 2.299711 
-1.349000 2.362881 
-1.348000 2.425957 
-1.347000 2.488938 
-1.346000 2.551820 
-1.345000 2.614602 
-1.344000 2.677280 
-1.343000 2.739853 
-1.342000 2.802317 
-1.341000 2.864671 
-1.340000 2.926912 
-1.339000 2.989038 
-1.338000 3.051045 
-1.337000 3.112932 
-1.336000 3.174696 
-1.335000 3.236334 
-1.334000 3.297845 
-1.333000 3.359226 
-1.332000 3.420474 
-1.331000 3.481587 
-1.330000 3.542562 
-1.329000 3.603398 
-1.328000 3.664092 
-1.327000 3.724640 
-1.326000 3.785042 
-1.325000 3.845295 
-1.324000 3.905395 
-1.323000 3.965341 
-1.322000 4.025131 
-1.321000 4.084762 
-1.320000 4.144232 
-1.319000 4.203538 
-1.318000 4.262678 
-1.317000 4.321650 
-1.316000 4.380451 
-1.315000 4.439079 
-1.314000 4.497532 
-1.313000 4.555808 
-1.312000 4.613903 
-1.311000 4.671817 
-1.310000 4.729546 
-1.309000 4.787088 
-1.308000 4.844441 
-1.307000 4.901603 
-1.306000 4.958572 
-1.305000 5.015345 
-1.304000 5.071920 
-1.303000 5.128294 
-1.302000 5.184466 
-1.301000 5.240434 
-1.300000 5.296194 
-1.299000 5.351746 
-1.298000 5.407086 
-1.297000 5.462213 
-1.296000 5.517124 
-1.295000 5.571817 
-1.294000 5.626290 
-1.293000 5.680542 
-1.292000 5.734569 
-1.291000 5.788369 
-1.290000 5.841941 
-1.289000 5.895283 
-1.288000 5.948391 
-1.287000 6.001265 
-1.286000 6.053902 
-1.285000 6.106300 
-1.284000 6.158457 
-1.283000 6.210371 
-1.282000 6.262039 
-1.281000 6.313461 
-1.280000 6.364633 
-1.279000 6.415553 
-1.278000 6.466221 
-1.277000 6.516633 
-1.276000 6.566788 
-1.275000 6.616684 
-1.274000 6.666319 
-1.273000 6.715690 
-1.272000 6.764796 
-1.271000 6.813636 
-1.270000 6.862206 
-1.269000 6.910505 
-1.268000 6.958532 
-1.267000 7.006283 
-1.266000 7.053759 
-1.265000 7.100955 
-1.264000 7.147872 
-1.263000 7.194506 
-1.262000 7.240856 
-1.261000 7.286920 
-1.260000 7.332697 
-1.259000 7.378184 
-1.258000 7.423380 
-1.257000 7.468283 
-1.256000 7.512891 
-1.255000 7.557202 
-1.254000 7.601215 
-1.253000 7.644928 
-1.252000 7.688339 
-1.251000 7.731447 
-1.250000 7.774249 
-1.249000 7.816745 
-1.248000 7.858932 
-1.247000 7.900808 
-1.246000 7.942373 
-1.245000 7.983624 
-1.244000 8.024560 
-1.243000 8.065179 
-1.242000 8.105480 
-1.241000 8.145461 
-1.240000 8.185120 
-1.239000 8.224456 
-1.238000 8.263468 
-1.237000 8.302153 
-1.236000 8.340510 
-1.235000 8.378538 
-1.234000 8.416236 
-1.233000 8.453601 
-1.232000 8.490632 
-1.231000 8.527329 
-1.230000 8.563688 
-1.229000 8.599710 
-1.228000 8.635392 
-1.227000 8.670733 
-1.226000 8.705731 
-1.225000 8.740387 
-1.224000 8.774697 
-1.223000 8.808660 
-1.222000 8.842276 
-1.221000 8.875543 
-1.220000 8.908459 
-1.219000 8.941024 
-1.218000 8.973236 
-1.217000 9.005093 
-1.216000 9.036595 
-1.215000 9.067740 
-1.214000 9.098528 
-1.213000 9.128956 
-1.212000 9.159023 
-1.211000 9.188729 
-1.210000 9.218073 
-1.209000 9.247052 
-1.208000 9.275666 
-1.207000 9.303915 
-1.206000 9.331795 
-1.205000 9.359308 
-1.204000 9.386451 
-1.203000 9.413223 
-1.202000 9.439624 
-1.201000 9.465652 
-1.200000 9.491307 
-1.199000 9.516586 
-1.198000 9.541490 
-1.197000 9.566018 
-1.196000 9.590167 
-1.195000 9.613938 
-1.194000 9.637330 
-1.193000 9.660341 
-1.192000 9.682971 
-1.191000 9.705218 
-1.190000 9.727083 
-1.189000 9.748563 
-1.188000 9.769658 
-1.187000 9.790368 
-1.186000 9.810691 
-1.185000 9.830627 
-1.184000 9.850175 
-1.183000 9.869334 
-1.182000 9.888103 
-1.181000 9.906482 
-1.180000 9.924470 
-1.179000 9.942066 
-1.178000 9.959270 
-1.177000 9.976080 
-1.176000 9.992497 
-1.175000 10.008519 
-1.174000 10.024146 
-1.173000 10.039377 
-1.172000 10.054212 
-1.171000 10.068650 
-1.170000 10.082691 
-1.169000 10.096333 
-1.168000 10.109577 
-1.167000 10.122422 
-1.166000 10.134867 
-1.165000 10.146912 
-1.164000 10.158556 
-1.163000 10.169800 
-1.162000 10.180642 
-1.161000 10.191082 
-1.160000 10.201119 
-1.159000 10.210754 
-1.158000 10.219986 
-1.157000 10.228814 
-1.156000 10.237239 
-1.155000 10.245259 
-1.154000 10.252875 
-1.153000 10.260086 
-1.152000 10.266893 
-1.151000 10.273293 
-1.150000 10.279289 
-1.149000 10.284878 
-1.148000 10.290061 
-1.147000 10.294839 
-1.146000 10.299209 
-1.145000 10.303173 
-1.144000 10.306731 
-1.143000 10.309881 
-1.142000 10.312625 
-1.141000 10.314961 
-1.140000 10.316890 
-1.139000 10.318412 
-1.138000 10.319527 
-1.137000 10.320234 
-1.136000 10.320533 
-1.135000 10.320426 
-1.134000 10.319911 
-1.133000 10.318988 
-1.132000 10.317658 
-1.131000 10.315921 
-1.130000 10.313776 
-1.129000 10.311224 
-1.128000 10.308266 
-1.127000 10.304900 
-1.126000 10.301127 
-1.125000 10.296948 
-1.124000 10.292362 
-1.123000 10.287370 
-1.122000 10.281972 
-1.121000 10.276168 
-1.120000 10.269958 
-1.119000 10.263343 
-1.118000 10.256322 
-1.117000 10.248897 
-1.116000 10.241067 
-1.115000 10.232833 
-1.114000 10.224195 
-1.113000 10.215153 
-1.112000 10.205708 
-1.111000 10.195860 
-1.110000 10.185609 
-1.109000 10.174956 
-1.108000 10.163902 
-1.107000 10.152447 
-1.106000 10.140590 
-1.105000 10.128333 
-1.104000 10.115677 
-1.103000 10.102621 
-1.102000 10.089166 
-1.101000 10.075313 
-1.100000 10.061062 
-1.099000 10.046414 
-1.098000 10.031370 
-1.097000 10.015929 
-1.096000 10.000093 
-1.095000 9.983862 
-1.094000 9.967237 
-1.093000 9.950219 
-1.092000 9.932807 
-1.091000 9.915004 
-1.090000 9.896809 
-1.089000 9.878223 
-1.088000 9.859248 
-1.087000 9.839883 
-1.086000 9.820130 
-1.085000 9.799989 
-1.084000 9.779461 
-1.083000 9.758547 
-1.082000 9.737248 
-1.081000 9.715565 
-1.080000 9.693498 
-1.079000 9.671048 
-1.078000 9.648216 
-1.077000 9.625004 
-1.076000 9.601411 
-1.075000 9.577440 
-1.074000 9.553090 
-1.073000 9.528364 
-1.072000 9.503261 
-1.071000 9.477783 
-1.070000 9.451930 
-1.069000 9.425705 
-1.068000 9.399107 
-1.067000 9.372139 
-1.066000 9.344800 
-1.065000 9.317093 
-1.064000 9.289018 
-1.063000 9.260576 
-1.062000 9.231768 
-1.061000 9.202596 
-1.060000 9.173061 
-1.059000 9.143163 
-1.058000 9.112905 
-1.057000 9.082287 
-1.056000 9.051310 
-1.055000 9.019976 
-1.054000 8.988286 
-1.053000 8.956240 
-1.052000 8.923842 
-1.051000 8.891091 
-1.050000 8.857989 
-1.049000 8.824537 
-1.048000 8.790738 
-1.047000 8.756590 
-1.046000 8.722098 
-1.045000 8.687261 
-1.044000 8.652081 
-1.043000 8.616559 
-1.042000 8.580697 
-1.041000 8.544497 
-1.040000 8.507959 
-1.039000 8.471085 
-1.038000 8.433877 
-1.037000 8.396336 
-1.036000 8.358464 
-1.035000 8.320261 
-1.034000 8.281730 
-1.033000 8.242872 
-1.032000 8.203689 
-1.031000 8.164182 
-1.030000 8.124352 
-1.029000 8.084202 
-1.028000 8.043732 
-1.027000 8.002945 
-1.026000 7.961842 
-1.025000 7.920425 
-1.024000 7.878695 
-1.023000 7.836654 
-1.022000 7.794304 
-1.021000 7.751646 
-1.020000 7.708682 
-1.019000 7.665414 
-1.018000 7.621843 
-1.017000 7.577971 
-1.016000 7.533800 
-1.015000 7.489331 
-1.014000 7.444567 
-1.013000 7.399509 
-1.012000 7.354159 
-1.011000 7.308518 
-1.010000 7.262589 
-1.009000 7.216373 
-1.008000 7.169873 
-1.007000 7.123089 
-1.006000 7.076024 
-1.005000 7.028680 
-1.004000 6.981058 
-1.003000 6.933161 
-1.002000 6.884990 
-1.001000 6.836547 
-1.000000 6.787834 
-0.999000 6.738854 
-0.998000 6.689607 
-0.997000 6.640096 
-0.996000 6.590323 
-0.995000 6.540290 
-0.994000 6.489998 
-0.993000 6.439451 
-0.992000 6.388649 
-0.991000 6.337595 
-0.990000 6.286291 
-0.989000 6.234738 
-0.988000 6.182940 
-0.987000 6.130897 
-0.986000 6.078613 
-0.985000 6.026088 
-0.984000 5.973326 
-0.983000 5.920327 
-0.982000 5.867095 
-0.981000 5.813632 
-0.980000 5.759938 
-0.979000 5.706018 
-0.978000 5.651872 
-0.977000 5.597503 
-0.976000 5.542913 
-0.975000 5.488104 
-0.974000 5.433079 
-0.973000 5.377839 
-0.972000 5.322387 
-0.971000 5.266724 
-0.970000 5.210854 
-0.969000 5.154778 
-0.968000 5.098498 
-0.967000 5.042018 
-0.966000 4.985338 
-0.965000 4.928461 
-0.964000 4.871390 
-0.963000 4.814127 
-0.962000 4.756673 
-0.961000 4.699032 
-0.960000 4.641205 
-0.959000 4.583195 
-0.958000 4.525004 
-0.957000 4.466634 
-0.956000 4.408088 
-0.955000 4.349368 
-0.954000 4.290476 
-0.953000 4.231415 
-0.952000 4.172187 
-0.951000 4.112794 
-0.950000 4.053239 
-0.949000 3.993524 
-0.948000 3.933651 
-0.947000 3.873622 
-0.946000 3.813441 
-0.945000 3.753110 
-0.944000 3.692630 
-0.943000 3.632004 
-0.942000 3.571235 
-0.941000 3.510325 
-0.940000 3.449277 
-0.939000 3.388092 
-0.938000 3.326773 
-0.937000 3.265324 
-0.936000 3.203745 
-0.935000 3.142040 
-0.934000 3.080210 
-0.933000 3.018259 
-0.932000 2.956189 
-0.931000 2.894003 
-0.930000 2.831702 
-0.929000 2.769289 
-0.928000 2.706767 
-0.927000 2.644138 
-0.926000 2.581405 
-0.925000 2.518569 
-0.924000 2.455635 
-0.923000 2.392603 
-0.922000 2.329477 
-0.921000 2.266259 
-0.920000 2.202951 
-0.919000 2.139557 
-0.918000 2.076078 
-0.917000 2.012517 
-0.916000 1.948877 
-0.915000 1.885159 
-0.914000 1.821368 
-0.913000 1.757504 
-0.912000 1.693571 
-0.911000 1.629571 
-0.910000 1.565507 
-0.909000 1.501381 
-0.908000 1.437196 
-0.907000 1.372954 
-0.906000 1.308657 
-0.905000 1.244310 
-0.904000 1.179913 
-0.903000 1.115469 
-0.902000 1.050981 
-0.901000 0.986452 
-0.900000 0.921884 
-0.899000 0.857280 
-0.898000 0.792641 
-0.897000 0.727972 
-0.896000 0.663274 
-0.895000 0.598549 
-0.894000 0.533801 
-0.893000 0.469032 
-0.892000 0.404244 
-0.891000 0.339440 
-0.890000 0.274623 
-0.889000 0.209795 
-0.888000 0.144959 
-0.887000 0.080117 
-0.886000 0.015272 
-0.885000 -0.049574 
-0.884000 -0.114417 
-0.883000 -0.179257 
-0.882000 -0.244089 
-0.881000 -0.308911 
-0.880000 -0.373722 
-0.879000 -0.438517 
-0.878000 -0.503295 
-0.877000 -0.568054 
-0.876000 -0.632790 
-0.875000 -0.697501 
-0.874000 -0.762184 
-0.873000 -0.826838 
-0.872000 -0.891458 
-0.871000 -0.956044 
-0.870000 -1.020592 
-0.869000 -1.085099 
-0.868000 -1.149564 
-0.867000 -1.213983 
-0.866000 -1.278354 
-0.865000 -1.342675 
-0.864000 -1.406943 
-0.863000 -1.471155 
-0.862000 -1.535310 
-0.861000 -1.599403 
-0.860000 -1.663434 
-0.859000 -1.727398 
-0.858000 -1.791295 
-0.857000 -1.855121 
-0.856000 -1.918874 
-0.855000 -1.982551 
-0.854000 -2.046149 
-0.853000 -2.109667 
-0.852000 -2.173102 
-0.851000 -2.236450 
-0.850000 -2.299711 
-0.849000 -2.362881 
-0.848000 -2.425957 
-0.847000 -2.488938 
-0.846000 -2.551820 
-0.845000 -2.614602 
-0.844000 -2.677280 
-0.843000 -2.739853 
-0.842000 -2.802317 
-0.841000 -2.864671 
-0.840000 -2.926912 
-0.839000 -2.989038 
-0.838000 -3.051045 
-0.837000 -3.112932 
-0.836000 -3.174696 
-0.835000 -3.236334 
-0.834000 -3.297845 
-0.833000 -3.359226 
-0.832000 -3.420474 
-0.831000 -3.481587 
-0.830000 -3.542562 
-0.829000 -3.603398 
-0.828000 -3.664092 
-0.827000 -3.724640 
-0.826000 -3.785042 
-0.825000 -3.845295 
-0.824000 -3.905395 
-0.823000 -3.965341 
-0.822000 -4.025131 
-0.821000 -4.084762 
-0.820000 -4.144232 
-0.819000 -4.203538 
-0.818000 -4.262678 
-0.817000 -4.321650 
-0.816000 -4.380451 
-0.815000 -4.439079 
-0.814000 -4.497532 
-0.813000 -4.555808 
-0.812000 -4.613903 
-0.811000 -4.671817 
-0.810000 -4.729546 
-0.809000 -4.787088 
-0.808000 -4.844441 
-0.807000 -4.901603 
-0.806000 -4.958572 
-0.805000 -5.015345 
-0.804000 -5.071920 
-0.803000 -5.128294 
-0.802000 -5.184466 
-0.801000 -5.240434 
-0.800000 -5.296194 
-0.799000 -5.351746 
-0.798000 -5.407086 
-0.797000 -5.462213 
-0.796000 -5.517124 
-0.795000 -5.571817 
-0.794000 -5.626290 
-0.793000 -5.680542 
-0.792000 -5.734569 
-0.791000 -5.788369 
-0.790000 -5.841941 
-0.789000 -5.895283 
-0.788000 -5.948391 
-0.787000 -6.001265 
-0.786000 -6.053902 
-0.785000 -6.106300 
-0.784000 -6.158457 
-0.783000 -6.210371 
-0.782000 -6.262039 
-0.781000 -6.313461 
-0.780000 -6.364633 
-0.779000 -6.415553 
-0.778000 -6.466221 
-0.777000 -6.516633 
-0.776000 -6.566788 
-0.775000 -6.616684 
-0.774000 -6.666319 
-0.773000 -6.715690 
-0.772000 -6.764796 
-0.771000 -6.813636 
-0.770000 -6.862206 
-0.769000 -6.910505 
-0.768000 -6.958532 
-0.767000 -7.006283 
-0.766000 -7.053759 
-0.765000 -7.100955 
-0.764000 -7.147872 
-0.763000 -7.194506 
-0.762000 -7.240856 
-0.761000 -7.286920 
-0.760000 -7.332697 
-0.759000 -7.378184 
-0.758000 -7.423380 
-0.757000 -7.468283 
-0.756000 -7.512891 
-0.755000 -7.557202 
-0.754000 -7.601215 
-0.753000 -7.644928 
-0.752000 -7.688339 
-0.751000 -7.731447 
-0.750000 -7.774249 
-0.749000 -7.816745 
-0.748000 -7.858932 
-0.747000 -7.900808 
-0.746000 -7.942373 
-0.745000 -7.983624 
-0.744000 -8.024560 
-0.743000 -8.065179 
-0.742000 -8.105480 
-0.741000 -8.145461 
-0.740000 -8.185120 
-0.739000 -8.224456 
-0.738000 -8.263468 
-0.737000 -8.302153 
-0.736000 -8.340510 
-0.735000 -8.378538 
-0.734000 -8.416236 
-0.733000 -8.453601 
-0.732000 -8.490632 
-0.731000 -8.527329 
-0.730000 -8.563688 
-0.729000 -8.599710 
-0.728000 -8.635392 
-0.727000 -8.670733 
-0.726000 -8.705731 
-0.725000 -8.740387 
-0.724000 -8.774697 
-0.723000 -8.808660 
-0.722000 -8.842276 
-0.721000 -8.875543 
-0.720000 -8.908459 
-0.719000 -8.941024 
-0.718000 -8.973236 
-0.717000 -9.005093 
-0.716000 -9.036595 
-0.715000 -9.067740 
-0.714000 -9.098528 
-0.713000 -9.128956 
-0.712000 -9.159023 
-0.711000 -9.188729 
-0.710000 -9.218073 
-0.709000 -9.247052 
-0.708000 -9.275666 
-0.707000 -9.303915 
-0.706000 -9.331795 
-0.705000 -9.359308 
-0.704000 -9.386451 
-0.703000 -9.413223 
-0.702000 -9.439624 
-0.701000 -9.465652 
-0.700000 -9.491307 
-0.699000 -9.516586 
-0.698000 -9.541490 
-0.697000 -9.566018 
-0.696000 -9.590167 
-0.695000 -9.613938 
-0.694000 -9.637330 
-0.693000 -9.660341 
-0.692000 -9.682971 
-0.691000 -9.705218 
-0.690000 -9.727083 
-0.689000 -9.748563 
-0.688000 -9.769658 
-0.687000 -9.790368 
-0.686000 -9.810691 
-0.685000 -9.830627 
-0.684000 -9.850175 
-0.683000 -9.869334 
-0.682000 -9.888103 
-0.681000 -9.906482 
-0.680000 -9.924470 
-0.679000 -9.942066 
-0.678000 -9.959270 
-0.677000 -9.976080 
-0.676000 -9.992497 
-0.675000 -10.008519 
-0.674000 -10.024146 
-0.673000 -10.039377 
-0.672000 -10.054212 
-0.671000 -10.068650 
-0.670000 -10.082691 
-0.669000 -10.096333 
-0.668000 -10.109577 
-0.667000 -10.122422 
-0.666000 -10.134867 
-0.665000 -10.146912 
-0.664000 -10.158556 
-0.663000 -10.169800 
-0.662000 -10.180642 
-0.661000 -10.191082 
-0.660000 -10.201119 
-0.659000 -10.210754 
-0.658000 -10.219986 
-0.657000 -10.228814 
-0.656000 -10.237239 
-0.655000 -10.245259 
-0.654000 -10.252875 
-0.653000 -10.260086 
-0.652000 -10.266893 
-0.651000 -10.273293 
-0.650000 -10.279289 
-0.649000 -10.284878 
-0.648000 -10.290061 
-0.647000 -10.294839 
-0.646000 -10.299209 
-0.645000 -10.303173 
-0.644000 -10.306731 
-0.643000 -10.309881 
-0.642000 -10.312625 
-0.641000 -10.314961 
-0.640000 -10.316890 
-0.639000 -10.318412 
-0.638000 -10.319527 
-0.637000 -10.320234 
-0.636000 -10.320533 
-0.635000 -10.320426 
-0.634000 -10.319911 
-0.633000 -10.318988 
-0.632000 -10.317658 
-0.631000 -10.315921 
-0.630000 -10.313776 
-0.629000 -10.311224 
-0.628000 -10.308266 
-0.627000 -10.304900 
-0.626000 -10.301127 
-0.625000 -10.296948 
-0.624000 -10.292362 
-0.623000 -10.287370 
-0.622000 -10.281972 
-0.621000 -10.276168 
-0.620000 -10.269958 
-0.619000 -10.263343 
-0.618000 -10.256322 
-0.617000 -10.248897 
-0.616000 -10.241067 
-0.615000 -10.232833 
-0.614000 -10.224195 
-0.613000 -10.215153 
-0.612000 -10.205708 
-0.611000 -10.195860 
-0.610000 -10.185609 
-0.609000 -10.174956 
-0.608000 -10.163902 
-0.607000 -10.152447 
-0.606000 -10.140590 
-0.605000 -10.128333 
-0.604000 -10.115677 
-0.603000 -10.102621 
-0.602000 -10.089166 
-0.601000 -10.075313 
-0.600000 -10.061062 
-0.599000 -10.046414 
-0.598000 -10.031370 
-0.597000 -10.015929 
-0.596000 -10.000093 
-0.595000 -9.983862 
-0.594000 -9.967237 
-0.593000 -9.950219 
-0.592000 -9.932807 
-0.591000 -9.915004 
-0.590000 -9.896809 
-0.589000 -9.878223 
-0.588000 -9.859248 
-0.587000 -9.839883 
-0.586000 -9.820130 
-0.585000 -9.799989 
-0.584000 -9.779461 
-0.583000 -9.758547 
-0.582000 -9.737248 
-0.581000 -9.715565 
-0.580000 -9.693498 
-0.579000 -9.671048 
-0.578000 -9.648216 
-0.577000 -9.625004 
-0.576000 -9.601411 
-0.575000 -9.577440 
-0.574000 -9.553090 
-0.573000 -9.528364 
-0.572000 -9.503261 
-0.571000 -9.477783 
-0.570000 -9.451930 
-0.569000 -9.425705 
-0.568000 -9.399107 
-0.567000 -9.372139 
-0.566000 -9.344800 
-0.565000 -9.317093 
-0.564000 -9.289018 
-0.563000 -9.260576 
-0.562000 -9.231768 
-0.561000 -9.202596 
-0.560000 -9.173061 
-0.559000 -9.143163 
-0.558000 -9.112905 
-0.557000 -9.082287 
-0.556000 -9.051310 
-0.555000 -9.019976 
-0.554000 -8.988286 
-0.553000 -8.956240 
-0.552000 -8.923842 
-0.551000 -8.891091 
-0.550000 -8.857989 
-0.549000 -8.824537 
-0.548000 -8.790738 
-0.547000 -8.756590 
-0.546000 -8.722098 
-0.545000 -8.687261 
-0.544000 -8.652081 
-0.543000 -8.616559 
-0.542000 -8.580697 
-0.541000 -8.544497 
-0.540000 -8.507959 
-0.539000 -8.471085 
-0.538000 -8.433877 
-0.537000 -8.396336 
-0.536000 -8.358464 
-0.535000 -8.320261 
-0.534000 -8.281730 
-0.533000 -8.242872 
-0.532000 -8.203689 
-0.531000 -8.164182 
-0.530000 -8.124352 
-0.529000 -8.084202 
-0.528000 -8.043732 
-0.527000 -8.002945 
-0.526000 -7.961842 
-0.525000 -7.920425 
-0.524000 -7.878695 
-0.523000 -7.836654 
-0.522000 -7.794304 
-0.521000 -7.751646 
-0.520000 -7.708682 
-0.519000 -7.665414 
-0.518000 -7.621843 
-0.517000 -7.577971 
-0.516000 -7.533800 
-0.515000 -7.489331 
-0.514000 -7.444567 
-0.513000 -7.399509 
-0.512000 -7.354159 
-0.511000 -7.308518 
-0.510000 -7.262589 
-0.509000 -7.216373 
-0.508000 -7.169873 
-0.507000 -7.123089 
-0.506000 -7.076024 
-0.505000 -7.028680 
-0.504000 -6.981058 
-0.503000 -6.933161 
-0.502000 -6.884990 
-0.501000 -6.836547 
-0.500000 -6.787834 
-0.499000 -6.738854 
-0.498000 -6.689607 
-0.497000 -6.640096 
-0.496000 -6.590323 
-0.495000 -6.540290 
-0.494000 -6.489998 
-0.493000 -6.439451 
-0.492000 -6.388649 
-0.491000 -6.337595 
-0.490000 -6.286291 
-0.489000 -6.234738 
-0.488000 -6.182940 
-0.487000 -6.130897 
-0.486000 -6.078613 
-0.485000 -6.026088 
-0.484000 -5.973326 
-0.483000 -5.920327 
-0.482000 -5.867095 
-0.481000 -5.813632 
-0.480000 -5.759938 
-0.479000 -5.706018 
-0.478000 -5.651872 
-0.477000 -5.597503 
-0.476000 -5.542913 
-0.475000 -5.488104 
-0.474000 -5.433079 
-0.473000 -5.377839 
-0.472000 -5.322387 
-0.471000 -5.266724 
-0.470000 -5.210854 
-0.469000 -5.154778 
-0.468000 -5.098498 
-0.467000 -5.042018 
-0.466000 -4.985338 
-0.465000 -4.928461 
-0.464000 -4.871390 
-0.463000 -4.814127 
-0.462000 -4.756673 
-0.461000 -4.699032 
-0.460000 -4.641205 
-0.459000 -4.583195 
-0.458000 -4.525004 
-0.457000 -4.466634 
-0.456000 -4.408088 
-0.455000 -4.349368 
-0.454000 -4.290476 
-0.453000 -4.231415 
-0.452000 -4.172187 
-0.451000 -4.112794 
-0.450000 -4.053239 
-0.449000 -3.993524 
-0.448000 -3.933651 
-0.447000 -3.873622 
-0.446000 -3.813441 
-0.445000 -3.753110 
-0.444000 -3.692630 
-0.443000 -3.632004 
-0.442000 -3.571235 
-0.441000 -3.510325 
-0.440000 -3.449277 
-0.439000 -3.388092 
-0.438000 -3.326773 
-0.437000 -3.265324 
-0.436000 -3.203745 
-0.435000 -3.142040 
-0.434000 -3.080210 
-0.433000 -3.018259 
-0.432000 -2.956189 
-0.431000 -2.894003 
-0.430000 -2.831702 
-0.429000 -2.769289 
-0.428000 -2.706767 
-0.427000 -2.644138 
-0.426000 -2.581405 
-0.425000 -2.518569 
-0.424000 -2.455635 
-0.423000 -2.392603 
-0.422000 -2.329477 
-0.421000 -2.266259 
-0.420000 -2.202951 
-0.419000 -2.139557 
-0.418000 -2.076078 
-0.417000 -2.012517 
-0.416000 -1.948877 
-0.415000 -1.885159 
-0.414000 -1.821368 
-0.413000 -1.757504 
-0.412000 -1.693571 
-0.411000 -1.629571 
-0.410000 -1.565507 
-0.409000 -1.501381 
-0.408000 -1.437196 
-0.407000 -1.372954 
-0.406000 -1.308657 
-0.405000 -1.244310 
-0.404000 -1.179913 
-0.403000 -1.115469 
-0.402000 -1.050981 
-0.401000 -0.986452 
-0.400000 -0.921884 
-0.399000 -0.857280 
-0.398000 -0.792641 
-0.397000 -0.727972 
-0.396000 -0.663274 
-0.395000 -0.598549 
-0.394000 -0.533801 
-0.393000 -0.469032 
-0.392000 -0.404244 
-0.391000 -0.339440 
-0.390000 -0.274623 
-0.389000 -0.209795 
-0.388000 -0.144959 
-0.387000 -0.080117 
-0.386000 -0.015272 
-0.385000 0.049574 
-0.384000 0.114417 
-0.383000 0.179257 
-0.382000 0.244089 
-0.381000 0.308911 
-0.380000 0.373722 
-0.379000 0.438517 
-0.378000 0.503295 
-0.377000 0.568054 
-0.376000 0.632790 
-0.375000 0.697501 
-0.374000 0.762184 
-0.373000 0.826838 
-0.372000 0.891458 
-0.371000 0.956044 
-0.370000 1.020592 
-0.369000 1.085099 
-0.368000 1.149564 
-0.367000 1.213983 
-0.366000 1.278354 
-0.365000 1.342675 
-0.364000 1.406943 
-0.363000 1.471155 
-0.362000 1.535310 
-0.361000 1.599403 
-0.360000 1.663434 
-0.359000 1.727398 
-0.358000 1.791295 
-0.357000 1.855121 
-0.356000 1.918874 
-0.355000 1.982551 
-0.354000 2.046149 
-0.353000 2.109667 
-0.352000 2.173102 
-0.351000 2.236450 
-0.350000 2.299711 
-0.349000 2.362881 
-0.348000 2.425957 
-0.347000 2.488938 
-0.346000 2.551820 
-0.345000 2.614602 
-0.344000 2.677280 
-0.343000 2.739853 
-0.342000 2.802317 
-0.341000 2.864671 
-0.340000 2.926912 
-0.339000 2.989038 
-0.338000 3.051045 
-0.337000 3.112932 
-0.336000 3.174696 
-0.335000 3.236334 
-0.334000 3.297845 
-0.333000 3.359226 
-0.332000 3.420474 
-0.331000 3.481587 
-0.330000 3.542562 
-0.329000 3.603398 
-0.328000 3.664092 
-0.327000 3.724640 
-0.326000 3.785042 
-0.325000 3.845295 
-0.324000 3.905395 
-0.323000 3.965341 
-0.322000 4.025131 
-0.321000 4.084762 
-0.320000 4.144232 
-0.319000 4.203538 
-0.318000 4.262678 
-0.317000 4.321650 
-0.316000 4.380451 
-0.315000 4.439079 
-0.314000 4.497532 
-0.313000 4.555808 
-0.312000 4.613903 
-0.311000 4.671817 
-0.310000 4.729546 
-0.309000 4.787088 
-0.308000 4.844441 
-0.307000 4.901603 
-0.306000 4.958572 
-0.305000 5.015345 
-0.304000 5.071920 
-0.303000 5.128294 
-0.302000 5.184466 
-0.301000 5.240434 
-0.300000 5.296194 
-0.299000 5.351746 
-0.298000 5.407086 
-0.297000 5.462213 
-0.296000 5.517124 
-0.295000 5.571817 
-0.294000 5.626290 
-0.293000 5.680542 
-0.292000 5.734569 
-0.291000 5.788369 
-0.290000 5.841941 
-0.289000 5.895283 
-0.288000 5.948391 
-0.287000 6.001265 
-0.286000 6.053902 
-0.285000 6.106300 
-0.284000 6.158457 
-0.283000 6.210371 
-0.282000 6.262039 
-0.281000 6.313461 
-0.280000 6.364633 
-0.279000 6.415553 
-0.278000 6.466221 
-0.277000 6.516633 
-0.276000 6.566788 
-0.275000 6.616684 
-0.274000 6.666319 
-0.273000 6.715690 
-0.272000 6.764796 
-0.271000 6.813636 
-0.270000 6.862206 
-0.269000 6.910505 
-0.268000 6.958532 
-0.267000 7.006283 
-0.266000 7.053759 
-0.265000 7.100955 
-0.264000 7.147872 
-0.263000 7.194506 
-0.262000 7.240856 
-0.261000 7.286920 
-0.260000 7.332697 
-0.259000 7.378184 
-0.258000 7.423380 
-0.257000 7.468283 
-0.256000 7.512891 
-0.255000 7.557202 
-0.254000 7.601215 
-0.253000 7.644928 
-0.252000 7.688339 
-0.251000 7.731447 
-0.250000 7.774249 
-0.249000 7.816745 
-0.248000 7.858932 
-0.247000 7.900808 
-0.246000 7.942373 
-0.245000 7.983624 
-0.244000 8.024560 
-0.243000 8.065179 
-0.242000 8.105480 
-0.241000 8.145461 
-0.240000 8.185120 
-0.239000 8.224456 
-0.238000 8.263468 
-0.237000 8.302153 
-0.236000 8.340510 
-0.235000 8.378538 
-0.234000 8.416236 
-0.233000 8.453601 
-0.232000 8.490632 
-0.231000 8.527329 
-0.230000 8.563688 
-0.229000 8.599710 
-0.228000 8.635392 
-0.227000 8.670733 
-0.226000 8.705731 
-0.225000 8.740387 
-0.224000 8.774697 
-0.223000 8.808660 
-0.222000 8.842276 
-0.221000 8.875543 
-0.220000 8.908459 
-0.219000 8.941024 
-0.218000 8.973236 
-0.217000 9.005093 
-0.216000 9.036595 
-0.215000 9.067740 
-0.214000 9.098528 
-0.213000 9.128956 
-0.212000 9.159023 
-0.211000 9.188729 
-0.210000 9.218073 
-0.209000 9.247052 
-0.208000 9.275666 
-0.207000 9.303915 
-0.206000 9.331795 
-0.205000 9.359308 
-0.204000 9.386451 
-0.203000 9.413223 
-0.202000 9.439624 
-0.201000 9.465652 
-0.200000 9.491307 
-0.199000 9.516586 
-0.198000 9.541490 
-0.197000 9.566018 
-0.196000 9.590167 
-0.195000 9.613938 
-0.194000 9.637330 
-0.193000 9.660341 
-0.192000 9.682971 
-0.191000 9.705218 
-0.190000 9.727083 
-0.189000 9.748563 
-0.188000 9.769658 
-0.187000 9.790368 
-0.186000 9.810691 
-0.185000 9.830627 
-0.184000 9.850175 
-0.183000 9.869334 
-0.182000 9.888103 
-0.181000 9.906482 
-0.180000 9.924470 
-0.179000 9.942066 
-0.178000 9.959270 
-0.177000 9.976080 
-0.176000 9.992497 
-0.175000 10.008519 
-0.174000 10.024146 
-0.173000 10.039377 
-0.172000 10.054212 
-0.171000 10.068650 
-0.170000 10.082691 
-0.169000 10.096333 
-0.168000 10.109577 
-0.167000 10.122422 
-0.166000 10.134867 
-0.165000 10.146912 
-0.164000 10.158556 
-0.163000 10.169800 
-0.162000 10.180642 
-0.161000 10.191082 
-0.160000 10.201119 
-0.159000 10.210754 
-0.158000 10.219986 
-0.157000 10.228814 
-0.156000 10.237239 
-0.155000 10.245259 
-0.154000 10.252875 
-0.153000 10.260086 
-0.152000 10.266893 
-0.151000 10.273293 
-0.150000 10.279289 
-0.149000 10.284878 
-0.148000 10.290061 
-0.147000 10.294839 
-0.146000 10.299209 
-0.145000 10.303173 
-0.144000 10.306731 
-0.143000 10.309881 
-0.142000 10.312625 
-0.141000 10.314961 
-0.140000 10.316890 
-0.139000 10.318412 
-0.138000 10.319527 
-0.137000 10.320234 
-0.136000 10.320533 
-0.135000 10.320426 
-0.134000 10.319911 
-0.133000 10.318988 
-0.132000 10.317658 
-0.131000 10.315921 
-0.130000 10.313776 
-0.129000 10.311224 
-0.128000 10.308266 
-0.127000 10.304900 
-0.126000 10.301127 
-0.125000 10.296948 
-0.124000 10.292362 
-0.123000 10.287370 
-0.122000 10.281972 
-0.121000 10.276168 
-0.120000 10.269958 
-0.119000 10.263343 
-0.118000 10.256322 
-0.117000 10.248897 
-0.116000 10.241067 
-0.115000 10.232833 
-0.114000 10.224195 
-0.113000 10.215153 
-0.112000 10.205708 
-0.111000 10.195860 
-0.110000 10.185609 
-0.109000 10.174956 
-0.108000 10.163902 
-0.107000 10.152447 
-0.106000 10.140590 
-0.105000 10.128333 
-0.104000 10.115677 
-0.103000 10.102621 
-0.102000 10.089166 
-0.101000 10.075313 
-0.100000 10.061062 
-0.099000 10.046414 
-0.098000 10.031370 
-0.097000 10.015929 
-0.096000 10.000093 
-0.095000 9.983862 
-0.094000 9.967237 
-0.093000 9.950219 
-0.092000 9.932807 
-0.091000 9.915004 
-0.090000 9.896809 
-0.089000 9.878223 
-0.088000 9.859248 
-0.087000 9.839883 
-0.086000 9.820130 
-0.085000 9.799989 
-0.084000 9.779461 
-0.083000 9.758547 
-0.082000 9.737248 
-0.081000 9.715565 
-0.080000 9.693498 
-0.079000 9.671048 
-0.078000 9.648216 
-0.077000 9.625004 
-0.076000 9.601411 
-0.075000 9.577440 
-0.074000 9.553090 
-0.073000 9.528364 
-0.072000 9.503261 
-0.071000 9.477783 
-0.070000 9.451930 
-0.069000 9.425705 
-0.068000 9.399107 
-0.067000 9.372139 
-0.066000 9.344800 
-0.065000 9.317093 
-0.064000 9.289018 
-0.063000 9.260576 
-0.062000 9.231768 
-0.061000 9.202596 
-0.060000 9.173061 
-0.059000 9.143163 
-0.058000 9.112905 
-0.057000 9.082287 
-0.056000 9.051310 
-0.055000 9.019976 
-0.054000 8.988286 
-0.053000 8.956240 
-0.052000 8.923842 
-0.051000 8.891091 
-0.050000 8.857989 
-0.049000 8.824537 
-0.048000 8.790738 
-0.047000 8.756590 
-0.046000 8.722098 
-0.045000 8.687261 
-0.044000 8.652081 
-0.043000 8.616559 
-0.042000 8.580697 
-0.041000 8.544497 
-0.040000 8.507959 
-0.039000 8.471085 
-0.038000 8.433877 
-0.037000 8.396336 
-0.036000 8.358464 
-0.035000 8.320261 
-0.034000 8.281730 
-0.033000 8.242872 
-0.032000 8.203689 
-0.031000 8.164182 
-0.030000 8.124352 
-0.029000 8.084202 
-0.028000 8.043732 
-0.027000 8.002945 
-0.026000 7.961842 
-0.025000 7.920425 
-0.024000 7.878695 
-0.023000 7.836654 
-0.022000 7.794304 
-0.021000 7.751646 
-0.020000 7.708682 
-0.019000 7.665414 
-0.018000 7.621843 
-0.017000 7.577971 
-0.016000 7.533800 
-0.015000 7.489331 
-0.014000 7.444567 
-0.013000 7.399509 
-0.012000 7.354159 
-0.011000 7.308518 
-0.010000 7.262589 
-0.009000 7.216373 
-0.008000 7.169873 
-0.007000 7.123089 
-0.006000 7.076024 
-0.005000 7.028680 
-0.004000 6.981058 
-0.003000 6.933161 
-0.002000 6.884990 
-0.001000 6.836547 
-0.000000 6.787834 
0.001000 6.738854 
0.002000 6.689607 
0.003000 6.640096 
0.004000 6.590323 
0.005000 6.540290 
0.006000 6.489998 
0.007000 6.439451 
0.008000 6.388649 
0.009000 6.337595 
0.010000 6.286291 
0.011000 6.234738 
0.012000 6.182940 
0.013000 6.130897 
0.014000 6.078613 
0.015000 6.026088 
0.016000 5.973326 
0.017000 5.920327 
0.018000 5.867095 
0.019000 5.813632 
0.020000 5.759938 
0.021000 5.706018 
0.022000 5.651872 
0.023000 5.597503 
0.024000 5.542913 
0.025000 5.488104 
0.026000 5.433079 
0.027000 5.377839 
0.028000 5.322387 
0.029000 5.266724 
0.030000 5.210854 
0.031000 5.154778 
0.032000 5.098498 
0.033000 5.042018 
0.034000 4.985338 
0.035000 4.928461 
0.036000 4.871390 
0.037000 4.814127 
0.038000 4.756673 
0.039000 4.699032 
0.040000 4.641205 
0.041000 4.583195 
0.042000 4.525004 
0.043000 4.466634 
0.044000 4.408088 
0.045000 4.349368 
0.046000 4.290476 
0.047000 4.231415 
0.048000 4.172187 
0.049000 4.112794 
0.050000 4.053239 
0.051000 3.993524 
0.052000 3.933651 
0.053000 3.873622 
0.054000 3.813441 
0.055000 3.753110 
0.056000 3.692630 
0.057000 3.632004 
0.058000 3.571235 
0.059000 3.510325 
0.060000 3.449277 
0.061000 3.388092 
0.062000 3.326773 
0.063000 3.265324 
0.064000 3.203745 
0.065000 3.142040 
0.066000 3.080210 
0.067000 3.018259 
0.068000 2.956189 
0.069000 2.894003 
0.070000 2.831702 
0.071000 2.769289 
0.072000 2.706767 
0.073000 2.644138 
0.074000 2.581405 
0.075000 2.518569 
0.076000 2.455635 
0.077000 2.392603 
0.078000 2.329477 
0.079000 2.266259 
0.080000 2.202951 
0.081000 2.139557 
0.082000 2.076078 
0.083000 2.012517 
0.084000 1.948877 
0.085000 1.885159 
0.086000 1.821368 
0.087000 1.757504 
0.088000 1.693571 
0.089000 1.629571 
0.090000 1.565507 
0.091000 1.501381 
0.092000 1.437196 
0.093000 1.372954 
0.094000 1.308657 
0.095000 1.244310 
0.096000 1.179913 
0.097000 1.115469 
0.098000 1.050981 
0.099000 0.986452 
0.100000 0.921884 
0.101000 0.857280 
0.102000 0.792641 
0.103000 0.727972 
0.104000 0.663274 
0.105000 0.598549 
0.106000 0.533801 
0.107000 0.469032 
0.108000 0.404244 
0.109000 0.339440 
0.110000 0.274623 
0.111000 0.209795 
0.112000 0.144959 
0.113000 0.080117 
0.114000 0.015272 
0.115000 -0.049574 
0.116000 -0.114417 
0.117000 -0.179257 
0.118000 -0.244089 
0.119000 -0.308911 
0.120000 -0.373722 
0.121000 -0.438517 
0.122000 -0.503295 
0.123000 -0.568054 
0.124000 -0.632790 
0.125000 -0.697501 
0.126000 -0.762184 
0.127000 -0.826838 
0.128000 -0.891458 
0.129000 -0.956044 
0.130000 -1.020592 
0.131000 -1.085099 
0.132000 -1.149564 
0.133000 -1.213983 
0.134000 -1.278354 
0.135000 -1.342675 
0.136000 -1.406943 
0.137000 -1.471155 
0.138000 -1.535310 
0.139000 -1.599403 
0.140000 -1.663434 
0.141000 -1.727398 
0.142000 -1.791295 
0.143000 -1.855121 
0.144000 -1.918874 
0.145000 -1.982551 
0.146000 -2.046149 
0.147000 -2.109667 
0.148000 -2.173102 
0.149000 -2.236450 
0.150000 -2.299711 
0.151000 -2.362881 
0.152000 -2.425957 
0.153000 -2.488938 
0.154000 -2.551820 
0.155000 -2.614602 
0.156000 -2.677280 
0.157000 -2.739853 
0.158000 -2.802317 
0.159000 -2.864671 
0.160000 -2.926912 
0.161000 -2.989038 
0.162000 -3.051045 
0.163000 -3.112932 
0.164000 -3.174696 
0.165000 -3.236334 
0.166000 -3.297845 
0.167000 -3.359226 
0.168000 -3.420474 
0.169000 -3.481587 
0.170000 -3.542562 
0.171000 -3.603398 
0.172000 -3.664092 
0.173000 -3.724640 
0.174000 -3.785042 
0.175000 -3.845295 
0.176000 -3.905395 
0.177000 -3.965341 
0.178000 -4.025131 
0.179000 -4.084762 
0.180000 -4.144232 
0.181000 -4.203538 
0.182000 -4.262678 
0.183000 -4.321650 
0.184000 -4.380451 
0.185000 -4.439079 
0.186000 -4.497532 
0.187000 -4.555808 
0.188000 -4.613903 
0.189000 -4.671817 
0.190000 -4.729546 
0.191000 -4.787088 
0.192000 -4.844441 
0.193000 -4.901603 
0.194000 -4.958572 
0.195000 -5.015345 
0.196000 -5.071920 
0.197000 -5.128294 
0.198000 -5.184466 
0.199000 -5.240434 
0.200000 -5.296194 
0.201000 -5.351746 
0.202000 -5.407086 
0.203000 -5.462213 
0.204000 -5.517124 
0.205000 -5.571817 
0.206000 -5.626290 
0.207000 -5.680542 
0.208000 -5.734569 
0.209000 -5.788369 
0.210000 -5.841941 
0.211000 -5.895283 
0.212000 -5.948391 
0.213000 -6.001265 
0.214000 -6.053902 
0.215000 -6.106300 
0.216000 -6.158457 
0.217000 -6.210371 
0.218000 -6.262039 
0.219000 -6.313461 
0.220000 -6.364633 
0.221000 -6.415553 
0.222000 -6.466221 
0.223000 -6.516633 
0.224000 -6.566788 
0.225000 -6.616684 
0.226000 -6.666319 
0.227000 -6.715690 
0.228000 -6.764796 
0.229000 -6.813636 
0.230000 -6.862206 
0.231000 -6.910505 
0.232000 -6.958532 
0.233000 -7.006283 
0.234000 -7.053759 
0.235000 -7.100955 
0.236000 -7.147872 
0.237000 -7.194506 
0.238000 -7.240856 
0.239000 -7.286920 
0.240000 -7.332697 
0.241000 -7.378184 
0.242000 -7.423380 
0.243000 -7.468283 
0.244000 -7.512891 
0.245000 -7.557202 
0.246000 -7.601215 
0.247000 -7.644928 
0.248000 -7.688339 
0.249000 -7.731447 
0.250000 -7.774249 
0.251000 -7.816745 
0.252000 -7.858932 
0.253000 -7.900808 
0.254000 -7.942373 
0.255000 -7.983624 
0.256000 -8.024560 
0.257000 -8.065179 
0.258000 -8.105480 
0.259000 -8.145461 
0.260000 -8.185120 
0.261000 -8.224456 
0.262000 -8.263468 
0.263000 -8.302153 
0.264000 -8.340510 
0.265000 -8.378538 
0.266000 -8.416236 
0.267000 -8.453601 
0.268000 -8.490632 
0.269000 -8.527329 
0.270000 -8.563688 
0.271000 -8.599710 
0.272000 -8.635392 
0.273000 -8.670733 
0.274000 -8.705731 
0.275000 -8.740387 
0.276000 -8.774697 
0.277000 -8.808660 
0.278000 -8.842276 
0.279000 -8.875543 
0.280000 -8.908459 
0.281000 -8.941024 
0.282000 -8.973236 
0.283000 -9.005093 
0.284000 -9.036595 
0.285000 -9.067740 
0.286000 -9.098528 
0.287000 -9.128956 
0.288000 -9.159023 
0.289000 -9.188729 
0.290000 -9.218073 
0.291000 -9.247052 
0.292000 -9.275666 
0.293000 -9.303915 
0.294000 -9.331795 
0.295000 -9.359308 
0.296000 -9.386451 
0.297000 -9.413223 
0.298000 -9.439624 
0.299000 -9.465652 
0.300000 -9.491307 
0.301000 -9.516586 
0.302000 -9.541490 
0.303000 -9.566018 
0.304000 -9.590167 
0.305000 -9.613938 
0.306000 -9.637330 
0.307000 -9.660341 
0.308000 -9.682971 
0.309000 -9.705218 
0.310000 -9.727083 
0.311000 -9.748563 
0.312000 -9.769658 
0.313000 -9.790368 
0.314000 -9.810691 
0.315000 -9.830627 
0.316000 -9.850175 
0.317000 -9.869334 
0.318000 -9.888103 
0.319000 -9.906482 
0.320000 -9.924470 
0.321000 -9.942066 
0.322000 -9.959270 
0.323000 -9.976080 
0.324000 -9.992497 
0.325000 -10.008519 
0.326000 -10.024146 
0.327000 -10.039377 
0.328000 -10.054212 
0.329000 -10.068650 
0.330000 -10.082691 
0.331000 -10.096333 
0.332000 -10.109577 
0.333000 -10.122422 
0.334000 -10.134867 
0.335000 -10.146912 
0.336000 -10.158556 
0.337000 -10.169800 
0.338000 -10.180642 
0.339000 -10.191082 
0.340000 -10.201119 
0.341000 -10.210754 
0.342000 -10.219986 
0.343000 -10.228814 
0.344000 -10.237239 
0.345000 -10.245259 
0.346000 -10.252875 
0.347000 -10.260086 
0.348000 -10.266893 
0.349000 -10.273293 
0.350000 -10.279289 
0.351000 -10.284878 
0.352000 -10.290061 
0.353000 -10.294839 
0.354000 -10.299209 
0.355000 -10.303173 
0.356000 -10.306731 
0.357000 -10.309881 
0.358000 -10.312625 
0.359000 -10.314961 
0.360000 -10.316890 
0.361000 -10.318412 
0.362000 -10.319527 
0.363000 -10.320234 
0.364000 -10.320533 
0.365000 -10.320426 
0.366000 -10.319911 
0.367000 -10.318988 
0.368000 -10.317658 
0.369000 -10.315921 
0.370000 -10.313776 
0.371000 -10.311224 
0.372000 -10.308266 
0.373000 -10.304900 
0.374000 -10.301127 
0.375000 -10.296948 
0.376000 -10.292362 
0.377000 -10.287370 
0.378000 -10.281972 
0.379000 -10.276168 
0.380000 -10.269958 
0.381000 -10.263343 
0.382000 -10.256322 
0.383000 -10.248897 
0.384000 -10.241067 
0.385000 -10.232833 
0.386000 -10.224195 
0.387000 -10.215153 
0.388000 -10.205708 
0.389000 -10.195860 
0.390000 -10.185609 
0.391000 -10.174956 
0.392000 -10.163902 
0.393000 -10.152447 
0.394000 -10.140590 
0.395000 -10.128333 
0.396000 -10.115677 
0.397000 -10.102621 
0.398000 -10.089166 
0.399000 -10.075313 
0.400000 -10.061062 
0.401000 -10.046414 
0.402000 -10.031370 
0.403000 -10.015929 
0.404000 -10.000093 
0.405000 -9.983862 
0.406000 -9.967237 
0.407000 -9.950219 
0.408000 -9.932807 
0.409000 -9.915004 
0.410000 -9.896809 
0.411000 -9.878223 
0.412000 -9.859248 
0.413000 -9.839883 
0.414000 -9.820130 
0.415000 -9.799989 
0.416000 -9.779461 
0.417000 -9.758547 
0.418000 -9.737248 
0.419000 -9.715565 
0.420000 -9.693498 
0.421000 -9.671048 
0.422000 -9.648216 
0.423000 -9.625004 
0.424000 -9.601411 
0.425000 -9.577440 
0.426000 -9.553090 
0.427000 -9.528364 
0.428000 -9.503261 
0.429000 -9.477783 
0.430000 -9.451930 
0.431000 -9.425705 
0.432000 -9.399107 
0.433000 -9.372139 
0.434000 -9.344800 
0.435000 -9.317093 
0.436000 -9.289018 
0.437000 -9.260576 
0.438000 -9.231768 
0.439000 -9.202596 
0.440000 -9.173061 
0.441000 -9.143163 
0.442000 -9.112905 
0.443000 -9.082287 
0.444000 -9.051310 
0.445000 -9.019976 
0.446000 -8.988286 
0.447000 -8.956240 
0.448000 -8.923842 
0.449000 -8.891091 
0.450000 -8.857989 
0.451000 -8.824537 
0.452000 -8.790738 
0.453000 -8.756590 
0.454000 -8.722098 
0.455000 -8.687261 
0.456000 -8.652081 
0.457000 -8.616559 
0.458000 -8.580697 
0.459000 -8.544497 
0.460000 -8.507959 
0.461000 -8.471085 
0.462000 -8.433877 
0.463000 -8.396336 
0.464000 -8.358464 
0.465000 -8.320261 
0.466000 -8.281730 
0.467000 -8.242872 
0.468000 -8.203689 
0.469000 -8.164182 
0.470000 -8.124352 
0.471000 -8.084202 
0.472000 -8.043732 
0.473000 -8.002945 
0.474000 -7.961842 
0.475000 -7.920425 
0.476000 -7.878695 
0.477000 -7.836654 
0.478000 -7.794304 
0.479000 -7.751646 
0.480000 -7.708682 
0.481000 -7.665414 
0.482000 -7.621843 
0.483000 -7.577971 
0.484000 -7.533800 
0.485000 -7.489331 
0.486000 -7.444567 
0.487000 -7.399509 
0.488000 -7.354159 
0.489000 -7.308518 
0.490000 -7.262589 
0.491000 -7.216373 
0.492000 -7.169873 
0.493000 -7.123089 
0.494000 -7.076024 
0.495000 -7.028680 
0.496000 -6.981058 
0.497000 -6.933161 
0.498000 -6.884990 
0.499000 -6.836547 
0.500000 -6.787834 
0.501000 -6.738854 
0.502000 -6.689607 
0.503000 -6.640096 
0.504000 -6.590323 
0.505000 -6.540290 
0.506000 -6.489998 
0.507000 -6.439451 
0.508000 -6.388649 
0.509000 -6.337595 
0.510000 -6.286291 
0.511000 -6.234738 
0.512000 -6.182940 
0.513000 -6.130897 
0.514000 -6.078613 
0.515000 -6.026088 
0.516000 -5.973326 
0.517000 -5.920327 
0.518000 -5.867095 
0.519000 -5.813632 
0.520000 -5.759938 
0.521000 -5.706018 
0.522000 -5.651872 
0.523000 -5.597503 
0.524000 -5.542913 
0.525000 -5.488104 
0.526000 -5.433079 
0.527000 -5.377839 
0.528000 -5.322387 
0.529000 -5.266724 
0.530000 -5.210854 
0.531000 -5.154778 
0.532000 -5.098498 
0.533000 -5.042018 
0.534000 -4.985338 
0.535000 -4.928461 
0.536000 -4.871390 
0.537000 -4.814127 
0.538000 -4.756673 
0.539000 -4.699032 
0.540000 -4.641205 
0.541000 -4.583195 
0.542000 -4.525004 
0.543000 -4.466634 
0.544000 -4.408088 
0.545000 -4.349368 
0.546000 -4.290476 
0.547000 -4.231415 
0.548000 -4.172187 
0.549000 -4.112794 
0.550000 -4.053239 
0.551000 -3.993524 
0.552000 -3.933651 
0.553000 -3.873622 
0.554000 -3.813441 
0.555000 -3.753110 
0.556000 -3.692630 
0.557000 -3.632004 
0.558000 -3.571235 
0.559000 -3.510325 
0.560000 -3.449277 
0.561000 -3.388092 
0.562000 -3.326773 
0.563000 -3.265324 
0.564000 -3.203745 
0.565000 -3.142040 
0.566000 -3.080210 
0.567000 -3.018259 
0.568000 -2.956189 
0.569000 -2.894003 
0.570000 -2.831702 
0.571000 -2.769289 
0.572000 -2.706767 
0.573000 -2.644138 
0.574000 -2.581405 
0.575000 -2.518569 
0.576000 -2.455635 
0.577000 -2.392603 
0.578000 -2.329477 
0.579000 -2.266259 
0.580000 -2.202951 
0.581000 -2.139557 
0.582000 -2.076078 
0.583000 -2.012517 
0.584000 -1.948877 
0.585000 -1.885159 
0.586000 -1.821368 
0.587000 -1.757504 
0.588000 -1.693571 
0.589000 -1.629571 
0.590000 -1.565507 
0.591000 -1.501381 
0.592000 -1.437196 
0.593000 -1.372954 
0.594000 -1.308657 
0.595000 -1.244310 
0.596000 -1.179913 
0.597000 -1.115469 
0.598000 -1.050981 
0.599000 -0.986452 
0.600000 -0.921884 
0.601000 -0.857280 
0.602000 -0.792641 
0.603000 -0.727972 
0.604000 -0.663274 
0.605000 -0.598549 
0.606000 -0.533801 
0.607000 -0.469032 
0.608000 -0.404244 
0.609000 -0.339440 
0.610000 -0.274623 
0.611000 -0.209795 
0.612000 -0.144959 
0.613000 -0.080117 
0.614000 -0.015272 
0.615000 0.049574 
0.616000 0.114417 
0.617000 0.179257 
0.618000 0.244089 
0.619000 0.308911 
0.620000 0.373722 
0.621000 0.438517 
0.622000 0.503295 
0.623000 0.568054 
0.624000 0.632790 
0.625000 0.697501 
0.626000 0.762184 
0.627000 0.826838 
0.628000 0.891458 
0.629000 0.956044 
0.630000 1.020592 
0.631000 1.085099 
0.632000 1.149564 
0.633000 1.213983 
0.634000 1.278354 
0.635000 1.342675 
0.636000 1.406943 
0.637000 1.471155 
0.638000 1.535310 
0.639000 1.599403 
0.640000 1.663434 
0.641000 1.727398 
0.642000 1.791295 
0.643000 1.855121 
0.644000 1.918874 
0.645000 1.982551 
0.646000 2.046149 
0.647000 2.109667 
0.648000 2.173102 
0.649000 2.236450 
0.650000 2.299711 
0.651000 2.362881 
0.652000 2.425957 
0.653000 2.488938 
0.654000 2.551820 
0.655000 2.614602 
0.656000 2.677280 
0.657000 2.739853 
0.658000 2.802317 
0.659000 2.864671 
0.660000 2.926912 
0.661000 2.989038 
0.662000 3.051045 
0.663000 3.112932 
0.664000 3.174696 
0.665000 3.236334 
0.666000 3.297845 
0.667000 3.359226 
0.668000 3.420474 
0.669000 3.481587 
0.670000 3.542562 
0.671000 3.603398 
0.672000 3.664092 
0.673000 3.724640 
0.674000 3.785042 
0.675000 3.845295 
0.676000 3.905395 
0.677000 3.965341 
0.678000 4.025131 
0.679000 4.084762 
0.680000 4.144232 
0.681000 4.203538 
0.682000 4.262678 
0.683000 4.321650 
0.684000 4.380451 
0.685000 4.439079 
0.686000 4.497532 
0.687000 4.555808 
0.688000 4.613903 
0.689000 4.671817 
0.690000 4.729546 
0.691000 4.787088 
0.692000 4.844441 
0.693000 4.901603 
0.694000 4.958572 
0.695000 5.015345 
0.696000 5.071920 
0.697000 5.128294 
0.698000 5.184466 
0.699000 5.240434 
0.700000 5.296194 
0.701000 5.351746 
0.702000 5.407086 
0.703000 5.462213 
0.704000 5.517124 
0.705000 5.571817 
0.706000 5.626290 
0.707000 5.680542 
0.708000 5.734569 
0.709000 5.788369 
0.710000 5.841941 
0.711000 5.895283 
0.712000 5.948391 
0.713000 6.001265 
0.714000 6.053902 
0.715000 6.106300 
0.716000 6.158457 
0.717000 6.210371 
0.718000 6.262039 
0.719000 6.313461 
0.720000 6.364633 
0.721000 6.415553 
0.722000 6.466221 
0.723000 6.516633 
0.724000 6.566788 
0.725000 6.616684 
0.726000 6.666319 
0.727000 6.715690 
0.728000 6.764796 
0.729000 6.813636 
0.730000 6.862206 
0.731000 6.910505 
0.732000 6.958532 
0.733000 7.006283 
0.734000 7.053759 
0.735000 7.100955 
0.736000 7.147872 
0.737000 7.194506 
0.738000 7.240856 
0.739000 7.286920 
0.740000 7.332697 
0.741000 7.378184 
0.742000 7.423380 
0.743000 7.468283 
0.744000 7.512891 
0.745000 7.557202 
0.746000 7.601215 
0.747000 7.644928 
0.748000 7.688339 
0.749000 7.731447 
0.750000 7.774249 
0.751000 7.816745 
0.752000 7.858932 
0.753000 7.900808 
0.754000 7.942373 
0.755000 7.983624 
0.756000 8.024560 
0.757000 8.065179 
0.758000 8.105480 
0.759000 8.145461 
0.760000 8.185120 
0.761000 8.224456 
0.762000 8.263468 
0.763000 8.302153 
0.764000 8.340510 
0.765000 8.378538 
0.766000 8.416236 
0.767000 8.453601 
0.768000 8.490632 
0.769000 8.527329 
0.770000 8.563688 
0.771000 8.599710 
0.772000 8.635392 
0.773000 8.670733 
0.774000 8.705731 
0.775000 8.740387 
0.776000 8.774697 
0.777000 8.808660 
0.778000 8.842276 
0.779000 8.875543 
0.780000 8.908459 
0.781000 8.941024 
0.782000 8.973236 
0.783000 9.005093 
0.784000 9.036595 
0.785000 9.067740 
0.786000 9.098528 
0.787000 9.128956 
0.788000 9.159023 
0.789000 9.188729 
0.790000 9.218073 
0.791000 9.247052 
0.792000 9.275666 
0.793000 9.303915 
0.794000 9.331795 
0.795000 9.359308 
0.796000 9.386451 
0.797000 9.413223 
0.798000 9.439624 
0.799000 9.465652 
0.800000 9.491307 
0.801000 9.516586 
0.802000 9.541490 
0.803000 9.566018 
0.804000 9.590167 
0.805000 9.613938 
0.806000 9.637330 
0.807000 9.660341 
0.808000 9.682971 
0.809000 9.705218 
0.810000 9.727083 
0.811000 9.748563 
0.812000 9.769658 
0.813000 9.790368 
0.814000 9.810691 
0.815000 9.830627 
0.816000 9.850175 
0.817000 9.869334 
0.818000 9.888103 
0.819000 9.906482 
0.820000 9.924470 
0.821000 9.942066 
0.822000 9.959270 
0.823000 9.976080 
0.824000 9.992497 
0.825000 10.008519 
0.826000 10.024146 
0.827000 10.039377 
0.828000 10.054212 
0.829000 10.068650 
0.830000 10.082691 
0.831000 10.096333 
0.832000 10.109577 
0.833000 10.122422 
0.834000 10.134867 
0.835000 10.146912 
0.836000 10.158556 
0.837000 10.169800 
0.838000 10.180642 
0.839000 10.191082 
0.840000 10.201119 
0.841000 10.210754 
0.842000 10.219986 
0.843000 10.228814 
0.844000 10.237239 
0.845000 10.245259 
0.846000 10.252875 
0.847000 10.260086 
0.848000 10.266893 
0.849000 10.273293 
0.850000 10.279289 
0.851000 10.284878 
0.852000 10.290061 
0.853000 10.294839 
0.854000 10.299209 
0.855000 10.303173 
0.856000 10.306731 
0.857000 10.309881 
0.858000 10.312625 
0.859000 10.314961 
0.860000 10.316890 
0.861000 10.318412 
0.862000 10.319527 
0.863000 10.320234 
0.864000 10.320533 
0.865000 10.320426 
0.866000 10.319911 
0.867000 10.318988 
0.868000 10.317658 
0.869000 10.315921 
0.870000 10.313776 
0.871000 10.311224 
0.872000 10.308266 
0.873000 10.304900 
0.874000 10.301127 
0.875000 10.296948 
0.876000 10.292362 
0.877000 10.287370 
0.878000 10.281972 
0.879000 10.276168 
0.880000 10.269958 
0.881000 10.263343 
0.882000 10.256322 
0.883000 10.248897 
0.884000 10.241067 
0.885000 10.232833 
0.886000 10.224195 
0.887000 10.215153 
0.888000 10.205708 
0.889000 10.195860 
0.890000 10.185609 
0.891000 10.174956 
0.892000 10.163902 
0.893000 10.152447 
0.894000 10.140590 
0.895000 10.128333 
0.896000 10.115677 
0.897000 10.102621 
0.898000 10.089166 
0.899000 10.075313 
0.900000 10.061062 
0.901000 10.046414 
0.902000 10.031370 
0.903000 10.015929 
0.904000 10.000093 
0.905000 9.983862 
0.906000 9.967237 
0.907000 9.950219 
0.908000 9.932807 
0.909000 9.915004 
0.910000 9.896809 
0.911000 9.878223 
0.912000 9.859248 
0.913000 9.839883 
0.914000 9.820130 
0.915000 9.799989 
0.916000 9.779461 
0.917000 9.758547 
0.918000 9.737248 
0.919000 9.715565 
0.920000 9.693498 
0.921000 9.671048 
0.922000 9.648216 
0.923000 9.625004 
0.924000 9.601411 
0.925000 9.577440 
0.926000 9.553090 
0.927000 9.528364 
0.928000 9.503261 
0.929000 9.477783 
0.930000 9.451930 
0.931000 9.425705 
0.932000 9.399107 
0.933000 9.372139 
0.934000 9.344800 
0.935000 9.317093 
0.936000 9.289018 
0.937000 9.260576 
0.938000 9.231768 
0.939000 9.202596 
0.940000 9.173061 
0.941000 9.143163 
0.942000 9.112905 
0.943000 9.082287 
0.944000 9.051310 
0.945000 9.019976 
0.946000 8.988286 
0.947000 8.956240 
0.948000 8.923842 
0.949000 8.891091 
0.950000 8.857989 
0.951000 8.824537 
0.952000 8.790738 
0.953000 8.756590 
0.954000 8.722098 
0.955000 8.687261 
0.956000 8.652081 
0.957000 8.616559 
0.958000 8.580697 
0.959000 8.544497 
0.960000 8.507959 
0.961000 8.471085 
0.962000 8.433877 
0.963000 8.396336 
0.964000 8.358464 
0.965000 8.320261 
0.966000 8.281730 
0.967000 8.242872 
0.968000 8.203689 
0.969000 8.164182 
0.970000 8.124352 
0.971000 8.084202 
0.972000 8.043732 
0.973000 8.002945 
0.974000 7.961842 
0.975000 7.920425 
0.976000 7.878695 
0.977000 7.836654 
0.978000 7.794304 
0.979000 7.751646 
0.980000 7.708682 
0.981000 7.665414 
0.982000 7.621843 
0.983000 7.577971 
0.984000 7.533800 
0.985000 7.489331 
0.986000 7.444567 
0.987000 7.399509 
0.988000 7.354159 
0.989000 7.308518 
0.990000 7.262589 
0.991000 7.216373 
0.992000 7.169873 
0.993000 7.123089 
0.994000 7.076024 
0.995000 7.028680 
0.996000 6.981058 
0.997000 6.933161 
0.998000 6.884990 
0.999000 6.836547 
1.000000 6.787834 
1.001000 6.738854 
1.002000 6.689607 
1.003000 6.640096 
1.004000 6.590323 
1.005000 6.540290 
1.006000 6.489998 
1.007000 6.439451 
1.008000 6.388649 
1.009000 6.337595 
1.010000 6.286291 
1.011000 6.234738 
1.012000 6.182940 
1.013000 6.130897 
1.014000 6.078613 
1.015000 6.026088 
1.016000 5.973326 
1.017000 5.920327 
1.018000 5.867095 
1.019000 5.813632 
1.020000 5.759938 
1.021000 5.706018 
1.022000 5.651872 
1.023000 5.597503 
1.024000 5.542913 
1.025000 5.488104 
1.026000 5.433079 
1.027000 5.377839 
1.028000 5.322387 
1.029000 5.266724 
1.030000 5.210854 
1.031000 5.154778 
1.032000 5.098498 
1.033000 5.042018 
1.034000 4.985338 
1.035000 4.928461 
1.036000 4.871390 
1.037000 4.814127 
1.038000 4.756673 
1.039000 4.699032 
1.040000 4.641205 
1.041000 4.583195 
1.042000 4.525004 
1.043000 4.466634 
1.044000 4.408088 
1.045000 4.349368 
1.046000 4.290476 
1.047000 4.231415 
1.048000 4.172187 
1.049000 4.112794 
1.050000 4.053239 
1.051000 3.993524 
1.052000 3.933651 
1.053000 3.873622 
1.054000 3.813441 
1.055000 3.753110 
1.056000 3.692630 
1.057000 3.632004 
1.058000 3.571235 
1.059000 3.510325 
1.060000 3.449277 
1.061000 3.388092 
1.062000 3.326773 
1.063000 3.265324 
1.064000 3.203745 
1.065000 3.142040 
1.066000 3.080210 
1.067000 3.018259 
1.068000 2.956189 
1.069000 2.894003 
1.070000 2.831702 
1.071000 2.769289 
1.072000 2.706767 
1.073000 2.644138 
1.074000 2.581405 
1.075000 2.518569 
1.076000 2.455635 
1.077000 2.392603 
1.078000 2.329477 
1.079000 2.266259 
1.080000 2.202951 
1.081000 2.139557 
1.082000 2.076078 
1.083000 2.012517 
1.084000 1.948877 
1.085000 1.885159 
1.086000 1.821368 
1.087000 1.757504 
1.088000 1.693571 
1.089000 1.629571 
1.090000 1.565507 
1.091000 1.501381 
1.092000 1.437196 
1.093000 1.372954 
1.094000 1.308657 
1.095000 1.244310 
1.096000 1.179913 
1.097000 1.115469 
1.098000 1.050981 
1.099000 0.986452 
1.100000 0.921884 
1.101000 0.857280 
1.102000 0.792641 
1.103000 0.727972 
1.104000 0.663274 
1.105000 0.598549 
1.106000 0.533801 
1.107000 0.469032 
1.108000 0.404244 
1.109000 0.339440 
1.110000 0.274623 
1.111000 0.209795 
1.112000 0.144959 
1.113000 0.080117 
1.114000 0.015272 
1.115000 -0.049574 
1.116000 -0.114417 
1.117000 -0.179257 
1.118000 -0.244089 
1.119000 -0.308911 
1.120000 -0.373722 
1.121000 -0.438517 
1.122000 -0.503295 
1.123000 -0.568054 
1.124000 -0.632790 
1.125000 -0.697501 
1.126000 -0.762184 
1.127000 -0.826838 
1.128000 -0.891458 
1.129000 -0.956044 
1.130000 -1.020592 
1.131000 -1.085099 
1.132000 -1.149564 
1.133000 -1.213983 
1.134000 -1.278354 
1.135000 -1.342675 
1.136000 -1.406943 
1.137000 -1.471155 
1.138000 -1.535310 
1.139000 -1.599403 
1.140000 -1.663434 
1.141000 -1.727398 
1.142000 -1.791295 
1.143000 -1.855121 
1.144000 -1.918874 
1.145000 -1.982551 
1.146000 -2.046149 
1.147000 -2.109667 
1.148000 -2.173102 
1.149000 -2.236450 
1.150000 -2.299711 
1.151000 -2.362881 
1.152000 -2.425957 
1.153000 -2.488938 
1.154000 -2.551820 
1.155000 -2.614602 
1.156000 -2.677280 
1.157000 -2.739853 
1.158000 -2.802317 
1.159000 -2.864671 
1.160000 -2.926912 
1.161000 -2.989038 
1.162000 -3.051045 
1.163000 -3.112932 
1.164000 -3.174696 
1.165000 -3.236334 
1.166000 -3.297845 
1.167000 -3.359226 
1.168000 -3.420474 
1.169000 -3.481587 
1.170000 -3.542562 
1.171000 -3.603398 
1.172000 -3.664092 
1.173000 -3.724640 
1.174000 -3.785042 
1.175000 -3.845295 
1.176000 -3.905395 
1.177000 -3.965341 
1.178000 -4.025131 
1.179000 -4.084762 
1.180000 -4.144232 
1.181000 -4.203538 
1.182000 -4.262678 
1.183000 -4.321650 
1.184000 -4.380451 
1.185000 -4.439079 
1.186000 -4.497532 
1.187000 -4.555808 
1.188000 -4.613903 
1.189000 -4.671817 
1.190000 -4.729546 
1.191000 -4.787088 
1.192000 -4.844441 
1.193000 -4.901603 
1.194000 -4.958572 
1.195000 -5.015345 
1.196000 -5.071920 
1.197000 -5.128294 
1.198000 -5.184466 
1.199000 -5.240434 
1.200000 -5.296194 
1.201000 -5.351746 
1.202000 -5.407086 
1.203000 -5.462213 
1.204000 -5.517124 
1.205000 -5.571817 
1.206000 -5.626290 
1.207000 -5.680542 
1.208000 -5.734569 
1.209000 -5.788369 
1.210000 -5.841941 
1.211000 -5.895283 
1.212000 -5.948391 
1.213000 -6.001265 
1.214000 -6.053902 
1.215000 -6.106300 
1.216000 -6.158457 
1.217000 -6.210371 
1.218000 -6.262039 
1.219000 -6.313461 
1.220000 -6.364633 
1.221000 -6.415553 
1.222000 -6.466221 
1.223000 -6.516633 
1.224000 -6.566788 
1.225000 -6.616684 
1.226000 -6.666319 
1.227000 -6.715690 
1.228000 -6.764796 
1.229000 -6.813636 
1.230000 -6.862206 
1.231000 -6.910505 
1.232000 -6.958532 
1.233000 -7.006283 
1.234000 -7.053759 
1.235000 -7.100955 
1.236000 -7.147872 
1.237000 -7.194506 
1.238000 -7.240856 
1.239000 -7.286920 
1.240000 -7.332697 
1.241000 -7.378184 
1.242000 -7.423380 
1.243000 -7.468283 
1.244000 -7.512891 
1.245000 -7.557202 
1.246000 -7.601215 
1.247000 -7.644928 
1.248000 -7.688339 
1.249000 -7.731447 
1.250000 -7.774249 
1.251000 -7.816745 
1.252000 -7.858932 
1.253000 -7.900808 
1.254000 -7.942373 
1.255000 -7.983624 
1.256000 -8.024560 
1.257000 -8.065179 
1.258000 -8.105480 
1.259000 -8.145461 
1.260000 -8.185120 
1.261000 -8.224456 
1.262000 -8.263468 
1.263000 -8.302153 
1.264000 -8.340510 
1.265000 -8.378538 
1.266000 -8.416236 
1.267000 -8.453601 
1.268000 -8.490632 
1.269000 -8.527329 
1.270000 -8.563688 
1.271000 -8.599710 
1.272000 -8.635392 
1.273000 -8.670733 
1.274000 -8.705731 
1.275000 -8.740387 
1.276000 -8.774697 
1.277000 -8.808660 
1.278000 -8.842276 
1.279000 -8.875543 
1.280000 -8.908459 
1.281000 -8.941024 
1.282000 -8.973236 
1.283000 -9.005093 
1.284000 -9.036595 
1.285000 -9.067740 
1.286000 -9.098528 
1.287000 -9.128956 
1.288000 -9.159023 
1.289000 -9.188729 
1.290000 -9.218073 
1.291000 -9.247052 
1.292000 -9.275666 
1.293000 -9.303915 
1.294000 -9.331795 
1.295000 -9.359308 
1.296000 -9.386451 
1.297000 -9.413223 
1.298000 -9.439624 
1.299000 -9.465652 
1.300000 -9.491307 
1.301000 -9.516586 
1.302000 -9.541490 
1.303000 -9.566018 
1.304000 -9.590167 
1.305000 -9.613938 
1.306000 -9.637330 
1.307000 -9.660341 
1.308000 -9.682971 
1.309000 -9.705218 
1.310000 -9.727083 
1.311000 -9.748563 
1.312000 -9.769658 
1.313000 -9.790368 
1.314000 -9.810691 
1.315000 -9.830627 
1.316000 -9.850175 
1.317000 -9.869334 
1.318000 -9.888103 
1.319000 -9.906482 
1.320000 -9.924470 
1.321000 -9.942066 
1.322000 -9.959270 
1.323000 -9.976080 
1.324000 -9.992497 
1.325000 -10.008519 
1.326000 -10.024146 
1.327000 -10.039377 
1.328000 -10.054212 
1.329000 -10.068650 
1.330000 -10.082691 
1.331000 -10.096333 
1.332000 -10.109577 
1.333000 -10.122422 
1.334000 -10.134867 
1.335000 -10.146912 
1.336000 -10.158556 
1.337000 -10.169800 
1.338000 -10.180642 
1.339000 -10.191082 
1.340000 -10.201119 
1.341000 -10.210754 
1.342000 -10.219986 
1.343000 -10.228814 
1.344000 -10.237239 
1.345000 -10.245259 
1.346000 -10.252875 
1.347000 -10.260086 
1.348000 -10.266893 
1.349000 -10.273293 
1.350000 -10.279289 
1.351000 -10.284878 
1.352000 -10.290061 
1.353000 -10.294839 
1.354000 -10.299209 
1.355000 -10.303173 
1.356000 -10.306731 
1.357000 -10.309881 
1.358000 -10.312625 
1.359000 -10.314961 
1.360000 -10.316890 
1.361000 -10.318412 
1.362000 -10.319527 
1.363000 -10.320234 
1.364000 -10.320533 
1.365000 -10.320426 
1.366000 -10.319911 
1.367000 -10.318988 
1.368000 -10.317658 
1.369000 -10.315921 
1.370000 -10.313776 
1.371000 -10.311224 
1.372000 -10.308266 
1.373000 -10.304900 
1.374000 -10.301127 
1.375000 -10.296948 
1.376000 -10.292362 
1.377000 -10.287370 
1.378000 -10.281972 
1.379000 -10.276168 
1.380000 -10.269958 
1.381000 -10.263343 
1.382000 -10.256322 
1.383000 -10.248897 
1.384000 -10.241067 
1.385000 -10.232833 
1.386000 -10.224195 
1.387000 -10.215153 
1.388000 -10.205708 
1.389000 -10.195860 
1.390000 -10.185609 
1.391000 -10.174956 
1.392000 -10.163902 
1.393000 -10.152447 
1.394000 -10.140590 
1.395000 -10.128333 
1.396000 -10.115677 
1.397000 -10.102621 
1.398000 -10.089166 
1.399000 -10.075313 
1.400000 -10.061062 
1.401000 -10.046414 
1.402000 -10.031370 
1.403000 -10.015929 
1.404000 -10.000093 
1.405000 -9.983862 
1.406000 -9.967237 
1.407000 -9.950219 
1.408000 -9.932807 
1.409000 -9.915004 
1.410000 -9.896809 
1.411000 -9.878223 
1.412000 -9.859248 
1.413000 -9.839883 
1.414000 -9.820130 
1.415000 -9.799989 
1.416000 -9.779461 
1.417000 -9.758547 
1.418000 -9.737248 
1.419000 -9.715565 
1.420000 -9.693498 
1.421000 -9.671048 
1.422000 -9.648216 
1.423000 -9.625004 
1.424000 -9.601411 
1.425000 -9.577440 
1.426000 -9.553090 
1.427000 -9.528364 
1.428000 -9.503261 
1.429000 -9.477783 
1.430000 -9.451930 
1.431000 -9.425705 
1.432000 -9.399107 
1.433000 -9.372139 
1.434000 -9.344800 
1.435000 -9.317093 
1.436000 -9.289018 
1.437000 -9.260576 
1.438000 -9.231768 
1.439000 -9.202596 
1.440000 -9.173061 
1.441000 -9.143163 
1.442000 -9.112905 
1.443000 -9.082287 
1.444000 -9.051310 
1.445000 -9.019976 
1.446000 -8.988286 
1.447000 -8.956240 
1.448000 -8.923842 
1.449000 -8.891091 
1.450000 -8.857989 
1.451000 -8.824537 
1.452000 -8.790738 
1.453000 -8.756590 
1.454000 -8.722098 
1.455000 -8.687261 
1.456000 -8.652081 
1.457000 -8.616559 
1.458000 -8.580697 
1.459000 -8.544497 
1.460000 -8.507959 
1.461000 -8.471085 
1.462000 -8.433877 
1.463000 -8.396336 
1.464000 -8.358464 
1.465000 -8.320261 
1.466000 -8.281730 
1.467000 -8.242872 
1.468000 -8.203689 
1.469000 -8.164182 
1.470000 -8.124352 
1.471000 -8.084202 
1.472000 -8.043732 
1.473000 -8.002945 
1.474000 -7.961842 
1.475000 -7.920425 
1.476000 -7.878695 
1.477000 -7.836654 
1.478000 -7.794304 
1.479000 -7.751646 
1.480000 -7.708682 
1.481000 -7.665414 
1.482000 -7.621843 
1.483000 -7.577971 
1.484000 -7.533800 
1.485000 -7.489331 
1.486000 -7.444567 
1.487000 -7.399509 
1.488000 -7.354159 
1.489000 -7.308518 
1.490000 -7.262589 
1.491000 -7.216373 
1.492000 -7.169873 
1.493000 -7.123089 
1.494000 -7.076024 
1.495000 -7.028680 
1.496000 -6.981058 
1.497000 -6.933161 
1.498000 -6.884990 
1.499000 -6.836547 
