descriptor BJD Tc_folded phase mod 
2455326.949950 -0.258766 0.007477 6.415254
2455327.049950 -0.158766 0.048734 4.128627
2455327.149950 -0.058766 0.089990 1.566117
2455327.249950 0.041234 0.131247 -1.101043
2455327.349950 0.141234 0.172504 -3.694629
2455327.449950 0.241234 0.213761 -6.041334
2455327.549950 0.341234 0.255018 -7.984347
2455327.649950 0.441234 0.296274 -9.393834
2455327.749950 0.541234 0.337531 -10.175608
2455327.849950 0.641234 0.378788 -10.277433
2455327.949950 0.741234 0.420045 -9.692502
2455328.049950 0.841234 0.461302 -8.459902
2455328.149950 0.941234 0.502558 -6.661998
2455328.249950 1.041234 0.543815 -4.418929
2455328.349950 1.141234 0.585072 -1.880579
2455328.449950 -1.182610 0.626329 0.783434
2455328.549950 -1.082610 0.667585 3.395097
2455328.649950 -0.982610 0.708842 5.779894
2455328.749950 -0.882610 0.750099 7.778468
2455328.849950 -0.782610 0.791356 9.257273
2455328.949950 -0.682610 0.832613 10.117492
2455329.049950 -0.582610 0.873869 10.301643
2455329.149950 -0.482610 0.915126 9.797422
2455329.249950 -0.382610 0.956383 8.638521
2455329.349950 -0.282610 0.997640 6.902380
2455329.449950 -0.182610 0.038896 4.705010
2455329.549950 -0.082610 0.080153 2.193244
2455329.649950 0.017390 0.121410 -0.465078
2455329.749950 0.117390 0.162667 -3.092323
2455329.849950 0.217390 0.203924 -5.512933
2455329.949950 0.317390 0.245180 -7.565161
2455330.049950 0.417390 0.286437 -9.111872
2455330.149950 0.517390 0.327694 -10.049713
2455330.249950 0.617390 0.368951 -10.316016
2455330.349950 0.717390 0.410207 -9.892986
2455330.449950 0.817390 0.451464 -8.808890
2455330.549950 0.917390 0.492721 -7.136170
2455330.649950 1.017390 0.533978 -4.986599
2455330.749950 1.117390 0.575235 -2.503815
2455330.849950 -1.206454 0.616491 0.146277
2455330.949950 -1.106454 0.657748 2.786595
2455331.049950 -1.006454 0.699005 5.240708
2455331.149950 -0.906454 0.740262 7.344629
2455331.249950 -0.806454 0.781518 8.957769
2455331.349950 -0.706454 0.822775 9.972337
2455331.449950 -0.606454 0.864032 10.320536
2455331.549950 -0.506454 0.905289 9.979101
2455331.649950 -0.406454 0.946546 8.970846
2455331.749950 -0.306454 0.987802 7.363144
2455331.849950 -0.206454 0.029059 5.263425
2455331.949950 -0.106454 0.070316 2.811995
2455332.049950 -0.006454 0.111573 0.172663
2455332.149950 0.093546 0.152829 -2.478206
2455332.249950 0.193546 0.194086 -4.963478
2455332.349950 0.293546 0.235343 -7.117082
2455332.449950 0.393546 0.276600 -8.795111
2455332.549950 0.493546 0.317857 -9.885436
2455332.649950 0.593546 0.359113 -10.315200
2455332.749950 0.693546 0.400370 -10.055686
2455332.849950 0.793546 0.441627 -9.124234
2455332.949950 0.893546 0.482884 -7.583087
2455333.049950 0.993546 0.524141 -5.535224
2455333.149950 1.093546 0.565397 -3.117489
2455333.249950 1.193546 0.606654 -0.491439
2455333.349950 -1.130298 0.647911 2.167451
2455333.449950 -1.030298 0.689168 4.681507
2455333.549950 -0.930298 0.730424 6.882738
2455333.649950 -0.830298 0.771681 8.624053
2455333.749950 -0.730298 0.812938 9.789095
2455333.849950 -0.630298 0.854195 10.300013
2455333.949950 -0.530298 0.895452 10.122668
2455334.049950 -0.430298 0.936708 9.268909
2455334.149950 -0.330298 0.977965 7.795787
2455334.249950 -0.230298 0.019222 5.801738
2455334.349950 -0.130298 0.060479 3.420006
2455334.449950 -0.030298 0.101735 0.809745
2455334.549950 0.069702 0.142992 -1.854625
2455334.649950 0.169702 0.184249 -4.395066
2455334.749950 0.269702 0.225506 -6.641821
2455334.849950 0.369702 0.266763 -8.444759
2455334.949950 0.469702 0.308019 -9.683405
2455335.049950 0.569702 0.349276 -10.274989
2455335.149950 0.669702 0.390533 -10.179982
2455335.249950 0.769702 0.431790 -9.404732
2455335.349950 0.869702 0.473046 -8.001042
2455335.449950 0.969702 0.514303 -6.062710
2455335.549950 1.069702 0.555560 -3.719257
2455335.649950 1.169702 0.596817 -1.127278
2455335.749950 -1.154142 0.638074 1.540028
2455335.849950 -1.054142 0.679330 4.104427
2455335.949950 -0.954142 0.720587 6.394561
2455336.049950 -0.854142 0.761844 8.257401
2455336.149950 -0.754142 0.803101 9.568467
2455336.249950 -0.654142 0.844357 10.240153
2455336.349950 -0.554142 0.885614 10.227574
2455336.449950 -0.454142 0.926871 9.531573
2455336.549950 -0.354142 0.968128 8.198656
2455336.649950 -0.254142 0.009385 6.317892
2455336.749950 -0.154142 0.050641 4.014956
2455336.849950 -0.054142 0.091898 1.443734
2455336.949950 0.045858 0.133155 -1.223961
2455337.049950 0.145858 0.174412 -3.809868
2455337.149950 0.245858 0.215669 -6.141195
2455337.249950 0.345858 0.256925 -8.062156
2455337.349950 0.445858 0.298182 -9.444391
2455337.449950 0.545858 0.339439 -10.195536
2455337.549950 0.645858 0.380696 -10.265399
2455337.649950 0.745858 0.421952 -9.649311
2455337.749950 0.845858 0.463209 -8.388441
2455337.849950 0.945858 0.504466 -6.567041
2455337.949950 1.045858 0.545723 -4.306820
2455338.049950 1.145858 0.586980 -1.758811
2455338.149950 -1.177986 0.628236 0.906724
2455338.249950 -1.077986 0.669493 3.511671
2455338.349950 -0.977986 0.710750 5.881963
2455338.449950 -0.877986 0.752007 7.859212
2455338.549950 -0.777986 0.793263 9.311295
2455338.649950 -0.677986 0.834520 10.141183
2455338.749950 -0.577986 0.875777 10.293420
2455338.849950 -0.477986 0.917034 9.757834
2455338.949950 -0.377986 0.958291 8.570214
2455339.049950 -0.277986 0.999547 6.809918
2455339.149950 -0.177986 0.040804 4.594572
2455339.249950 -0.077986 0.082061 2.072209
2455339.349950 0.022014 0.123318 -0.588622
2455339.449950 0.122014 0.164574 -3.210120
2455339.549950 0.222014 0.205831 -5.617113
2455339.649950 0.322014 0.247088 -7.648762
2455339.749950 0.422014 0.288345 -9.169307
2455339.849950 0.522014 0.329602 -10.077144
2455339.949950 0.622014 0.370858 -10.311610
2455340.049950 0.722014 0.412115 -9.857038
2455340.149950 0.822014 0.453372 -8.743802
2455340.249950 0.922014 0.494629 -7.046291
2455340.349950 1.022014 0.535885 -4.877935
2455340.449950 1.122014 0.577142 -2.383628
2455340.549950 -1.201830 0.618399 0.269957
2455340.649950 -1.101830 0.659656 2.905504
2455340.749950 -1.001830 0.700913 5.346899
2455340.849950 -0.901830 0.742169 7.431007
2455340.949950 -0.801830 0.783426 9.018562
2455341.049950 -0.701830 0.824683 10.003482
2455341.149950 -0.601830 0.865940 10.319953
2455341.249950 -0.501830 0.907197 9.946828
2455341.349950 -0.401830 0.948453 8.909040
2455341.449950 -0.301830 0.989710 7.275935
2455341.549950 -0.201830 0.030967 5.156640
2455341.649950 -0.101830 0.072224 2.692770
2455341.749950 -0.001830 0.113480 0.048965
2455341.849950 0.098170 0.154737 -2.598112
2455341.949950 0.198170 0.195994 -5.071579
2455342.049950 0.298170 0.237251 -7.206155
2455342.149950 0.398170 0.278508 -8.859204
2455342.249950 0.498170 0.319764 -9.920266
2455342.349950 0.598170 0.361021 -10.318440
2455342.449950 0.698170 0.402278 -10.027119
2455342.549950 0.798170 0.443535 -9.065769
2455342.649950 0.898170 0.484791 -7.498630
2455342.749950 0.998170 0.526048 -5.430420
2455342.849950 1.098170 0.567305 -2.999341
2455342.949950 1.198170 0.608562 -0.367840
2455343.049950 -1.125674 0.649819 2.288240
2455343.149950 -1.025674 0.691075 4.791416
2455343.249950 -0.925674 0.732332 6.974421
2455343.349950 -0.825674 0.773589 8.691385
2455343.449950 -0.725674 0.814846 9.827576
2455343.549950 -0.625674 0.856102 10.307072
2455343.649950 -0.525674 0.897359 10.097833
2455343.749950 -0.425674 0.938616 9.213840
2455343.849950 -0.325674 0.979873 7.714164
2455343.949950 -0.225674 0.021130 5.699014
2455344.049950 -0.125674 0.062386 3.303047
2455344.149950 -0.025674 0.103643 0.686365
2455344.249950 0.074326 0.144900 -1.976181
2455344.349950 0.174326 0.186157 -4.506676
2455344.449950 0.274326 0.227413 -6.736027
2455344.549950 0.374326 0.268670 -8.515266
2455344.649950 0.474326 0.309927 -9.725500
2455344.749950 0.574326 0.351184 -10.285861
2455344.849950 0.674326 0.392441 -10.158904
2455344.949950 0.774326 0.433697 -9.353112
2455345.049950 0.874326 0.474954 -7.922330
2455345.149950 0.974326 0.516211 -5.962165
2455345.249950 1.074326 0.557468 -3.603599
2455345.349950 1.174326 0.598725 -1.004234
2455345.449950 -1.149518 0.639981 1.662236
2455345.549950 -1.049518 0.681238 4.217632
2455345.649950 -0.949518 0.722495 6.491200
2455345.749950 -0.849518 0.763752 8.331014
2455345.849950 -0.749518 0.805008 9.614137
2455345.949950 -0.649518 0.846265 10.254827
2455346.049950 -0.549518 0.887522 10.210273
2455346.149950 -0.449518 0.928779 9.483452
2455346.249950 -0.349518 0.970036 8.122931
2455346.349950 -0.249518 0.011292 6.219623
2455346.449950 -0.149518 0.052549 3.900709
2455346.549950 -0.049518 0.093806 1.321143
2455346.649950 0.050482 0.135063 -1.346703
2455346.749950 0.150482 0.176319 -3.924561
2455346.849950 0.250482 0.217576 -6.240173
2455346.949950 0.350482 0.258833 -8.138806
2455347.049950 0.450482 0.300090 -9.493591
2455347.149950 0.550482 0.341347 -10.213999
2455347.249950 0.650482 0.382603 -10.251891
2455347.349950 0.750482 0.423860 -9.604734
2455347.449950 0.850482 0.465117 -8.315774
2455347.549950 0.950482 0.506374 -6.471140
2455347.649950 1.050482 0.547630 -4.194094
2455347.749950 1.150482 0.588887 -1.636791
2455347.849950 -1.173362 0.630144 1.029884
2455347.949950 -1.073362 0.671401 3.627741
2455348.049950 -0.973362 0.712658 5.983187
2455348.149950 -0.873362 0.753914 7.938826
2455348.249950 -0.773362 0.795171 9.363979
2455348.349950 -0.673362 0.836428 10.163417
2455348.449950 -0.573362 0.877685 10.283718
2455348.549950 -0.473362 0.918941 9.716844
2455348.649950 -0.373362 0.960198 8.500675
2455348.749950 -0.273362 0.001455 6.716477
2455348.849950 -0.173362 0.042712 4.483473
2455348.949950 -0.073362 0.083969 1.950876
2455349.049950 0.026638 0.125225 -0.712082
2455349.149950 0.126638 0.166482 -3.327457
2455349.249950 0.226638 0.207739 -5.720486
2455349.349950 0.326638 0.248996 -7.731263
2455349.449950 0.426638 0.290253 -9.225424
2455349.549950 0.526638 0.331509 -10.103128
2455349.649950 0.626638 0.372766 -10.305724
2455349.749950 0.726638 0.414023 -9.819674
2455349.849950 0.826638 0.455280 -8.677458
2455349.949950 0.926638 0.496536 -6.955400
2455350.049950 1.026638 0.537793 -4.768571
2455350.149950 1.126638 0.579050 -2.263098
2455350.249950 -1.197206 0.620307 0.393599
2455350.349950 -1.097206 0.661564 3.023995
2455350.449950 -0.997206 0.702820 5.452323
2455350.549950 -0.897206 0.744077 7.516317
2455350.649950 -0.797206 0.785334 9.078059
2455350.749950 -0.697206 0.826591 10.033190
2455350.849950 -0.597206 0.867847 10.317887
2455350.949950 -0.497206 0.909104 9.913126
2455351.049950 -0.397206 0.950361 8.845954
2455351.149950 -0.297206 0.991618 7.187680
2455351.249950 -0.197206 0.032875 5.049114
2455351.349950 -0.097206 0.074131 2.573158
2455351.449950 0.002794 0.115388 -0.074741
2455351.549950 0.102794 0.156645 -2.717645
2455351.649950 0.202794 0.197902 -5.178952
2455351.749950 0.302794 0.239158 -7.294193
2455351.849950 0.402794 0.280415 -8.922024
2455351.949950 0.502794 0.321672 -9.953671
2455352.049950 0.602794 0.362929 -10.320197
2455352.149950 0.702794 0.404186 -9.997111
2455352.249950 0.802794 0.445442 -9.006001
2455352.349950 0.902794 0.486699 -7.413096
2455352.449950 1.002794 0.527956 -5.324836
2455352.549950 1.102794 0.569213 -2.880761
2455352.649950 1.202794 0.610469 -0.244189
2455352.749950 -1.121050 0.651726 2.408700
2455352.849950 -1.021050 0.692983 4.900635
2455352.949950 -0.921050 0.734240 7.065103
2455353.049950 -0.821050 0.775497 8.757468
2455353.149950 -0.721050 0.816753 9.864645
2455353.249950 -0.621050 0.858010 10.312651
2455353.349950 -0.521050 0.899267 10.071548
2455353.449950 -0.421050 0.940524 9.157448
2455353.549950 -0.321050 0.981780 7.631432
2455353.649950 -0.221050 0.023037 5.595472
2455353.749950 -0.121050 0.064294 3.185613
2455353.849950 -0.021050 0.105551 0.562886
2455353.949950 0.078950 0.146808 -2.097454
2455354.049950 0.178950 0.188064 -4.617638
2455354.149950 0.278950 0.229321 -6.829265
2455354.249950 0.378950 0.270578 -8.584549
2455354.349950 0.478950 0.311835 -9.766199
2455354.449950 0.578950 0.353092 -10.295256
2455354.549950 0.678950 0.394348 -10.136367
2455354.649950 0.778950 0.435605 -9.300149
2455354.749950 0.878950 0.476862 -7.842480
2455354.849950 0.978950 0.518119 -5.860764
2455354.949950 1.078950 0.559375 -3.487422
2455355.049950 1.178950 0.600632 -0.881045
2455355.149950 -1.144894 0.641889 1.784205
2455355.249950 -1.044894 0.683146 4.330232
2455355.349950 -0.944894 0.724403 6.586905
2455355.449950 -0.844894 0.765659 8.403431
2455355.549950 -0.744894 0.806916 9.658425
2455355.649950 -0.644894 0.848173 10.268028
2455355.749950 -0.544894 0.889430 10.191505
2455355.849950 -0.444894 0.930686 9.433968
2455355.949950 -0.344894 0.971943 8.046038
2455356.049950 -0.244894 0.013200 6.120459
2455356.149950 -0.144894 0.054457 3.785901
2455356.249950 -0.044894 0.095714 1.198363
2455356.349950 0.055106 0.136970 -1.469252
2455356.449950 0.155106 0.178227 -4.038689
2455356.549950 0.255106 0.219484 -6.338254
2455356.649950 0.355106 0.260741 -8.214287
2455356.749950 0.455106 0.301997 -9.541428
2455356.849950 0.555106 0.343254 -10.230995
2455356.949950 0.655106 0.384511 -10.236910
2455357.049950 0.755106 0.425768 -9.558778
2455357.149950 0.855106 0.467025 -8.241912
2455357.249950 0.955106 0.508281 -6.374309
2455357.349950 1.055106 0.549538 -4.080764
2455357.449950 1.155106 0.590795 -1.514536
2455357.549950 -1.168738 0.632052 1.152896
2455357.649950 -1.068738 0.673308 3.743290
2455357.749950 -0.968738 0.714565 6.083551
2455357.849950 -0.868738 0.755822 8.017299
2455357.949950 -0.768738 0.797079 9.415318
2455358.049950 -0.668738 0.838336 10.184190
2455358.149950 -0.568738 0.879592 10.272538
2455358.249950 -0.468738 0.920849 9.674458
2455358.349950 -0.368738 0.962106 8.429915
2455358.449950 -0.268738 0.003363 6.622072
2455358.549950 -0.168738 0.044620 4.371730
2455358.649950 -0.068738 0.085876 1.829263
2455358.749950 0.031262 0.127133 -0.835439
2455358.849950 0.131262 0.168390 -3.444316
2455358.949950 0.231262 0.209647 -5.823037
2455359.049950 0.331262 0.250903 -7.812654
2455359.149950 0.431262 0.292160 -9.280216
2455359.249950 0.531262 0.333417 -10.127660
2455359.349950 0.631262 0.374674 -10.298356
2455359.449950 0.731262 0.415931 -9.780900
2455359.549950 0.831262 0.457187 -8.609867
2455359.649950 0.931262 0.498444 -6.863510
2455359.749950 1.031262 0.539701 -4.658521
2455359.849950 1.131262 0.580958 -2.142242
2455359.949950 -1.192582 0.622214 0.517184
2455360.049950 -1.092582 0.663471 3.142052
2455360.149950 -0.992582 0.704728 5.556962
2455360.249950 -0.892582 0.745985 7.600548
2455360.349950 -0.792582 0.787242 9.136252
2455360.449950 -0.692582 0.828498 10.061457
2455360.549950 -0.592582 0.869755 10.314339
2455360.649950 -0.492582 0.911012 9.878000
2455360.749950 -0.392582 0.952269 8.781597
2455360.849950 -0.292582 0.993525 7.098393
2455360.949950 -0.192582 0.034782 4.940863
2455361.049950 -0.092582 0.076039 2.453176
2455361.149950 0.007418 0.117296 -0.198435
2455361.249950 0.107418 0.158553 -2.836787
2455361.349950 0.207418 0.199809 -5.285581
2455361.449950 0.307418 0.241066 -7.381183
2455361.549950 0.407418 0.282323 -8.983562
2455361.649950 0.507418 0.323580 -9.985645
2455361.749950 0.607418 0.364836 -10.320471
2455361.849950 0.707418 0.406093 -9.965666
2455361.949950 0.807418 0.447350 -8.944939
2455362.049950 0.907418 0.488607 -7.326497
2455362.149950 1.007418 0.529864 -5.218486
2455362.249950 1.107418 0.571120 -2.761767
2455362.349950 1.207418 0.612377 -0.120503
2455362.449950 -1.116426 0.653634 2.528814
2455362.549950 -1.016426 0.694891 5.009151
2455362.649950 -0.916426 0.736148 7.154769
2455362.749950 -0.816426 0.777404 8.822293
2455362.849950 -0.716426 0.818661 9.900297
2455362.949950 -0.616426 0.859918 10.316747
2455363.049950 -0.516426 0.901175 10.043816
2455363.149950 -0.416426 0.942431 9.099740
2455363.249950 -0.316426 0.983688 7.547604
2455363.349950 -0.216426 0.024945 5.491126
2455363.449950 -0.116426 0.066202 3.067721
2455363.549950 -0.016426 0.107459 0.439326
2455363.649950 0.083574 0.148715 -2.218425
2455363.749950 0.183574 0.189972 -4.727937
2455363.849950 0.283574 0.231229 -6.921521
2455363.949950 0.383574 0.272486 -8.652598
2455364.049950 0.483574 0.313742 -9.805494
2455364.149950 0.583574 0.354999 -10.303171
2455364.249950 0.683574 0.396256 -10.112373
2455364.349950 0.783574 0.437513 -9.245849
2455364.449950 0.883574 0.478770 -7.761503
2455364.549950 0.983574 0.520026 -5.758521
2455364.649950 1.083574 0.561283 -3.370745
2455364.749950 1.183574 0.602540 -0.757730
2455364.849950 -1.140270 0.643797 1.905918
2455364.949950 -1.040270 0.685053 4.442209
2455365.049950 -0.940270 0.726310 6.681664
2455365.149950 -0.840270 0.767567 8.474640
2455365.249950 -0.740270 0.808824 9.701326
2455365.349950 -0.640270 0.850081 10.279754
2455365.449950 -0.540270 0.891337 10.171272
2455365.549950 -0.440270 0.932594 9.383129
2455365.649950 -0.340270 0.973851 7.967990
2455365.749950 -0.240270 0.015108 6.020417
2455365.849950 -0.140270 0.056364 3.670549
2455365.949950 -0.040270 0.097621 1.075410
2455366.049950 0.059730 0.138878 -1.591590
2455366.149950 0.159730 0.180135 -4.152237
2455366.249950 0.259730 0.221392 -6.435426
2455366.349950 0.359730 0.262648 -8.288588
2455366.449950 0.459730 0.303905 -9.587893
2455366.549950 0.559730 0.345162 -10.246520
2455366.649950 0.659730 0.386419 -10.220458
2455366.749950 0.759730 0.427676 -9.511447
2455366.849950 0.859730 0.468932 -8.166867
2455366.949950 0.959730 0.510189 -6.276563
2455367.049950 1.059730 0.551446 -3.966849
2455367.149950 1.159730 0.592703 -1.392063
2455367.249950 -1.164114 0.633959 1.275742
2455367.349950 -1.064114 0.675216 3.858301
2455367.449950 -0.964114 0.716473 6.183041
2455367.549950 -0.864114 0.757730 8.094620
2455367.649950 -0.764114 0.798987 9.465304
2455367.749950 -0.664114 0.840243 10.203501
2455367.849950 -0.564114 0.881500 10.259883
2455367.949950 -0.464114 0.922757 9.630682
2455368.049950 -0.364114 0.964014 8.357944
2455368.149950 -0.264114 0.005270 6.526715
2455368.249950 -0.164114 0.046527 4.259359
2455368.349950 -0.064114 0.087784 1.707387
2455368.449950 0.035886 0.129041 -0.958677
2455368.549950 0.135886 0.170298 -3.560679
2455368.649950 0.235886 0.211554 -5.924752
2455368.749950 0.335886 0.252811 -7.892922
2455368.849950 0.435886 0.294068 -9.333675
2455368.949950 0.535886 0.335325 -10.150736
2455369.049950 0.635886 0.376581 -10.289509
2455369.149950 0.735886 0.417838 -9.740720
2455369.249950 0.835886 0.459095 -8.541040
2455369.349950 0.935886 0.500352 -6.770633
2455369.449950 1.035886 0.541609 -4.547802
2455369.549950 1.135886 0.582865 -2.021079
2455369.649950 -1.187958 0.624122 0.640695
2455369.749950 -1.087958 0.665379 3.259657
2455369.849950 -0.987958 0.706636 5.660804
2455369.949950 -0.887958 0.747892 7.683686
2455370.049950 -0.787958 0.789149 9.193132
2455370.149950 -0.687958 0.830406 10.088278
2455370.249950 -0.587958 0.871663 10.309309
2455370.349950 -0.487958 0.912920 9.841454
2455370.449950 -0.387958 0.954176 8.715978
2455370.549950 -0.287958 0.995433 7.008086
2455370.649950 -0.187958 0.036690 4.831902
2455370.749950 -0.087958 0.077947 2.332842
2455370.849950 0.012042 0.119204 -0.322102
2455370.949950 0.112042 0.160460 -2.955522
2455371.049950 0.212042 0.201717 -5.391450
2455371.149950 0.312042 0.242974 -7.467112
2455371.249950 0.412042 0.284231 -9.043810
2455371.349950 0.512042 0.325487 -10.016185
2455371.449950 0.612042 0.366744 -10.319263
2455371.549950 0.712042 0.408001 -9.932790
2455371.649950 0.812042 0.449258 -8.882593
2455371.749950 0.912042 0.490515 -7.238845
2455371.849950 1.012042 0.531771 -5.111387
2455371.949950 1.112042 0.573028 -2.642377
2455372.049950 -1.211802 0.614285 0.003201
2455372.149950 -1.111802 0.655542 2.648565
2455372.249950 -1.011802 0.696798 5.116947
2455372.349950 -0.911802 0.738055 7.243407
2455372.449950 -0.811802 0.779312 8.885850
2455372.549950 -0.711802 0.820569 9.934527
2455372.649950 -0.611802 0.861826 10.319362
2455372.749950 -0.511802 0.903082 10.014640
2455372.849950 -0.411802 0.944339 9.040724
2455372.949950 -0.311802 0.985596 7.462692
2455373.049950 -0.211802 0.026853 5.385991
2455373.149950 -0.111802 0.068109 2.949388
2455373.249950 -0.011802 0.109366 0.315703
2455373.349950 0.088198 0.150623 -2.339077
2455373.449950 0.188198 0.191880 -4.837557
2455373.549950 0.288198 0.233137 -7.012784
2455373.649950 0.388198 0.274393 -8.719404
2455373.749950 0.488198 0.315650 -9.843380
2455373.849950 0.588198 0.356907 -10.309605
2455373.949950 0.688198 0.398164 -10.086926
2455374.049950 0.788198 0.439420 -9.190221
2455374.149950 0.888198 0.480677 -7.679411
2455374.249950 0.988198 0.521934 -5.655450
2455374.349950 1.088198 0.563191 -3.253583
2455374.449950 1.188198 0.604448 -0.634306
2455374.549950 -1.135646 0.645704 2.027356
2455374.649950 -1.035646 0.686961 4.553548
2455374.749950 -0.935646 0.728218 6.775463
2455374.849950 -0.835646 0.769475 8.544631
2455374.949950 -0.735646 0.810732 9.742833
2455375.049950 -0.635646 0.851988 10.290003
2455375.149950 -0.535646 0.893245 10.149578
2455375.249950 -0.435646 0.934502 9.330942
2455375.349950 -0.335646 0.975759 7.888797
2455375.449950 -0.235646 0.017015 5.919509
2455375.549950 -0.135646 0.058272 3.554670
2455375.649950 -0.035646 0.099529 0.952303
2455375.749950 0.064354 0.140786 -1.713699
2455375.849950 0.164354 0.182043 -4.265189
2455375.949950 0.264354 0.223299 -6.531672
2455376.049950 0.364354 0.264556 -8.361698
2455376.149950 0.464354 0.305813 -9.632982
2455376.249950 0.564354 0.347070 -10.260574
2455376.349950 0.664354 0.388326 -10.202537
2455376.449950 0.764354 0.429583 -9.462751
2455376.549950 0.864354 0.470840 -8.090648
2455376.649950 0.964354 0.512097 -6.177915
2455376.749950 1.064354 0.553354 -3.852363
2455376.849950 1.164354 0.594610 -1.269390
2455376.949950 -1.159490 0.635867 1.398405
2455377.049950 -1.059490 0.677124 3.972757
2455377.149950 -0.959490 0.718381 6.281643
2455377.249950 -0.859490 0.759637 8.170779
2455377.349950 -0.759490 0.800894 9.513930
2455377.449950 -0.659490 0.842151 10.221345
2455377.549950 -0.559490 0.883408 10.245753
2455377.649950 -0.459490 0.924665 9.585523
2455377.749950 -0.359490 0.965921 8.284772
2455377.849950 -0.259490 0.007178 6.430420
2455377.949950 -0.159490 0.048435 4.146376
2455378.049950 -0.059490 0.089692 1.585265
2455378.149950 0.040510 0.130948 -1.081776
2455378.249950 0.140510 0.172205 -3.676531
2455378.349950 0.240510 0.213462 -6.025615
2455378.449950 0.340510 0.254719 -7.972057
2455378.549950 0.440510 0.295976 -9.385793
2455378.649950 0.540510 0.337232 -10.172355
2455378.749950 0.640510 0.378489 -10.279184
2455378.849950 0.740510 0.419746 -9.699140
2455378.949950 0.840510 0.461003 -8.470985
2455379.049950 0.940510 0.502259 -6.676784
2455379.149950 1.040510 0.543516 -4.436430
2455379.249950 1.140510 0.584773 -1.899626
2455379.349950 -1.183334 0.626030 0.764114
2455379.449950 -1.083334 0.667287 3.376794
2455379.549950 -0.983334 0.708543 5.763832
2455379.649950 -0.883334 0.749800 7.765721
2455379.749950 -0.783334 0.791057 9.248692
2455379.849950 -0.683334 0.832314 10.113650
2455379.949950 -0.583334 0.873571 10.302797
2455380.049950 -0.483334 0.914827 9.803495
2455380.149950 -0.383334 0.956084 8.649107
2455380.249950 -0.283334 0.997341 6.916772
2455380.349950 -0.183334 0.038598 4.722247
2455380.449950 -0.083334 0.079854 2.212173
2455380.549950 0.016666 0.121111 -0.445722
2455380.649950 0.116666 0.162368 -3.073832
2455380.749950 0.216666 0.203625 -5.496545
2455380.849950 0.316666 0.244882 -7.551969
2455380.949950 0.416666 0.286138 -9.102758
2455381.049950 0.516666 0.327395 -10.045286
2455381.149950 0.616666 0.368652 -10.316572
2455381.249950 0.716666 0.409909 -9.898487
2455381.349950 0.816666 0.451165 -8.818969
2455381.449950 0.916666 0.492422 -7.150154
2455381.549950 1.016666 0.533679 -5.003553
2455381.649950 1.116666 0.574936 -2.522607
2455381.749950 -1.207178 0.616193 0.126904
2455381.849950 -1.107178 0.657449 2.767935
2455381.949950 -1.007178 0.698706 5.224008
2455382.049950 -0.907178 0.739963 7.331004
2455382.149950 -0.807178 0.781220 8.948131
2455382.249950 -0.707178 0.822476 9.967329
2455382.349950 -0.607178 0.863733 10.320493
2455382.449950 -0.507178 0.904990 9.984026
2455382.549950 -0.407178 0.946247 8.980409
2455382.649950 -0.307178 0.987504 7.376707
2455382.749950 -0.207178 0.028760 5.280082
2455382.849950 -0.107178 0.070017 2.830632
2455382.949950 -0.007178 0.111274 0.192035
2455383.049950 0.092822 0.152531 -2.459394
2455383.149950 0.192822 0.193787 -4.946482
2455383.249950 0.292822 0.235044 -7.103038
2455383.349950 0.392822 0.276301 -8.784958
2455383.449950 0.492822 0.317558 -9.879852
2455383.549950 0.592822 0.358815 -10.314559
2455383.649950 0.692822 0.400071 -10.060030
2455383.749950 0.792822 0.441328 -9.133273
2455383.849950 0.892822 0.482585 -7.596216
2455383.949950 0.992822 0.523842 -5.551567
2455384.049950 1.092822 0.565099 -3.135954
2455384.149950 1.192822 0.606355 -0.510791
2455384.249950 -1.131022 0.647612 2.148504
2455384.349950 -1.031022 0.688869 4.664232
2455384.449950 -0.931022 0.730126 6.868289
2455384.549950 -0.831022 0.771382 8.613395
2455384.649950 -0.731022 0.812639 9.782940
2455384.749950 -0.631022 0.853896 10.298774
2455384.849950 -0.531022 0.895153 10.126426
2455384.949950 -0.431022 0.936410 9.277414
2455385.049950 -0.331022 0.977666 7.808470
2455385.149950 -0.231022 0.018923 5.817751
2455385.249950 -0.131022 0.060180 3.438281
2455385.349950 -0.031022 0.101437 0.829059
2455385.449950 0.068978 0.142693 -1.835562
2455385.549950 0.168978 0.183950 -4.377528
2455385.649950 0.268978 0.225207 -6.626980
2455385.749950 0.368978 0.266464 -8.433607
2455385.849950 0.468978 0.307721 -9.676686
2455385.949950 0.568978 0.348977 -10.273153
2455386.049950 0.668978 0.390234 -10.183151
2455386.149950 0.768978 0.431491 -9.412695
2455386.249950 0.868978 0.472748 -8.013266
2455386.349950 0.968978 0.514004 -6.078379
2455386.449950 1.068978 0.555261 -3.737324
2455386.549950 1.168978 0.596518 -1.146535
2455386.649950 -1.154866 0.637775 1.520868
2455386.749950 -1.054866 0.679032 4.086643
2455386.849950 -0.954866 0.720288 6.379342
2455386.949950 -0.854866 0.761545 8.245764
2455387.049950 -0.754866 0.802802 9.561189
2455387.149950 -0.654866 0.844059 10.237721
2455387.249950 -0.554866 0.885315 10.230151
2455387.349950 -0.454866 0.926572 9.538986
2455387.449950 -0.354866 0.967829 8.210410
2455387.549950 -0.254866 0.009086 6.333201
2455387.649950 -0.154866 0.050343 4.032798
2455387.749950 -0.054866 0.091599 1.462916
2455387.849950 0.045134 0.132856 -1.204720
2455387.949950 0.145134 0.174113 -3.791855
2455388.049950 0.245134 0.215370 -6.125612
2455388.149950 0.345134 0.256627 -8.050046
2455388.249950 0.445134 0.297883 -9.436562
2455388.349950 0.545134 0.339140 -10.192512
2455388.449950 0.645134 0.380397 -10.267381
2455388.549950 0.745134 0.421654 -9.656168
2455388.649950 0.845134 0.462910 -8.399713
2455388.749950 0.945134 0.504167 -6.581976
2455388.849950 1.045134 0.545424 -4.324420
2455388.949950 1.145134 0.586681 -1.777900
2455389.049950 -1.178710 0.627938 0.887423
2455389.149950 -1.078710 0.669194 3.493446
2455389.249950 -0.978710 0.710451 5.866032
2455389.349950 -0.878710 0.751708 7.846640
2455389.449950 -0.778710 0.792965 9.302922
2455389.549950 -0.678710 0.834221 10.137568
2455389.649950 -0.578710 0.875478 10.294806
2455389.749950 -0.478710 0.916735 9.764127
2455389.849950 -0.378710 0.957992 8.580994
2455389.949950 -0.278710 0.999249 6.824464
2455390.049950 -0.178710 0.040505 4.611913
2455390.149950 -0.078710 0.081762 2.091186
2455390.249950 0.021290 0.123019 -0.569278
2455390.349950 0.121290 0.164276 -3.191701
2455390.449950 0.221290 0.205532 -5.600849
2455390.549950 0.321290 0.246789 -7.635740
2455390.649950 0.421290 0.288046 -9.160398
2455390.749950 0.521290 0.329303 -10.072944
2455390.849950 0.621290 0.370560 -10.312398
2455390.949950 0.721290 0.411816 -9.862762
2455391.049950 0.821290 0.453073 -8.754079
2455391.149950 0.921290 0.494330 -7.060435
2455391.249950 1.021290 0.535587 -4.895001
2455391.349950 1.121290 0.576843 -2.402475
2455391.449950 -1.202554 0.618100 0.250589
2455391.549950 -1.102554 0.659357 2.886907
2455391.649950 -1.002554 0.700614 5.330318
2455391.749950 -0.902554 0.741871 7.417548
2455391.849950 -0.802554 0.783127 9.009126
2455391.949950 -0.702554 0.824384 9.998699
2455392.049950 -0.602554 0.865641 10.320142
2455392.149950 -0.502554 0.906898 9.951977
2455392.249950 -0.402554 0.948155 8.918805
2455392.349950 -0.302554 0.989411 7.289663
2455392.449950 -0.202554 0.030668 5.173414
2455392.549950 -0.102554 0.071925 2.711469
2455392.649950 -0.002554 0.113182 0.068340
2455392.749950 0.097446 0.154438 -2.579357
2455392.849950 0.197446 0.195695 -5.054696
2455392.949950 0.297446 0.236952 -7.192272
2455393.049950 0.397446 0.278209 -8.849249
2455393.149950 0.497446 0.319466 -9.914905
2455393.249950 0.597446 0.360722 -10.318030
2455393.349950 0.697446 0.401979 -10.031688
2455393.449950 0.797446 0.443236 -9.075012
2455393.549950 0.897446 0.484493 -7.511929
2455393.649950 0.997446 0.525749 -5.446887
2455393.749950 1.097446 0.567006 -3.017874
2455393.849950 1.197446 0.608263 -0.387202
2455393.949950 -1.126398 0.649520 2.269343
2455394.049950 -1.026398 0.690777 4.774247
2455394.149950 -0.926398 0.732033 6.960128
2455394.249950 -0.826398 0.773290 8.680922
2455394.349950 -0.726398 0.814547 9.821642
2455394.449950 -0.626398 0.855804 10.306065
2455394.549950 -0.526398 0.897060 10.101819
2455394.649950 -0.426398 0.938317 9.222553
2455394.749950 -0.326398 0.979574 7.727021
2455394.849950 -0.226398 0.020831 5.715157
2455394.949950 -0.126398 0.062088 3.321397
2455395.049950 -0.026398 0.103344 0.705696
2455395.149950 0.073602 0.144601 -1.957162
2455395.249950 0.173602 0.185858 -4.489238
2455395.349950 0.273602 0.227115 -6.721336
2455395.449950 0.373602 0.268371 -8.504304
2455395.549950 0.473602 0.309628 -9.719000
2455395.649950 0.573602 0.350885 -10.284256
2455395.749950 0.673602 0.392142 -10.162302
2455395.849950 0.773602 0.433399 -9.361286
2455395.949950 0.873602 0.474655 -7.934734
2455396.049950 0.973602 0.515912 -5.977970
2455396.149950 1.073602 0.557169 -3.621748
2455396.249950 1.173602 0.598426 -1.023515
2455396.349950 -1.150242 0.639683 1.643111
2455396.449950 -1.050242 0.680939 4.199942
2455396.549950 -0.950242 0.722196 6.476125
2455396.649950 -0.850242 0.763453 8.319564
2455396.749950 -0.750242 0.804710 9.607075
2455396.849950 -0.650242 0.845966 10.252626
2455396.949950 -0.550242 0.887223 10.213080
2455397.049950 -0.450242 0.928480 9.491079
2455397.149950 -0.350242 0.969737 8.134868
2455397.249950 -0.250242 0.010994 6.235073
2455397.349950 -0.150242 0.052250 3.918640
2455397.449950 -0.050242 0.093507 1.340356
2455397.549950 0.049758 0.134764 -1.327492
2455397.649950 0.149758 0.176021 -3.906634
2455397.749950 0.249758 0.217277 -6.224730
2455397.849950 0.349758 0.258534 -8.126878
2455397.949950 0.449758 0.299791 -9.485975
2455398.049950 0.549758 0.341048 -10.211204
2455398.149950 0.649758 0.382305 -10.254104
2455398.249950 0.749758 0.423561 -9.611807
2455398.349950 0.849758 0.464818 -8.327234
2455398.449950 0.949758 0.506075 -6.486222
2455398.549950 1.049758 0.547332 -4.211789
2455398.649950 1.149758 0.588588 -1.655918
2455398.749950 -1.174086 0.629845 1.010604
2455398.849950 -1.074086 0.671102 3.609596
2455398.949950 -0.974086 0.712359 5.967389
2455399.049950 -0.874086 0.753616 7.926431
2455399.149950 -0.774086 0.794872 9.355817
2455399.249950 -0.674086 0.836129 10.160031
2455399.349950 -0.574086 0.877386 10.285335
2455399.449950 -0.474086 0.918643 9.723356
2455399.549950 -0.374086 0.959899 8.511647
2455399.649950 -0.274086 0.001156 6.731176
2455399.749950 -0.174086 0.042413 4.500916
2455399.849950 -0.074086 0.083670 1.969898
2455399.949950 0.025914 0.124927 -0.692752
2455400.049950 0.125914 0.166183 -3.309111
2455400.149950 0.225914 0.207440 -5.704350
2455400.249950 0.325914 0.248697 -7.718415
2455400.349950 0.425914 0.289954 -9.216723
2455400.449950 0.525914 0.331210 -10.099154
2455400.549950 0.625914 0.372467 -10.306743
2455400.649950 0.725914 0.413724 -9.825619
2455400.749950 0.825914 0.454981 -8.687931
2455400.849950 0.925914 0.496238 -6.969702
2455400.949950 1.025914 0.537494 -4.785745
2455401.049950 1.125914 0.578751 -2.281997
2455401.149950 -1.197930 0.620008 0.374238
2455401.249950 -1.097930 0.661265 3.005465
2455401.349950 -0.997930 0.702522 5.435863
2455401.449950 -0.897930 0.743778 7.503027
2455401.549950 -0.797930 0.785035 9.068826
2455401.649950 -0.697930 0.826292 10.028632
2455401.749950 -0.597930 0.867549 10.318309
2455401.849950 -0.497930 0.908805 9.918499
2455401.949950 -0.397930 0.950062 8.855918
2455402.049950 -0.297930 0.991319 7.201571
2455402.149950 -0.197930 0.032576 5.066003
2455402.249950 -0.097930 0.073833 2.591917
2455402.349950 0.002070 0.115089 -0.055366
2455402.449950 0.102070 0.156346 -2.698949
2455402.549950 0.202070 0.197603 -5.162184
2455402.649950 0.302070 0.238860 -7.280473
2455402.749950 0.402070 0.280116 -8.912269
2455402.849950 0.502070 0.321373 -9.948533
2455402.949950 0.602070 0.362630 -10.320020
2455403.049950 0.702070 0.403887 -10.001906
2455403.149950 0.802070 0.445144 -9.015448
2455403.249950 0.902070 0.486400 -7.426563
2455403.349950 1.002070 0.527657 -5.341423
2455403.449950 1.102070 0.568914 -2.899361
2455403.549950 1.202070 0.610171 -0.263558
2455403.649950 -1.121774 0.651427 2.389856
2455403.749950 -1.021774 0.692684 4.883575
2455403.849950 -0.921774 0.733941 7.050967
2455403.949950 -0.821774 0.775198 8.747201
2455404.049950 -0.721774 0.816455 9.858933
2455404.149950 -0.621774 0.857711 10.311875
2455404.249950 -0.521774 0.898968 10.075760
2455404.349950 -0.421774 0.940225 9.166367
2455404.449950 -0.321774 0.981482 7.644462
2455404.549950 -0.221774 0.022738 5.611742
2455404.649950 -0.121774 0.063995 3.204036
2455404.749950 -0.021774 0.105252 0.582231
2455404.849950 0.078226 0.146509 -2.078480
2455404.949950 0.178226 0.187766 -4.600303
2455405.049950 0.278226 0.229022 -6.814726
2455405.149950 0.378226 0.270279 -8.573779
2455405.249950 0.478226 0.311536 -9.759917
2455405.349950 0.578226 0.352793 -10.293882
2455405.449950 0.678226 0.394050 -10.139993
2455405.549950 0.778226 0.435306 -9.308533
2455405.649950 0.878226 0.476563 -7.855061
2455405.749950 0.978226 0.517820 -5.876702
2455405.849950 1.078226 0.559077 -3.505651
2455405.949950 1.178226 0.600333 -0.900348
2455406.049950 -1.145619 0.641590 1.765119
2455406.149950 -1.045619 0.682847 4.312637
2455406.249950 -0.945619 0.724104 6.571978
2455406.349950 -0.845619 0.765361 8.392168
2455406.449950 -0.745619 0.806617 9.651580
2455406.549950 -0.645619 0.847874 10.266058
2455406.649950 -0.545619 0.889131 10.194541
2455406.749950 -0.445619 0.930388 9.441808
2455406.849950 -0.345619 0.971644 8.058158
2455406.949950 -0.245619 0.012901 6.136049
2455407.049950 -0.145619 0.054158 3.803919
2455407.149950 -0.045619 0.095415 1.217604
2455407.249950 0.054381 0.136672 -1.450072
2455407.349950 0.154381 0.177928 -4.020852
2455407.449950 0.254381 0.219185 -6.322953
2455407.549950 0.354381 0.260442 -8.202543
2455407.649950 0.454381 0.301699 -9.534026
2455407.749950 0.554381 0.342955 -10.228430
2455407.849950 0.654381 0.384212 -10.239353
2455407.949950 0.754381 0.425469 -9.566066
2455408.049950 0.854381 0.466726 -8.253559
2455408.149950 0.954381 0.507983 -6.389536
2455408.249950 1.054381 0.549239 -4.098553
2455408.349950 1.154381 0.590496 -1.533698
2455408.449950 -1.169463 0.631753 1.133640
2455408.549950 -1.069463 0.673010 3.725228
2455408.649950 -0.969463 0.714266 6.067889
2455408.749950 -0.869463 0.755523 8.005084
2455408.849950 -0.769463 0.796780 9.407366
2455408.949950 -0.669463 0.838037 10.181033
2455409.049950 -0.569463 0.879294 10.274387
2455409.149950 -0.469463 0.920550 9.681189
2455409.249950 -0.369463 0.961807 8.441078
2455409.349950 -0.269463 0.003064 6.636921
2455409.449950 -0.169463 0.044321 4.389273
2455409.549950 -0.069463 0.085578 1.848328
2455409.649950 0.030537 0.126834 -0.816126
2455409.749950 0.130537 0.168091 -3.426045
2455409.849950 0.230537 0.209348 -5.807030
2455409.949950 0.330537 0.250605 -7.799980
2455410.049950 0.430537 0.291861 -9.271723
2455410.149950 0.530537 0.333118 -10.123913
2455410.249950 0.630537 0.374375 -10.299608
2455410.349950 0.730537 0.415632 -9.787065
2455410.449950 0.830537 0.456889 -8.620535
2455410.549950 0.930537 0.498145 -6.877967
2455410.649950 1.030537 0.539402 -4.675802
2455410.749950 1.130537 0.580659 -2.161192
2455410.849950 -1.193307 0.621916 0.497833
2455410.949950 -1.093307 0.663172 3.123591
2455411.049950 -0.993307 0.704429 5.540626
2455411.149950 -0.893307 0.745686 7.587427
2455411.249950 -0.793307 0.786943 9.127224
2455411.349950 -0.693307 0.828200 10.057125
2455411.449950 -0.593307 0.869456 10.314992
2455411.549950 -0.493307 0.910713 9.883595
2455411.649950 -0.393307 0.951970 8.791760
2455411.749950 -0.293307 0.993227 7.112445
2455411.849950 -0.193307 0.034483 4.957865
2455411.949950 -0.093307 0.075740 2.471992
2455412.049950 0.006693 0.116997 -0.179064
2455412.149950 0.106693 0.158254 -2.818154
2455412.249950 0.206693 0.199511 -5.268930
2455412.349950 0.306693 0.240767 -7.367628
2455412.449950 0.406693 0.282024 -8.974009
2455412.549950 0.506693 0.323281 -9.980732
2455412.649950 0.606693 0.364538 -10.320526
2455412.749950 0.706693 0.405794 -9.970686
2455412.849950 0.806693 0.447051 -8.954588
2455412.949950 0.906693 0.488308 -7.340130
2455413.049950 1.006693 0.529565 -5.235193
2455413.149950 1.106693 0.570822 -2.780431
2455413.249950 1.206693 0.612078 -0.139876
2455413.349950 -1.117151 0.653335 2.510025
2455413.449950 -1.017151 0.694592 4.992202
2455413.549950 -0.917151 0.735849 7.140793
2455413.649950 -0.817151 0.777106 8.812223
2455413.749950 -0.717151 0.818362 9.894807
2455413.849950 -0.617151 0.859619 10.316204
2455413.949950 -0.517151 0.900876 10.048254
2455414.049950 -0.417151 0.942133 9.108864
2455414.149950 -0.317151 0.983389 7.560805
2455414.249950 -0.217151 0.024646 5.507521
2455414.349950 -0.117151 0.065903 3.086215
2455414.449950 -0.017151 0.107160 0.458683
2455414.549950 0.082849 0.148417 -2.199499
2455414.649950 0.182849 0.189673 -4.710707
2455414.749950 0.282849 0.230930 -6.907137
2455414.849950 0.382849 0.272187 -8.642022
2455414.949950 0.482849 0.313444 -9.799432
2455415.049950 0.582849 0.354700 -10.302029
2455415.149950 0.682849 0.395957 -10.116227
2455415.249950 0.782849 0.437214 -9.254442
2455415.349950 0.882849 0.478471 -7.774260
2455415.449950 0.982849 0.519728 -5.774589
2455415.549950 1.082849 0.560984 -3.389051
2455415.649950 1.182849 0.602241 -0.777051
2455415.749950 -1.140995 0.643498 1.886873
2455415.849950 -1.040995 0.684755 4.424712
2455415.949950 -0.940995 0.726011 6.666886
2455416.049950 -0.840995 0.767268 8.463567
2455416.149950 -0.740995 0.808525 9.694699
2455416.249950 -0.640995 0.849782 10.278015
2455416.349950 -0.540995 0.891039 10.174537
2455416.449950 -0.440995 0.932295 9.391181
2455416.549950 -0.340995 0.973552 7.980290
2455416.649950 -0.240995 0.014809 6.036143
2455416.749950 -0.140995 0.056066 3.688651
2455416.849950 -0.040995 0.097322 1.094678
2455416.949950 0.059005 0.138579 -1.572444
2455417.049950 0.159005 0.179836 -4.134492
2455417.149950 0.259005 0.221093 -6.420267
2455417.249950 0.359005 0.262350 -8.277029
2455417.349950 0.459005 0.303606 -9.580707
2455417.449950 0.559005 0.344863 -10.244186
2455417.549950 0.659005 0.386120 -10.223131
2455417.649950 0.759005 0.427377 -9.518951
2455417.749950 0.859005 0.468634 -8.178698
2455417.849950 0.959005 0.509890 -6.291932
2455417.949950 1.059005 0.551147 -3.984728
2455418.049950 1.159005 0.592404 -1.411258
2455418.149950 -1.164839 0.633661 1.256514
2455418.249950 -1.064839 0.674917 3.840324
2455418.349950 -0.964839 0.716174 6.167517
2455418.449950 -0.864839 0.757431 8.082587
2455418.549950 -0.764839 0.798688 9.457565
2455418.649950 -0.664839 0.839945 10.200573
2455418.749950 -0.564839 0.881201 10.261962
2455418.849950 -0.464839 0.922458 9.637630
2455418.949950 -0.364839 0.963715 8.369296
2455419.049950 -0.264839 0.004972 6.541712
2455419.149950 -0.164839 0.046228 4.277000
2455419.249950 -0.064839 0.087485 1.726492
2455419.349950 0.035161 0.128742 -0.939384
2455419.449950 0.135161 0.169999 -3.542488
2455419.549950 0.235161 0.211256 -5.908877
2455419.649950 0.335161 0.252512 -7.880425
2455419.749950 0.435161 0.293769 -9.325391
2455419.849950 0.535161 0.335026 -10.147218
2455419.949950 0.635161 0.376283 -10.290992
2455420.049950 0.735161 0.417539 -9.747105
2455420.149950 0.835161 0.458796 -8.551901
2455420.249950 0.935161 0.500053 -6.785244
2455420.349950 1.035161 0.541310 -4.565187
2455420.449950 1.135161 0.582567 -2.040076
2455420.549950 -1.188683 0.623823 0.621356
2455420.649950 -1.088683 0.665080 3.241268
2455420.749950 -0.988683 0.706337 5.644593
2455420.849950 -0.888683 0.747594 7.670738
2455420.949950 -0.788683 0.788850 9.184311
2455421.049950 -0.688683 0.830107 10.084173
2455421.149950 -0.588683 0.871364 10.310194
2455421.249950 -0.488683 0.912621 9.847272
2455421.349950 -0.388683 0.953878 8.726338
2455421.449950 -0.288683 0.995134 7.022297
2455421.549950 -0.188683 0.036391 4.849014
2455421.649950 -0.088683 0.077648 2.351712
2455421.749950 0.011317 0.118905 -0.302736
2455421.849950 0.111317 0.160162 -2.936953
2455421.949950 0.211317 0.201418 -5.374919
2455422.049950 0.311317 0.242675 -7.453724
2455422.149950 0.411317 0.283932 -9.034459
2455422.249950 0.511317 0.325189 -10.011497
2455422.349950 0.611317 0.366445 -10.319550
2455422.449950 0.711317 0.407702 -9.938034
2455422.549950 0.811317 0.448959 -8.892442
2455422.649950 0.911317 0.490216 -7.252643
2455422.749950 1.011317 0.531473 -5.128210
2455422.849950 1.111317 0.572729 -2.661102
2455422.949950 1.211317 0.613986 -0.016174
2455423.049950 -1.112527 0.655243 2.629834
2455423.149950 -1.012527 0.696500 5.100112
2455423.249950 -0.912527 0.737756 7.229593
2455423.349950 -0.812527 0.779013 8.875980
2455423.449950 -0.712527 0.820270 9.929260
2455423.549950 -0.612527 0.861527 10.319050
2455423.649950 -0.512527 0.902784 10.019305
2455423.749950 -0.412527 0.944040 9.050053
2455423.849950 -0.312527 0.985297 7.476062
2455423.949950 -0.212527 0.026554 5.402508
2455424.049950 -0.112527 0.067811 2.967950
2455424.149950 -0.012527 0.109067 0.335069
2455424.249950 0.087473 0.150324 -2.320203
2455424.349950 0.187473 0.191581 -4.820434
2455424.449950 0.287473 0.232838 -6.998556
2455424.549950 0.387473 0.274095 -8.709024
2455424.649950 0.487473 0.315351 -9.837540
2455424.749950 0.587473 0.356608 -10.308695
2455424.849950 0.687473 0.397865 -10.091007
2455424.949950 0.787473 0.439122 -9.199021
2455425.049950 0.887473 0.480378 -7.692342
2455425.149950 0.987473 0.521635 -5.671647
2455425.249950 1.087473 0.562892 -3.271964
2455425.349950 1.187473 0.604149 -0.653643
2455425.449950 -1.136371 0.645406 2.008355
2455425.549950 -1.036371 0.686662 4.536152
2455425.649950 -0.936371 0.727919 6.760836
2455425.749950 -0.836371 0.769176 8.533750
2455425.849950 -0.736371 0.810433 9.736425
2455425.949950 -0.636371 0.851689 10.288495
2455426.049950 -0.536371 0.892946 10.153072
2455426.149950 -0.436371 0.934203 9.339204
2455426.249950 -0.336371 0.975460 7.901275
2455426.349950 -0.236371 0.016717 5.935370
2455426.449950 -0.136371 0.057973 3.572854
2455426.549950 -0.036371 0.099230 0.971593
2455426.649950 0.063629 0.140487 -1.694590
2455426.749950 0.163629 0.181744 -4.247539
2455426.849950 0.263629 0.223001 -6.516659
2455426.949950 0.363629 0.264257 -8.350327
2455427.049950 0.463629 0.305514 -9.626011
2455427.149950 0.563629 0.346771 -10.258470
2455427.249950 0.663629 0.388028 -10.205441
2455427.349950 0.763629 0.429284 -9.470468
2455427.449950 0.863629 0.470541 -8.102662
2455427.549950 0.963629 0.511798 -6.193424
2455427.649950 1.063629 0.553055 -3.870331
2455427.749950 1.163629 0.594312 -1.288616
2455427.849950 -1.160215 0.635568 1.379207
2455427.949950 -1.060215 0.676825 3.954868
2455428.049950 -0.960215 0.718082 6.266259
2455428.149950 -0.860215 0.759339 8.158928
2455428.249950 -0.760215 0.800595 9.506404
2455428.349950 -0.660215 0.841852 10.218647
2455428.449950 -0.560215 0.883109 10.248063
2455428.549950 -0.460215 0.924366 9.592687
2455428.649950 -0.360215 0.965623 8.296311
2455428.749950 -0.260215 0.006879 6.445563
2455428.849950 -0.160215 0.048136 4.164112
2455428.949950 -0.060215 0.089393 1.604407
2455429.049950 0.039785 0.130650 -1.062506
2455429.149950 0.139785 0.171906 -3.658421
2455429.249950 0.239785 0.213163 -6.009874
2455429.349950 0.339785 0.254420 -7.959738
2455429.449950 0.439785 0.295677 -9.377719
2455429.549950 0.539785 0.336934 -10.169065
2455429.649950 0.639785 0.378190 -10.280898
2455429.749950 0.739785 0.419447 -9.705745
2455429.849950 0.839785 0.460704 -8.482037
2455429.949950 0.939785 0.501961 -6.691547
2455430.049950 1.039785 0.543217 -4.453916
2455430.149950 1.139785 0.584474 -1.918667
2455430.249950 -1.184059 0.625731 0.744791
2455430.349950 -1.084059 0.666988 3.358480
2455430.449950 -0.984059 0.708245 5.747750
2455430.549950 -0.884059 0.749501 7.752946
2455430.649950 -0.784059 0.790758 9.240078
2455430.749950 -0.684059 0.832015 10.109772
2455430.849950 -0.584059 0.873272 10.303915
2455430.949950 -0.484059 0.914529 9.809533
2455431.049950 -0.384059 0.955785 8.659663
2455431.149950 -0.284059 0.997042 6.931139
2455431.249950 -0.184059 0.038299 4.739466
2455431.349950 -0.084059 0.079556 2.231094
2455431.449950 0.015941 0.120812 -0.426364
2455431.549950 0.115941 0.162069 -3.055331
2455431.649950 0.215941 0.203326 -5.480136
2455431.749950 0.315941 0.244583 -7.538750
2455431.849950 0.415941 0.285840 -9.093612
2455431.949950 0.515941 0.327096 -10.040823
2455432.049950 0.615941 0.368353 -10.317091
2455432.149950 0.715941 0.409610 -9.903954
2455432.249950 0.815941 0.450867 -8.829018
2455432.349950 0.915941 0.492123 -7.164113
2455432.449950 1.015941 0.533380 -5.020490
2455432.549950 1.115941 0.574637 -2.541390
2455432.649950 -1.207903 0.615894 0.107530
2455432.749950 -1.107903 0.657151 2.749265
2455432.849950 -1.007903 0.698407 5.207289
2455432.949950 -0.907903 0.739664 7.317354
2455433.049950 -0.807903 0.780921 8.938461
2455433.149950 -0.707903 0.822178 9.962286
2455433.249950 -0.607903 0.863434 10.320414
2455433.349950 -0.507903 0.904691 9.988916
2455433.449950 -0.407903 0.945948 8.989941
2455433.549950 -0.307903 0.987205 7.390245
2455433.649950 -0.207903 0.028462 5.296720
2455433.749950 -0.107903 0.069718 2.849259
2455433.849950 -0.007903 0.110975 0.211407
2455433.949950 0.092097 0.152232 -2.440573
2455434.049950 0.192097 0.193489 -4.929469
2455434.149950 0.292097 0.234745 -7.088970
2455434.249950 0.392097 0.276002 -8.774774
2455434.349950 0.492097 0.317259 -9.874234
2455434.449950 0.592097 0.358516 -10.313881
2455434.549950 0.692097 0.399773 -10.064338
2455434.649950 0.792097 0.441029 -9.142279
2455434.749950 0.892097 0.482286 -7.609318
2455434.849950 0.992097 0.523543 -5.567891
2455434.949950 1.092097 0.564800 -3.154407
2455435.049950 1.192097 0.606057 -0.530141
2455435.149950 -1.131747 0.647313 2.129550
2455435.249950 -1.031747 0.688570 4.646941
2455435.349950 -0.931747 0.729827 6.853815
2455435.449950 -0.831747 0.771084 8.602707
2455435.549950 -0.731747 0.812340 9.776752
2455435.649950 -0.631747 0.853597 10.297498
2455435.749950 -0.531747 0.894854 10.130148
2455435.849950 -0.431747 0.936111 9.285886
2455435.949950 -0.331747 0.977368 7.821125
2455436.049950 -0.231747 0.018624 5.833744
2455436.149950 -0.131747 0.059881 3.456543
2455436.249950 -0.031747 0.101138 0.848370
2455436.349950 0.068253 0.142395 -1.816493
2455436.449950 0.168253 0.183651 -4.359974
2455436.549950 0.268253 0.224908 -6.612115
2455436.649950 0.368253 0.266165 -8.422424
2455436.749950 0.468253 0.307422 -9.669932
2455436.849950 0.568253 0.348679 -10.271280
2455436.949950 0.668253 0.389935 -10.186284
2455437.049950 0.768253 0.431192 -9.420624
2455437.149950 0.868253 0.472449 -8.025462
2455437.249950 0.968253 0.513706 -6.094026
2455437.349950 1.068253 0.554962 -3.755377
2455437.449950 1.168253 0.596219 -1.165788
2455437.549950 -1.155591 0.637476 1.501701
2455437.649950 -1.055591 0.678733 4.068845
2455437.749950 -0.955591 0.719990 6.364101
2455437.849950 -0.855591 0.761246 8.234097
2455437.949950 -0.755591 0.802503 9.553878
2455438.049950 -0.655591 0.843760 10.235253
2455438.149950 -0.555591 0.885017 10.232692
2455438.249950 -0.455591 0.926273 9.546365
2455438.349950 -0.355591 0.967530 8.222135
2455438.449950 -0.255591 0.008787 6.348488
2455438.549950 -0.155591 0.050044 4.050625
2455438.649950 -0.055591 0.091301 1.482093
2455438.749950 0.044409 0.132557 -1.185476
2455438.849950 0.144409 0.173814 -3.773829
2455438.949950 0.244409 0.215071 -6.110008
2455439.049950 0.344409 0.256328 -8.037907
2455439.149950 0.444409 0.297585 -9.428700
2455439.249950 0.544409 0.338841 -10.189451
2455439.349950 0.644409 0.380098 -10.269327
2455439.449950 0.744409 0.421355 -9.662990
2455439.549950 0.844409 0.462612 -8.410956
2455439.649950 0.944409 0.503868 -6.596887
2455439.749950 1.044409 0.545125 -4.342005
2455439.849950 1.144409 0.586382 -1.796982
2455439.949950 -1.179435 0.627639 0.868118
2455440.049950 -1.079435 0.668896 3.475209
2455440.149950 -0.979435 0.710152 5.850081
2455440.249950 -0.879435 0.751409 7.834040
2455440.349950 -0.779435 0.792666 9.294517
2455440.449950 -0.679435 0.833923 10.133918
2455440.549950 -0.579435 0.875179 10.296155
2455440.649950 -0.479435 0.916436 9.770386
2455440.749950 -0.379435 0.957693 8.591743
2455440.849950 -0.279435 0.998950 6.838987
2455440.949950 -0.179435 0.040207 4.629237
2455441.049950 -0.079435 0.081463 2.110155
2455441.149950 0.020565 0.122720 -0.549931
2455441.249950 0.120565 0.163977 -3.173270
2455441.349950 0.220565 0.205234 -5.584566
2455441.449950 0.320565 0.246490 -7.622692
2455441.549950 0.420565 0.287747 -9.151457
2455441.649950 0.520565 0.329004 -10.068707
2455441.749950 0.620565 0.370261 -10.313150
2455441.849950 0.720565 0.411518 -9.868451
2455441.949950 0.820565 0.452774 -8.764326
2455442.049950 0.920565 0.494031 -7.074554
2455442.149950 1.020565 0.535288 -4.912049
2455442.249950 1.120565 0.576545 -2.421313
2455442.349950 -1.203279 0.617801 0.231219
2455442.449950 -1.103279 0.659058 2.868301
2455442.549950 -1.003279 0.700315 5.313718
2455442.649950 -0.903279 0.741572 7.404064
2455442.749950 -0.803279 0.782829 8.999658
2455442.849950 -0.703279 0.824085 9.993880
2455442.949950 -0.603279 0.865342 10.320295
2455443.049950 -0.503279 0.906599 9.957091
2455443.149950 -0.403279 0.947856 8.928538
2455443.249950 -0.303279 0.989113 7.303365
2455443.349950 -0.203279 0.030369 5.190170
2455443.449950 -0.103279 0.071626 2.730159
2455443.549950 -0.003279 0.112883 0.087714
2455443.649950 0.096721 0.154140 -2.560592
2455443.749950 0.196721 0.195396 -5.037795
2455443.849950 0.296721 0.236653 -7.178364
2455443.949950 0.396721 0.277910 -8.839264
2455444.049950 0.496721 0.319167 -9.909509
2455444.149950 0.596721 0.360424 -10.317585
2455444.249950 0.696721 0.401680 -10.036222
2455444.349950 0.796721 0.442937 -9.084223
2455444.449950 0.896721 0.484194 -7.525202
2455444.549950 0.996721 0.525451 -5.463334
2455444.649950 1.096721 0.566707 -3.036397
2455444.749950 1.196721 0.607964 -0.406563
2455444.849950 -1.127123 0.649221 2.250438
2455444.949950 -1.027123 0.690478 4.757061
2455445.049950 -0.927123 0.731735 6.945810
2455445.149950 -0.827123 0.772991 8.670428
2455445.249950 -0.727123 0.814248 9.815674
2455445.349950 -0.627123 0.855505 10.305020
2455445.449950 -0.527123 0.896762 10.105769
2455445.549950 -0.427123 0.938018 9.231233
2455445.649950 -0.327123 0.979275 7.739851
2455445.749950 -0.227123 0.020532 5.731280
2455445.849950 -0.127123 0.061789 3.339735
2455445.949950 -0.027123 0.103046 0.725024
2455446.049950 0.072877 0.144302 -1.938135
2455446.149950 0.172877 0.185559 -4.471784
2455446.249950 0.272877 0.226816 -6.706621
2455446.349950 0.372877 0.268073 -8.493311
2455446.449950 0.472877 0.309329 -9.712464
2455446.549950 0.572877 0.350586 -10.282615
2455446.649950 0.672877 0.391843 -10.165664
2455446.749950 0.772877 0.433100 -9.369427
2455446.849950 0.872877 0.474357 -7.947109
2455446.949950 0.972877 0.515613 -5.993753
2455447.049950 1.072877 0.556870 -3.639884
2455447.149950 1.172877 0.598127 -1.042792
2455447.249950 -1.150967 0.639384 1.623980
2455447.349950 -1.050967 0.680640 4.182236
2455447.449950 -0.950967 0.721897 6.461028
2455447.549950 -0.850967 0.763154 8.308084
2455447.649950 -0.750967 0.804411 9.599979
2455447.749950 -0.650967 0.845668 10.250389
2455447.849950 -0.550967 0.886924 10.215850
2455447.949950 -0.450967 0.928181 9.498672
2455448.049950 -0.350967 0.969438 8.146777
2455448.149950 -0.250967 0.010695 6.250501
2455448.249950 -0.150967 0.051952 3.936557
2455448.349950 -0.050967 0.093208 1.359565
2455448.449950 0.049033 0.134465 -1.308275
2455448.549950 0.149033 0.175722 -3.888694
2455448.649950 0.249033 0.216979 -6.209264
2455448.749950 0.349033 0.258235 -8.114921
2455448.849950 0.449033 0.299492 -9.478326
2455448.949950 0.549033 0.340749 -10.208373
2455449.049950 0.649033 0.382006 -10.256281
2455449.149950 0.749033 0.423263 -9.618846
2455449.249950 0.849033 0.464519 -8.338665
2455449.349950 0.949033 0.505776 -6.501281
2455449.449950 1.049033 0.547033 -4.229470
2455449.549950 1.149033 0.588290 -1.675039
2455449.649950 -1.174811 0.629546 0.991321
2455449.749950 -1.074811 0.670803 3.591439
2455449.849950 -0.974811 0.712060 5.951571
2455449.949950 -0.874811 0.753317 7.914009
2455450.049950 -0.774811 0.794574 9.347621
2455450.149950 -0.674811 0.835830 10.156609
2455450.249950 -0.574811 0.877087 10.286916
2455450.349950 -0.474811 0.918344 9.729834
2455450.449950 -0.374811 0.959601 8.522589
2455450.549950 -0.274811 0.000857 6.745851
2455450.649950 -0.174811 0.042114 4.518344
2455450.749950 -0.074811 0.083371 1.988914
2455450.849950 0.025189 0.124628 -0.673419
2455450.949950 0.125189 0.165885 -3.290753
2455451.049950 0.225189 0.207141 -5.688193
2455451.149950 0.325189 0.248398 -7.705539
2455451.249950 0.425189 0.289655 -9.207988
2455451.349950 0.525189 0.330912 -10.095145
2455451.449950 0.625189 0.372168 -10.307727
2455451.549950 0.725189 0.413425 -9.831530
2455451.649950 0.825189 0.454682 -8.698374
2455451.749950 0.925189 0.495939 -6.983979
2455451.849950 1.025189 0.537196 -4.802903
2455451.949950 1.125189 0.578452 -2.300889
2455452.049950 -1.198655 0.619709 0.354875
2455452.149950 -1.098655 0.660966 2.986925
2455452.249950 -0.998655 0.702223 5.419383
2455452.349950 -0.898655 0.743480 7.489710
2455452.449950 -0.798655 0.784736 9.059562
2455452.549950 -0.698655 0.825993 10.024039
2455452.649950 -0.598655 0.867250 10.318694
2455452.749950 -0.498655 0.908507 9.923836
2455452.849950 -0.398655 0.949763 8.865852
2455452.949950 -0.298655 0.991020 7.215437
2455453.049950 -0.198655 0.032277 5.082874
2455453.149950 -0.098655 0.073534 2.610666
2455453.249950 0.001345 0.114791 -0.035991
2455453.349950 0.101345 0.156047 -2.680244
2455453.449950 0.201345 0.197304 -5.145398
2455453.549950 0.301345 0.238561 -7.266728
2455453.649950 0.401345 0.279818 -8.902484
2455453.749950 0.501345 0.321074 -9.943361
2455453.849950 0.601345 0.362331 -10.319806
2455453.949950 0.701345 0.403588 -10.006665
2455454.049950 0.801345 0.444845 -9.024863
2455454.149950 0.901345 0.486102 -7.440004
2455454.249950 1.001345 0.527358 -5.357992
2455454.349950 1.101345 0.568615 -2.917950
2455454.449950 1.201345 0.609872 -0.282927
2455454.549950 -1.122499 0.651129 2.371003
2455454.649950 -1.022499 0.692385 4.866498
2455454.749950 -0.922499 0.733642 7.036806
2455454.849950 -0.822499 0.774899 8.736903
2455454.949950 -0.722499 0.816156 9.853186
2455455.049950 -0.622499 0.857413 10.311063
2455455.149950 -0.522499 0.898669 10.079937
2455455.249950 -0.422499 0.939926 9.175254
2455455.349950 -0.322499 0.981183 7.657466
2455455.449950 -0.222499 0.022440 5.627993
2455455.549950 -0.122499 0.063696 3.222448
2455455.649950 -0.022499 0.104953 0.601574
2455455.749950 0.077501 0.146210 -2.059498
2455455.849950 0.177501 0.187467 -4.582951
2455455.949950 0.277501 0.228724 -6.800164
2455456.049950 0.377501 0.269980 -8.562978
2455456.149950 0.477501 0.311237 -9.753601
2455456.249950 0.577501 0.352494 -10.292472
2455456.349950 0.677501 0.393751 -10.143583
2455456.449950 0.777501 0.435008 -9.316883
2455456.549950 0.877501 0.476264 -7.867614
2455456.649950 0.977501 0.517521 -5.892618
2455456.749950 1.077501 0.558778 -3.523868
2455456.849950 1.177501 0.600035 -0.919647
2455456.949950 -1.146343 0.641291 1.746026
2455457.049950 -1.046343 0.682548 4.295027
2455457.149950 -0.946343 0.723805 6.557027
2455457.249950 -0.846343 0.765062 8.380876
2455457.349950 -0.746343 0.806319 9.644701
2455457.449950 -0.646343 0.847575 10.264052
2455457.549950 -0.546343 0.888832 10.197541
2455457.649950 -0.446343 0.930089 9.449615
2455457.749950 -0.346343 0.971346 8.070249
2455457.849950 -0.246343 0.012602 6.151617
2455457.949950 -0.146343 0.053859 3.821923
2455458.049950 -0.046343 0.095116 1.236842
2455458.149950 0.053657 0.136373 -1.430887
2455458.249950 0.153657 0.177630 -4.003001
2455458.349950 0.253657 0.218886 -6.307629
2455458.449950 0.353657 0.260143 -8.190770
2455458.549950 0.453657 0.301400 -9.526591
2455458.649950 0.553657 0.342657 -10.225829
2455458.749950 0.653657 0.383913 -10.241761
2455458.849950 0.753657 0.425170 -9.573321
2455458.949950 0.853657 0.466427 -8.265177
2455459.049950 0.953657 0.507684 -6.404740
2455459.149950 1.053657 0.548941 -4.116328
2455459.249950 1.153657 0.590197 -1.552856
2455459.349950 -1.170187 0.631454 1.114381
2455459.449950 -1.070187 0.672711 3.707152
2455459.549950 -0.970187 0.713968 6.052206
2455459.649950 -0.870187 0.755224 7.992841
2455459.749950 -0.770187 0.796481 9.399382
2455459.849950 -0.670187 0.837738 10.177840
2455459.949950 -0.570187 0.878995 10.276199
2455460.049950 -0.470187 0.920252 9.687885
2455460.149950 -0.370187 0.961508 8.452211
2455460.249950 -0.270187 0.002765 6.651746
2455460.349950 -0.170187 0.044022 4.406801
2455460.449950 -0.070187 0.085279 1.867386
2455460.549950 0.029813 0.126536 -0.796811
2455460.649950 0.129813 0.167792 -3.407763
2455460.749950 0.229813 0.209049 -5.791003
2455460.849950 0.329813 0.250306 -7.787279
2455460.949950 0.429813 0.291563 -9.263196
2455461.049950 0.529813 0.332819 -10.120132
2455461.149950 0.629813 0.374076 -10.300823
2455461.249950 0.729813 0.415333 -9.793197
2455461.349950 0.829813 0.456590 -8.631173
2455461.449950 0.929813 0.497847 -6.892400
2455461.549950 1.029813 0.539103 -4.693066
2455461.649950 1.129813 0.580360 -2.180133
2455461.749950 -1.194031 0.621617 0.478479
2455461.849950 -1.094031 0.662874 3.105119
2455461.949950 -0.994031 0.704130 5.524270
2455462.049950 -0.894031 0.745387 7.574280
2455462.149950 -0.794031 0.786644 9.118164
2455462.249950 -0.694031 0.827901 10.052758
2455462.349950 -0.594031 0.869158 10.315610
2455462.449950 -0.494031 0.910414 9.889156
2455462.549950 -0.394031 0.951671 8.801892
2455462.649950 -0.294031 0.992928 7.126472
2455462.749950 -0.194031 0.034185 4.974849
2455462.849950 -0.094031 0.075441 2.490798
2455462.949950 0.005969 0.116698 -0.159691
2455463.049950 0.105969 0.157955 -2.799510
2455463.149950 0.205969 0.199212 -5.252261
2455463.249950 0.305969 0.240469 -7.354047
2455463.349950 0.405969 0.281725 -8.964424
2455463.449950 0.505969 0.322982 -9.975784
2455463.549950 0.605969 0.364239 -10.320545
2455463.649950 0.705969 0.405496 -9.975670
2455463.749950 0.805969 0.446752 -8.964205
2455463.849950 0.905969 0.488009 -7.353737
2455463.949950 1.005969 0.529266 -5.251881
2455464.049950 1.105969 0.570523 -2.799085
2455464.149950 1.205969 0.611780 -0.159249
2455464.249950 -1.117875 0.653036 2.491227
2455464.349950 -1.017875 0.694293 4.975236
2455464.449950 -0.917875 0.735550 7.126791
2455464.549950 -0.817875 0.776807 8.802123
2455464.649950 -0.717875 0.818064 9.889282
2455464.749950 -0.617875 0.859320 10.315623
2455464.849950 -0.517875 0.900577 10.052658
2455464.949950 -0.417875 0.941834 9.117957
2455465.049950 -0.317875 0.983091 7.573980
2455465.149950 -0.217875 0.024347 5.523897
2455465.249950 -0.117875 0.065604 3.104698
2455465.349950 -0.017875 0.106861 0.478038
2455465.449950 0.082125 0.148118 -2.180565
2455465.549950 0.182125 0.189375 -4.693460
2455465.649950 0.282125 0.230631 -6.892729
2455465.749950 0.382125 0.271888 -8.631415
2455465.849950 0.482125 0.313145 -9.793336
2455465.949950 0.582125 0.354402 -10.300850
2455466.049950 0.682125 0.395658 -10.120045
2455466.149950 0.782125 0.436915 -9.263001
2455466.249950 0.882125 0.478172 -7.786989
2455466.349950 0.982125 0.519429 -5.790637
2455466.449950 1.082125 0.560686 -3.407346
2455466.549950 1.182125 0.601942 -0.796370
2455466.649950 -1.141719 0.643199 1.867821
2455466.749950 -1.041719 0.684456 4.407201
2455466.849950 -0.941719 0.725713 6.652084
2455466.949950 -0.841719 0.766969 8.452465
2455467.049950 -0.741719 0.808226 9.688037
2455467.149950 -0.641719 0.849483 10.276240
2455467.249950 -0.541719 0.890740 10.177767
2455467.349950 -0.441719 0.931997 9.399199
2455467.449950 -0.341719 0.973253 7.992562
2455467.549950 -0.241719 0.014510 6.051848
2455467.649950 -0.141719 0.055767 3.706740
2455467.749950 -0.041719 0.097024 1.113941
2455467.849950 0.058281 0.138280 -1.553293
2455467.949950 0.158281 0.179537 -4.116733
2455468.049950 0.258281 0.220794 -6.405086
2455468.149950 0.358281 0.262051 -8.265441
2455468.249950 0.458281 0.303308 -9.573486
2455468.349950 0.558281 0.344564 -10.241815
2455468.449950 0.658281 0.385821 -10.225769
2455468.549950 0.758281 0.427078 -9.526421
2455468.649950 0.858281 0.468335 -8.190501
2455468.749950 0.958281 0.509592 -6.307279
2455468.849950 1.058281 0.550848 -4.002594
2455468.949950 1.158281 0.592105 -1.430449
2455469.049950 -1.165563 0.633362 1.237281
2455469.149950 -1.065563 0.674619 3.822333
2455469.249950 -0.965563 0.715875 6.151971
2455469.349950 -0.865563 0.757132 8.070525
2455469.449950 -0.765563 0.798389 9.449792
2455469.549950 -0.665563 0.839646 10.197609
2455469.649950 -0.565563 0.880903 10.264005
2455469.749950 -0.465563 0.922159 9.644544
2455469.849950 -0.365563 0.963416 8.380618
2455469.949950 -0.265563 0.004673 6.556686
2455470.049950 -0.165563 0.045930 4.294625
2455470.149950 -0.065563 0.087186 1.745590
2455470.249950 0.034437 0.128443 -0.920087
2455470.349950 0.134437 0.169700 -3.524284
2455470.449950 0.234437 0.210957 -5.892981
2455470.549950 0.334437 0.252214 -7.867900
2455470.649950 0.434437 0.293470 -9.317074
2455470.749950 0.534437 0.334727 -10.143665
2455470.849950 0.634437 0.375984 -10.292439
2455470.949950 0.734437 0.417241 -9.753456
2455471.049950 0.834437 0.458497 -8.562732
2455471.149950 0.934437 0.499754 -6.799831
2455471.249950 1.034437 0.541011 -4.582555
2455471.349950 1.134437 0.582268 -2.059065
2455471.449950 -1.189407 0.623525 0.602015
2455471.549950 -1.089407 0.664781 3.222868
2455471.649950 -0.989407 0.706038 5.628363
2455471.749950 -0.889407 0.747295 7.657762
2455471.849950 -0.789407 0.788552 9.175457
2455471.949950 -0.689407 0.829808 10.080032
2455472.049950 -0.589407 0.871065 10.311044
2455472.149950 -0.489407 0.912322 9.853054
2455472.249950 -0.389407 0.953579 8.736668
2455472.349950 -0.289407 0.994836 7.036483
2455472.449950 -0.189407 0.036092 4.866108
2455472.549950 -0.089407 0.077349 2.370573
2455472.649950 0.010593 0.118606 -0.283368
2455472.749950 0.110593 0.159863 -2.918374
2455472.849950 0.210593 0.201119 -5.358370
2455472.949950 0.310593 0.242376 -7.440310
2455473.049950 0.410593 0.283633 -9.025077
2455473.149950 0.510593 0.324890 -10.006773
2455473.249950 0.610593 0.366147 -10.319801
2455473.349950 0.710593 0.407403 -9.943242
2455473.449950 0.810593 0.448660 -8.902260
2455473.549950 0.910593 0.489917 -7.266414
2455473.649950 1.010593 0.531174 -5.145015
2455473.749950 1.110593 0.572431 -2.679817
2455473.849950 1.210593 0.613687 -0.035549
2455473.949950 -1.113251 0.654944 2.611094
2455474.049950 -1.013251 0.696201 5.083259
2455474.149950 -0.913251 0.737458 7.215753
2455474.249950 -0.813251 0.778714 8.866078
2455474.349950 -0.713251 0.819971 9.923958
2455474.449950 -0.613251 0.861228 10.318702
2455474.549950 -0.513251 0.902485 10.023934
2455474.649950 -0.413251 0.943742 9.059350
2455474.749950 -0.313251 0.984998 7.489406
2455474.849950 -0.213251 0.026255 5.419007
2455474.949950 -0.113251 0.067512 2.986501
2455475.049950 -0.013251 0.108769 0.354433
2455475.149950 0.086749 0.150025 -2.301319
2455475.249950 0.186749 0.191282 -4.803294
2455475.349950 0.286749 0.232539 -6.984304
2455475.449950 0.386749 0.273796 -8.698612
2455475.549950 0.486749 0.315053 -9.831664
2455475.649950 0.586749 0.356309 -10.307749
2455475.749950 0.686749 0.397566 -10.095053
2455475.849950 0.786749 0.438823 -9.207789
2455475.949950 0.886749 0.480080 -7.705245
2455476.049950 0.986749 0.521336 -5.687824
2455476.149950 1.086749 0.562593 -3.290334
2455476.249950 1.186749 0.603850 -0.672978
2455476.349950 -1.137095 0.645107 1.989347
2455476.449950 -1.037095 0.686364 4.518741
2455476.549950 -0.937095 0.727620 6.746186
2455476.649950 -0.837095 0.768877 8.522839
2455476.749950 -0.737095 0.810134 9.729982
2455476.849950 -0.637095 0.851391 10.286952
2455476.949950 -0.537095 0.892647 10.156530
2455477.049950 -0.437095 0.933904 9.347433
2455477.149950 -0.337095 0.975161 7.913726
2455477.249950 -0.237095 0.016418 5.951210
2455477.349950 -0.137095 0.057675 3.591024
2455477.449950 -0.037095 0.098931 0.990881
2455477.549950 0.062905 0.140188 -1.675475
2455477.649950 0.162905 0.181445 -4.229873
2455477.749950 0.262905 0.222702 -6.501624
2455477.849950 0.362905 0.263959 -8.338926
2455477.949950 0.462905 0.305215 -9.619007
2455478.049950 0.562905 0.346472 -10.256330
2455478.149950 0.662905 0.387729 -10.208308
2455478.249950 0.762905 0.428986 -9.478151
2455478.349950 0.862905 0.470242 -8.114648
2455478.449950 0.962905 0.511499 -6.208911
2455478.549950 1.062905 0.552756 -3.888285
2455478.649950 1.162905 0.594013 -1.307837
2455478.749950 -1.160939 0.635270 1.360003
2455478.849950 -1.060939 0.676526 3.936965
2455478.949950 -0.960939 0.717783 6.250853
2455479.049950 -0.860939 0.759040 8.147049
2455479.149950 -0.760939 0.800297 9.498845
2455479.249950 -0.660939 0.841553 10.215913
2455479.349950 -0.560939 0.882810 10.250337
2455479.449950 -0.460939 0.924067 9.599817
2455479.549950 -0.360939 0.965324 8.307821
2455479.649950 -0.260939 0.006581 6.460683
2455479.749950 -0.160939 0.047837 4.181832
2455479.849950 -0.060939 0.089094 1.623544
2455479.949950 0.039061 0.130351 -1.043232
2455480.049950 0.139061 0.171608 -3.640298
2455480.149950 0.239061 0.212864 -5.994113
2455480.249950 0.339061 0.254121 -7.947391
2455480.349950 0.439061 0.295378 -9.369612
2455480.449950 0.539061 0.336635 -10.165740
2455480.549950 0.639061 0.377892 -10.282577
2455480.649950 0.739061 0.419148 -9.712315
2455480.749950 0.839061 0.460405 -8.493060
2455480.849950 0.939061 0.501662 -6.706285
2455480.949950 1.039061 0.542919 -4.471386
2455481.049950 1.139061 0.584175 -1.937701
2455481.149950 -1.184783 0.625432 0.725465
2455481.249950 -1.084783 0.666689 3.340154
2455481.349950 -0.984783 0.707946 5.731648
2455481.449950 -0.884783 0.749203 7.740144
2455481.549950 -0.784783 0.790459 9.231431
2455481.649950 -0.684783 0.831716 10.105858
2455481.749950 -0.584783 0.872973 10.304996
2455481.849950 -0.484783 0.914230 9.815537
2455481.949950 -0.384783 0.955487 8.670188
2455482.049950 -0.284783 0.996743 6.945483
2455482.149950 -0.184783 0.038000 4.756669
2455482.249950 -0.084783 0.079257 2.250007
2455482.349950 0.015217 0.120514 -0.407005
2455482.449950 0.115217 0.161770 -3.036819
2455482.549950 0.215217 0.203027 -5.463709
2455482.649950 0.315217 0.244284 -7.525504
2455482.749950 0.415217 0.285541 -9.084433
2455482.849950 0.515217 0.326798 -10.036325
2455482.949950 0.615217 0.368054 -10.317574
2455483.049950 0.715217 0.409311 -9.909385
2455483.149950 0.815217 0.450568 -8.839036
2455483.249950 0.915217 0.491825 -7.178047
2455483.349950 1.015217 0.533081 -5.037409
2455483.449950 1.115217 0.574338 -2.560164
2455483.549950 -1.208627 0.615595 0.088156
2455483.649950 -1.108627 0.656852 2.730585
2455483.749950 -1.008627 0.698109 5.190552
2455483.849950 -0.908627 0.739365 7.303678
2455483.949950 -0.808627 0.780622 8.928760
2455484.049950 -0.708627 0.821879 9.957208
2455484.149950 -0.608627 0.863136 10.320298
2455484.249950 -0.508627 0.904392 9.993770
2455484.349950 -0.408627 0.945649 8.999442
2455484.449950 -0.308627 0.986906 7.403756
2455484.549950 -0.208627 0.028163 5.313339
2455484.649950 -0.108627 0.069420 2.867876
2455484.749950 -0.008627 0.110676 0.230777
2455484.849950 0.091373 0.151933 -2.421743
2455484.949950 0.191373 0.193190 -4.912438
2455485.049950 0.291373 0.234447 -7.074876
2455485.149950 0.391373 0.275703 -8.764559
2455485.249950 0.491373 0.316960 -9.868580
2455485.349950 0.591373 0.358217 -10.313167
2455485.449950 0.691373 0.399474 -10.068610
2455485.549950 0.791373 0.440731 -9.151253
2455485.649950 0.891373 0.481987 -7.622394
2455485.749950 0.991373 0.523244 -5.584194
2455485.849950 1.091373 0.564501 -3.172849
2455485.949950 1.191373 0.605758 -0.549490
2455486.049950 -1.132471 0.647015 2.110588
2455486.149950 -1.032471 0.688271 4.629633
2455486.249950 -0.932471 0.729528 6.839318
2455486.349950 -0.832471 0.770785 8.591988
2455486.449950 -0.732471 0.812042 9.770528
2455486.549950 -0.632471 0.853298 10.296185
2455486.649950 -0.532471 0.894555 10.133835
2455486.749950 -0.432471 0.935812 9.294325
2455486.849950 -0.332471 0.977069 7.833753
2455486.949950 -0.232471 0.018326 5.849716
2455487.049950 -0.132471 0.059582 3.474793
2455487.149950 -0.032471 0.100839 0.867678
2455487.249950 0.067529 0.142096 -1.797417
2455487.349950 0.167529 0.183353 -4.342406
2455487.449950 0.267529 0.224609 -6.597227
2455487.549950 0.367529 0.265866 -8.411212
2455487.649950 0.467529 0.307123 -9.663145
2455487.749950 0.567529 0.348380 -10.269371
2455487.849950 0.667529 0.389637 -10.189381
2455487.949950 0.767529 0.430893 -9.428520
2455488.049950 0.867529 0.472150 -8.037630
2455488.149950 0.967529 0.513407 -6.109652
2455488.249950 1.067529 0.554664 -3.773417
2455488.349950 1.167529 0.595920 -1.185037
2455488.449950 -1.156315 0.637177 1.482530
2455488.549950 -1.056315 0.678434 4.051032
2455488.649950 -0.956315 0.719691 6.348837
2455488.749950 -0.856315 0.760948 8.222402
2455488.849950 -0.756315 0.802204 9.546533
2455488.949950 -0.656315 0.843461 10.232749
2455489.049950 -0.556315 0.884718 10.235196
2455489.149950 -0.456315 0.925975 9.553711
2455489.249950 -0.356315 0.967231 8.233831
2455489.349950 -0.256315 0.008488 6.363753
2455489.449950 -0.156315 0.049745 4.068438
2455489.549950 -0.056315 0.091002 1.501264
2455489.649950 0.043685 0.132259 -1.166227
2455489.749950 0.143685 0.173515 -3.755789
2455489.849950 0.243685 0.214772 -6.094383
2455489.949950 0.343685 0.256029 -8.025740
2455490.049950 0.443685 0.297286 -9.420804
2455490.149950 0.543685 0.338543 -10.186355
2455490.249950 0.643685 0.379799 -10.271237
2455490.349950 0.743685 0.421056 -9.669778
2455490.449950 0.843685 0.462313 -8.422168
2455490.549950 0.943685 0.503570 -6.611776
2455490.649950 1.043685 0.544826 -4.359574
2455490.749950 1.143685 0.586083 -1.816058
2455490.849950 -1.180159 0.627340 0.848810
2455490.949950 -1.080159 0.668597 3.456959
2455491.049950 -0.980159 0.709854 5.834109
2455491.149950 -0.880159 0.751110 7.821413
2455491.249950 -0.780159 0.792367 9.286079
2455491.349950 -0.680159 0.833624 10.130233
2455491.449950 -0.580159 0.874881 10.297468
2455491.549950 -0.480159 0.916137 9.776610
2455491.649950 -0.380159 0.957394 8.602463
2455491.749950 -0.280159 0.998651 6.853485
2455491.849950 -0.180159 0.039908 4.646546
2455491.949950 -0.080159 0.081165 2.129117
2455492.049950 0.019841 0.122421 -0.530583
2455492.149950 0.119841 0.163678 -3.154828
2455492.249950 0.219841 0.204935 -5.568263
2455492.349950 0.319841 0.246192 -7.609617
2455492.449950 0.419841 0.287448 -9.142484
2455492.549950 0.519841 0.328705 -10.064436
2455492.649950 0.619841 0.369962 -10.313865
2455492.749950 0.719841 0.411219 -9.874105
2455492.849950 0.819841 0.452476 -8.774541
2455492.949950 0.919841 0.493732 -7.088648
2455493.049950 1.019841 0.534989 -4.929080
2455493.149950 1.119841 0.576246 -2.440143
2455493.249950 -1.204003 0.617503 0.211848
2455493.349950 -1.104003 0.658759 2.849684
2455493.449950 -1.004003 0.700016 5.297099
2455493.549950 -0.904003 0.741273 7.390553
2455493.649950 -0.804003 0.782530 8.990158
2455493.749950 -0.704003 0.823787 9.989027
2455493.849950 -0.604003 0.865043 10.320412
2455493.949950 -0.504003 0.906300 9.962170
2455494.049950 -0.404003 0.947557 8.938240
2455494.149950 -0.304003 0.988814 7.317042
2455494.249950 -0.204003 0.030070 5.206907
2455494.349950 -0.104003 0.071327 2.748839
2455494.449950 -0.004003 0.112584 0.107088
2455494.549950 0.095997 0.153841 -2.541818
2455494.649950 0.195997 0.195098 -5.020876
2455494.749950 0.295997 0.236354 -7.164431
2455494.849950 0.395997 0.277611 -8.829247
2455494.949950 0.495997 0.318868 -9.904078
2455495.049950 0.595997 0.360125 -10.317102
2455495.149950 0.695997 0.401382 -10.040721
2455495.249950 0.795997 0.442638 -9.093403
2455495.349950 0.895997 0.483895 -7.538448
2455495.449950 0.995997 0.525152 -5.479762
2455495.549950 1.095997 0.566409 -3.054909
2455495.649950 1.195997 0.607665 -0.425922
2455495.749950 -1.127847 0.648922 2.231525
2455495.849950 -1.027847 0.690179 4.739859
2455495.949950 -0.927847 0.731436 6.931467
2455496.049950 -0.827847 0.772693 8.659903
2455496.149950 -0.727847 0.813949 9.809671
2455496.249950 -0.627847 0.855206 10.303940
2455496.349950 -0.527847 0.896463 10.109683
2455496.449950 -0.427847 0.937720 9.239881
2455496.549950 -0.327847 0.978976 7.752654
2455496.649950 -0.227847 0.020233 5.747383
2455496.749950 -0.127847 0.061490 3.358062
2455496.849950 -0.027847 0.102747 0.744350
2455496.949950 0.072153 0.144004 -1.919101
2455497.049950 0.172153 0.185260 -4.454314
2455497.149950 0.272153 0.226517 -6.691883
2455497.249950 0.372153 0.267774 -8.482289
2455497.349950 0.472153 0.309031 -9.705895
2455497.449950 0.572153 0.350287 -10.280937
2455497.549950 0.672153 0.391544 -10.168990
2455497.649950 0.772153 0.432801 -9.377534
2455497.749950 0.872153 0.474058 -7.959457
2455497.849950 0.972153 0.515315 -6.009515
2455497.949950 1.072153 0.556571 -3.658008
2455498.049950 1.172153 0.597828 -1.062066
2455498.149950 -1.151691 0.639085 1.604844
2455498.249950 -1.051691 0.680342 4.164516
2455498.349950 -0.951691 0.721598 6.445908
2455498.449950 -0.851691 0.762855 8.296574
2455498.549950 -0.751691 0.804112 9.592850
2455498.649950 -0.651691 0.845369 10.248115
2455498.749950 -0.551691 0.886626 10.218585
2455498.849950 -0.451691 0.927882 9.506232
2455498.949950 -0.351691 0.969139 8.158658
2455499.049950 -0.251691 0.010396 6.265908
2455499.149950 -0.151691 0.051653 3.954460
2455499.249950 -0.051691 0.092910 1.378769
2455499.349950 0.048309 0.134166 -1.289054
2455499.449950 0.148309 0.175423 -3.870740
2455499.549950 0.248309 0.216680 -6.193777
2455499.649950 0.348309 0.257937 -8.102936
2455499.749950 0.448309 0.299193 -9.470643
2455499.849950 0.548309 0.340450 -10.205507
2455499.949950 0.648309 0.381707 -10.258421
2455500.049950 0.748309 0.422964 -9.625852
2455500.149950 0.848309 0.464221 -8.350067
2455500.249950 0.948309 0.505477 -6.516317
2455500.349950 1.048309 0.546734 -4.247136
2455500.449950 1.148309 0.587991 -1.694154
2455500.549950 -1.175535 0.629248 0.972033
2455500.649950 -1.075535 0.670504 3.573268
2455500.749950 -0.975535 0.711761 5.935731
2455500.849950 -0.875535 0.753018 7.901559
2455500.949950 -0.775535 0.794275 9.339392
2455501.049950 -0.675535 0.835532 10.153151
2455501.149950 -0.575535 0.876788 10.288461
2455501.249950 -0.475535 0.918045 9.736278
2455501.349950 -0.375535 0.959302 8.533501
2455501.449950 -0.275535 0.000559 6.760502
2455501.549950 -0.175535 0.041815 4.535755
2455501.649950 -0.075535 0.083072 2.007922
2455501.749950 0.024465 0.124329 -0.654084
2455501.849950 0.124465 0.165586 -3.272384
2455501.949950 0.224465 0.206843 -5.672017
2455502.049950 0.324465 0.248099 -7.692636
2455502.149950 0.424465 0.289356 -9.199222
2455502.249950 0.524465 0.330613 -10.091100
2455502.349950 0.624465 0.371870 -10.308674
2455502.449950 0.724465 0.413126 -9.837406
2455502.549950 0.824465 0.454383 -8.708786
2455502.649950 0.924465 0.495640 -6.998231
2455502.749950 1.024465 0.536897 -4.820043
2455502.849950 1.124465 0.578154 -2.319772
2455502.949950 -1.199379 0.619410 0.335511
2455503.049950 -1.099379 0.660667 2.968374
2455503.149950 -0.999379 0.701924 5.402885
2455503.249950 -0.899379 0.743181 7.476367
2455503.349950 -0.799379 0.784438 9.050266
2455503.449950 -0.699379 0.825694 10.019411
2455503.549950 -0.599379 0.866951 10.319043
2455503.649950 -0.499379 0.908208 9.929139
2455503.749950 -0.399379 0.949465 8.875754
2455503.849950 -0.299379 0.990721 7.229277
2455503.949950 -0.199379 0.031978 5.099728
2455504.049950 -0.099379 0.073235 2.629406
2455504.149950 0.000621 0.114492 -0.016616
2455504.249950 0.100621 0.155749 -2.661529
2455504.349950 0.200621 0.197005 -5.128593
2455504.449950 0.300621 0.238262 -7.252957
2455504.549950 0.400621 0.279519 -8.892666
2455504.649950 0.500621 0.320776 -9.938153
2455504.749950 0.600621 0.362032 -10.319556
2455504.849950 0.700621 0.403289 -10.011390
2455504.949950 0.800621 0.444546 -9.034246
2455505.049950 0.900621 0.485803 -7.453419
2455505.149950 1.000621 0.527060 -5.374542
2455505.249950 1.100621 0.568316 -2.936530
2455505.349950 1.200621 0.609573 -0.302294
2455505.449950 -1.123223 0.650830 2.352142
2455505.549950 -1.023223 0.692087 4.849404
2455505.649950 -0.923223 0.733343 7.022621
2455505.749950 -0.823223 0.774600 8.726574
2455505.849950 -0.723223 0.815857 9.847404
2455505.949950 -0.623223 0.857114 10.310214
2455506.049950 -0.523223 0.898371 10.084079
2455506.149950 -0.423223 0.939627 9.184109
2455506.249950 -0.323223 0.980884 7.670442
2455506.349950 -0.223223 0.022141 5.644223
2455506.449950 -0.123223 0.063398 3.240849
2455506.549950 -0.023223 0.104654 0.620915
2455506.649950 0.076777 0.145911 -2.040509
2455506.749950 0.176777 0.187168 -4.565583
2455506.849950 0.276777 0.228425 -6.785577
2455506.949950 0.376777 0.269682 -8.552148
2455507.049950 0.476777 0.310938 -9.747251
2455507.149950 0.576777 0.352195 -10.291026
2455507.249950 0.676777 0.393452 -10.147138
2455507.349950 0.776777 0.434709 -9.325201
2455507.449950 0.876777 0.475966 -7.880140
2455507.549950 0.976777 0.517222 -5.908514
2455507.649950 1.076777 0.558479 -3.542072
2455507.749950 1.176777 0.599736 -0.938943
2455507.849950 -1.147067 0.640993 1.726927
2455507.949950 -1.047067 0.682249 4.277402
2455508.049950 -0.947067 0.723506 6.542054
2455508.149950 -0.847067 0.764763 8.369555
2455508.249950 -0.747067 0.806020 9.637788
2455508.349950 -0.647067 0.847277 10.262009
2455508.449950 -0.547067 0.888533 10.200506
2455508.549950 -0.447067 0.929790 9.457388
2455508.649950 -0.347067 0.971047 8.082312
2455508.749950 -0.247067 0.012304 6.167163
2455508.849950 -0.147067 0.053560 3.839914
2455508.949950 -0.047067 0.094817 1.256075
2455509.049950 0.052933 0.136074 -1.411696
2455509.149950 0.152933 0.177331 -3.985136
2455509.249950 0.252933 0.218588 -6.292282
2455509.349950 0.352933 0.259844 -8.178968
2455509.449950 0.452933 0.301101 -9.519122
2455509.549950 0.552933 0.342358 -10.223192
2455509.649950 0.652933 0.383615 -10.244132
2455509.749950 0.752933 0.424871 -9.580542
2455509.849950 0.852933 0.466128 -8.276765
2455509.949950 0.952933 0.507385 -6.419921
2455510.049950 1.052933 0.548642 -4.134087
2455510.149950 1.152933 0.589899 -1.572007
2455510.249950 -1.170911 0.631155 1.095117
2455510.349950 -1.070911 0.672412 3.689064
2455510.449950 -0.970911 0.713669 6.036501
2455510.549950 -0.870911 0.754926 7.980570
2455510.649950 -0.770911 0.796182 9.391364
2455510.749950 -0.670911 0.837439 10.174612
2455510.849950 -0.570911 0.878696 10.277975
2455510.949950 -0.470911 0.919953 9.694547
2455511.049950 -0.370911 0.961210 8.463314
2455511.149950 -0.270911 0.002466 6.666548
2455511.249950 -0.170911 0.043723 4.424313
2455511.349950 -0.070911 0.084980 1.886438
2455511.449950 0.029089 0.126237 -0.777492
2455511.549950 0.129089 0.167494 -3.389469
2455511.649950 0.229089 0.208750 -5.774956
2455511.749950 0.329089 0.250007 -7.774551
2455511.849950 0.429089 0.291264 -9.254637
2455511.949950 0.529089 0.332521 -10.116314
2455512.049950 0.629089 0.373777 -10.302002
2455512.149950 0.729089 0.415034 -9.799294
2455512.249950 0.829089 0.456291 -8.641780
2455512.349950 0.929089 0.497548 -6.906809
2455512.449950 1.029089 0.538805 -4.710314
2455512.549950 1.129089 0.580061 -2.199067
2455512.649950 -1.194755 0.621318 0.459124
2455512.749950 -1.094755 0.662575 3.086637
2455512.849950 -0.994755 0.703832 5.507895
2455512.949950 -0.894755 0.745088 7.561106
2455513.049950 -0.794755 0.786345 9.109072
2455513.149950 -0.694755 0.827602 10.048355
2455513.249950 -0.594755 0.868859 10.316191
2455513.349950 -0.494755 0.910116 9.894681
2455513.449950 -0.394755 0.951372 8.811993
2455513.549950 -0.294755 0.992629 7.140473
2455513.649950 -0.194755 0.033886 4.991815
2455513.749950 -0.094755 0.075143 2.509596
2455513.849950 0.005245 0.116399 -0.140318
2455513.949950 0.105245 0.157656 -2.780857
2455514.049950 0.205245 0.198913 -5.235574
2455514.149950 0.305245 0.240170 -7.340441
2455514.249950 0.405245 0.281427 -8.954808
2455514.349950 0.505245 0.322683 -9.970800
2455514.449950 0.605245 0.363940 -10.320527
2455514.549950 0.705245 0.405197 -9.980620
2455514.649950 0.805245 0.446454 -8.973791
2455514.749950 0.905245 0.487710 -7.367319
2455514.849950 1.005245 0.528967 -5.268550
2455514.949950 1.105245 0.570224 -2.817728
2455515.049950 1.205245 0.611481 -0.178622
2455515.149950 -1.118599 0.652738 2.472421
2455515.249950 -1.018599 0.693994 4.958252
2455515.349950 -0.918599 0.735251 7.112765
2455515.449950 -0.818599 0.776508 8.791991
2455515.549950 -0.718599 0.817765 9.883722
2455515.649950 -0.618599 0.859022 10.315007
2455515.749950 -0.518599 0.900278 10.057026
2455515.849950 -0.418599 0.941535 9.127018
2455515.949950 -0.318599 0.982792 7.587128
2455516.049950 -0.218599 0.024049 5.540253
2455516.149950 -0.118599 0.065305 3.123170
2455516.249950 -0.018599 0.106562 0.497391
2455516.349950 0.081401 0.147819 -2.161624
2455516.449950 0.181401 0.189076 -4.676196
2455516.549950 0.281401 0.230333 -6.878297
2455516.649950 0.381401 0.271589 -8.620778
2455516.749950 0.481401 0.312846 -9.787206
2455516.849950 0.581401 0.354103 -10.299636
2455516.949950 0.681401 0.395360 -10.123828
2455517.049950 0.781401 0.436616 -9.271529
2455517.149950 0.881401 0.477873 -7.799691
2455517.249950 0.981401 0.519130 -5.806665
2455517.349950 1.081401 0.560387 -3.425628
2455517.449950 1.181401 0.601644 -0.815686
2455517.549950 -1.142443 0.642900 1.848763
2455517.649950 -1.042443 0.684157 4.389673
2455517.749950 -0.942443 0.725414 6.637259
2455517.849950 -0.842443 0.766671 8.441332
2455517.949950 -0.742443 0.807927 9.681342
2455518.049950 -0.642443 0.849184 10.274428
2455518.149950 -0.542443 0.890441 10.180961
2455518.249950 -0.442443 0.931698 9.407185
2455518.349950 -0.342443 0.972955 8.004805
2455518.449950 -0.242443 0.014211 6.067531
2455518.549950 -0.142443 0.055468 3.724815
2455518.649950 -0.042443 0.096725 1.133201
2455518.749950 0.057557 0.137982 -1.534136
2455518.849950 0.157557 0.179238 -4.098959
2455518.949950 0.257557 0.220495 -6.389883
2455519.049950 0.357557 0.261752 -8.253825
2455519.149950 0.457557 0.303009 -9.566232
2455519.249950 0.557557 0.344266 -10.239409
2455519.349950 0.657557 0.385522 -10.228371
2455519.449950 0.757557 0.426779 -9.533857
2455519.549950 0.857557 0.468036 -8.202275
2455519.649950 0.957557 0.509293 -6.322603
2455519.749950 1.057557 0.550549 -4.020445
2455519.849950 1.157557 0.591806 -1.449634
2455519.949950 -1.166287 0.633063 1.218043
2455520.049950 -1.066287 0.674320 3.804330
2455520.149950 -0.966287 0.715577 6.136404
2455520.249950 -0.866287 0.756833 8.058434
2455520.349950 -0.766287 0.798090 9.441986
2455520.449950 -0.666287 0.839347 10.194610
2455520.549950 -0.566287 0.880604 10.266013
2455520.649950 -0.466287 0.921861 9.651424
2455520.749950 -0.366287 0.963117 8.391911
2455520.849950 -0.266287 0.004374 6.571637
2455520.949950 -0.166287 0.045631 4.312235
2455521.049950 -0.066287 0.086888 1.764683
2455521.149950 0.033713 0.128144 -0.900788
2455521.249950 0.133713 0.169401 -3.506067
2455521.349950 0.233713 0.210658 -5.877065
2455521.449950 0.333713 0.251915 -7.855348
2455521.549950 0.433713 0.293172 -9.308723
2455521.649950 0.533713 0.334428 -10.140075
2455521.749950 0.633713 0.375685 -10.293850
2455521.849950 0.733713 0.416942 -9.759773
2455521.949950 0.833713 0.458199 -8.573533
2455522.049950 0.933713 0.499455 -6.814394
2455522.149950 1.033713 0.540712 -4.599907
2455522.249950 1.133713 0.581969 -2.078047
2455522.349950 -1.190131 0.623226 0.582672
2455522.449950 -1.090131 0.664483 3.204456
2455522.549950 -0.990131 0.705739 5.612113
2455522.649950 -0.890131 0.746996 7.644759
2455522.749950 -0.790131 0.788253 9.166570
2455522.849950 -0.690131 0.829510 10.075856
2455522.949950 -0.590131 0.870766 10.311857
2455523.049950 -0.490131 0.912023 9.858802
2455523.149950 -0.390131 0.953280 8.746966
2455523.249950 -0.290131 0.994537 7.050644
2455523.349950 -0.190131 0.035794 4.883186
2455523.449950 -0.090131 0.077050 2.389426
2455523.549950 0.009869 0.118307 -0.264000
2455523.649950 0.109869 0.159564 -2.899785
2455523.749950 0.209869 0.200821 -5.341802
2455523.849950 0.309869 0.242077 -7.426870
2455523.949950 0.409869 0.283334 -9.015663
2455524.049950 0.509869 0.324591 -10.002015
2455524.149950 0.609869 0.365848 -10.320015
2455524.249950 0.709869 0.407105 -9.948416
2455524.349950 0.809869 0.448361 -8.912047
2455524.449950 0.909869 0.489618 -7.280160
2455524.549950 1.009869 0.530875 -5.161801
2455524.649950 1.109869 0.572132 -2.698522
2455524.749950 1.209869 0.613389 -0.054924
2455524.849950 -1.113975 0.654645 2.592345
2455524.949950 -1.013975 0.695902 5.066388
2455525.049950 -0.913975 0.737159 7.201888
2455525.149950 -0.813975 0.778416 8.856145
2455525.249950 -0.713975 0.819672 9.918621
2455525.349950 -0.613975 0.860929 10.318318
2455525.449950 -0.513975 0.902186 10.028528
2455525.549950 -0.413975 0.943443 9.068615
2455525.649950 -0.313975 0.984700 7.502723
2455525.749950 -0.213975 0.025956 5.435487
2455525.849950 -0.113975 0.067213 3.005042
2455525.949950 -0.013975 0.108470 0.373796
2455526.049950 0.086025 0.149727 -2.282428
2455526.149950 0.186025 0.190983 -4.786137
2455526.249950 0.286025 0.232240 -6.970028
2455526.349950 0.386025 0.273497 -8.688170
2455526.449950 0.486025 0.314754 -9.825755
2455526.549950 0.586025 0.356011 -10.306766
2455526.649950 0.686025 0.397267 -10.099063
2455526.749950 0.786025 0.438524 -9.216524
2455526.849950 0.886025 0.479781 -7.718121
2455526.949950 0.986025 0.521038 -5.703981
2455527.049950 1.086025 0.562294 -3.308692
2455527.149950 1.186025 0.603551 -0.692311
2455527.249950 -1.137819 0.644808 1.970332
2455527.349950 -1.037819 0.686065 4.501314
2455527.449950 -0.937819 0.727322 6.731511
2455527.549950 -0.837819 0.768578 8.511897
2455527.649950 -0.737819 0.809835 9.723505
2455527.749950 -0.637819 0.851092 10.285371
2455527.849950 -0.537819 0.892349 10.159953
2455527.949950 -0.437819 0.933605 9.355630
2455528.049950 -0.337819 0.974862 7.926148
2455528.149950 -0.237819 0.016119 5.967029
2455528.249950 -0.137819 0.057376 3.609182
2455528.349950 -0.037819 0.098633 1.010164
2455528.449950 0.062181 0.139889 -1.656354
2455528.549950 0.162181 0.181146 -4.212193
2455528.649950 0.262181 0.222403 -6.486566
2455528.749950 0.362181 0.263660 -8.327495
2455528.849950 0.462181 0.304917 -9.611968
2455528.949950 0.562181 0.346173 -10.254154
2455529.049950 0.662181 0.387430 -10.211140
2455529.149950 0.762181 0.428687 -9.485801
2455529.249950 0.862181 0.469944 -8.126606
2455529.349950 0.962181 0.511200 -6.224377
2455529.449950 1.062181 0.552457 -3.906225
2455529.549950 1.162181 0.593714 -1.327053
2455529.649950 -1.161663 0.634971 1.340795
2455529.749950 -1.061663 0.676228 3.919049
2455529.849950 -0.961663 0.717484 6.235425
2455529.949950 -0.861663 0.758741 8.135141
2455530.049950 -0.761663 0.799998 9.491252
2455530.149950 -0.661663 0.841255 10.213143
2455530.249950 -0.561663 0.882511 10.252575
2455530.349950 -0.461663 0.923768 9.606913
2455530.449950 -0.361663 0.965025 8.319302
2455530.549950 -0.261663 0.006282 6.475781
2455530.649950 -0.161663 0.047539 4.199538
2455530.749950 -0.061663 0.088795 1.642675
2455530.849950 0.038337 0.130052 -1.023955
2455530.949950 0.138337 0.171309 -3.622162
2455531.049950 0.238337 0.212566 -5.978330
2455531.149950 0.338337 0.253822 -7.935016
2455531.249950 0.438337 0.295079 -9.361472
2455531.349950 0.538337 0.336336 -10.162379
2455531.449950 0.638337 0.377593 -10.284219
2455531.549950 0.738337 0.418850 -9.718851
2455531.649950 0.838337 0.460106 -8.504053
2455531.749950 0.938337 0.501363 -6.721001
2455531.849950 1.038337 0.542620 -4.488840
2455531.949950 1.138337 0.583877 -1.956728
2455532.049950 -1.185507 0.625133 0.706137
2455532.149950 -1.085507 0.666390 3.321815
2455532.249950 -0.985507 0.707647 5.715525
2455532.349950 -0.885507 0.748904 7.727314
2455532.449950 -0.785507 0.790161 9.222751
2455532.549950 -0.685507 0.831417 10.101909
2455532.649950 -0.585507 0.872674 10.306041
2455532.749950 -0.485507 0.913931 9.821506
2455532.849950 -0.385507 0.955188 8.680683
2455532.949950 -0.285507 0.996445 6.959801
2455533.049950 -0.185507 0.037701 4.773855
2455533.149950 -0.085507 0.078958 2.268912
2455533.249950 0.014493 0.120215 -0.387644
2455533.349950 0.114493 0.161472 -3.018297
2455533.449950 0.214493 0.202728 -5.447262
2455533.549950 0.314493 0.243985 -7.512232
2455533.649950 0.414493 0.285242 -9.075223
2455533.749950 0.514493 0.326499 -10.031792
2455533.849950 0.614493 0.367756 -10.318021
2455533.949950 0.714493 0.409012 -9.914782
2455534.049950 0.814493 0.450269 -8.849022
2455534.149950 0.914493 0.491526 -7.191955
2455534.249950 1.014493 0.532783 -5.054311
2455534.349950 1.114493 0.574039 -2.578929
2455534.449950 -1.209351 0.615296 0.068782
2455534.549950 -1.109351 0.656553 2.711896
