descriptor BJD mod 
2455326.949950 -10.120812 
2455327.049950 -10.506006 
2455327.149950 -11.136942 
2455327.249950 -11.846366 
2455327.349950 -12.460085 
2455327.449950 -12.808866 
2455327.549950 -12.740013 
2455327.649950 -12.127832 
2455327.749950 -10.882302 
2455327.849950 -8.955359 
2455327.949950 -6.344374 
2455328.049950 -3.092605 
2455328.149950 0.713424 
2455328.249950 4.949442 
2455328.349950 9.461457 
2455328.449950 14.075790 
2455328.549950 18.610410 
2455328.649950 22.886842 
2455328.749950 26.741835 
2455328.849950 30.038017 
2455328.949950 32.672830 
2455329.049950 34.585138 
2455329.149950 35.759077 
2455329.249950 36.224884 
2455329.349950 36.056652 
2455329.449950 35.367163 
2455329.549950 34.300145 
2455329.649950 33.020462 
2455329.749950 31.702908 
2455329.849950 30.520342 
2455329.949950 29.631964 
2455330.049950 29.172510 
2455330.149950 29.243094 
2455330.249950 29.904307 
2455330.349950 31.172033 
2455330.449950 33.016266 
2455330.549950 35.362999 
2455330.649950 38.099068 
2455330.749950 41.079630 
2455330.849950 44.137753 
2455330.949950 47.095515 
2455331.049950 49.775832 
2455331.149950 52.014249 
2455331.249950 53.669902 
2455331.349950 54.634911 
2455331.449950 54.841582 
2455331.549950 54.266941 
2455331.649950 52.934283 
2455331.749950 50.911649 
2455331.849950 48.307322 
2455331.949950 45.262650 
2455332.049950 41.942663 
2455332.149950 38.525126 
2455332.249950 35.188755 
2455332.349950 32.101373 
2455332.449950 29.408809 
2455332.549950 27.225283 
2455332.649950 25.625903 
2455332.749950 24.641796 
2455332.849950 24.258182 
2455332.949950 24.415529 
2455333.049950 25.013704 
2455333.149950 25.918851 
2455333.249950 26.972529 
2455333.349950 28.002499 
2455333.449950 28.834445 
2455333.549950 29.303837 
2455333.649950 29.267152 
2455333.749950 28.611694 
2455333.849950 27.263362 
2455333.949950 25.191845 
2455334.049950 22.412893 
2455334.149950 18.987521 
2455334.249950 15.018185 
2455334.349950 10.642198 
2455334.449950 6.022819 
2455334.549950 1.338605 
2455334.649950 -3.228246 
2455334.749950 -7.503806 
2455334.849950 -11.333765 
2455334.949950 -14.593474 
2455335.049950 -17.196005 
2455335.149950 -19.097685 
2455335.249950 -20.300753 
2455335.349950 -20.852939 
2455335.449950 -20.844012 
2455335.549950 -20.399524 
2455335.649950 -19.672158 
2455335.749950 -18.831276 
2455335.849950 -18.051351 
2455335.949950 -17.500068 
2455336.049950 -17.326876 
2455336.149950 -17.652776 
2455336.249950 -18.562006 
2455336.349950 -20.096193 
2455336.449950 -22.251366 
2455336.549950 -24.978013 
2455336.649950 -28.184198 
2455336.749950 -31.741515 
2455336.849950 -35.493498 
2455336.949950 -39.265902 
2455337.049950 -42.878193 
2455337.149950 -46.155466 
2455337.249950 -48.939988 
2455337.349950 -51.101622 
2455337.449950 -52.546400 
2455337.549950 -53.222701 
2455337.649950 -53.124608 
2455337.749950 -52.292224 
2455337.849950 -50.808920 
2455337.949950 -48.795709 
2455338.049950 -46.403115 
2455338.149950 -43.801078 
2455338.249950 -41.167585 
2455338.349950 -38.676761 
2455338.449950 -36.487240 
2455338.549950 -34.731583 
2455338.649950 -33.507445 
2455338.749950 -32.871092 
2455338.849950 -32.833693 
2455338.949950 -33.360639 
2455339.049950 -34.373930 
2455339.149950 -35.757479 
2455339.249950 -37.364965 
2455339.349950 -39.029722 
2455339.449950 -40.576000 
2455339.549950 -41.830839 
2455339.649950 -42.635771 
2455339.749950 -42.857563 
2455339.849950 -42.397284 
2455339.949950 -41.197087 
2455340.049950 -39.244257 
2455340.149950 -36.572253 
2455340.249950 -33.258674 
2455340.349950 -29.420275 
2455340.449950 -25.205389 
2455340.549950 -20.784230 
2455340.649950 -16.337754 
2455340.749950 -12.045802 
2455340.849950 -8.075320 
2455340.949950 -4.569457 
2455341.049950 -1.638243 
2455341.149950 0.648499 
2455341.249950 2.265566 
2455341.349950 3.233794 
2455341.449950 3.618399 
2455341.549950 3.524353 
2455341.649950 3.089101 
2455341.749950 2.473107 
2455341.849950 1.848858 
2455341.949950 1.389070 
2455342.049950 1.254880 
2455342.149950 1.584803 
2455342.249950 2.485215 
2455342.349950 4.022980 
2455342.449950 6.220718 
2455342.549950 9.055036 
2455342.649950 12.457838 
2455342.749950 16.320625 
2455342.849950 20.501500 
2455342.949950 24.834412 
2455343.049950 29.140014 
2455343.149950 33.237427 
2455343.249950 36.956101 
2455343.349950 40.147000 
2455343.449950 42.692359 
2455343.549950 44.513354 
2455343.649950 45.575181 
2455343.749950 45.889204 
2455343.849950 45.512024 
2455343.949950 44.541542 
2455344.049950 43.110260 
2455344.149950 41.376295 
2455344.249950 39.512680 
2455344.349950 37.695683 
2455344.449950 36.092929 
2455344.549950 34.852094 
2455344.649950 34.090962 
2455344.749950 33.889477 
2455344.849950 34.284344 
2455344.949950 35.266528 
2455345.049950 36.781822 
2455345.149950 38.734444 
2455345.249950 40.993428 
2455345.349950 43.401376 
2455345.449950 45.784989 
2455345.549950 47.966671 
2455345.649950 49.776436 
2455345.749950 51.063316 
2455345.849950 51.705511 
2455345.949950 51.618600 
2455346.049950 50.761271 
2455346.149950 49.138173 
2455346.249950 46.799722 
2455346.349950 43.838842 
2455346.449950 40.384895 
2455346.549950 36.595172 
2455346.649950 32.644536 
2455346.749950 28.713900 
2455346.849950 24.978305 
2455346.949950 21.595410 
2455347.049950 18.695141 
2455347.149950 16.371209 
2455347.249950 14.675057 
2455347.349950 13.612632 
2455347.449950 13.144209 
2455347.549950 13.187278 
2455347.649950 13.622288 
2455347.749950 14.300875 
2455347.849950 15.056026 
2455347.949950 15.713485 
2455348.049950 16.103654 
2455348.149950 16.073187 
2455348.249950 15.495494 
2455348.349950 14.279467 
2455348.449950 12.375838 
2455348.549950 9.780734 
2455348.649950 6.536212 
2455348.749950 2.727715 
2455348.849950 -1.521368 
2455348.949950 -6.057671 
2455349.049950 -10.707837 
2455349.149950 -15.289832 
2455349.249950 -19.624843 
2455349.349950 -23.548965 
2455349.449950 -26.923897 
2455349.549950 -29.645923 
2455349.649950 -31.652598 
2455349.749950 -32.926669 
2455349.849950 -33.496992 
2455349.949950 -33.436367 
2455350.049950 -32.856442 
2455350.149950 -31.900039 
2455350.249950 -30.731388 
2455350.349950 -29.524951 
2455350.449950 -28.453563 
2455350.549950 -27.676698 
2455350.649950 -27.329624 
2455350.749950 -27.514200 
2455350.849950 -28.291902 
2455350.949950 -29.679569 
2455351.049950 -31.648130 
2455351.149950 -34.124419 
2455351.249950 -36.995945 
2455351.349950 -40.118296 
2455351.449950 -43.324694 
2455351.549950 -46.437053 
2455351.649950 -49.277803 
2455351.749950 -51.681695 
2455351.849950 -53.506791 
2455351.949950 -54.643910 
2455352.049950 -55.023899 
2455352.149950 -54.622239 
2455352.249950 -53.460680 
2455352.349950 -51.605800 
2455352.449950 -49.164581 
2455352.549950 -46.277288 
2455352.649950 -43.108151 
2455352.749950 -39.834446 
2455352.849950 -36.634723 
2455352.949950 -33.676952 
2455353.049950 -31.107400 
2455353.149950 -29.040958 
2455353.249950 -27.553586 
2455353.349950 -26.677358 
2455353.449950 -26.398465 
2455353.549950 -26.658278 
2455353.649950 -27.357436 
2455353.749950 -28.362642 
2455353.849950 -29.515757 
2455353.949950 -30.644552 
2455354.049950 -31.574412 
2455354.149950 -32.140207 
2455354.249950 -32.197540 
2455354.349950 -31.632617 
2455354.449950 -30.370073 
2455354.549950 -28.378243 
2455354.649950 -25.671519 
2455354.749950 -22.309629 
2455354.849950 -18.393897 
2455354.949950 -14.060725 
2455355.049950 -9.472741 
2455355.149950 -4.808185 
2455355.249950 -0.249271 
2455355.349950 4.029727 
2455355.449950 7.873851 
2455355.549950 11.157543 
2455355.649950 13.792766 
2455355.749950 15.734612 
2455355.849950 16.984041 
2455355.949950 17.587538 
2455356.049950 17.633748 
2455356.149950 17.247280 
2455356.249950 16.580121 
2455356.349950 15.801221 
2455356.449950 15.084945 
2455356.549950 14.599170 
2455356.649950 14.493822 
2455356.749950 14.890614 
2455356.849950 15.874677 
2455356.949950 17.488643 
2455357.049950 19.729570 
2455357.149950 22.548927 
2455357.249950 25.855623 
2455357.349950 29.521899 
2455357.449950 33.391669 
2455357.549950 37.290768 
2455357.649950 41.038418 
2455357.749950 44.459141 
2455357.849950 47.394331 
2455357.949950 49.712709 
2455358.049950 51.318962 
2455358.149950 52.159988 
2455358.249950 52.228333 
2455358.349950 51.562590 
2455358.449950 50.244727 
2455358.549950 48.394539 
2455358.649950 46.161574 
2455358.749950 43.715085 
2455358.849950 41.232683 
2455358.949950 38.888437 
2455359.049950 36.841226 
2455359.149950 35.224117 
2455359.249950 34.135485 
2455359.349950 33.632453 
2455359.449950 33.727111 
2455359.549950 34.385754 
2455359.649950 35.531187 
2455359.749950 37.047953 
2455359.849950 38.790128 
2455359.949950 40.591165 
2455360.049950 42.275125 
2455360.149950 43.668548 
2455360.249950 44.612169 
2455360.349950 44.971699 
2455360.449950 44.646942 
2455360.549950 43.578647 
2455360.649950 41.752639 
2455360.749950 39.200937 
2455360.849950 35.999800 
2455360.949950 32.264830 
2455361.049950 28.143446 
2455361.149950 23.805242 
2455361.249950 19.430878 
2455361.349950 15.200227 
2455361.449950 11.280592 
2455361.549950 7.815760 
2455361.649950 4.916640 
2455361.749950 2.654100 
2455361.849950 1.054483 
2455361.949950 0.098105 
2455362.049950 -0.279170 
2455362.149950 -0.181379 
2455362.249950 0.254757 
2455362.349950 0.869236 
2455362.449950 1.489738 
2455362.549950 1.943408 
2455362.649950 2.068679 
2455362.749950 1.726338 
2455362.849950 0.809095 
2455362.949950 -0.750975 
2455363.049950 -2.977631 
2455363.149950 -5.848613 
2455363.249950 -9.296869 
2455363.349950 -13.214779 
2455363.449950 -17.461094 
2455363.549950 -21.870125 
2455363.649950 -26.262573 
2455363.749950 -30.457271 
2455363.849950 -34.283060 
2455363.949950 -37.590002 
2455364.049950 -40.259180 
2455364.149950 -42.210433 
2455364.249950 -43.407514 
2455364.349950 -43.860316 
2455364.449950 -43.624025 
2455364.549950 -42.795258 
2455364.649950 -41.505442 
2455364.749950 -39.911870 
2455364.849950 -38.187052 
2455364.949950 -36.507043 
2455365.049950 -35.039561 
2455365.149950 -33.932659 
2455365.249950 -33.304737 
2455365.349950 -33.236530 
2455365.449950 -33.765640 
2455365.549950 -34.883952 
2455365.649950 -36.538122 
2455365.749950 -38.633095 
2455365.849950 -41.038429 
2455365.949950 -43.596986 
2455366.049950 -46.135432 
2455366.149950 -48.475817 
2455366.249950 -50.447488 
2455366.349950 -51.898519 
2455366.449950 -52.705908 
2455366.549950 -52.783845 
2455366.649950 -52.089514 
2455366.749950 -50.626033 
2455366.849950 -48.442332 
2455366.949950 -45.629985 
2455367.049950 -42.317204 
2455367.149950 -38.660391 
2455367.249950 -34.833825 
2455367.349950 -31.018159 
2455367.449950 -27.388502 
2455367.549950 -24.102882 
2455367.649950 -21.291864 
2455367.749950 -19.050002 
2455367.849950 -17.429721 
2455367.949950 -16.438006 
2455368.049950 -16.036151 
2455368.149950 -16.142556 
2455368.249950 -16.638407 
2455368.349950 -17.375841 
2455368.449950 -18.188068 
2455368.549950 -18.900752 
2455368.649950 -19.343915 
2455368.749950 -19.363539 
2455368.849950 -18.832119 
2455368.949950 -17.657443 
2455369.049950 -15.789013 
2455369.149950 -13.221690 
2455369.249950 -9.996301 
2455369.349950 -6.197180 
2455369.449950 -1.946807 
2455369.549950 2.602110 
2455369.649950 7.276569 
2455369.749950 11.894560 
2455369.849950 16.276963 
2455369.949950 20.259252 
2455370.049950 23.702217 
2455370.149950 26.501015 
2455370.249950 28.591909 
2455370.349950 29.956281 
2455370.449950 30.621618 
2455370.549950 30.659440 
2455370.649950 30.180276 
2455370.749950 29.326046 
2455370.849950 28.260355 
2455370.949950 27.157337 
2455371.049950 26.189809 
2455371.149950 25.517522 
2455371.249950 25.276282 
2455371.349950 25.568697 
2455371.449950 26.457138 
2455371.549950 27.959403 
2455371.649950 30.047369 
2455371.749950 32.648723 
2455371.849950 35.651654 
2455371.949950 38.912199 
2455372.049950 42.263744 
2455372.149950 45.528054 
2455372.249950 48.527086 
2455372.349950 51.094805 
2455372.449950 53.088210 
2455372.549950 54.396826 
2455372.649950 54.950045 
2455372.749950 54.721803 
2455372.849950 53.732305 
2455372.949950 52.046662 
2455373.049950 49.770543 
2455373.149950 47.043126 
2455373.249950 44.027828 
2455373.349950 40.901423 
2455373.449950 37.842279 
2455373.549950 35.018503 
2455373.649950 32.576784 
2455373.749950 30.632673 
2455373.849950 29.262967 
2455373.949950 28.500681 
2455374.049950 28.332963 
2455374.149950 28.702086 
2455374.249950 29.509447 
2455374.349950 30.622307 
2455374.449950 31.882825 
2455374.549950 33.118775 
2455374.649950 34.155236 
2455374.749950 34.826472 
2455374.849950 34.987205 
2455374.949950 34.522528 
2455375.049950 33.355801 
2455375.149950 31.453991 
2455375.249950 28.830107 
2455375.349950 25.542571 
2455375.449950 21.691549 
2455375.549950 17.412507 
2455375.649950 12.867409 
2455375.749950 8.234151 
2455375.849950 3.694930 
2455375.949950 -0.575666 
2455376.049950 -4.422061 
2455376.149950 -7.717816 
2455376.249950 -10.373815 
2455376.349950 -12.343944 
2455376.449950 -13.627906 
2455376.549950 -14.270966 
2455376.649950 -14.360663 
2455376.749950 -14.020685 
2455376.849950 -13.402341 
2455376.949950 -12.674186 
2455377.049950 -12.010492 
2455377.149950 -11.579348 
2455377.249950 -11.531171 
2455377.349950 -11.988408 
2455377.449950 -13.037103 
2455377.549950 -14.720912 
2455377.649950 -17.037949 
2455377.749950 -19.940685 
2455377.849950 -23.338905 
2455377.949950 -27.105520 
2455378.049950 -31.084854 
2455378.149950 -35.102850 
2455378.249950 -38.978512 
2455378.349950 -42.535816 
2455378.449950 -45.615307 
2455378.549950 -48.084588 
2455378.649950 -49.847017 
2455378.749950 -50.848027 
2455378.849950 -51.078639 
2455378.949950 -50.575944 
2455379.049950 -49.420515 
2455379.149950 -47.730930 
2455379.249950 -45.655758 
2455379.349950 -43.363564 
2455379.449950 -41.031577 
2455379.549950 -38.833804 
2455379.649950 -36.929361 
2455379.749950 -35.451817 
2455379.849950 -34.500254 
2455379.949950 -34.132651 
2455380.049950 -34.362011 
2455380.149950 -35.155528 
2455380.249950 -36.436806 
2455380.349950 -38.091016 
2455380.449950 -39.972628 
2455380.549950 -41.915208 
2455380.649950 -43.742625 
2455380.749950 -45.280910 
2455380.849950 -46.369996 
2455380.949950 -46.874525 
2455381.049950 -46.693023 
2455381.149950 -45.764824 
2455381.249950 -44.074268 
2455381.349950 -41.651912 
2455381.449950 -38.572655 
2455381.549950 -34.950914 
2455381.649950 -30.933165 
2455381.749950 -26.688351 
2455381.849950 -22.396802 
2455381.949950 -18.238393 
2455382.049950 -14.380747 
2455382.149950 -10.968263 
2455382.249950 -8.112693 
2455382.349950 -5.885924 
2455382.449950 -4.315412 
2455382.549950 -3.382599 
2455382.649950 -3.024409 
2455382.749950 -3.137720 
2455382.849950 -3.586513 
2455382.949950 -4.211233 
2455383.049950 -4.839711 
2455383.149950 -5.298938 
2455383.249950 -5.426899 
2455383.349950 -5.083667 
2455383.449950 -4.161021 
2455383.549950 -2.589955 
2455383.649950 -0.345550 
2455383.749950 2.551087 
2455383.849950 6.033975 
2455383.949950 9.996395 
2455384.049950 14.297774 
2455384.149950 18.772811 
2455384.249950 23.242281 
2455384.349950 27.524757 
2455384.449950 31.448494 
2455384.549950 34.862674 
2455384.649950 37.647248 
2455384.749950 39.720738 
2455384.849950 41.045468 
2455384.949950 41.629872 
2455385.049950 41.527729 
2455385.149950 40.834382 
2455385.249950 39.680182 
2455385.349950 38.221604 
2455385.449950 36.630633 
2455385.549950 35.083110 
2455385.649950 33.746847 
2455385.749950 32.770273 
2455385.849950 32.272401 
2455385.949950 32.334761 
2455386.049950 32.995853 
2455386.149950 34.248486 
2455386.249950 36.040184 
2455386.349950 38.276627 
2455386.449950 40.827902 
2455386.549950 43.537141 
2455386.649950 46.230981 
2455386.749950 48.731128 
2455386.849950 50.866265 
2455386.949950 52.483518 
2455387.049950 53.458680 
2455387.149950 53.704555 
2455387.249950 53.176822 
2455387.349950 51.877059 
2455387.449950 49.852704 
2455387.549950 47.193968 
2455387.649950 44.027897 
2455387.749950 40.509994 
2455387.849950 36.813933 
2455387.949950 33.120088 
2455388.049950 29.603616 
2455388.149950 26.422898 
2455388.249950 23.709116 
2455388.349950 21.557651 
2455388.449950 20.021893 
2455388.549950 19.109853 
2455388.649950 18.783825 
2455388.749950 18.963111 
2455388.849950 19.529620 
2455388.949950 20.335982 
2455389.049950 21.215618 
2455389.149950 21.994103 
2455389.249950 22.501063 
2455389.349950 22.581800 
2455389.449950 22.107878 
2455389.549950 20.985961 
2455389.649950 19.164305 
2455389.749950 16.636479 
2455389.849950 13.442056 
2455389.949950 9.664236 
2455390.049950 5.424556 
2455390.149950 0.875035 
2455390.249950 -3.811710 
2455390.349950 -8.453730 
2455390.449950 -12.871633 
2455390.549950 -16.900299 
2455390.649950 -20.399649 
2455390.749950 -23.263737 
2455390.849950 -25.427567 
2455390.949950 -26.871177 
2455391.049950 -27.620715 
2455391.149950 -27.746438 
2455391.249950 -27.357774 
2455391.349950 -26.595763 
2455391.449950 -25.623397 
2455391.549950 -24.614498 
2455391.649950 -23.741878 
2455391.749950 -23.165578 
2455391.849950 -23.021959 
2455391.949950 -23.414392 
2455392.049950 -24.406158 
2455392.149950 -26.016032 
2455392.249950 -28.216857 
2455392.349950 -30.937191 
2455392.449950 -34.065927 
2455392.549950 -37.459570 
2455392.649950 -40.951689 
2455392.749950 -44.363920 
2455392.849950 -47.517765 
2455392.949950 -50.246422 
2455393.049950 -52.405838 
2455393.149950 -53.884256 
2455393.249950 -54.609618 
2455393.349950 -54.554324 
2455393.449950 -53.737032 
2455393.549950 -52.221381 
2455393.649950 -50.111722 
2455393.749950 -47.546135 
2455393.849950 -44.687214 
2455393.949950 -41.711213 
2455394.049950 -38.796304 
2455394.149950 -36.110713 
2455394.249950 -33.801533 
2455394.349950 -31.984962 
2455394.449950 -30.738614 
2455394.549950 -30.096429 
2455394.649950 -30.046501 
2455394.749950 -30.531987 
2455394.849950 -31.455034 
2455394.949950 -32.683446 
2455395.049950 -34.059667 
2455395.149950 -35.411464 
2455395.249950 -36.563598 
2455395.349950 -37.349712 
2455395.449950 -37.623631 
2455395.549950 -37.269320 
2455395.649950 -36.208841 
2455395.749950 -34.407770 
2455395.849950 -31.877711 
2455395.949950 -28.675750 
2455396.049950 -24.900867 
2455396.149950 -20.687558 
2455396.249950 -16.197093 
2455396.349950 -11.606986 
2455396.449950 -7.099386 
2455396.549950 -2.849159 
2455396.649950 0.987531 
2455396.749950 4.283398 
2455396.849950 6.948275 
2455396.949950 8.934867 
2455397.049950 10.241645 
2455397.149950 10.912676 
2455397.249950 11.034410 
2455397.349950 10.729634 
2455397.449950 10.148991 
2455397.549950 9.460654 
2455397.649950 8.838817 
2455397.749950 8.451792 
2455397.849950 8.450501 
2455397.949950 8.958134 
2455398.049950 10.061665 
2455398.149950 11.805787 
2455398.249950 14.189689 
2455398.349950 17.166863 
2455398.449950 20.647987 
2455398.549950 24.506663 
2455398.649950 28.587648 
2455398.749950 32.717012 
2455398.849950 36.713563 
2455398.949950 40.400752 
2455399.049950 43.618289 
2455399.149950 46.232678 
2455399.249950 48.145962 
2455399.349950 49.302120 
2455399.449950 49.690653 
2455399.549950 49.347158 
2455399.649950 48.350815 
2455399.749950 46.818981 
2455399.849950 44.899249 
2455399.949950 42.759485 
2455400.049950 40.576536 
2455400.149950 38.524338 
2455400.249950 36.762239 
2455400.349950 35.424302 
2455400.449950 34.610317 
2455400.549950 34.379107 
2455400.649950 34.744594 
2455400.749950 35.674866 
2455400.849950 37.094328 
2455400.949950 38.888780 
2455401.049950 40.913089 
2455401.149950 43.000939 
2455401.249950 44.976005 
2455401.349950 46.663817 
2455401.449950 47.903500 
2455401.549950 48.558629 
2455401.649950 48.526449 
2455401.749950 47.744868 
2455401.849950 46.196735 
2455401.949950 43.911132 
2455402.049950 40.961580 
2455402.149950 37.461295 
2455402.249950 33.555788 
2455402.349950 29.413330 
2455402.449950 25.213896 
2455402.549950 21.137340 
2455402.649950 17.351580 
2455402.749950 14.001599 
2455402.849950 11.199975 
2455402.949950 9.019587 
2455403.049950 7.488985 
2455403.149950 6.590718 
2455403.249950 6.262751 
2455403.349950 6.402860 
2455403.449950 6.875716 
2455403.549950 7.522194 
2455403.649950 8.170260 
2455403.749950 8.646738 
2455403.849950 8.789147 
2455403.949950 8.456829 
2455404.049950 7.540615 
2455404.149950 5.970393 
2455404.249950 3.720062 
2455404.349950 0.809546 
2455404.449950 -2.696266 
2455404.549950 -6.691594 
2455404.649950 -11.036569 
2455404.749950 -15.566314 
2455404.849950 -20.101708 
2455404.949950 -24.461099 
2455405.049950 -28.472191 
2455405.149950 -31.983315 
2455405.249950 -34.873320 
2455405.349950 -37.059440 
2455405.449950 -38.502593 
2455405.549950 -39.209774 
2455405.649950 -39.233375 
2455405.749950 -38.667481 
2455405.849950 -37.641379 
2455405.949950 -36.310739 
2455406.049950 -34.847028 
2455406.149950 -33.425884 
2455406.249950 -32.215216 
2455406.349950 -31.363839 
2455406.449950 -30.991387 
2455406.549950 -31.180191 
2455406.649950 -31.969657 
2455406.749950 -33.353529 
2455406.849950 -35.280209 
2455406.949950 -37.656121 
2455407.049950 -40.351893 
2455407.149950 -43.210939 
2455407.249950 -46.059877 
2455407.349950 -48.720075 
2455407.449950 -51.019566 
2455407.549950 -52.804523 
2455407.649950 -53.949546 
2455407.749950 -54.366045 
2455407.849950 -54.008192 
2455407.949950 -52.876016 
2455408.049950 -51.015451 
2455408.149950 -48.515329 
2455408.249950 -45.501518 
2455408.349950 -42.128590 
2455408.449950 -38.569599 
2455408.549950 -35.004615 
2455408.649950 -31.608815 
2455408.749950 -28.540909 
2455408.849950 -25.932669 
2455408.949950 -23.880282 
2455409.049950 -22.438076 
2455409.149950 -21.615067 
2455409.249950 -21.374531 
2455409.349950 -21.636650 
2455409.449950 -22.284042 
2455409.549950 -23.169808 
2455409.649950 -24.127568 
2455409.749950 -24.982789 
2455409.849950 -25.564687 
2455409.949950 -25.717863 
2455410.049950 -25.312933 
2455410.149950 -24.255416 
2455410.249950 -22.492298 
2455410.349950 -20.015832 
2455410.449950 -16.864310 
2455410.549950 -13.119767 
2455410.649950 -8.902767 
2455410.749950 -4.364611 
2455410.849950 0.322505 
2455410.949950 4.976725 
2455411.049950 9.418413 
2455411.149950 13.481892 
2455411.249950 17.026238 
2455411.349950 19.944432 
2455411.449950 22.170241 
2455411.549950 23.682384 
2455411.649950 24.505683 
2455411.749950 24.709153 
2455411.849950 24.401132 
2455411.949950 23.721790 
2455412.049950 22.833517 
2455412.149950 21.909829 
2455412.249950 21.123543 
2455412.349950 20.634996 
2455412.449950 20.581110 
2455412.549950 21.066028 
2455412.649950 22.153950 
2455412.749950 23.864641 
2455412.849950 26.171920 
2455412.949950 29.005231 
2455413.049950 32.254184 
2455413.149950 35.775766 
2455413.249950 39.403749 
2455413.349950 42.959654 
2455413.449950 46.264542 
2455413.549950 49.150858 
2455413.649950 51.473508 
2455413.749950 53.119463 
2455413.849950 54.015224 
2455413.949950 54.131655 
2455414.049950 53.485869 
2455414.149950 52.140032 
2455414.249950 50.197173 
2455414.349950 47.794266 
2455414.449950 45.093071 
2455414.549950 42.269315 
2455414.649950 39.500962 
2455414.749950 36.956347 
2455414.849950 34.782954 
2455414.949950 33.097614 
2455415.049950 31.978757 
2455415.149950 31.461234 
2455415.249950 31.534079 
2455415.349950 32.141331 
2455415.449950 33.185880 
2455415.549950 34.536072 
2455415.649950 36.034634 
2455415.749950 37.509321 
2455415.849950 38.784575 
2455415.949950 39.693413 
2455416.049950 40.088756 
2455416.149950 39.853433 
2455416.249950 38.908197 
2455416.349950 37.217220 
2455416.449950 34.790684 
2455416.549950 31.684319 
2455416.649950 27.995895 
2455416.749950 23.858914 
2455416.849950 19.433927 
2455416.949950 14.898036 
2455417.049950 10.433311 
2455417.149950 6.214871 
2455417.249950 2.399435 
2455417.349950 -0.884891 
2455417.449950 -3.546917 
2455417.549950 -5.538191 
2455417.649950 -6.855976 
2455417.749950 -7.543164 
2455417.849950 -7.685139 
2455417.949950 -7.403799 
2455418.049950 -6.849145 
2455418.149950 -6.188984 
2455418.249950 -5.597446 
2455418.349950 -5.243085 
2455418.449950 -5.277345 
2455418.549950 -5.824182 
2455418.649950 -6.971517 
2455418.749950 -8.765108 
2455418.849950 -11.205237 
2455418.949950 -14.246448 
2455419.049950 -17.800338 
2455419.149950 -21.741232 
2455419.249950 -25.914348 
2455419.349950 -30.145916 
2455419.449950 -34.254575 
2455419.549950 -38.063281 
2455419.649950 -41.410941 
2455419.749950 -44.162979 
2455419.849950 -46.220150 
2455419.949950 -47.524995 
2455420.049950 -48.065517 
2455420.149950 -47.875827 
2455420.249950 -47.033722 
2455420.349950 -45.655348 
2455420.449950 -43.887322 
2455420.549950 -41.896816 
2455420.649950 -39.860292 
2455420.749950 -37.951616 
2455420.849950 -36.330362 
2455420.949950 -35.131089 
2455421.049950 -34.454289 
2455421.149950 -34.359632 
2455421.249950 -34.861952 
2455421.349950 -35.930235 
2455421.449950 -37.489685 
2455421.549950 -39.426735 
2455421.649950 -41.596647 
2455421.749950 -43.833221 
2455421.849950 -45.959945 
2455421.949950 -47.801838 
2455422.049950 -49.197220 
2455422.149950 -50.008587 
2455422.249950 -50.131897 
2455422.349950 -49.503618 
2455422.449950 -48.105094 
2455422.549950 -45.963913 
2455422.649950 -43.152196 
2455422.749950 -39.781930 
2455422.849950 -35.997638 
2455422.949950 -31.966888 
2455423.049950 -27.869270 
2455423.149950 -23.884583 
2455423.249950 -20.181013 
2455423.349950 -16.904095 
2455423.449950 -14.167200 
2455423.549950 -12.044176 
2455423.649950 -10.564637 
2455423.749950 -9.712217 
2455423.849950 -9.425900 
2455423.949950 -9.604337 
2455424.049950 -10.112873 
2455424.149950 -10.792792 
2455424.249950 -11.472181 
2455424.349950 -11.977679 
2455424.449950 -12.146322 
2455424.549950 -11.836702 
2455424.649950 -10.938684 
2455424.749950 -9.381029 
2455424.849950 -7.136431 
2455424.949950 -4.223612 
2455425.049950 -0.706335 
2455425.149950 3.310581 
2455425.249950 7.687999 
2455425.349950 12.261495 
2455425.449950 16.852084 
2455425.549950 21.277914 
2455425.649950 25.366166 
2455425.749950 28.964344 
2455425.849950 31.950221 
2455425.949950 34.239760 
2455426.049950 35.792493 
2455426.149950 36.613992 
2455426.249950 36.755273 
2455426.349950 36.309168 
2455426.449950 35.403913 
2455426.549950 34.194373 
2455426.649950 32.851503 
2455426.749950 31.550735 
2455426.849950 30.460084 
2455426.949950 29.728747 
2455427.049950 29.476984 
2455427.149950 29.787928 
2455427.249950 30.701900 
2455427.349950 32.213580 
2455427.449950 34.272259 
2455427.549950 36.785113 
2455427.649950 39.623322 
2455427.749950 42.630591 
2455427.849950 45.633529 
2455427.949950 48.453178 
2455428.049950 50.916925 
2455428.149950 52.870005 
2455428.249950 54.185824 
2455428.349950 54.774405 
2455428.449950 54.588410 
2455428.549950 53.626317 
2455428.649950 51.932551 
2455428.749950 49.594557 
2455428.849950 46.737008 
2455428.949950 43.513541 
2455429.049950 40.096567 
2455429.149950 36.665839 
2455429.249950 33.396539 
2455429.349950 30.447685 
2455429.449950 27.951628 
2455429.549950 26.005341 
2455429.649950 24.664081 
2455429.749950 23.937854 
2455429.849950 23.790906 
2455429.949950 24.144291 
2455430.049950 24.881325 
2455430.149950 25.855577 
2455430.249950 26.900851 
2455430.349950 27.842505 
2455430.449950 28.509329 
2455430.549950 28.745217 
2455430.649950 28.419822 
2455430.749950 27.437503 
2455430.849950 25.743961 
2455430.949950 23.330110 
2455431.049950 20.232938 
2455431.149950 16.533290 
2455431.249950 12.350729 
2455431.349950 7.835806 
2455431.449950 3.160265 
2455431.549950 -1.494162 
2455431.649950 -5.947633 
2455431.749950 -10.033942 
2455431.849950 -13.611352 
2455431.949950 -16.571803 
2455432.049950 -18.847853 
2455432.149950 -20.416926 
2455432.249950 -21.302547 
2455432.349950 -21.572508 
2455432.449950 -21.334077 
2455432.549950 -20.726573 
2455432.649950 -19.911800 
2455432.749950 -19.062986 
2455432.849950 -18.352968 
2455432.949950 -17.942394 
2455433.049950 -17.968764 
2455433.149950 -18.537012 
2455433.249950 -19.712274 
2455433.349950 -21.515325 
2455433.449950 -23.920983 
2455433.549950 -26.859601 
2455433.649950 -30.221527 
2455433.749950 -33.864259 
2455433.849950 -37.621792 
2455433.949950 -41.315556 
2455434.049950 -44.766197 
2455434.149950 -47.805423 
2455434.249950 -50.287123 
2455434.349950 -52.097009 
2455434.449950 -53.160152 
2455434.549950 -53.445891 
2455434.649950 -52.969799 
2455434.749950 -51.792571 
2455434.849950 -50.015909 
2455434.949950 -47.775682 
2455435.049950 -45.232804 
2455435.149950 -42.562466 
2455435.249950 -39.942416 
2455435.349950 -37.541079 
2455435.449950 -35.506325 
2455435.549950 -33.955604 
2455435.649950 -32.968143 
2455435.749950 -32.579702 
2455435.849950 -32.780240 
2455435.949950 -33.514667 
2455436.049950 -34.686611 
2455436.149950 -36.164948 
2455436.249950 -37.792680 
2455436.349950 -39.397544 
2455436.449950 -40.803650 
2455436.549950 -41.843380 
2455436.649950 -42.368738 
2455436.749950 -42.261401 
2455436.849950 -41.440798 
2455436.949950 -39.869673 
2455437.049950 -37.556764 
2455437.149950 -34.556419 
2455437.249950 -30.965169 
2455437.349950 -26.915493 
2455437.449950 -22.567186 
2455437.549950 -18.096909 
2455437.649950 -13.686619 
2455437.749950 -9.511651 
2455437.849950 -5.729248 
2455437.949950 -2.468303 
2455438.049950 0.178997 
2455438.149950 2.163074 
2455438.249950 3.480009 
2455438.349950 4.171540 
2455438.449950 4.322002 
2455438.549950 4.052429 
2455438.649950 3.512191 
2455438.749950 2.868746 
2455438.849950 2.296177 
2455438.949950 1.963292 
2455439.049950 2.022072 
2455439.149950 2.597252 
2455439.249950 3.777718 
2455439.349950 5.610309 
2455439.449950 8.096423 
2455439.549950 11.191673 
2455439.649950 14.808599 
2455439.749950 18.822271 
2455439.849950 23.078391 
2455439.949950 27.403372 
2455440.049950 31.615711 
2455440.149950 35.537890 
2455440.249950 39.008031 
2455440.349950 41.890502 
2455440.449950 44.084781 
2455440.549950 45.531988 
2455440.649950 46.218637 
2455440.749950 46.177362 
2455440.849950 45.484580 
2455440.949950 44.255230 
2455441.049950 42.634951 
2455441.149950 40.790222 
2455441.249950 38.897114 
2455441.349950 37.129419 
2455441.449950 35.646938 
2455441.549950 34.584718 
2455441.649950 34.043952 
2455441.749950 34.085157 
2455441.849950 34.724078 
2455441.949950 35.930600 
2455442.049950 37.630734 
2455442.149950 39.711543 
2455442.249950 42.028694 
2455442.349950 44.416109 
2455442.449950 46.697089 
2455442.549950 48.696153 
2455442.649950 50.250812 
2455442.749950 51.222491 
2455442.849950 51.505854 
2455442.949950 51.035930 
2455443.049950 49.792547 
2455443.149950 47.801788 
2455443.249950 45.134364 
2455443.349950 41.901020 
2455443.449950 38.245268 
2455443.549950 34.333955 
2455443.649950 30.346266 
2455443.749950 26.461923 
2455443.849950 22.849355 
2455443.949950 19.654631 
2455444.049950 16.991893 
2455444.149950 14.935936 
2455444.249950 13.517423 
2455444.349950 12.721053 
2455444.449950 12.486813 
2455444.549950 12.714220 
2455444.649950 13.269273 
2455444.749950 13.993655 
2455444.849950 14.715561 
2455444.949950 15.261431 
2455445.049950 15.467804 
2455445.149950 15.192509 
2455445.249950 14.324420 
2455445.349950 12.791156 
2455445.449950 10.564184 
2455445.549950 7.660992 
2455445.649950 4.144196 
2455445.749950 0.117621 
2455445.849950 -4.280359 
2455445.949950 -8.885809 
2455446.049950 -13.519909 
2455446.149950 -18.000646 
2455446.249950 -22.154707 
2455446.349950 -25.828807 
2455446.449950 -28.899670 
2455446.549950 -31.282018 
2455446.649950 -32.934022 
2455446.749950 -33.859856 
2455446.849950 -34.109179 
2455446.949950 -33.773593 
2455447.049950 -32.980294 
2455447.149950 -31.883358 
2455447.249950 -30.653239 
2455447.349950 -29.465178 
2455447.449950 -28.487302 
2455447.549950 -27.869205 
2455447.649950 -27.731781 
2455447.749950 -28.158979 
2455447.849950 -29.192044 
2455447.949950 -30.826612 
2455448.049950 -33.012872 
2455448.149950 -35.658770 
2455448.249950 -38.636052 
2455448.349950 -41.788730 
2455448.449950 -44.943421 
2455448.549950 -47.920852 
2455448.649950 -50.547780 
2455448.749950 -52.668510 
2455448.849950 -54.155258 
2455448.949950 -54.916668 
2455449.049950 -54.903891 
2455449.149950 -54.113850 
2455449.249950 -52.589455 
2455449.349950 -50.416752 
2455449.449950 -47.719208 
2455449.549950 -44.649505 
2455449.649950 -41.379396 
2455449.749950 -38.088293 
2455449.849950 -34.951363 
2455449.949950 -32.127912 
2455450.049950 -29.750847 
2455450.149950 -27.917905 
2455450.249950 -26.685253 
2455450.349950 -26.063865 
2455450.449950 -26.018944 
2455450.549950 -26.472397 
2455450.649950 -27.308222 
2455450.749950 -28.380439 
2455450.849950 -29.523027 
2455450.949950 -30.561213 
2455451.049950 -31.323353 
2455451.149950 -31.652612 
2455451.249950 -31.417664 
2455451.349950 -30.521689 
2455451.449950 -28.909076 
2455451.549950 -26.569378 
2455451.649950 -23.538251 
2455451.749950 -19.895323 
2455451.849950 -15.759123 
2455451.949950 -11.279418 
2455452.049950 -6.627469 
2455452.149950 -1.984849 
2455452.249950 2.468426 
2455452.349950 6.565652 
2455452.449950 10.164315 
2455452.549950 13.155337 
2455452.649950 15.470098 
2455452.749950 17.084747 
2455452.849950 18.021534 
2455452.949950 18.347045 
2455453.049950 18.167497 
2455453.149950 17.621368 
2455453.249950 16.869890 
2455453.349950 16.086013 
2455453.449950 15.442600 
2455453.549950 15.100625 
2455453.649950 15.198174 
2455453.749950 15.840981 
2455453.849950 17.095133 
2455453.949950 18.982425 
2455454.049950 21.478691 
2455454.149950 24.515207 
2455454.249950 27.983079 
2455454.349950 31.740331 
2455454.449950 35.621201 
2455454.549950 39.447047 
2455454.649950 43.038116 
2455454.749950 46.225398 
2455454.849950 48.861774 
2455454.949950 50.831713 
2455455.049950 52.058866 
2455455.149950 52.511050 
2455455.249950 52.202304 
2455455.349950 51.191851 
2455455.449950 49.580069 
2455455.549950 47.501709 
2455455.649950 45.116841 
2455455.749950 42.600108 
2455455.849950 40.129031 
2455455.949950 37.872123 
2455456.049950 35.977624 
2455456.149950 34.563599 
2455456.249950 33.710068 
2455456.349950 33.453686 
2455456.449950 33.785341 
2455456.549950 34.650809 
2455456.649950 35.954452 
2455456.749950 37.565678 
2455456.849950 39.327766 
2455456.949950 41.068431 
2455457.049950 42.611453 
2455457.149950 43.788576 
2455457.249950 44.450885 
2455457.349950 44.478898 
2455457.449950 43.790711 
2455457.549950 42.347630 
2455457.649950 40.156935 
2455457.749950 37.271575 
2455457.849950 33.786823 
2455457.949950 29.834110 
2455458.049950 25.572454 
2455458.149950 21.178046 
2455458.249950 16.832704 
2455458.349950 12.711952 
2455458.449950 8.973531 
2455458.549950 5.747095 
2455458.649950 3.125799 
2455458.749950 1.160325 
2455458.849950 -0.144248 
2455458.949950 -0.828522 
2455459.049950 -0.975808 
2455459.149950 -0.706289 
2455459.249950 -0.168723 
2455459.349950 0.469766 
2455459.449950 1.035125 
2455459.549950 1.358277 
2455459.649950 1.286684 
2455459.749950 0.694812 
2455459.849950 -0.507211 
2455459.949950 -2.367326 
2455460.049950 -4.888073 
2455460.149950 -8.026162 
2455460.249950 -11.695106 
2455460.349950 -15.770748 
2455460.449950 -20.099309 
2455460.549950 -24.507418 
2455460.649950 -28.813458 
2455460.749950 -32.839472 
2455460.849950 -36.422827 
2455460.949950 -39.426860 
2455461.049950 -41.749803 
2455461.149950 -43.331377 
2455461.249950 -44.156623 
2455461.349950 -44.256718 
2455461.449950 -43.706713 
2455461.549950 -42.620348 
2455461.649950 -41.142296 
2455461.749950 -39.438344 
2455461.849950 -37.684181 
2455461.949950 -36.053527 
2455462.049950 -34.706410 
2455462.149950 -33.778369 
2455462.249950 -33.371302 
2455462.349950 -33.546572 
2455462.449950 -34.320844 
2455462.549950 -35.664904 
2455462.649950 -37.505572 
2455462.749950 -39.730552 
2455462.849950 -42.195920 
2455462.949950 -44.735724 
2455463.049950 -47.173083 
2455463.149950 -49.332017 
2455463.249950 -51.049233 
2455463.349950 -52.185078 
2455463.449950 -52.632921 
2455463.549950 -52.326342 
2455463.649950 -51.243642 
2455463.749950 -49.409387 
2455463.849950 -46.892857 
2455463.949950 -43.803531 
2455464.049950 -40.283892 
2455464.149950 -36.500035 
2455464.249950 -32.630713 
2455464.349950 -28.855544 
2455464.449950 -25.343173 
2455464.549950 -22.240169 
2455464.649950 -19.661421 
2455464.749950 -17.682644 
2455464.849950 -16.335524 
2455464.949950 -15.605802 
2455465.049950 -15.434447 
2455465.149950 -15.721820 
2455465.249950 -16.334558 
2455465.349950 -17.114727 
2455465.449950 -17.890609 
2455465.549950 -18.488428 
2455465.649950 -18.744212 
2455465.749950 -18.515003 
2455465.849950 -17.688671 
2455465.949950 -16.191668 
2455466.049950 -13.994207 
2455466.149950 -11.112523 
2455466.249950 -7.608054 
2455466.349950 -3.583605 
2455466.449950 0.823248 
2455466.549950 5.449082 
2455466.649950 10.115280 
2455466.749950 14.639694 
2455466.849950 18.848550 
2455466.949950 22.587797 
2455467.049950 25.733138 
2455467.149950 28.198078 
2455467.249950 29.939448 
2455467.349950 30.960038 
2455467.449950 31.308168 
2455467.549950 31.074220 
2455467.649950 30.384358 
2455467.749950 29.391879 
2455467.849950 28.266742 
2455467.949950 27.184000 
2455468.049950 26.311895 
2455468.149950 25.800424 
2455468.249950 25.771119 
2455468.349950 26.308754 
2455468.449950 27.455502 
2455468.549950 29.207963 
2455468.649950 31.517236 
2455468.749950 34.292048 
2455468.849950 37.404723 
2455468.949950 40.699593 
2455469.049950 44.003296 
2455469.149950 47.136258 
2455469.249950 49.924614 
2455469.349950 52.211750 
2455469.449950 53.868704 
2455469.549950 54.802740 
2455469.649950 54.963505 
2455469.749950 54.346366 
2455469.849950 52.992713 
2455469.949950 50.987188 
2455470.049950 48.452043 
2455470.149950 45.538996 
2455470.249950 42.419126 
2455470.349950 39.271495 
2455470.449950 36.271237 
2455470.549950 33.577936 
2455470.649950 31.325036 
2455470.749950 29.611030 
2455470.849950 28.492980 
2455470.949950 27.982824 
2455471.049950 28.046706 
2455471.149950 28.607382 
2455471.249950 29.549528 
2455471.349950 30.727607 
2455471.449950 31.975768 
2455471.549950 33.119102 
2455471.649950 33.985523 
2455471.749950 34.417461 
2455471.849950 34.282599 
2455471.949950 33.482925 
2455472.049950 31.961504 
2455472.149950 29.706507 
2455472.249950 26.752240 
2455472.349950 23.177086 
2455472.449950 19.098515 
2455472.549950 14.665485 
2455472.649950 10.048741 
2455472.749950 5.429666 
2455472.849950 0.988421 
2455472.949950 -3.107830 
2455473.049950 -6.715819 
2455473.149950 -9.725484 
2455473.249950 -12.067051 
2455473.349950 -13.715426 
2455473.449950 -14.691602 
2455473.549950 -15.060986 
2455473.649950 -14.928759 
2455473.749950 -14.432582 
2455473.849950 -13.733128 
2455473.949950 -13.003088 
2455474.049950 -12.415370 
2455474.149950 -12.131287 
2455474.249950 -12.289532 
2455474.349950 -12.996658 
2455474.449950 -14.319722 
2455474.549950 -16.281564 
2455474.649950 -18.859055 
2455474.749950 -21.984421 
2455474.849950 -25.549552 
2455474.949950 -29.413026 
2455475.049950 -33.409352 
2455475.149950 -37.359843 
2455475.249950 -41.084371 
2455475.349950 -44.413236 
2455475.449950 -47.198334 
2455475.549950 -49.322909 
2455475.649950 -50.709208 
2455475.749950 -51.323544 
2455475.849950 -51.178429 
2455475.949950 -50.331622 
2455476.049950 -48.882177 
2455476.149950 -46.963731 
2455476.249950 -44.735504 
2455476.349950 -42.371589 
2455476.449950 -40.049274 
2455476.549950 -37.937152 
2455476.649950 -36.183825 
2455476.749950 -34.907964 
2455476.849950 -34.190376 
2455476.949950 -34.068607 
2455477.049950 -34.534462 
2455477.149950 -35.534582 
2455477.249950 -36.974057 
2455477.349950 -38.722825 
2455477.449950 -40.624433 
2455477.549950 -42.506572 
2455477.649950 -44.192688 
2455477.749950 -45.513878 
2455477.849950 -46.320296 
2455477.949950 -46.491293 
2455478.049950 -45.943615 
2455478.149950 -44.637114 
2455478.249950 -42.577589 
2455478.349950 -39.816567 
2455478.449950 -36.448036 
2455478.549950 -32.602352 
2455478.649950 -28.437723 
2455478.749950 -24.129839 
2455478.849950 -19.860345 
2455478.949950 -15.804924 
2455479.049950 -12.121777 
2455479.149950 -8.941290 
2455479.249950 -6.357558 
2455479.349950 -4.422338 
2455479.449950 -3.141845 
2455479.549950 -2.476586 
2455479.649950 -2.344255 
2455479.749950 -2.625501 
2455479.849950 -3.172159 
2455479.949950 -3.817423 
2455480.049950 -4.387255 
2455480.149950 -4.712290 
2455480.249950 -4.639420 
2455480.349950 -4.042295 
2455480.449950 -2.830038 
2455480.549950 -0.953586 
2455480.649950 1.590764 
2455480.749950 4.760841 
2455480.849950 8.471155 
2455480.949950 12.598350 
2455481.049950 16.989189 
2455481.149950 21.470544 
2455481.249950 25.860712 
2455481.349950 29.981319 
2455481.449950 33.669002 
2455481.549950 36.786090 
2455481.649950 39.229586 
2455481.749950 40.937827 
2455481.849950 41.894398 
2455481.949950 42.129028 
2455482.049950 41.715408 
2455482.149950 40.766087 
2455482.249950 39.424770 
2455482.349950 37.856558 
2455482.449950 36.236754 
2455482.549950 34.739005 
2455482.649950 33.523567 
2455482.749950 32.726470 
2455482.849950 32.450313 
2455482.949950 32.757312 
2455483.049950 33.665050 
2455483.149950 35.145221 
2455483.249950 37.125459 
2455483.349950 39.494116 
2455483.449950 42.107681 
2455483.549950 44.800341 
2455483.649950 47.395038 
2455483.749950 49.715300 
2455483.849950 51.597035 
2455483.949950 52.899518 
2455484.049950 53.514822 
2455484.149950 53.375076 
2455484.249950 52.457053 
2455484.349950 50.783791 
2455484.449950 48.423131 
2455484.549950 45.483274 
2455484.649950 42.105655 
2455484.749950 38.455605 
2455484.849950 34.711424 
2455484.949950 31.052607 
2455485.049950 27.647992 
2455485.149950 24.644635 
2455485.249950 22.158149 
2455485.349950 20.265155 
2455485.449950 18.998342 
2455485.549950 18.344482 
2455485.649950 18.245512 
2455485.749950 18.602623 
2455485.849950 19.283081 
2455485.949950 20.129322 
2455486.049950 20.969707 
2455486.149950 21.630234 
2455486.249950 21.946402 
2455486.349950 21.774457 
2455486.449950 21.001245 
2455486.549950 19.552034 
2455486.649950 17.395764 
2455486.749950 14.547391 
2455486.849950 11.067147 
2455486.949950 7.056791 
2455487.049950 2.653070 
2455487.149950 -1.981143 
2455487.249950 -6.667460 
2455487.349950 -11.223636 
2455487.449950 -15.475468 
2455487.549950 -19.268174 
2455487.649950 -22.476468 
2455487.749950 -25.012664 
2455487.849950 -26.832281 
2455487.949950 -27.936753 
2455488.049950 -28.373082 
2455488.149950 -28.230446 
2455488.249950 -27.634003 
2455488.349950 -26.736281 
2455488.449950 -25.706759 
2455488.549950 -24.720317 
2455488.649950 -23.945329 
2455488.749950 -23.532205 
2455488.849950 -23.603131 
2455488.949950 -24.243718 
2455489.049950 -25.497087 
2455489.149950 -27.360818 
2455489.249950 -29.786940 
2455489.349950 -32.684977 
2455489.449950 -35.927854 
2455489.549950 -39.360243 
2455489.649950 -42.808819 
2455489.749950 -46.093730 
2455489.849950 -49.040505 
2455489.949950 -51.491624 
2455490.049950 -53.316961 
2455490.149950 -54.422409 
2455490.249950 -54.756113 
2455490.349950 -54.311890 
2455490.449950 -53.129606 
2455490.549950 -51.292494 
2455490.649950 -48.921583 
2455490.749950 -46.167612 
2455490.849950 -43.200978 
2455490.949950 -40.200370 
2455491.049950 -37.340879 
2455491.149950 -34.782343 
2455491.249950 -32.658730 
2455491.349950 -31.069271 
2455491.449950 -30.071905 
2455491.549950 -29.679518 
2455491.649950 -29.859183 
2455491.749950 -30.534490 
2455491.849950 -31.590779 
2455491.949950 -32.882948 
2455492.049950 -34.245299 
2455492.149950 -35.502777 
2455492.249950 -36.482841 
2455492.349950 -37.027170 
2455492.449950 -37.002440 
2455492.549950 -36.309428 
2455492.649950 -34.889853 
2455492.749950 -32.730482 
2455492.849950 -29.864243 
2455492.949950 -26.368245 
2455493.049950 -22.358870 
2455493.149950 -17.984232 
2455493.249950 -13.414527 
2455493.349950 -8.830915 
2455493.449950 -4.413666 
2455493.549950 -0.330375 
2455493.649950 3.274973 
2455493.749950 6.291359 
2455493.849950 8.647884 
2455493.949950 10.318234 
2455494.049950 11.322172 
2455494.149950 11.723941 
2455494.249950 11.627708 
2455494.349950 11.170328 
2455494.449950 10.511935 
2455494.549950 9.824969 
2455494.649950 9.282396 
2455494.749950 9.045882 
2455494.849950 9.254736 
2455494.949950 10.016345 
2455495.049950 11.398750 
2455495.149950 13.425851 
2455495.249950 16.075576 
2455495.349950 19.281116 
2455495.449950 22.935169 
2455495.549950 26.896883 
2455495.649950 31.001060 
2455495.749950 35.068990 
2455495.849950 38.920192 
2455495.949950 42.384290 
2455496.049950 45.312216 
2455496.149950 47.586003 
2455496.249950 49.126506 
2455496.349950 49.898542 
2455496.449950 49.913102 
2455496.549950 49.226485 
2455496.649950 47.936422 
2455496.749950 46.175436 
2455496.849950 44.101889 
2455496.949950 41.889323 
2455497.049950 39.714784 
2455497.149950 37.746937 
2455497.249950 36.134743 
2455497.349950 34.997475 
2455497.449950 34.416718 
2455497.549950 34.430907 
2455497.649950 35.032765 
2455497.749950 36.169796 
2455497.849950 37.747820 
2455497.949950 39.637304 
2455498.049950 41.682070 
2455498.149950 43.709786 
2455498.249950 45.543563 
2455498.349950 47.013855 
2455498.449950 47.969884 
2455498.549950 48.289831 
2455498.649950 47.889085 
2455498.749950 46.726037 
2455498.849950 44.804994 
2455498.949950 42.176046 
2455499.049950 38.931880 
2455499.149950 35.201755 
2455499.249950 31.143048 
2455499.349950 26.930925 
2455499.449950 22.746836 
2455499.549950 18.766592 
2455499.649950 15.148836 
2455499.749950 12.024660 
2455499.849950 9.489072 
2455499.949950 7.594888 
2455500.049950 6.349433 
2455500.149950 5.714306 
2455500.249950 5.608192 
2455500.349950 5.912552 
2455500.449950 6.479801 
2455500.549950 7.143434 
2455500.649950 7.729415 
2455500.749950 8.068075 
2455500.849950 8.005718 
2455500.949950 7.415160 
2455501.049950 6.204498 
2455501.149950 4.323525 
2455501.249950 1.767351 
2455501.349950 -1.423002 
2455501.449950 -5.163069 
2455501.549950 -9.330325 
2455501.649950 -13.772111 
2455501.749950 -18.315572 
2455501.849950 -22.778955 
2455501.949950 -26.983502 
2455502.049950 -30.765150 
2455502.149950 -33.985254 
2455502.249950 -36.539612 
2455502.349950 -38.365206 
2455502.449950 -39.444187 
2455502.549950 -39.804854 
2455502.649950 -39.519559 
2455502.749950 -38.699669 
2455502.849950 -37.487938 
2455502.949950 -36.048787 
2455503.049950 -34.557141 
2455503.149950 -33.186586 
2455503.249950 -32.097607 
2455503.349950 -31.426734 
2455503.449950 -31.277276 
2455503.549950 -31.712307 
2455503.649950 -32.750337 
2455503.749950 -34.363977 
2455503.849950 -36.481686 
2455503.949950 -38.992473 
2455504.049950 -41.753254 
2455504.149950 -44.598360 
2455504.249950 -47.350569 
2455504.349950 -49.832924 
2455504.449950 -51.880539 
2455504.549950 -53.351619 
2455504.649950 -54.136944 
2455504.749950 -54.167187 
2455504.849950 -53.417585 
2455504.949950 -51.909639 
2455505.049950 -49.709736 
2455505.149950 -46.924784 
2455505.249950 -43.695150 
2455505.349950 -40.185375 
2455505.449950 -36.573285 
2455505.549950 -33.038226 
2455505.649950 -29.749205 
2455505.749950 -26.853735 
2455505.849950 -24.468132 
2455505.949950 -22.669894 
2455506.049950 -21.492695 
2455506.149950 -20.924313 
2455506.249950 -20.907635 
2455506.349950 -21.344664 
2455506.449950 -22.103276 
2455506.549950 -23.026260 
2455506.649950 -23.942041 
2455506.749950 -24.676372 
2455506.849950 -25.064209 
2455506.949950 -24.960982 
2455507.049950 -24.252494 
2455507.149950 -22.862806 
2455507.249950 -20.759562 
2455507.349950 -17.956411 
2455507.449950 -14.512355 
2455507.549950 -10.528072 
2455507.649950 -6.139452 
2455507.749950 -1.508788 
2455507.849950 3.185799 
2455507.949950 7.761994 
2455508.049950 12.045201 
2455508.149950 15.879933 
2455508.249950 19.139942 
2455508.349950 21.736381 
2455508.449950 23.623478 
2455508.549950 24.801328 
2455508.649950 25.315634 
2455508.749950 25.254389 
2455508.849950 24.741748 
2455508.949950 23.929485 
2455509.049950 22.986609 
2455509.149950 22.087832 
2455509.249950 21.401666 
2455509.349950 21.078940 
2455509.449950 21.242505 
2455509.549950 21.978815 
2455509.649950 23.331951 
2455509.749950 25.300482 
2455509.849950 27.837378 
2455509.949950 30.852979 
2455510.049950 34.220820 
2455510.149950 37.785931 
2455510.249950 41.375043 
2455510.349950 44.808035 
2455510.449950 47.909848 
2455510.549950 50.522067 
2455510.649950 52.513411 
2455510.749950 53.788413 
2455510.849950 54.293721 
2455510.949950 54.021602 
2455511.049950 53.010399 
2455511.149950 51.341931 
2455511.249950 49.135999 
2455511.349950 46.542356 
2455511.449950 43.730702 
2455511.549950 40.879351 
2455511.649950 38.163331 
2455511.749950 35.742726 
2455511.849950 33.752019 
2455511.949950 32.291163 
2455512.049950 31.418971 
2455512.149950 31.149266 
2455512.249950 31.450045 
2455512.349950 32.245729 
2455512.449950 33.422316 
2455512.549950 34.835134 
2455512.649950 36.318641 
2455512.749950 37.697630 
2455512.849950 38.799099 
2455512.949950 39.463974 
2455513.049950 39.557914 
2455513.149950 38.980478 
2455513.249950 37.672023 
2455513.349950 35.617900 
2455513.449950 32.849636 
2455513.549950 29.443050 
2455513.649950 25.513409 
2455513.749950 21.207958 
2455513.849950 16.696316 
2455513.949950 12.159390 
2455514.049950 7.777529 
2455514.149950 3.718731 
2455514.249950 0.127670 
2455514.349950 -2.883710 
2455514.449950 -5.243409 
2455514.549950 -6.923919 
2455514.649950 -7.943793 
2455514.749950 -8.366136 
2455514.849950 -8.294118 
2455514.949950 -7.863809 
2455515.049950 -7.234816 
2455515.149950 -6.579351 
2455515.249950 -6.070451 
2455515.349950 -5.870155 
2455515.449950 -6.118405 
2455515.549950 -6.923444 
2455515.649950 -8.354317 
2455515.749950 -10.436009 
2455515.849950 -13.147529 
2455515.949950 -16.423062 
2455516.049950 -20.156139 
2455516.149950 -24.206512 
2455516.249950 -28.409307 
2455516.349950 -32.585817 
2455516.449950 -36.555239 
2455516.549950 -40.146551 
2455516.649950 -43.209745 
2455516.749950 -45.625667 
2455516.849950 -47.313803 
2455516.949950 -48.237490 
2455517.049950 -48.406214 
2455517.149950 -47.874825 
2455517.249950 -46.739737 
2455517.349950 -45.132363 
2455517.449950 -43.210213 
2455517.549950 -41.146275 
2455517.649950 -39.117353 
2455517.749950 -37.292182 
2455517.849950 -35.820081 
2455517.949950 -34.820916 
2455518.049950 -34.377052 
2455518.149950 -34.527812 
2455518.249950 -35.266833 
2455518.349950 -36.542481 
2455518.449950 -38.261309 
2455518.549950 -40.294313 
2455518.649950 -42.485588 
2455518.749950 -44.662780 
2455518.849950 -46.648664 
2455518.949950 -48.273046 
2455519.049950 -49.384213 
2455519.149950 -49.859164 
2455519.249950 -49.611925 
2455519.349950 -48.599409 
2455519.449950 -46.824413 
2455519.549950 -44.335571 
2455519.649950 -41.224243 
2455519.749950 -37.618568 
2455519.849950 -33.675061 
2455519.949950 -29.568336 
2455520.049950 -25.479612 
2455520.149950 -21.584803 
2455520.249950 -18.042957 
2455520.349950 -14.985844 
2455520.449950 -12.509359 
2455520.549950 -10.667342 
2455520.649950 -9.468211 
2455520.749950 -8.874630 
2455520.849950 -8.806253 
2455520.949950 -9.145334 
2455521.049950 -9.744848 
2455521.149950 -10.438577 
2455521.249950 -11.052467 
2455521.349950 -11.416529 
2455521.449950 -11.376463 
2455521.549950 -10.804231 
2455521.649950 -9.606887 
2455521.749950 -7.733057 
2455521.849950 -5.176638 
2455521.949950 -1.977485 
2455522.049950 1.780993 
2455522.149950 5.977130 
2455522.249950 10.458870 
2455522.349950 15.053661 
2455522.449950 19.579728 
2455522.549950 23.857957 
2455522.649950 27.723613 
2455522.749950 31.037095 
2455522.849950 33.693026 
2455522.949950 35.627047 
2455523.049950 36.819891 
2455523.149950 37.298443 
2455523.249950 37.133722 
2455523.349950 36.435925 
2455523.449950 35.346858 
2455523.549950 34.030265 
2455523.649950 32.660700 
2455523.749950 31.411680 
2455523.849950 30.443930 
2455523.949950 29.894475 
2455524.049950 29.867341 
2455524.149950 30.426461 
2455524.249950 31.591278 
2455524.349950 33.335328 
2455524.449950 35.587901 
2455524.549950 38.238672 
2455524.649950 41.144994 
2455524.749950 44.141354 
2455524.849950 47.050374 
2455524.949950 49.694623 
2455525.049950 51.908428 
2455525.149950 53.548931 
2455525.249950 54.505621 
2455525.349950 54.707718 
2455525.449950 54.128922 
2455525.549950 52.789192 
2455525.649950 50.753454 
2455525.749950 48.127310 
2455525.849950 45.050047 
2455525.949950 41.685405 
2455526.049950 38.210719 
2455526.149950 34.805166 
2455526.249950 31.637907 
2455526.349950 28.856898 
2455526.449950 26.579137 
2455526.549950 24.882989 
2455526.649950 23.803097 
2455526.749950 23.328235 
2455526.849950 23.402225 
2455526.949950 23.927876 
2455527.049950 24.773665 
2455527.149950 25.782725 
2455527.249950 26.783538 
2455527.349950 27.601601 
2455527.449950 28.071320 
2455527.549950 28.047293 
2455527.649950 27.414270 
2455527.749950 26.095086 
2455527.849950 24.056070 
2455527.949950 21.309545 
2455528.049950 17.913255 
2455528.149950 13.966771 
2455528.249950 9.605096 
2455528.349950 4.989912 
2455528.449950 0.299042 
2455528.549950 -4.285166 
2455528.649950 -8.587750 
2455528.749950 -12.452555 
2455528.849950 -15.752403 
2455528.949950 -18.397311 
2455529.049950 -20.340245 
2455529.149950 -21.579991 
2455529.249950 -22.160970 
2455529.349950 -22.170013 
2455529.449950 -21.730294 
2455529.549950 -20.992849 
2455529.649950 -20.126231 
2455529.749950 -19.305001 
2455529.849950 -18.697826 
2455529.949950 -18.455971 
2455530.049950 -18.702965 
2455530.149950 -19.526127 
2455530.249950 -20.970513 
2455530.349950 -23.035703 
2455530.449950 -25.675632 
2455530.549950 -28.801476 
2455530.649950 -32.287408 
2455530.749950 -35.978835 
2455530.849950 -39.702569 
2455530.949950 -43.278245 
2455531.049950 -46.530234 
2455531.149950 -49.299250 
2455531.249950 -51.452872 
2455531.349950 -52.894284 
2455531.449950 -53.568652 
2455531.549950 -53.466694 
2455531.649950 -52.625238 
2455531.749950 -51.124689 
2455531.849950 -49.083612 
2455531.949950 -46.650770 
2455532.049950 -43.995159 
2455532.149950 -41.294702 
2455532.249950 -38.724356 
2455532.349950 -36.444436 
2455532.449950 -34.589926 
2455532.549950 -33.261492 
2455532.649950 -32.518806 
2455532.749950 -32.376617 
2455532.849950 -32.803836 
2455532.949950 -33.725702 
2455533.049950 -35.028867 
2455533.149950 -36.569079 
2455533.249950 -38.180940 
2455533.349950 -39.689084 
2455533.449950 -40.920038 
2455533.549950 -41.713961 
2455533.649950 -41.935483 
2455533.749950 -41.482925 
2455533.849950 -40.295268 
2455533.949950 -38.356420 
2455534.049950 -35.696486 
2455534.149950 -32.389964 
2455534.249950 -28.550979 
2455534.349950 -24.325872 
2455534.449950 -19.883655 
2455534.549950 -15.404947 
