descriptor BJD Tc_folded phase mod 
2455326.949950 0.000000 0.000000 -16.536066
2455327.049950 0.000000 0.000000 -14.634632
2455327.149950 0.000000 0.000000 -12.703060
2455327.249950 0.000000 0.000000 -10.745324
2455327.349950 0.000000 0.000000 -8.765456
2455327.449950 0.000000 0.000000 -6.767532
2455327.549950 0.000000 0.000000 -4.755665
2455327.649950 0.000000 0.000000 -2.733999
2455327.749950 0.000000 0.000000 -0.706694
2455327.849950 0.000000 0.000000 1.322074
2455327.949950 0.000000 0.000000 3.348128
2455328.049950 0.000000 0.000000 5.367297
2455328.149950 0.000000 0.000000 7.375423
2455328.249950 0.000000 0.000000 9.368370
2455328.349950 0.000000 0.000000 11.342036
2455328.449950 0.000000 0.000000 13.292355
2455328.549950 0.000000 0.000000 15.215313
2455328.649950 0.000000 0.000000 17.106948
2455328.749950 0.000000 0.000000 18.963366
2455328.849950 0.000000 0.000000 20.780744
2455328.949950 0.000000 0.000000 22.555338
2455329.049950 0.000000 0.000000 24.283495
2455329.149950 0.000000 0.000000 25.961655
2455329.249950 0.000000 0.000000 27.586363
2455329.349950 0.000000 0.000000 29.154272
2455329.449950 0.000000 0.000000 30.662153
2455329.549950 0.000000 0.000000 32.106901
2455329.649950 0.000000 0.000000 33.485540
2455329.749950 0.000000 0.000000 34.795230
2455329.849950 0.000000 0.000000 36.033275
2455329.949950 0.000000 0.000000 37.197125
2455330.049950 0.000000 0.000000 38.284382
2455330.149950 0.000000 0.000000 39.292807
2455330.249950 0.000000 0.000000 40.220323
2455330.349950 0.000000 0.000000 41.065019
2455330.449950 0.000000 0.000000 41.825156
2455330.549950 0.000000 0.000000 42.499168
2455330.649950 0.000000 0.000000 43.085667
2455330.749950 0.000000 0.000000 43.583445
2455330.849950 0.000000 0.000000 43.991476
2455330.949950 0.000000 0.000000 44.308920
2455331.049950 0.000000 0.000000 44.535124
2455331.149950 0.000000 0.000000 44.669620
2455331.249950 0.000000 0.000000 44.712133
2455331.349950 0.000000 0.000000 44.662574
2455331.449950 0.000000 0.000000 44.521046
2455331.549950 0.000000 0.000000 44.287840
2455331.649950 0.000000 0.000000 43.963437
2455331.749950 0.000000 0.000000 43.548505
2455331.849950 0.000000 0.000000 43.043897
2455331.949950 0.000000 0.000000 42.450655
2455332.049950 0.000000 0.000000 41.769999
2455332.149950 0.000000 0.000000 41.003332
2455332.249950 0.000000 0.000000 40.152233
2455332.349950 0.000000 0.000000 39.218455
2455332.449950 0.000000 0.000000 38.203920
2455332.549950 0.000000 0.000000 37.110719
2455332.649950 0.000000 0.000000 35.941104
2455332.749950 0.000000 0.000000 34.697483
2455332.849950 0.000000 0.000000 33.382417
2455332.949950 0.000000 0.000000 31.998615
2455333.049950 0.000000 0.000000 30.548928
2455333.149950 0.000000 0.000000 29.036340
2455333.249950 0.000000 0.000000 27.463968
2455333.349950 0.000000 0.000000 25.835049
2455333.449950 0.000000 0.000000 24.152938
2455333.549950 0.000000 0.000000 22.421099
2455333.649950 0.000000 0.000000 20.643099
2455333.749950 0.000000 0.000000 18.822599
2455333.849950 0.000000 0.000000 16.963349
2455333.949950 0.000000 0.000000 15.069177
2455334.049950 0.000000 0.000000 13.143984
2455334.149950 0.000000 0.000000 11.191734
2455334.249950 0.000000 0.000000 9.216447
2455334.349950 0.000000 0.000000 7.222192
2455334.449950 0.000000 0.000000 5.213074
2455334.549950 0.000000 0.000000 3.193230
2455334.649950 0.000000 0.000000 1.166820
2455334.749950 0.000000 0.000000 -0.861984
2455334.849950 0.000000 0.000000 -2.889005
2455334.949950 0.000000 0.000000 -4.910069
2455335.049950 0.000000 0.000000 -6.921015
2455335.149950 0.000000 0.000000 -8.917703
2455335.249950 0.000000 0.000000 -10.896021
2455335.349950 0.000000 0.000000 -12.851896
2455335.449950 0.000000 0.000000 -14.781302
2455335.549950 0.000000 0.000000 -16.680267
2455335.649950 0.000000 0.000000 -18.544881
2455335.749950 0.000000 0.000000 -20.371304
2455335.849950 0.000000 0.000000 -22.155778
2455335.949950 0.000000 0.000000 -23.894629
2455336.049950 0.000000 0.000000 -25.584277
2455336.149950 0.000000 0.000000 -27.221243
2455336.249950 0.000000 0.000000 -28.802158
2455336.349950 0.000000 0.000000 -30.323768
2455336.449950 0.000000 0.000000 -31.782940
2455336.549950 0.000000 0.000000 -33.176670
2455336.649950 0.000000 0.000000 -34.502090
2455336.749950 0.000000 0.000000 -35.756471
2455336.849950 0.000000 0.000000 -36.937232
2455336.949950 0.000000 0.000000 -38.041941
2455337.049950 0.000000 0.000000 -39.068325
2455337.149950 0.000000 0.000000 -40.014271
2455337.249950 0.000000 0.000000 -40.877832
2455337.349950 0.000000 0.000000 -41.657231
2455337.449950 0.000000 0.000000 -42.350864
2455337.549950 0.000000 0.000000 -42.957302
2455337.649950 0.000000 0.000000 -43.475297
2455337.749950 0.000000 0.000000 -43.903784
2455337.849950 0.000000 0.000000 -44.241880
2455337.949950 0.000000 0.000000 -44.488889
2455338.049950 0.000000 0.000000 -44.644303
2455338.149950 0.000000 0.000000 -44.707803
2455338.249950 0.000000 0.000000 -44.679257
2455338.349950 0.000000 0.000000 -44.558724
2455338.449950 0.000000 0.000000 -44.346452
2455338.549950 0.000000 0.000000 -44.042878
2455338.649950 0.000000 0.000000 -43.648628
2455338.749950 0.000000 0.000000 -43.164512
2455338.849950 0.000000 0.000000 -42.591527
2455338.949950 0.000000 0.000000 -41.930852
2455339.049950 0.000000 0.000000 -41.183848
2455339.149950 0.000000 0.000000 -40.352051
2455339.249950 0.000000 0.000000 -39.437174
2455339.349950 0.000000 0.000000 -38.441100
2455339.449950 0.000000 0.000000 -37.365880
2455339.549950 0.000000 0.000000 -36.213725
2455339.649950 0.000000 0.000000 -34.987009
2455339.749950 0.000000 0.000000 -33.688256
2455339.849950 0.000000 0.000000 -32.320140
2455339.949950 0.000000 0.000000 -30.885476
2455340.049950 0.000000 0.000000 -29.387219
2455340.149950 0.000000 0.000000 -27.828451
2455340.249950 0.000000 0.000000 -26.212383
2455340.349950 0.000000 0.000000 -24.542340
2455340.449950 0.000000 0.000000 -22.821761
2455340.549950 0.000000 0.000000 -21.054187
2455340.649950 0.000000 0.000000 -19.243258
2455340.749950 0.000000 0.000000 -17.392701
2455340.849950 0.000000 0.000000 -15.506327
2455340.949950 0.000000 0.000000 -13.588019
2455341.049950 0.000000 0.000000 -11.641725
2455341.149950 0.000000 0.000000 -9.671454
2455341.249950 0.000000 0.000000 -7.681262
2455341.349950 0.000000 0.000000 -5.675246
2455341.449950 0.000000 0.000000 -3.657536
2455341.549950 0.000000 0.000000 -1.632287
2455341.649950 0.000000 0.000000 0.396331
2455341.749950 0.000000 0.000000 2.424142
2455341.849950 0.000000 0.000000 4.446970
2455341.949950 0.000000 0.000000 6.460650
2455342.049950 0.000000 0.000000 8.461035
2455342.149950 0.000000 0.000000 10.444006
2455342.249950 0.000000 0.000000 12.405481
2455342.349950 0.000000 0.000000 14.341420
2455342.449950 0.000000 0.000000 16.247837
2455342.549950 0.000000 0.000000 18.120805
2455342.649950 0.000000 0.000000 19.956468
2455342.749950 0.000000 0.000000 21.751045
2455342.849950 0.000000 0.000000 23.500841
2455342.949950 0.000000 0.000000 25.202252
2455343.049950 0.000000 0.000000 26.851775
2455343.149950 0.000000 0.000000 28.446012
2455343.249950 0.000000 0.000000 29.981679
2455343.349950 0.000000 0.000000 31.455615
2455343.449950 0.000000 0.000000 32.864783
2455343.549950 0.000000 0.000000 34.206282
2455343.649950 0.000000 0.000000 35.477348
2455343.749950 0.000000 0.000000 36.675363
2455343.849950 0.000000 0.000000 37.797860
2455343.949950 0.000000 0.000000 38.842528
2455344.049950 0.000000 0.000000 39.807213
2455344.149950 0.000000 0.000000 40.689931
2455344.249950 0.000000 0.000000 41.488861
2455344.349950 0.000000 0.000000 42.202359
2455344.449950 0.000000 0.000000 42.828956
2455344.549950 0.000000 0.000000 43.367360
2455344.649950 0.000000 0.000000 43.816462
2455344.749950 0.000000 0.000000 44.175338
2455344.849950 0.000000 0.000000 44.443248
2455344.949950 0.000000 0.000000 44.619641
2455345.049950 0.000000 0.000000 44.704152
2455345.149950 0.000000 0.000000 44.696609
2455345.249950 0.000000 0.000000 44.597027
2455345.349950 0.000000 0.000000 44.405610
2455345.449950 0.000000 0.000000 44.122753
2455345.549950 0.000000 0.000000 43.749039
2455345.649950 0.000000 0.000000 43.285237
2455345.749950 0.000000 0.000000 42.732302
2455345.849950 0.000000 0.000000 42.091374
2455345.949950 0.000000 0.000000 41.363773
2455346.049950 0.000000 0.000000 40.550998
2455346.149950 0.000000 0.000000 39.654721
2455346.249950 0.000000 0.000000 38.676791
2455346.349950 0.000000 0.000000 37.619219
2455346.449950 0.000000 0.000000 36.484186
2455346.549950 0.000000 0.000000 35.274029
2455346.649950 0.000000 0.000000 33.991240
2455346.749950 0.000000 0.000000 32.638461
2455346.849950 0.000000 0.000000 31.218478
2455346.949950 0.000000 0.000000 29.734216
2455347.049950 0.000000 0.000000 28.188732
2455347.149950 0.000000 0.000000 26.585208
2455347.249950 0.000000 0.000000 24.926948
2455347.349950 0.000000 0.000000 23.217366
2455347.449950 0.000000 0.000000 21.459983
2455347.549950 0.000000 0.000000 19.658418
2455347.649950 0.000000 0.000000 17.816381
2455347.749950 0.000000 0.000000 15.937666
2455347.849950 0.000000 0.000000 14.026141
2455347.949950 0.000000 0.000000 12.085743
2455348.049950 0.000000 0.000000 10.120468
2455348.149950 0.000000 0.000000 8.134362
2455348.249950 0.000000 0.000000 6.131514
2455348.349950 0.000000 0.000000 4.116051
2455348.449950 0.000000 0.000000 2.092120
2455348.549950 0.000000 0.000000 0.063890
2455348.649950 0.000000 0.000000 -1.964463
2455348.749950 0.000000 0.000000 -3.988762
2455348.849950 0.000000 0.000000 -6.004841
2455348.949950 0.000000 0.000000 -8.008547
2455349.049950 0.000000 0.000000 -9.995756
2455349.149950 0.000000 0.000000 -11.962375
2455349.249950 0.000000 0.000000 -13.904357
2455349.349950 0.000000 0.000000 -15.817702
2455349.449950 0.000000 0.000000 -17.698473
2455349.549950 0.000000 0.000000 -19.542796
2455349.649950 0.000000 0.000000 -21.346875
2455349.749950 0.000000 0.000000 -23.106995
2455349.849950 0.000000 0.000000 -24.819534
2455349.949950 0.000000 0.000000 -26.480967
2455350.049950 0.000000 0.000000 -28.087871
2455350.149950 0.000000 0.000000 -29.636941
2455350.249950 0.000000 0.000000 -31.124987
2455350.349950 0.000000 0.000000 -32.548946
2455350.449950 0.000000 0.000000 -33.905886
2455350.549950 0.000000 0.000000 -35.193015
2455350.649950 0.000000 0.000000 -36.407683
2455350.749950 0.000000 0.000000 -37.547390
2455350.849950 0.000000 0.000000 -38.609789
2455350.949950 0.000000 0.000000 -39.592695
2455351.049950 0.000000 0.000000 -40.494084
2455351.149950 0.000000 0.000000 -41.312100
2455351.249950 0.000000 0.000000 -42.045059
2455351.349950 0.000000 0.000000 -42.691454
2455351.449950 0.000000 0.000000 -43.249953
2455351.549950 0.000000 0.000000 -43.719408
2455351.649950 0.000000 0.000000 -44.098851
2455351.749950 0.000000 0.000000 -44.387502
2455351.849950 0.000000 0.000000 -44.584767
2455351.949950 0.000000 0.000000 -44.690239
2455352.049950 0.000000 0.000000 -44.703702
2455352.149950 0.000000 0.000000 -44.625128
2455352.249950 0.000000 0.000000 -44.454679
2455352.349950 0.000000 0.000000 -44.192704
2455352.449950 0.000000 0.000000 -43.839745
2455352.549950 0.000000 0.000000 -43.396526
2455352.649950 0.000000 0.000000 -42.863961
2455352.749950 0.000000 0.000000 -42.243146
2455352.849950 0.000000 0.000000 -41.535358
2455352.949950 0.000000 0.000000 -40.742054
2455353.049950 0.000000 0.000000 -39.864868
2455353.149950 0.000000 0.000000 -38.905604
2455353.249950 0.000000 0.000000 -37.866237
2455353.349950 0.000000 0.000000 -36.748906
2455353.449950 0.000000 0.000000 -35.555912
2455353.549950 0.000000 0.000000 -34.289711
2455353.649950 0.000000 0.000000 -32.952907
2455353.749950 0.000000 0.000000 -31.548254
2455353.849950 0.000000 0.000000 -30.078643
2455353.949950 0.000000 0.000000 -28.547099
2455354.049950 0.000000 0.000000 -26.956774
2455354.149950 0.000000 0.000000 -25.310942
2455354.249950 0.000000 0.000000 -23.612992
2455354.349950 0.000000 0.000000 -21.866418
2455354.449950 0.000000 0.000000 -20.074817
2455354.549950 0.000000 0.000000 -18.241877
2455354.649950 0.000000 0.000000 -16.371370
2455354.749950 0.000000 0.000000 -14.467149
2455354.849950 0.000000 0.000000 -12.533133
2455354.949950 0.000000 0.000000 -10.573303
2455355.049950 0.000000 0.000000 -8.591696
2455355.149950 0.000000 0.000000 -6.592390
2455355.249950 0.000000 0.000000 -4.579503
2455355.349950 0.000000 0.000000 -2.557178
2455355.449950 0.000000 0.000000 -0.529579
2455355.549950 0.000000 0.000000 1.499118
2455355.649950 0.000000 0.000000 3.524737
2455355.749950 0.000000 0.000000 5.543107
2455355.849950 0.000000 0.000000 7.550072
2455355.949950 0.000000 0.000000 9.541500
2455356.049950 0.000000 0.000000 11.513288
2455356.149950 0.000000 0.000000 13.461379
2455356.249950 0.000000 0.000000 15.381758
2455356.349950 0.000000 0.000000 17.270474
2455356.449950 0.000000 0.000000 19.123634
2455356.549950 0.000000 0.000000 20.937425
2455356.649950 0.000000 0.000000 22.708109
2455356.749950 0.000000 0.000000 24.432042
2455356.849950 0.000000 0.000000 26.105672
2455356.949950 0.000000 0.000000 27.725553
2455357.049950 0.000000 0.000000 29.288348
2455357.149950 0.000000 0.000000 30.790839
2455357.249950 0.000000 0.000000 32.229932
2455357.349950 0.000000 0.000000 33.602663
2455357.449950 0.000000 0.000000 34.906205
2455357.549950 0.000000 0.000000 36.137872
2455357.649950 0.000000 0.000000 37.295128
2455357.749950 0.000000 0.000000 38.375590
2455357.849950 0.000000 0.000000 39.377032
2455357.949950 0.000000 0.000000 40.297391
2455358.049950 0.000000 0.000000 41.134772
2455358.149950 0.000000 0.000000 41.887450
2455358.249950 0.000000 0.000000 42.553875
2455358.349950 0.000000 0.000000 43.132674
2455358.449950 0.000000 0.000000 43.622655
2455358.549950 0.000000 0.000000 44.022809
2455358.649950 0.000000 0.000000 44.332311
2455358.749950 0.000000 0.000000 44.550524
2455358.849950 0.000000 0.000000 44.676999
2455358.949950 0.000000 0.000000 44.711474
2455359.049950 0.000000 0.000000 44.653880
2455359.149950 0.000000 0.000000 44.504334
2455359.249950 0.000000 0.000000 44.263145
2455359.349950 0.000000 0.000000 43.930809
2455359.449950 0.000000 0.000000 43.508011
2455359.549950 0.000000 0.000000 42.995622
2455359.649950 0.000000 0.000000 42.394697
2455359.749950 0.000000 0.000000 41.706474
2455359.849950 0.000000 0.000000 40.932370
2455359.949950 0.000000 0.000000 40.073981
2455360.049950 0.000000 0.000000 39.133073
2455360.149950 0.000000 0.000000 38.111586
2455360.249950 0.000000 0.000000 37.011622
2455360.349950 0.000000 0.000000 35.835447
2455360.449950 0.000000 0.000000 34.585485
2455360.549950 0.000000 0.000000 33.264308
2455360.649950 0.000000 0.000000 31.874639
2455360.749950 0.000000 0.000000 30.419340
2455360.849950 0.000000 0.000000 28.901407
2455360.949950 0.000000 0.000000 27.323967
2455361.049950 0.000000 0.000000 25.690269
2455361.149950 0.000000 0.000000 24.003677
2455361.249950 0.000000 0.000000 22.267665
2455361.349950 0.000000 0.000000 20.485808
2455361.449950 0.000000 0.000000 18.661774
2455361.549950 0.000000 0.000000 16.799322
2455361.649950 0.000000 0.000000 14.902285
2455361.749950 0.000000 0.000000 12.974571
2455361.849950 0.000000 0.000000 11.020149
2455361.949950 0.000000 0.000000 9.043044
2455362.049950 0.000000 0.000000 7.047327
2455362.149950 0.000000 0.000000 5.037108
2455362.249950 0.000000 0.000000 3.016525
2455362.349950 0.000000 0.000000 0.989739
2455362.449950 0.000000 0.000000 -1.039076
2455362.549950 0.000000 0.000000 -3.065743
2455362.649950 0.000000 0.000000 -5.086089
2455362.749950 0.000000 0.000000 -7.095955
2455362.849950 0.000000 0.000000 -9.091202
2455362.949950 0.000000 0.000000 -11.067723
2455363.049950 0.000000 0.000000 -13.021447
2455363.149950 0.000000 0.000000 -14.948353
2455363.249950 0.000000 0.000000 -16.844473
2455363.349950 0.000000 0.000000 -18.705905
2455363.449950 0.000000 0.000000 -20.528815
2455363.549950 0.000000 0.000000 -22.309451
2455363.649950 0.000000 0.000000 -24.044148
2455363.749950 0.000000 0.000000 -25.729333
2455363.849950 0.000000 0.000000 -27.361539
2455363.949950 0.000000 0.000000 -28.937404
2455364.049950 0.000000 0.000000 -30.453686
2455364.149950 0.000000 0.000000 -31.907263
2455364.249950 0.000000 0.000000 -33.295142
2455364.349950 0.000000 0.000000 -34.614467
2455364.449950 0.000000 0.000000 -35.862521
2455364.549950 0.000000 0.000000 -37.036737
2455364.649950 0.000000 0.000000 -38.134697
2455364.749950 0.000000 0.000000 -39.154140
2455364.849950 0.000000 0.000000 -40.092970
2455364.949950 0.000000 0.000000 -40.949252
2455365.049950 0.000000 0.000000 -41.721225
2455365.149950 0.000000 0.000000 -42.407299
2455365.249950 0.000000 0.000000 -43.006063
2455365.349950 0.000000 0.000000 -43.516284
2455365.449950 0.000000 0.000000 -43.936912
2455365.549950 0.000000 0.000000 -44.267081
2455365.649950 0.000000 0.000000 -44.506112
2455365.749950 0.000000 0.000000 -44.653512
2455365.849950 0.000000 0.000000 -44.708978
2455365.949950 0.000000 0.000000 -44.672396
2455366.049950 0.000000 0.000000 -44.543842
2455366.149950 0.000000 0.000000 -44.323580
2455366.249950 0.000000 0.000000 -44.012062
2455366.349950 0.000000 0.000000 -43.609931
2455366.449950 0.000000 0.000000 -43.118015
2455366.549950 0.000000 0.000000 -42.537325
2455366.649950 0.000000 0.000000 -41.869057
2455366.749950 0.000000 0.000000 -41.114586
2455366.849950 0.000000 0.000000 -40.275466
2455366.949950 0.000000 0.000000 -39.353423
2455367.049950 0.000000 0.000000 -38.350355
2455367.149950 0.000000 0.000000 -37.268328
2455367.249950 0.000000 0.000000 -36.109568
2455367.349950 0.000000 0.000000 -34.876460
2455367.449950 0.000000 0.000000 -33.571543
2455367.549950 0.000000 0.000000 -32.197503
2455367.649950 0.000000 0.000000 -30.757168
2455367.749950 0.000000 0.000000 -29.253503
2455367.849950 0.000000 0.000000 -27.689603
2455367.949950 0.000000 0.000000 -26.068688
2455368.049950 0.000000 0.000000 -24.394095
2455368.149950 0.000000 0.000000 -22.669271
2455368.249950 0.000000 0.000000 -20.897766
2455368.349950 0.000000 0.000000 -19.083227
2455368.449950 0.000000 0.000000 -17.229391
2455368.549950 0.000000 0.000000 -15.340073
2455368.649950 0.000000 0.000000 -13.419163
2455368.749950 0.000000 0.000000 -11.470616
2455368.849950 0.000000 0.000000 -9.498444
2455368.949950 0.000000 0.000000 -7.506706
2455369.049950 0.000000 0.000000 -5.499504
2455369.149950 0.000000 0.000000 -3.480971
2455369.249950 0.000000 0.000000 -1.455261
2455369.349950 0.000000 0.000000 0.573453
2455369.449950 0.000000 0.000000 2.600995
2455369.549950 0.000000 0.000000 4.623190
2455369.649950 0.000000 0.000000 6.635874
2455369.749950 0.000000 0.000000 8.634902
2455369.849950 0.000000 0.000000 10.616160
2455369.949950 0.000000 0.000000 12.575565
2455370.049950 0.000000 0.000000 14.509085
2455370.149950 0.000000 0.000000 16.412737
2455370.249950 0.000000 0.000000 18.282601
2455370.349950 0.000000 0.000000 20.114826
2455370.449950 0.000000 0.000000 21.905640
2455370.549950 0.000000 0.000000 23.651354
2455370.649950 0.000000 0.000000 25.348374
2455370.749950 0.000000 0.000000 26.993203
2455370.849950 0.000000 0.000000 28.582456
2455370.949950 0.000000 0.000000 30.112859
2455371.049950 0.000000 0.000000 31.581259
2455371.149950 0.000000 0.000000 32.984634
2455371.249950 0.000000 0.000000 34.320091
2455371.349950 0.000000 0.000000 35.584882
2455371.449950 0.000000 0.000000 36.776401
2455371.549950 0.000000 0.000000 37.892193
2455371.649950 0.000000 0.000000 38.929962
2455371.749950 0.000000 0.000000 39.887568
2455371.849950 0.000000 0.000000 40.763041
2455371.949950 0.000000 0.000000 41.554576
2455372.049950 0.000000 0.000000 42.260544
2455372.149950 0.000000 0.000000 42.879490
2455372.249950 0.000000 0.000000 43.410139
2455372.349950 0.000000 0.000000 43.851399
2455372.449950 0.000000 0.000000 44.202360
2455372.549950 0.000000 0.000000 44.462300
2455372.649950 0.000000 0.000000 44.630683
2455372.749950 0.000000 0.000000 44.707162
2455372.849950 0.000000 0.000000 44.691581
2455372.949950 0.000000 0.000000 44.583970
2455373.049950 0.000000 0.000000 44.384552
2455373.149950 0.000000 0.000000 44.093737
2455373.249950 0.000000 0.000000 43.712125
2455373.349950 0.000000 0.000000 43.240501
2455373.449950 0.000000 0.000000 42.679837
2455373.549950 0.000000 0.000000 42.031287
2455373.649950 0.000000 0.000000 41.296188
2455373.749950 0.000000 0.000000 40.476053
2455373.849950 0.000000 0.000000 39.572573
2455373.949950 0.000000 0.000000 38.587606
2455374.049950 0.000000 0.000000 37.523184
2455374.149950 0.000000 0.000000 36.381497
2455374.249950 0.000000 0.000000 35.164897
2455374.349950 0.000000 0.000000 33.875890
2455374.449950 0.000000 0.000000 32.517131
2455374.549950 0.000000 0.000000 31.091418
2455374.649950 0.000000 0.000000 29.601688
2455374.749950 0.000000 0.000000 28.051009
2455374.849950 0.000000 0.000000 26.442573
2455374.949950 0.000000 0.000000 24.779695
2455375.049950 0.000000 0.000000 23.065798
2455375.149950 0.000000 0.000000 21.304413
2455375.249950 0.000000 0.000000 19.499165
2455375.349950 0.000000 0.000000 17.653774
2455375.449950 0.000000 0.000000 15.772040
2455375.549950 0.000000 0.000000 13.857836
2455375.649950 0.000000 0.000000 11.915107
2455375.749950 0.000000 0.000000 9.947851
2455375.849950 0.000000 0.000000 7.960119
2455375.949950 0.000000 0.000000 5.956006
2455376.049950 0.000000 0.000000 3.939637
2455376.149950 0.000000 0.000000 1.915165
2455376.249950 0.000000 0.000000 -0.113242
2455376.349950 0.000000 0.000000 -2.141407
2455376.449950 0.000000 0.000000 -4.165155
2455376.549950 0.000000 0.000000 -6.180318
2455376.649950 0.000000 0.000000 -8.182748
2455376.749950 0.000000 0.000000 -10.168322
2455376.849950 0.000000 0.000000 -12.132951
2455376.949950 0.000000 0.000000 -14.072591
2455377.049950 0.000000 0.000000 -15.983249
2455377.149950 0.000000 0.000000 -17.860991
2455377.249950 0.000000 0.000000 -19.701950
2455377.349950 0.000000 0.000000 -21.502338
2455377.449950 0.000000 0.000000 -23.258448
2455377.549950 0.000000 0.000000 -24.966665
2455377.649950 0.000000 0.000000 -26.623471
2455377.749950 0.000000 0.000000 -28.225457
2455377.849950 0.000000 0.000000 -29.769325
2455377.949950 0.000000 0.000000 -31.251896
2455378.049950 0.000000 0.000000 -32.670119
2455378.149950 0.000000 0.000000 -34.021074
2455378.249950 0.000000 0.000000 -35.301980
2455378.349950 0.000000 0.000000 -36.510202
2455378.449950 0.000000 0.000000 -37.643251
2455378.549950 0.000000 0.000000 -38.698795
2455378.649950 0.000000 0.000000 -39.674662
2455378.749950 0.000000 0.000000 -40.568844
2455378.849950 0.000000 0.000000 -41.379499
2455378.949950 0.000000 0.000000 -42.104959
2455379.049950 0.000000 0.000000 -42.743731
2455379.149950 0.000000 0.000000 -43.294500
2455379.249950 0.000000 0.000000 -43.756132
2455379.349950 0.000000 0.000000 -44.127678
2455379.449950 0.000000 0.000000 -44.408371
2455379.549950 0.000000 0.000000 -44.597636
2455379.649950 0.000000 0.000000 -44.695082
2455379.749950 0.000000 0.000000 -44.700508
2455379.849950 0.000000 0.000000 -44.613904
2455379.949950 0.000000 0.000000 -44.435448
2455380.049950 0.000000 0.000000 -44.165506
2455380.149950 0.000000 0.000000 -43.804636
2455380.249950 0.000000 0.000000 -43.353578
2455380.349950 0.000000 0.000000 -42.813263
2455380.449950 0.000000 0.000000 -42.184801
2455380.549950 0.000000 0.000000 -41.469487
2455380.649950 0.000000 0.000000 -40.668792
2455380.749950 0.000000 0.000000 -39.784366
2455380.849950 0.000000 0.000000 -38.818028
2455380.949950 0.000000 0.000000 -37.771767
2455381.049950 0.000000 0.000000 -36.647737
2455381.149950 0.000000 0.000000 -35.448252
2455381.249950 0.000000 0.000000 -34.175781
2455381.349950 0.000000 0.000000 -32.832943
2455381.449950 0.000000 0.000000 -31.422502
2455381.549950 0.000000 0.000000 -29.947361
2455381.649950 0.000000 0.000000 -28.410557
2455381.749950 0.000000 0.000000 -26.815255
2455381.849950 0.000000 0.000000 -25.164736
2455381.949950 0.000000 0.000000 -23.462401
2455382.049950 0.000000 0.000000 -21.711752
2455382.149950 0.000000 0.000000 -19.916393
2455382.249950 0.000000 0.000000 -18.080022
2455382.349950 0.000000 0.000000 -16.206418
2455382.449950 0.000000 0.000000 -14.299438
2455382.549950 0.000000 0.000000 -12.363009
2455382.649950 0.000000 0.000000 -10.401117
2455382.749950 0.000000 0.000000 -8.417801
2455382.849950 0.000000 0.000000 -6.417146
2455382.949950 0.000000 0.000000 -4.403269
2455383.049950 0.000000 0.000000 -2.380317
2455383.149950 0.000000 0.000000 -0.352456
2455383.249950 0.000000 0.000000 1.676139
2455383.349950 0.000000 0.000000 3.701291
2455383.449950 0.000000 0.000000 5.718831
2455383.549950 0.000000 0.000000 7.724604
2455383.649950 0.000000 0.000000 9.714479
2455383.749950 0.000000 0.000000 11.684360
2455383.849950 0.000000 0.000000 13.630190
2455383.949950 0.000000 0.000000 15.547963
2455384.049950 0.000000 0.000000 17.433728
2455384.149950 0.000000 0.000000 19.283602
2455384.249950 0.000000 0.000000 21.093777
2455384.349950 0.000000 0.000000 22.860524
2455384.449950 0.000000 0.000000 24.580205
2455384.549950 0.000000 0.000000 26.249279
2455384.649950 0.000000 0.000000 27.864307
2455384.749950 0.000000 0.000000 29.421964
2455384.849950 0.000000 0.000000 30.919042
2455384.949950 0.000000 0.000000 32.352458
2455385.049950 0.000000 0.000000 33.719259
2455385.149950 0.000000 0.000000 35.016631
2455385.249950 0.000000 0.000000 36.241901
2455385.349950 0.000000 0.000000 37.392546
2455385.449950 0.000000 0.000000 38.466195
2455385.549950 0.000000 0.000000 39.460638
2455385.649950 0.000000 0.000000 40.373827
2455385.749950 0.000000 0.000000 41.203879
2455385.849950 0.000000 0.000000 41.949087
2455385.949950 0.000000 0.000000 42.607914
2455386.049950 0.000000 0.000000 43.179004
2455386.149950 0.000000 0.000000 43.661181
2455386.249950 0.000000 0.000000 44.053451
2455386.349950 0.000000 0.000000 44.355006
2455386.449950 0.000000 0.000000 44.565225
2455386.549950 0.000000 0.000000 44.683676
2455386.649950 0.000000 0.000000 44.710114
2455386.749950 0.000000 0.000000 44.644484
2455386.849950 0.000000 0.000000 44.486923
2455386.949950 0.000000 0.000000 44.237754
2455387.049950 0.000000 0.000000 43.897491
2455387.149950 0.000000 0.000000 43.466834
2455387.249950 0.000000 0.000000 42.946671
2455387.349950 0.000000 0.000000 42.338073
2455387.449950 0.000000 0.000000 41.642294
2455387.549950 0.000000 0.000000 40.860766
2455387.649950 0.000000 0.000000 39.995100
2455387.749950 0.000000 0.000000 39.047078
2455387.849950 0.000000 0.000000 38.018653
2455387.949950 0.000000 0.000000 36.911943
2455388.049950 0.000000 0.000000 35.729228
2455388.149950 0.000000 0.000000 34.472944
2455388.249950 0.000000 0.000000 33.145678
2455388.349950 0.000000 0.000000 31.750163
2455388.449950 0.000000 0.000000 30.289274
2455388.549950 0.000000 0.000000 28.766020
2455388.649950 0.000000 0.000000 27.183538
2455388.749950 0.000000 0.000000 25.545087
2455388.849950 0.000000 0.000000 23.854040
2455388.949950 0.000000 0.000000 22.113882
2455389.049950 0.000000 0.000000 20.328195
2455389.149950 0.000000 0.000000 18.500657
2455389.249950 0.000000 0.000000 16.635031
2455389.349950 0.000000 0.000000 14.735160
2455389.449950 0.000000 0.000000 12.804955
2455389.549950 0.000000 0.000000 10.848392
2455389.649950 0.000000 0.000000 8.869499
2455389.749950 0.000000 0.000000 6.872352
2455389.849950 0.000000 0.000000 4.861062
2455389.949950 0.000000 0.000000 2.839772
2455390.049950 0.000000 0.000000 0.812643
2455390.149950 0.000000 0.000000 -1.216151
2455390.249950 0.000000 0.000000 -3.242432
2455390.349950 0.000000 0.000000 -5.262029
2455390.449950 0.000000 0.000000 -7.270783
2455390.549950 0.000000 0.000000 -9.264559
2455390.649950 0.000000 0.000000 -11.239250
2455390.749950 0.000000 0.000000 -13.190793
2455390.849950 0.000000 0.000000 -15.115169
2455390.949950 0.000000 0.000000 -17.008415
2455391.049950 0.000000 0.000000 -18.866635
2455391.149950 0.000000 0.000000 -20.686003
2455391.249950 0.000000 0.000000 -22.462774
2455391.349950 0.000000 0.000000 -24.193289
2455391.449950 0.000000 0.000000 -25.873986
2455391.549950 0.000000 0.000000 -27.501405
2455391.649950 0.000000 0.000000 -29.072196
2455391.749950 0.000000 0.000000 -30.583127
2455391.849950 0.000000 0.000000 -32.031085
2455391.949950 0.000000 0.000000 -33.413091
2455392.049950 0.000000 0.000000 -34.726300
2455392.149950 0.000000 0.000000 -35.968009
2455392.249950 0.000000 0.000000 -37.135661
2455392.349950 0.000000 0.000000 -38.226854
2455392.449950 0.000000 0.000000 -39.239342
2455392.549950 0.000000 0.000000 -40.171039
2455392.649950 0.000000 0.000000 -41.020029
2455392.749950 0.000000 0.000000 -41.784563
2455392.849950 0.000000 0.000000 -42.463069
2455392.949950 0.000000 0.000000 -43.054150
2455393.049950 0.000000 0.000000 -43.556588
2455393.149950 0.000000 0.000000 -43.969351
2455393.249950 0.000000 0.000000 -44.291588
2455393.349950 0.000000 0.000000 -44.522636
2455393.449950 0.000000 0.000000 -44.662020
2455393.549950 0.000000 0.000000 -44.709452
2455393.649950 0.000000 0.000000 -44.664835
2455393.749950 0.000000 0.000000 -44.528261
2455393.849950 0.000000 0.000000 -44.300011
2455393.949950 0.000000 0.000000 -43.980555
2455394.049950 0.000000 0.000000 -43.570551
2455394.149950 0.000000 0.000000 -43.070841
2455394.249950 0.000000 0.000000 -42.482455
2455394.349950 0.000000 0.000000 -41.806604
2455394.449950 0.000000 0.000000 -41.044679
2455394.549950 0.000000 0.000000 -40.198248
2455394.649950 0.000000 0.000000 -39.269054
2455394.749950 0.000000 0.000000 -38.259008
2455394.849950 0.000000 0.000000 -37.170191
2455394.949950 0.000000 0.000000 -36.004843
2455395.049950 0.000000 0.000000 -34.765363
2455395.149950 0.000000 0.000000 -33.454302
2455395.249950 0.000000 0.000000 -32.074360
2455395.349950 0.000000 0.000000 -30.628376
2455395.449950 0.000000 0.000000 -29.119327
2455395.549950 0.000000 0.000000 -27.550320
2455395.649950 0.000000 0.000000 -25.924585
2455395.749950 0.000000 0.000000 -24.245468
2455395.849950 0.000000 0.000000 -22.516425
2455395.949950 0.000000 0.000000 -20.741017
2455396.049950 0.000000 0.000000 -18.922897
2455396.149950 0.000000 0.000000 -17.065810
2455396.249950 0.000000 0.000000 -15.173578
2455396.349950 0.000000 0.000000 -13.250097
2455396.449950 0.000000 0.000000 -11.299327
2455396.549950 0.000000 0.000000 -9.325284
2455396.649950 0.000000 0.000000 -7.332033
2455396.749950 0.000000 0.000000 -5.323677
2455396.849950 0.000000 0.000000 -3.304351
2455396.949950 0.000000 0.000000 -1.278213
2455397.049950 0.000000 0.000000 0.750566
2455397.149950 0.000000 0.000000 2.777807
2455397.249950 0.000000 0.000000 4.799337
2455397.349950 0.000000 0.000000 6.810994
2455397.449950 0.000000 0.000000 8.808635
2455397.549950 0.000000 0.000000 10.788146
2455397.649950 0.000000 0.000000 12.745452
2455397.749950 0.000000 0.000000 14.676522
2455397.849950 0.000000 0.000000 16.577379
2455397.949950 0.000000 0.000000 18.444110
2455398.049950 0.000000 0.000000 20.272869
2455398.149950 0.000000 0.000000 22.059891
2455398.249950 0.000000 0.000000 23.801496
2455398.349950 0.000000 0.000000 25.494097
2455398.449950 0.000000 0.000000 27.134208
2455398.549950 0.000000 0.000000 28.718452
2455398.649950 0.000000 0.000000 30.243566
2455398.749950 0.000000 0.000000 31.706408
2455398.849950 0.000000 0.000000 33.103966
2455398.949950 0.000000 0.000000 34.433362
2455399.049950 0.000000 0.000000 35.691858
2455399.149950 0.000000 0.000000 36.876861
2455399.249950 0.000000 0.000000 37.985932
2455399.349950 0.000000 0.000000 39.016785
2455399.449950 0.000000 0.000000 39.967297
2455399.549950 0.000000 0.000000 40.835511
2455399.649950 0.000000 0.000000 41.619639
2455399.749950 0.000000 0.000000 42.318065
2455399.849950 0.000000 0.000000 42.929350
2455399.949950 0.000000 0.000000 43.452237
2455400.049950 0.000000 0.000000 43.885647
2455400.149950 0.000000 0.000000 44.228688
2455400.249950 0.000000 0.000000 44.480654
2455400.349950 0.000000 0.000000 44.641025
2455400.449950 0.000000 0.000000 44.709471
2455400.549950 0.000000 0.000000 44.685851
2455400.649950 0.000000 0.000000 44.570214
2455400.749950 0.000000 0.000000 44.362798
2455400.849950 0.000000 0.000000 44.064030
2455400.949950 0.000000 0.000000 43.674525
2455401.049950 0.000000 0.000000 43.195086
2455401.149950 0.000000 0.000000 42.626701
2455401.249950 0.000000 0.000000 41.970540
2455401.349950 0.000000 0.000000 41.227954
2455401.449950 0.000000 0.000000 40.400474
2455401.549950 0.000000 0.000000 39.489803
2455401.649950 0.000000 0.000000 38.497817
2455401.749950 0.000000 0.000000 37.426559
2455401.849950 0.000000 0.000000 36.278236
2455401.949950 0.000000 0.000000 35.055213
2455402.049950 0.000000 0.000000 33.760009
2455402.149950 0.000000 0.000000 32.395292
2455402.249950 0.000000 0.000000 30.963871
2455402.349950 0.000000 0.000000 29.468696
2455402.449950 0.000000 0.000000 27.912845
2455402.549950 0.000000 0.000000 26.299523
2455402.649950 0.000000 0.000000 24.632053
2455402.749950 0.000000 0.000000 22.913868
2455402.849950 0.000000 0.000000 21.148508
2455402.949950 0.000000 0.000000 19.339607
2455403.049950 0.000000 0.000000 17.490890
2455403.149950 0.000000 0.000000 15.606166
2455403.249950 0.000000 0.000000 13.689314
2455403.349950 0.000000 0.000000 11.744283
2455403.449950 0.000000 0.000000 9.775077
2455403.549950 0.000000 0.000000 7.785752
2455403.649950 0.000000 0.000000 5.780404
2455403.749950 0.000000 0.000000 3.763163
2455403.849950 0.000000 0.000000 1.738181
2455403.949950 0.000000 0.000000 -0.290372
2455404.049950 0.000000 0.000000 -2.318318
2455404.149950 0.000000 0.000000 -4.341482
2455404.249950 0.000000 0.000000 -6.355699
2455404.349950 0.000000 0.000000 -8.356821
2455404.449950 0.000000 0.000000 -10.340728
2455404.549950 0.000000 0.000000 -12.303336
2455404.649950 0.000000 0.000000 -14.240605
2455404.749950 0.000000 0.000000 -16.148545
2455404.849950 0.000000 0.000000 -18.023228
2455404.949950 0.000000 0.000000 -19.860796
2455405.049950 0.000000 0.000000 -21.657465
2455405.149950 0.000000 0.000000 -23.409536
2455405.249950 0.000000 0.000000 -25.113403
2455405.349950 0.000000 0.000000 -26.765558
2455405.449950 0.000000 0.000000 -28.362600
2455405.549950 0.000000 0.000000 -29.901241
2455405.649950 0.000000 0.000000 -31.378314
2455405.749950 0.000000 0.000000 -32.790779
2455405.849950 0.000000 0.000000 -34.135728
2455405.949950 0.000000 0.000000 -35.410391
2455406.049950 0.000000 0.000000 -36.612147
2455406.149950 0.000000 0.000000 -37.738521
2455406.249950 0.000000 0.000000 -38.787193
2455406.349950 0.000000 0.000000 -39.756007
2455406.449950 0.000000 0.000000 -40.642968
2455406.549950 0.000000 0.000000 -41.446249
2455406.649950 0.000000 0.000000 -42.164198
2455406.749950 0.000000 0.000000 -42.795337
2455406.849950 0.000000 0.000000 -43.338367
2455406.949950 0.000000 0.000000 -43.792170
2455407.049950 0.000000 0.000000 -44.155811
2455407.149950 0.000000 0.000000 -44.428544
2455407.249950 0.000000 0.000000 -44.609805
2455407.349950 0.000000 0.000000 -44.699223
2455407.449950 0.000000 0.000000 -44.696613
2455407.549950 0.000000 0.000000 -44.601980
2455407.649950 0.000000 0.000000 -44.415520
2455407.749950 0.000000 0.000000 -44.137615
2455407.849950 0.000000 0.000000 -43.768839
2455407.949950 0.000000 0.000000 -43.309950
2455408.049950 0.000000 0.000000 -42.761892
2455408.149950 0.000000 0.000000 -42.125794
2455408.249950 0.000000 0.000000 -41.402964
2455408.349950 0.000000 0.000000 -40.594892
2455408.449950 0.000000 0.000000 -39.703240
2455408.549950 0.000000 0.000000 -38.729843
2455408.649950 0.000000 0.000000 -37.676704
2455408.749950 0.000000 0.000000 -36.545993
2455408.849950 0.000000 0.000000 -35.340036
2455408.949950 0.000000 0.000000 -34.061315
2455409.049950 0.000000 0.000000 -32.712463
2455409.149950 0.000000 0.000000 -31.296256
2455409.249950 0.000000 0.000000 -29.815609
2455409.349950 0.000000 0.000000 -28.273571
2455409.449950 0.000000 0.000000 -26.673315
2455409.549950 0.000000 0.000000 -25.018136
2455409.649950 0.000000 0.000000 -23.311441
2455409.749950 0.000000 0.000000 -21.556744
2455409.849950 0.000000 0.000000 -19.757657
2455409.949950 0.000000 0.000000 -17.917883
2455410.049950 0.000000 0.000000 -16.041210
2455410.149950 0.000000 0.000000 -14.131502
2455410.249950 0.000000 0.000000 -12.192691
2455410.349950 0.000000 0.000000 -10.228767
2455410.449950 0.000000 0.000000 -8.243774
2455410.549950 0.000000 0.000000 -6.241800
2455410.649950 0.000000 0.000000 -4.226965
2455410.749950 0.000000 0.000000 -2.203419
2455410.849950 0.000000 0.000000 -0.175328
2455410.949950 0.000000 0.000000 1.853133
2455411.049950 0.000000 0.000000 3.877787
2455411.149950 0.000000 0.000000 5.894465
2455411.249950 0.000000 0.000000 7.899014
2455411.349950 0.000000 0.000000 9.887307
2455411.449950 0.000000 0.000000 11.855249
2455411.549950 0.000000 0.000000 13.798788
2455411.649950 0.000000 0.000000 15.713923
2455411.749950 0.000000 0.000000 17.596708
2455411.849950 0.000000 0.000000 19.443268
2455411.949950 0.000000 0.000000 21.249799
2455412.049950 0.000000 0.000000 23.012580
2455412.149950 0.000000 0.000000 24.727983
2455412.249950 0.000000 0.000000 26.392474
2455412.349950 0.000000 0.000000 28.002624
2455412.449950 0.000000 0.000000 29.555119
2455412.549950 0.000000 0.000000 31.046760
2455412.649950 0.000000 0.000000 32.474476
2455412.749950 0.000000 0.000000 33.835326
2455412.849950 0.000000 0.000000 35.126508
2455412.949950 0.000000 0.000000 36.345361
2455413.049950 0.000000 0.000000 37.489377
2455413.149950 0.000000 0.000000 38.556197
2455413.249950 0.000000 0.000000 39.543626
2455413.349950 0.000000 0.000000 40.449629
2455413.449950 0.000000 0.000000 41.272340
2455413.549950 0.000000 0.000000 42.010065
2455413.649950 0.000000 0.000000 42.661284
2455413.749950 0.000000 0.000000 43.224656
2455413.849950 0.000000 0.000000 43.699021
2455413.949950 0.000000 0.000000 44.083401
2455414.049950 0.000000 0.000000 44.377004
2455414.149950 0.000000 0.000000 44.579227
2455414.249950 0.000000 0.000000 44.689652
2455414.349950 0.000000 0.000000 44.708052
2455414.449950 0.000000 0.000000 44.634388
2455414.549950 0.000000 0.000000 44.468814
2455414.649950 0.000000 0.000000 44.211669
2455414.749950 0.000000 0.000000 43.863484
2455414.849950 0.000000 0.000000 43.424975
2455414.949950 0.000000 0.000000 42.897047
2455415.049950 0.000000 0.000000 42.280785
2455415.149950 0.000000 0.000000 41.577460
2455415.249950 0.000000 0.000000 40.788520
2455415.349950 0.000000 0.000000 39.915591
2455415.449950 0.000000 0.000000 38.960469
2455415.549950 0.000000 0.000000 37.925124
2455415.649950 0.000000 0.000000 36.811685
2455415.749950 0.000000 0.000000 35.622449
2455415.849950 0.000000 0.000000 34.359862
2455415.949950 0.000000 0.000000 33.026527
2455416.049950 0.000000 0.000000 31.625189
2455416.149950 0.000000 0.000000 30.158734
2455416.249950 0.000000 0.000000 28.630182
2455416.349950 0.000000 0.000000 27.042682
2455416.449950 0.000000 0.000000 25.399503
2455416.549950 0.000000 0.000000 23.704029
2455416.649950 0.000000 0.000000 21.959752
2455416.749950 0.000000 0.000000 20.170263
2455416.849950 0.000000 0.000000 18.339249
2455416.949950 0.000000 0.000000 16.470480
2455417.049950 0.000000 0.000000 14.567803
2455417.149950 0.000000 0.000000 12.635138
2455417.249950 0.000000 0.000000 10.676465
2455417.349950 0.000000 0.000000 8.695815
2455417.449950 0.000000 0.000000 6.697269
2455417.549950 0.000000 0.000000 4.684941
2455417.649950 0.000000 0.000000 2.662975
2455417.749950 0.000000 0.000000 0.635534
2455417.849950 0.000000 0.000000 -1.393207
2455417.949950 0.000000 0.000000 -3.419071
2455418.049950 0.000000 0.000000 -5.437887
2455418.149950 0.000000 0.000000 -7.445497
2455418.249950 0.000000 0.000000 -9.437770
2455418.349950 0.000000 0.000000 -11.410602
2455418.449950 0.000000 0.000000 -13.359932
2455418.549950 0.000000 0.000000 -15.281747
2455418.649950 0.000000 0.000000 -17.172090
2455418.749950 0.000000 0.000000 -19.027070
2455418.849950 0.000000 0.000000 -20.842867
2455418.949950 0.000000 0.000000 -22.615744
2455419.049950 0.000000 0.000000 -24.342050
2455419.149950 0.000000 0.000000 -26.018232
2455419.249950 0.000000 0.000000 -27.640840
2455419.349950 0.000000 0.000000 -29.206532
2455419.449950 0.000000 0.000000 -30.712087
2455419.549950 0.000000 0.000000 -32.154404
2455419.649950 0.000000 0.000000 -33.530516
2455419.749950 0.000000 0.000000 -34.837588
2455419.849950 0.000000 0.000000 -36.072932
2455419.949950 0.000000 0.000000 -37.234003
2455420.049950 0.000000 0.000000 -38.318412
2455420.149950 0.000000 0.000000 -39.323927
2455420.249950 0.000000 0.000000 -40.248478
2455420.349950 0.000000 0.000000 -41.090161
2455420.449950 0.000000 0.000000 -41.847246
2455420.549950 0.000000 0.000000 -42.518173
2455420.649950 0.000000 0.000000 -43.101561
2455420.749950 0.000000 0.000000 -43.596209
2455420.849950 0.000000 0.000000 -44.001100
2455420.949950 0.000000 0.000000 -44.315400
2455421.049950 0.000000 0.000000 -44.538462
2455421.149950 0.000000 0.000000 -44.669827
2455421.249950 0.000000 0.000000 -44.709224
2455421.349950 0.000000 0.000000 -44.656573
2455421.449950 0.000000 0.000000 -44.511982
2455421.549950 0.000000 0.000000 -44.275748
2455421.649950 0.000000 0.000000 -43.948358
2455421.749950 0.000000 0.000000 -43.530486
2455421.849950 0.000000 0.000000 -43.022991
2455421.949950 0.000000 0.000000 -42.426919
2455422.049950 0.000000 0.000000 -41.743495
2455422.149950 0.000000 0.000000 -40.974128
2455422.249950 0.000000 0.000000 -40.120400
2455422.349950 0.000000 0.000000 -39.184068
2455422.449950 0.000000 0.000000 -38.167061
2455422.549950 0.000000 0.000000 -37.071471
2455422.649950 0.000000 0.000000 -35.899553
2455422.749950 0.000000 0.000000 -34.653720
2455422.849950 0.000000 0.000000 -33.336537
2455422.949950 0.000000 0.000000 -31.950713
2455423.049950 0.000000 0.000000 -30.499104
2455423.149950 0.000000 0.000000 -28.984695
2455423.249950 0.000000 0.000000 -27.410605
2455423.349950 0.000000 0.000000 -25.780074
2455423.449950 0.000000 0.000000 -24.096459
2455423.549950 0.000000 0.000000 -22.363226
2455423.649950 0.000000 0.000000 -20.583942
2455423.749950 0.000000 0.000000 -18.762270
2455423.849950 0.000000 0.000000 -16.901962
2455423.949950 0.000000 0.000000 -15.006846
2455424.049950 0.000000 0.000000 -13.080824
2455424.149950 0.000000 0.000000 -11.127861
2455424.249950 0.000000 0.000000 -9.151979
2455424.349950 0.000000 0.000000 -7.157244
2455424.449950 0.000000 0.000000 -5.147765
2455424.549950 0.000000 0.000000 -3.127679
2455424.649950 0.000000 0.000000 -1.101144
2455424.749950 0.000000 0.000000 0.927667
2455424.849950 0.000000 0.000000 2.954576
2455424.949950 0.000000 0.000000 4.975410
2455425.049950 0.000000 0.000000 6.986007
2455425.149950 0.000000 0.000000 8.982229
2455425.249950 0.000000 0.000000 10.959963
2455425.349950 0.000000 0.000000 12.915139
2455425.449950 0.000000 0.000000 14.843729
2455425.549950 0.000000 0.000000 16.741762
2455425.649950 0.000000 0.000000 18.605329
2455425.749950 0.000000 0.000000 20.430594
2455425.849950 0.000000 0.000000 22.213796
2455425.949950 0.000000 0.000000 23.951265
2455426.049950 0.000000 0.000000 25.639421
2455426.149950 0.000000 0.000000 27.274788
2455426.249950 0.000000 0.000000 28.853998
2455426.349950 0.000000 0.000000 30.373798
2455426.449950 0.000000 0.000000 31.831059
2455426.549950 0.000000 0.000000 33.222780
2455426.649950 0.000000 0.000000 34.546093
2455426.749950 0.000000 0.000000 35.798274
2455426.849950 0.000000 0.000000 36.976743
2455426.949950 0.000000 0.000000 38.079074
2455427.049950 0.000000 0.000000 39.102995
2455427.149950 0.000000 0.000000 40.046398
2455427.249950 0.000000 0.000000 40.907340
2455427.349950 0.000000 0.000000 41.684048
2455427.449950 0.000000 0.000000 42.374921
2455427.549950 0.000000 0.000000 42.978537
2455427.649950 0.000000 0.000000 43.493653
2455427.749950 0.000000 0.000000 43.919206
2455427.849950 0.000000 0.000000 44.254322
2455427.949950 0.000000 0.000000 44.498309
2455428.049950 0.000000 0.000000 44.650666
2455428.149950 0.000000 0.000000 44.711077
2455428.249950 0.000000 0.000000 44.679419
2455428.349950 0.000000 0.000000 44.555758
2455428.449950 0.000000 0.000000 44.340347
2455428.549950 0.000000 0.000000 44.033630
2455428.649950 0.000000 0.000000 43.636240
2455428.749950 0.000000 0.000000 43.148994
2455428.849950 0.000000 0.000000 42.572897
2455428.949950 0.000000 0.000000 41.909134
2455429.049950 0.000000 0.000000 41.159073
2455429.149950 0.000000 0.000000 40.324260
2455429.249950 0.000000 0.000000 39.406413
2455429.349950 0.000000 0.000000 38.407423
2455429.449950 0.000000 0.000000 37.329347
2455429.549950 0.000000 0.000000 36.174406
2455429.649950 0.000000 0.000000 34.944979
2455429.749950 0.000000 0.000000 33.643598
2455429.849950 0.000000 0.000000 32.272943
2455429.949950 0.000000 0.000000 30.835838
2455430.049950 0.000000 0.000000 29.335241
2455430.149950 0.000000 0.000000 27.774244
2455430.249950 0.000000 0.000000 26.156061
2455430.349950 0.000000 0.000000 24.484025
2455430.449950 0.000000 0.000000 22.761579
2455430.549950 0.000000 0.000000 20.992271
2455430.649950 0.000000 0.000000 19.179744
2455430.749950 0.000000 0.000000 17.327732
2455430.849950 0.000000 0.000000 15.440047
2455430.949950 0.000000 0.000000 13.520577
2455431.049950 0.000000 0.000000 11.573275
2455431.149950 0.000000 0.000000 9.602151
2455431.249950 0.000000 0.000000 7.611263
2455431.349950 0.000000 0.000000 5.604712
2455431.449950 0.000000 0.000000 3.586629
2455431.549950 0.000000 0.000000 1.561169
2455431.649950 0.000000 0.000000 -0.467497
2455431.749950 0.000000 0.000000 -2.495192
2455431.849950 0.000000 0.000000 -4.517741
2455431.949950 0.000000 0.000000 -6.530979
2455432.049950 0.000000 0.000000 -8.530762
2455432.149950 0.000000 0.000000 -10.512972
2455432.249950 0.000000 0.000000 -12.473529
2455432.349950 0.000000 0.000000 -14.408395
2455432.449950 0.000000 0.000000 -16.313587
2455432.549950 0.000000 0.000000 -18.185183
2455432.649950 0.000000 0.000000 -20.019330
2455432.749950 0.000000 0.000000 -21.812251
2455432.849950 0.000000 0.000000 -23.560257
2455432.949950 0.000000 0.000000 -25.259747
2455433.049950 0.000000 0.000000 -26.907225
2455433.149950 0.000000 0.000000 -28.499298
2455433.249950 0.000000 0.000000 -30.032688
2455433.349950 0.000000 0.000000 -31.504240
2455433.449950 0.000000 0.000000 -32.910925
2455433.549950 0.000000 0.000000 -34.249845
2455433.649950 0.000000 0.000000 -35.518247
2455433.749950 0.000000 0.000000 -36.713518
2455433.849950 0.000000 0.000000 -37.833198
2455433.949950 0.000000 0.000000 -38.874983
2455434.049950 0.000000 0.000000 -39.836728
2455434.149950 0.000000 0.000000 -40.716453
2455434.249950 0.000000 0.000000 -41.512349
2455434.349950 0.000000 0.000000 -42.222775
2455434.449950 0.000000 0.000000 -42.846271
2455434.549950 0.000000 0.000000 -43.381554
2455434.649950 0.000000 0.000000 -43.827520
2455434.749950 0.000000 0.000000 -44.183252
2455434.849950 0.000000 0.000000 -44.448019
2455434.949950 0.000000 0.000000 -44.621275
2455435.049950 0.000000 0.000000 -44.702663
2455435.149950 0.000000 0.000000 -44.692016
2455435.249950 0.000000 0.000000 -44.589356
2455435.349950 0.000000 0.000000 -44.394895
2455435.449950 0.000000 0.000000 -44.109032
2455435.549950 0.000000 0.000000 -43.732355
2455435.649950 0.000000 0.000000 -43.265641
2455435.749950 0.000000 0.000000 -42.709850
2455435.849950 0.000000 0.000000 -42.066125
2455435.949950 0.000000 0.000000 -41.335792
2455436.049950 0.000000 0.000000 -40.520355
2455436.149950 0.000000 0.000000 -39.621490
2455436.249950 0.000000 0.000000 -38.641050
2455436.349950 0.000000 0.000000 -37.581051
2455436.449950 0.000000 0.000000 -36.443675
2455436.549950 0.000000 0.000000 -35.231264
2455436.649950 0.000000 0.000000 -33.946314
2455436.749950 0.000000 0.000000 -32.591469
2455436.849950 0.000000 0.000000 -31.169518
2455436.949950 0.000000 0.000000 -29.683389
2455437.049950 0.000000 0.000000 -28.136140
2455437.149950 0.000000 0.000000 -26.530956
2455437.249950 0.000000 0.000000 -24.871143
2455437.349950 0.000000 0.000000 -23.160116
2455437.449950 0.000000 0.000000 -21.401398
2455437.549950 0.000000 0.000000 -19.598610
2455437.649950 0.000000 0.000000 -17.755463
2455437.749950 0.000000 0.000000 -15.875752
2455437.849950 0.000000 0.000000 -13.963345
2455437.949950 0.000000 0.000000 -12.022181
2455438.049950 0.000000 0.000000 -10.056256
2455438.149950 0.000000 0.000000 -8.069618
2455438.249950 0.000000 0.000000 -6.066356
2455438.349950 0.000000 0.000000 -4.050595
2455438.449950 0.000000 0.000000 -2.026486
2455438.549950 0.000000 0.000000 0.001804
2455438.649950 0.000000 0.000000 2.030099
2455438.749950 0.000000 0.000000 4.054222
2455438.849950 0.000000 0.000000 6.070006
2455438.949950 0.000000 0.000000 8.073300
2455439.049950 0.000000 0.000000 10.059979
2455439.149950 0.000000 0.000000 12.025951
2455439.249950 0.000000 0.000000 13.967170
2455439.349950 0.000000 0.000000 15.879636
2455439.449950 0.000000 0.000000 17.759413
2455439.549950 0.000000 0.000000 19.602628
2455439.649950 0.000000 0.000000 21.405487
2455439.749950 0.000000 0.000000 23.164275
2455439.849950 0.000000 0.000000 24.875373
2455439.949950 0.000000 0.000000 26.535254
2455440.049950 0.000000 0.000000 28.140502
2455440.149950 0.000000 0.000000 29.687810
2455440.249950 0.000000 0.000000 31.173991
2455440.349950 0.000000 0.000000 32.595985
2455440.449950 0.000000 0.000000 33.950862
2455440.549950 0.000000 0.000000 35.235833
2455440.649950 0.000000 0.000000 36.448251
2455440.749950 0.000000 0.000000 37.585619
2455440.849950 0.000000 0.000000 38.645594
2455440.949950 0.000000 0.000000 39.625993
2455441.049950 0.000000 0.000000 40.524796
2455441.149950 0.000000 0.000000 41.340153
2455441.249950 0.000000 0.000000 42.070384
2455441.349950 0.000000 0.000000 42.713985
2455441.449950 0.000000 0.000000 43.269630
2455441.549950 0.000000 0.000000 43.736175
2455441.649950 0.000000 0.000000 44.112659
2455441.749950 0.000000 0.000000 44.398307
2455441.849950 0.000000 0.000000 44.592529
2455441.949950 0.000000 0.000000 44.694926
2455442.049950 0.000000 0.000000 44.705288
2455442.149950 0.000000 0.000000 44.623592
2455442.249950 0.000000 0.000000 44.450007
2455442.349950 0.000000 0.000000 44.184890
2455442.449950 0.000000 0.000000 43.828789
2455442.549950 0.000000 0.000000 43.382435
2455442.649950 0.000000 0.000000 42.846749
2455442.749950 0.000000 0.000000 42.222833
2455442.849950 0.000000 0.000000 41.511974
2455442.949950 0.000000 0.000000 40.715634
2455443.049950 0.000000 0.000000 39.835455
2455443.149950 0.000000 0.000000 38.873250
2455443.249950 0.000000 0.000000 37.830999
2455443.349950 0.000000 0.000000 36.710850
2455443.449950 0.000000 0.000000 35.515110
2455443.549950 0.000000 0.000000 34.246241
2455443.649950 0.000000 0.000000 32.906858
2455443.749950 0.000000 0.000000 31.499718
2455443.849950 0.000000 0.000000 30.027719
2455443.949950 0.000000 0.000000 28.493894
2455444.049950 0.000000 0.000000 26.901402
2455444.149950 0.000000 0.000000 25.253521
2455444.249950 0.000000 0.000000 23.553646
2455444.349950 0.000000 0.000000 21.805277
2455444.449950 0.000000 0.000000 20.012015
2455444.549950 0.000000 0.000000 18.177553
2455444.649950 0.000000 0.000000 16.305670
2455444.749950 0.000000 0.000000 14.400218
2455444.849950 0.000000 0.000000 12.465123
2455444.949950 0.000000 0.000000 10.504370
2455445.049950 0.000000 0.000000 8.521995
2455445.149950 0.000000 0.000000 6.522081
2455445.249950 0.000000 0.000000 4.508746
2455445.349950 0.000000 0.000000 2.486136
2455445.449950 0.000000 0.000000 0.458415
2455445.549950 0.000000 0.000000 -1.570241
2455445.649950 0.000000 0.000000 -3.595656
2455445.749950 0.000000 0.000000 -5.613659
2455445.849950 0.000000 0.000000 -7.620095
2455445.949950 0.000000 0.000000 -9.610833
2455446.049950 0.000000 0.000000 -11.581774
2455446.149950 0.000000 0.000000 -13.528862
2455446.249950 0.000000 0.000000 -15.448086
2455446.349950 0.000000 0.000000 -17.335496
2455446.449950 0.000000 0.000000 -19.187206
2455446.549950 0.000000 0.000000 -20.999404
2455446.649950 0.000000 0.000000 -22.768359
2455446.749950 0.000000 0.000000 -24.490429
2455446.849950 0.000000 0.000000 -26.162070
2455446.949950 0.000000 0.000000 -27.779840
2455447.049950 0.000000 0.000000 -29.340410
2455447.149950 0.000000 0.000000 -30.840565
2455447.249950 0.000000 0.000000 -32.277219
2455447.349950 0.000000 0.000000 -33.647414
2455447.449950 0.000000 0.000000 -34.948330
2455447.549950 0.000000 0.000000 -36.177289
2455447.649950 0.000000 0.000000 -37.331760
2455447.749950 0.000000 0.000000 -38.409368
2455447.849950 0.000000 0.000000 -39.407895
2455447.949950 0.000000 0.000000 -40.325285
2455448.049950 0.000000 0.000000 -41.159650
2455448.149950 0.000000 0.000000 -41.909272
2455448.249950 0.000000 0.000000 -42.572609
2455448.349950 0.000000 0.000000 -43.148295
2455448.449950 0.000000 0.000000 -43.635145
2455448.549950 0.000000 0.000000 -44.032158
2455448.649950 0.000000 0.000000 -44.338516
2455448.749950 0.000000 0.000000 -44.553588
2455448.849950 0.000000 0.000000 -44.676932
2455448.949950 0.000000 0.000000 -44.708294
2455449.049950 0.000000 0.000000 -44.647610
2455449.149950 0.000000 0.000000 -44.495004
2455449.249950 0.000000 0.000000 -44.250790
2455449.349950 0.000000 0.000000 -43.915471
2455449.449950 0.000000 0.000000 -43.489738
2455449.549950 0.000000 0.000000 -42.974466
2455449.649950 0.000000 0.000000 -42.370716
2455449.749950 0.000000 0.000000 -41.679731
2455449.849950 0.000000 0.000000 -40.902933
2455449.949950 0.000000 0.000000 -40.041922
2455450.049950 0.000000 0.000000 -39.098468
2455450.149950 0.000000 0.000000 -38.074514
2455450.249950 0.000000 0.000000 -36.972169
2455450.349950 0.000000 0.000000 -35.793700
2455450.449950 0.000000 0.000000 -34.541534
2455450.549950 0.000000 0.000000 -33.218248
2455450.649950 0.000000 0.000000 -31.826566
2455450.749950 0.000000 0.000000 -30.369352
2455450.849950 0.000000 0.000000 -28.849608
2455450.949950 0.000000 0.000000 -27.270460
2455451.049950 0.000000 0.000000 -25.635159
2455451.149950 0.000000 0.000000 -23.947073
2455451.249950 0.000000 0.000000 -22.209676
2455451.349950 0.000000 0.000000 -20.426544
2455451.449950 0.000000 0.000000 -18.601349
2455451.549950 0.000000 0.000000 -16.737848
2455451.649950 0.000000 0.000000 -14.839877
2455451.749950 0.000000 0.000000 -12.911344
2455451.849950 0.000000 0.000000 -10.956220
2455451.949950 0.000000 0.000000 -8.978529
2455452.049950 0.000000 0.000000 -6.982344
2455452.149950 0.000000 0.000000 -4.971773
2455452.249950 0.000000 0.000000 -2.950958
2455452.349950 0.000000 0.000000 -0.924058
2455452.449950 0.000000 0.000000 1.104753
2455452.549950 0.000000 0.000000 3.131298
2455452.649950 0.000000 0.000000 5.151404
2455452.749950 0.000000 0.000000 7.160911
2455452.849950 0.000000 0.000000 9.155682
2455452.949950 0.000000 0.000000 11.131608
2455453.049950 0.000000 0.000000 13.084623
2455453.149950 0.000000 0.000000 15.010702
2455453.249950 0.000000 0.000000 16.905881
2455453.349950 0.000000 0.000000 18.766257
2455453.449950 0.000000 0.000000 20.587998
2455453.549950 0.000000 0.000000 22.367353
2455453.649950 0.000000 0.000000 24.100657
2455453.749950 0.000000 0.000000 25.784342
2455453.849950 0.000000 0.000000 27.414939
2455453.949950 0.000000 0.000000 28.989090
2455454.049950 0.000000 0.000000 30.503554
2455454.149950 0.000000 0.000000 31.955211
2455454.249950 0.000000 0.000000 33.341071
2455454.349950 0.000000 0.000000 34.658281
2455454.449950 0.000000 0.000000 35.904128
2455454.549950 0.000000 0.000000 37.076044
2455454.649950 0.000000 0.000000 38.171618
2455454.749950 0.000000 0.000000 39.188592
2455454.849950 0.000000 0.000000 40.124871
2455454.949950 0.000000 0.000000 40.978528
2455455.049950 0.000000 0.000000 41.747803
2455455.149950 0.000000 0.000000 42.431113
2455455.249950 0.000000 0.000000 43.027050
2455455.349950 0.000000 0.000000 43.534386
2455455.449950 0.000000 0.000000 43.952077
2455455.549950 0.000000 0.000000 44.279261
2455455.649950 0.000000 0.000000 44.515267
2455455.749950 0.000000 0.000000 44.659606
2455455.849950 0.000000 0.000000 44.711982
2455455.949950 0.000000 0.000000 44.672287
2455456.049950 0.000000 0.000000 44.540602
2455456.149950 0.000000 0.000000 44.317200
2455456.249950 0.000000 0.000000 44.002540
2455456.349950 0.000000 0.000000 43.597269
2455456.449950 0.000000 0.000000 43.102224
2455456.549950 0.000000 0.000000 42.518424
2455456.649950 0.000000 0.000000 41.847070
2455456.749950 0.000000 0.000000 41.089547
2455456.849950 0.000000 0.000000 40.247413
2455456.949950 0.000000 0.000000 39.322405
2455457.049950 0.000000 0.000000 38.316426
2455457.149950 0.000000 0.000000 37.231549
2455457.249950 0.000000 0.000000 36.070009
2455457.349950 0.000000 0.000000 34.834197
2455457.449950 0.000000 0.000000 33.526659
2455457.549950 0.000000 0.000000 32.150089
2455457.649950 0.000000 0.000000 30.707320
2455457.749950 0.000000 0.000000 29.201326
2455457.849950 0.000000 0.000000 27.635206
2455457.949950 0.000000 0.000000 26.012187
2455458.049950 0.000000 0.000000 24.335612
2455458.149950 0.000000 0.000000 22.608932
2455458.249950 0.000000 0.000000 20.835705
2455458.349950 0.000000 0.000000 19.019581
2455458.449950 0.000000 0.000000 17.164301
2455458.549950 0.000000 0.000000 15.273685
2455458.649950 0.000000 0.000000 13.351627
2455458.749950 0.000000 0.000000 11.402085
2455458.849950 0.000000 0.000000 9.429073
2455458.949950 0.000000 0.000000 7.436655
2455459.049950 0.000000 0.000000 5.428932
2455459.149950 0.000000 0.000000 3.410038
2455459.249950 0.000000 0.000000 1.384132
2455459.349950 0.000000 0.000000 -0.644615
2455459.449950 0.000000 0.000000 -2.672027
2455459.549950 0.000000 0.000000 -4.693929
2455459.649950 0.000000 0.000000 -6.706157
2455459.749950 0.000000 0.000000 -8.704570
2455459.849950 0.000000 0.000000 -10.685051
2455459.949950 0.000000 0.000000 -12.643525
2455460.049950 0.000000 0.000000 -14.575958
2455460.149950 0.000000 0.000000 -16.478373
2455460.249950 0.000000 0.000000 -18.346852
2455460.349950 0.000000 0.000000 -20.177549
2455460.449950 0.000000 0.000000 -21.966695
2455460.549950 0.000000 0.000000 -23.710607
2455460.649950 0.000000 0.000000 -25.405695
2455460.749950 0.000000 0.000000 -27.048469
2455460.849950 0.000000 0.000000 -28.635548
2455460.949950 0.000000 0.000000 -30.163664
2455461.049950 0.000000 0.000000 -31.629672
2455461.149950 0.000000 0.000000 -33.030554
2455461.249950 0.000000 0.000000 -34.363426
2455461.349950 0.000000 0.000000 -35.625545
2455461.449950 0.000000 0.000000 -36.814313
2455461.549950 0.000000 0.000000 -37.927282
2455461.649950 0.000000 0.000000 -38.962162
2455461.749950 0.000000 0.000000 -39.916823
2455461.849950 0.000000 0.000000 -40.789300
2455461.949950 0.000000 0.000000 -41.577797
2455462.049950 0.000000 0.000000 -42.280690
2455462.149950 0.000000 0.000000 -42.896534
2455462.249950 0.000000 0.000000 -43.424059
2455462.349950 0.000000 0.000000 -43.862182
2455462.449950 0.000000 0.000000 -44.210000
2455462.549950 0.000000 0.000000 -44.466796
2455462.649950 0.000000 0.000000 -44.632044
2455462.749950 0.000000 0.000000 -44.705401
2455462.849950 0.000000 0.000000 -44.686718
2455462.949950 0.000000 0.000000 -44.576033
2455463.049950 0.000000 0.000000 -44.373573
2455463.149950 0.000000 0.000000 -44.079756
2455463.249950 0.000000 0.000000 -43.695185
2455463.349950 0.000000 0.000000 -43.220654
2455463.449950 0.000000 0.000000 -42.657138
2455463.549950 0.000000 0.000000 -42.005797
2455463.649950 0.000000 0.000000 -41.267972
2455463.749950 0.000000 0.000000 -40.445181
2455463.849950 0.000000 0.000000 -39.539119
2455463.949950 0.000000 0.000000 -38.551650
2455464.049950 0.000000 0.000000 -37.484807
2455464.149950 0.000000 0.000000 -36.340785
2455464.249950 0.000000 0.000000 -35.121940
2455464.349950 0.000000 0.000000 -33.830781
2455464.449950 0.000000 0.000000 -32.469964
2455464.549950 0.000000 0.000000 -31.042292
2455464.649950 0.000000 0.000000 -29.550703
2455464.749950 0.000000 0.000000 -27.998268
2455464.849950 0.000000 0.000000 -26.388181
2455464.949950 0.000000 0.000000 -24.723759
2455465.049950 0.000000 0.000000 -23.008427
2455465.149950 0.000000 0.000000 -21.245717
2455465.249950 0.000000 0.000000 -19.439256
2455465.349950 0.000000 0.000000 -17.592764
2455465.449950 0.000000 0.000000 -15.710043
2455465.549950 0.000000 0.000000 -13.794969
2455465.649950 0.000000 0.000000 -11.851483
2455465.749950 0.000000 0.000000 -9.883588
2455465.849950 0.000000 0.000000 -7.895335
2455465.949950 0.000000 0.000000 -5.890817
2455466.049950 0.000000 0.000000 -3.874162
2455466.149950 0.000000 0.000000 -1.849522
2455466.249950 0.000000 0.000000 0.178936
2455466.349950 0.000000 0.000000 2.207033
2455466.449950 0.000000 0.000000 4.230594
2455466.549950 0.000000 0.000000 6.245452
2455466.649950 0.000000 0.000000 8.247460
2455466.749950 0.000000 0.000000 10.232493
2455466.849950 0.000000 0.000000 12.196465
2455466.949950 0.000000 0.000000 14.135332
2455467.049950 0.000000 0.000000 16.045101
2455467.149950 0.000000 0.000000 17.921839
2455467.249950 0.000000 0.000000 19.761681
2455467.349950 0.000000 0.000000 21.560839
2455467.449950 0.000000 0.000000 23.315607
2455467.549950 0.000000 0.000000 25.022372
2455467.649950 0.000000 0.000000 26.677619
2455467.749950 0.000000 0.000000 28.277938
2455467.849950 0.000000 0.000000 29.820035
2455467.949950 0.000000 0.000000 31.300732
2455468.049950 0.000000 0.000000 32.716982
2455468.149950 0.000000 0.000000 34.065865
2455468.249950 0.000000 0.000000 35.344606
2455468.349950 0.000000 0.000000 36.550569
2455468.449950 0.000000 0.000000 37.681271
2455468.549950 0.000000 0.000000 38.734384
2455468.649950 0.000000 0.000000 39.707737
2455468.749950 0.000000 0.000000 40.599327
2455468.849950 0.000000 0.000000 41.407317
2455468.949950 0.000000 0.000000 42.130042
2455469.049950 0.000000 0.000000 42.766015
2455469.149950 0.000000 0.000000 43.313925
2455469.249950 0.000000 0.000000 43.772643
2455469.349950 0.000000 0.000000 44.141225
2455469.449950 0.000000 0.000000 44.418912
2455469.549950 0.000000 0.000000 44.605131
2455469.649950 0.000000 0.000000 44.699499
2455469.749950 0.000000 0.000000 44.701822
2455469.849950 0.000000 0.000000 44.612095
2455469.949950 0.000000 0.000000 44.430502
2455470.049950 0.000000 0.000000 44.157418
2455470.149950 0.000000 0.000000 43.793405
2455470.249950 0.000000 0.000000 43.339214
2455470.349950 0.000000 0.000000 42.795778
2455470.449950 0.000000 0.000000 42.164219
2455470.549950 0.000000 0.000000 41.445836
2455470.649950 0.000000 0.000000 40.642109
2455470.749950 0.000000 0.000000 39.754695
2455470.849950 0.000000 0.000000 38.785420
2455470.949950 0.000000 0.000000 37.736280
2455471.049950 0.000000 0.000000 36.609438
2455471.149950 0.000000 0.000000 35.407213
2455471.249950 0.000000 0.000000 34.132083
2455471.349950 0.000000 0.000000 32.786672
2455471.449950 0.000000 0.000000 31.373752
2455471.549950 0.000000 0.000000 29.896234
2455471.649950 0.000000 0.000000 28.357160
2455471.749950 0.000000 0.000000 26.759699
2455471.849950 0.000000 0.000000 25.107142
2455471.949950 0.000000 0.000000 23.402893
2455472.049950 0.000000 0.000000 21.650460
2455472.149950 0.000000 0.000000 19.853453
2455472.249950 0.000000 0.000000 18.015573
2455472.349950 0.000000 0.000000 16.140604
2455472.449950 0.000000 0.000000 14.232407
2455472.549950 0.000000 0.000000 12.294913
2455472.649950 0.000000 0.000000 10.332110
2455472.749950 0.000000 0.000000 8.348041
2455472.849950 0.000000 0.000000 6.346790
2455472.949950 0.000000 0.000000 4.332480
2455473.049950 0.000000 0.000000 2.309258
2455473.149950 0.000000 0.000000 0.281289
2455473.249950 0.000000 0.000000 -1.747251
2455473.349950 0.000000 0.000000 -3.772184
2455473.449950 0.000000 0.000000 -5.789342
2455473.549950 0.000000 0.000000 -7.794572
2455473.649950 0.000000 0.000000 -9.783745
2455473.749950 0.000000 0.000000 -11.752765
2455473.849950 0.000000 0.000000 -13.697579
2455473.949950 0.000000 0.000000 -15.614182
2455474.049950 0.000000 0.000000 -17.498629
2455474.149950 0.000000 0.000000 -19.347040
2455474.249950 0.000000 0.000000 -21.155610
2455474.349950 0.000000 0.000000 -22.920616
2455474.449950 0.000000 0.000000 -24.638424
2455474.549950 0.000000 0.000000 -26.305498
2455474.649950 0.000000 0.000000 -27.918405
2455474.749950 0.000000 0.000000 -29.473826
2455474.849950 0.000000 0.000000 -30.968560
2455474.949950 0.000000 0.000000 -32.399528
2455475.049950 0.000000 0.000000 -33.763785
2455475.149950 0.000000 0.000000 -35.058523
2455475.249950 0.000000 0.000000 -36.281078
2455475.349950 0.000000 0.000000 -37.428931
2455475.449950 0.000000 0.000000 -38.499722
2455475.549950 0.000000 0.000000 -39.491244
2455475.649950 0.000000 0.000000 -40.401459
2455475.749950 0.000000 0.000000 -41.228492
2455475.849950 0.000000 0.000000 -41.970640
2455475.949950 0.000000 0.000000 -42.626377
2455476.049950 0.000000 0.000000 -43.194352
2455476.149950 0.000000 0.000000 -43.673397
2455476.249950 0.000000 0.000000 -44.062525
2455476.349950 0.000000 0.000000 -44.360936
2455476.449950 0.000000 0.000000 -44.568016
2455476.549950 0.000000 0.000000 -44.683337
2455476.649950 0.000000 0.000000 -44.706663
2455476.749950 0.000000 0.000000 -44.637946
2455476.849950 0.000000 0.000000 -44.477327
2455476.949950 0.000000 0.000000 -44.225137
2455477.049950 0.000000 0.000000 -43.881895
2455477.149950 0.000000 0.000000 -43.448307
2455477.249950 0.000000 0.000000 -42.925267
2455477.349950 0.000000 0.000000 -42.313849
2455477.449950 0.000000 0.000000 -41.615313
2455477.549950 0.000000 0.000000 -40.831097
2455477.649950 0.000000 0.000000 -39.962815
2455477.749950 0.000000 0.000000 -39.012254
2455477.849950 0.000000 0.000000 -37.981370
2455477.949950 0.000000 0.000000 -36.872286
2455478.049950 0.000000 0.000000 -35.687285
2455478.149950 0.000000 0.000000 -34.428805
2455478.249950 0.000000 0.000000 -33.099437
2455478.349950 0.000000 0.000000 -31.701918
2455478.449950 0.000000 0.000000 -30.239125
2455478.549950 0.000000 0.000000 -28.714068
2455478.649950 0.000000 0.000000 -27.129886
2455478.749950 0.000000 0.000000 -25.489842
2455478.849950 0.000000 0.000000 -23.797311
2455478.949950 0.000000 0.000000 -22.055777
2455479.049950 0.000000 0.000000 -20.268825
2455479.149950 0.000000 0.000000 -18.440135
2455479.249950 0.000000 0.000000 -16.573471
2455479.349950 0.000000 0.000000 -14.672676
2455479.449950 0.000000 0.000000 -12.741662
2455479.549950 0.000000 0.000000 -10.784407
2455479.649950 0.000000 0.000000 -8.804939
2455479.749950 0.000000 0.000000 -6.807333
2455479.849950 0.000000 0.000000 -4.795703
2455479.949950 0.000000 0.000000 -2.774190
2455480.049950 0.000000 0.000000 -0.746957
2455480.149950 0.000000 0.000000 1.281822
2455480.249950 0.000000 0.000000 3.307971
2455480.349950 0.000000 0.000000 5.327317
2455480.449950 0.000000 0.000000 7.335702
2455480.549950 0.000000 0.000000 9.328991
2455480.649950 0.000000 0.000000 11.303079
2455480.749950 0.000000 0.000000 13.253901
2455480.849950 0.000000 0.000000 15.177440
2455480.949950 0.000000 0.000000 17.069736
2455481.049950 0.000000 0.000000 18.926890
2455481.149950 0.000000 0.000000 20.745079
2455481.249950 0.000000 0.000000 22.520558
2455481.349950 0.000000 0.000000 24.249672
2455481.449950 0.000000 0.000000 25.928858
2455481.549950 0.000000 0.000000 27.554659
2455481.649950 0.000000 0.000000 29.123727
2455481.749950 0.000000 0.000000 30.632831
2455481.849950 0.000000 0.000000 32.078861
2455481.949950 0.000000 0.000000 33.458840
2455482.049950 0.000000 0.000000 34.769926
2455482.149950 0.000000 0.000000 36.009418
2455482.249950 0.000000 0.000000 37.174764
2455482.349950 0.000000 0.000000 38.263563
2455482.449950 0.000000 0.000000 39.273573
2455482.549950 0.000000 0.000000 40.202714
2455482.649950 0.000000 0.000000 41.049072
2455482.749950 0.000000 0.000000 41.810903
2455482.849950 0.000000 0.000000 42.486638
2455482.949950 0.000000 0.000000 43.074886
2455483.049950 0.000000 0.000000 43.574436
2455483.149950 0.000000 0.000000 43.984257
2455483.249950 0.000000 0.000000 44.303506
2455483.349950 0.000000 0.000000 44.531525
2455483.449950 0.000000 0.000000 44.667845
2455483.549950 0.000000 0.000000 44.712185
2455483.649950 0.000000 0.000000 44.664453
2455483.749950 0.000000 0.000000 44.524748
2455483.849950 0.000000 0.000000 44.293358
2455483.949950 0.000000 0.000000 43.970758
2455484.049950 0.000000 0.000000 43.557615
2455484.149950 0.000000 0.000000 43.054778
2455484.249950 0.000000 0.000000 42.463283
2455484.349950 0.000000 0.000000 41.784350
2455484.449950 0.000000 0.000000 41.019375
2455484.549950 0.000000 0.000000 40.169935
2455484.649950 0.000000 0.000000 39.237779
2455484.749950 0.000000 0.000000 38.224827
2455484.849950 0.000000 0.000000 37.133167
2455484.949950 0.000000 0.000000 35.965045
2455485.049950 0.000000 0.000000 34.722868
2455485.149950 0.000000 0.000000 33.409194
2455485.249950 0.000000 0.000000 32.026730
2455485.349950 0.000000 0.000000 30.578321
2455485.449950 0.000000 0.000000 29.066952
2455485.549950 0.000000 0.000000 27.495735
2455485.649950 0.000000 0.000000 25.867906
2455485.749950 0.000000 0.000000 24.186817
2455485.849950 0.000000 0.000000 22.455931
2455485.949950 0.000000 0.000000 20.678812
2455486.049950 0.000000 0.000000 18.859119
2455486.149950 0.000000 0.000000 17.000601
2455486.249950 0.000000 0.000000 15.107084
2455486.349950 0.000000 0.000000 13.182469
2455486.449950 0.000000 0.000000 11.230717
2455486.549950 0.000000 0.000000 9.255848
2455486.649950 0.000000 0.000000 7.261929
2455486.749950 0.000000 0.000000 5.253066
2455486.849950 0.000000 0.000000 3.233395
2455486.949950 0.000000 0.000000 1.207074
2455487.049950 0.000000 0.000000 -0.821723
2455487.149950 0.000000 0.000000 -2.848820
2455487.249950 0.000000 0.000000 -4.870043
2455487.349950 0.000000 0.000000 -6.881230
2455487.449950 0.000000 0.000000 -8.878241
2455487.549950 0.000000 0.000000 -10.856963
2455487.649950 0.000000 0.000000 -12.813323
2455487.749950 0.000000 0.000000 -14.743293
2455487.849950 0.000000 0.000000 -16.642900
2455487.949950 0.000000 0.000000 -18.508233
2455488.049950 0.000000 0.000000 -20.335452
2455488.149950 0.000000 0.000000 -22.120794
2455488.249950 0.000000 0.000000 -23.860586
2455488.349950 0.000000 0.000000 -25.551244
2455488.449950 0.000000 0.000000 -27.189289
2455488.549950 0.000000 0.000000 -28.771349
2455488.649950 0.000000 0.000000 -30.294166
2455488.749950 0.000000 0.000000 -31.754607
2455488.849950 0.000000 0.000000 -33.149664
2455488.949950 0.000000 0.000000 -34.476467
2455489.049950 0.000000 0.000000 -35.732284
2455489.149950 0.000000 0.000000 -36.914529
2455489.249950 0.000000 0.000000 -38.020771
2455489.349950 0.000000 0.000000 -39.048730
2455489.449950 0.000000 0.000000 -39.996292
2455489.549950 0.000000 0.000000 -40.861507
2455489.649950 0.000000 0.000000 -41.642592
2455489.749950 0.000000 0.000000 -42.337941
2455489.849950 0.000000 0.000000 -42.946122
2455489.949950 0.000000 0.000000 -43.465884
2455490.049950 0.000000 0.000000 -43.896156
2455490.149950 0.000000 0.000000 -44.236053
2455490.249950 0.000000 0.000000 -44.484876
2455490.349950 0.000000 0.000000 -44.642112
2455490.449950 0.000000 0.000000 -44.707438
2455490.549950 0.000000 0.000000 -44.680718
2455490.649950 0.000000 0.000000 -44.562009
2455490.749950 0.000000 0.000000 -44.351555
2455490.849950 0.000000 0.000000 -44.049788
2455490.949950 0.000000 0.000000 -43.657330
2455491.049950 0.000000 0.000000 -43.174988
2455491.149950 0.000000 0.000000 -42.603756
2455491.249950 0.000000 0.000000 -41.944809
2455491.349950 0.000000 0.000000 -41.199503
2455491.449950 0.000000 0.000000 -40.369373
2455491.549950 0.000000 0.000000 -39.456128
2455491.649950 0.000000 0.000000 -38.461646
2455491.749950 0.000000 0.000000 -37.387975
2455491.849950 0.000000 0.000000 -36.237325
2455491.949950 0.000000 0.000000 -35.012065
2455492.049950 0.000000 0.000000 -33.714716
2455492.149950 0.000000 0.000000 -32.347949
2455492.249950 0.000000 0.000000 -30.914578
2455492.349950 0.000000 0.000000 -29.417553
2455492.449950 0.000000 0.000000 -27.859956
2455492.549950 0.000000 0.000000 -26.244992
2455492.649950 0.000000 0.000000 -24.575988
2455492.749950 0.000000 0.000000 -22.856377
2455492.849950 0.000000 0.000000 -21.089701
2455492.949950 0.000000 0.000000 -19.279597
2455493.049950 0.000000 0.000000 -17.429790
2455493.149950 0.000000 0.000000 -15.544089
2455493.249950 0.000000 0.000000 -13.626376
2455493.349950 0.000000 0.000000 -11.680599
2455493.449950 0.000000 0.000000 -9.710765
2455493.549950 0.000000 0.000000 -7.720928
2455493.649950 0.000000 0.000000 -5.715186
2455493.749950 0.000000 0.000000 -3.697668
2455493.849950 0.000000 0.000000 -1.672528
2455493.949950 0.000000 0.000000 0.356064
2455494.049950 0.000000 0.000000 2.383932
2455494.149950 0.000000 0.000000 4.406899
2455494.249950 0.000000 0.000000 6.420801
2455494.349950 0.000000 0.000000 8.421490
2455494.449950 0.000000 0.000000 10.404847
2455494.549950 0.000000 0.000000 12.366788
2455494.649950 0.000000 0.000000 14.303273
2455494.749950 0.000000 0.000000 16.210313
2455494.849950 0.000000 0.000000 18.083983
2455494.949950 0.000000 0.000000 19.920423
2455495.049950 0.000000 0.000000 21.715852
2455495.149950 0.000000 0.000000 23.466572
2455495.249950 0.000000 0.000000 25.168978
2455495.349950 0.000000 0.000000 26.819564
2455495.449950 0.000000 0.000000 28.414930
2455495.549950 0.000000 0.000000 29.951792
2455495.649950 0.000000 0.000000 31.426982
2455495.749950 0.000000 0.000000 32.837465
2455495.849950 0.000000 0.000000 34.180334
2455495.949950 0.000000 0.000000 35.452823
2455496.049950 0.000000 0.000000 36.652313
2455496.149950 0.000000 0.000000 37.776332
2455496.249950 0.000000 0.000000 38.822566
2455496.349950 0.000000 0.000000 39.788859
2455496.449950 0.000000 0.000000 40.673221
2455496.549950 0.000000 0.000000 41.473831
2455496.649950 0.000000 0.000000 42.189040
2455496.749950 0.000000 0.000000 42.817374
2455496.849950 0.000000 0.000000 43.357539
2455496.949950 0.000000 0.000000 43.808424
2455497.049950 0.000000 0.000000 44.169098
2455497.149950 0.000000 0.000000 44.438820
2455497.249950 0.000000 0.000000 44.617033
2455497.349950 0.000000 0.000000 44.703370
2455497.449950 0.000000 0.000000 44.697655
2455497.549950 0.000000 0.000000 44.599897
2455497.649950 0.000000 0.000000 44.410300
2455497.749950 0.000000 0.000000 44.129253
2455497.849950 0.000000 0.000000 43.757335
2455497.949950 0.000000 0.000000 43.295312
2455498.049950 0.000000 0.000000 42.744136
2455498.149950 0.000000 0.000000 42.104942
2455498.249950 0.000000 0.000000 41.379047
2455498.349950 0.000000 0.000000 40.567946
2455498.449950 0.000000 0.000000 39.673310
2455498.549950 0.000000 0.000000 38.696981
2455498.649950 0.000000 0.000000 37.640970
2455498.749950 0.000000 0.000000 36.507452
2455498.849950 0.000000 0.000000 35.298761
2455498.949950 0.000000 0.000000 34.017388
2455499.049950 0.000000 0.000000 32.665972
2455499.149950 0.000000 0.000000 31.247295
2455499.249950 0.000000 0.000000 29.764279
2455499.349950 0.000000 0.000000 28.219980
2455499.449950 0.000000 0.000000 26.617576
2455499.549950 0.000000 0.000000 24.960370
2455499.649950 0.000000 0.000000 23.251772
2455499.749950 0.000000 0.000000 21.495303
2455499.849950 0.000000 0.000000 19.694579
2455499.949950 0.000000 0.000000 17.853309
2455500.049950 0.000000 0.000000 15.975284
2455500.149950 0.000000 0.000000 14.064373
2455500.249950 0.000000 0.000000 12.124509
2455500.349950 0.000000 0.000000 10.159688
2455500.449950 0.000000 0.000000 8.173955
2455500.549950 0.000000 0.000000 6.171401
2455500.649950 0.000000 0.000000 4.156147
2455500.749950 0.000000 0.000000 2.132344
2455500.849950 0.000000 0.000000 0.104159
2455500.949950 0.000000 0.000000 -1.924232
2455501.049950 0.000000 0.000000 -3.948653
2455501.149950 0.000000 0.000000 -5.964935
2455501.249950 0.000000 0.000000 -7.968927
2455501.349950 0.000000 0.000000 -9.956503
2455501.449950 0.000000 0.000000 -11.923571
2455501.549950 0.000000 0.000000 -13.866081
2455501.649950 0.000000 0.000000 -15.780033
2455501.749950 0.000000 0.000000 -17.661488
2455501.849950 0.000000 0.000000 -19.506571
2455501.949950 0.000000 0.000000 -21.311485
2455502.049950 0.000000 0.000000 -23.072514
2455502.149950 0.000000 0.000000 -24.786032
2455502.249950 0.000000 0.000000 -26.448512
2455502.349950 0.000000 0.000000 -28.056532
2455502.449950 0.000000 0.000000 -29.606781
2455502.549950 0.000000 0.000000 -31.096068
2455502.649950 0.000000 0.000000 -32.521327
2455502.749950 0.000000 0.000000 -33.879625
2455502.849950 0.000000 0.000000 -35.168166
2455502.949950 0.000000 0.000000 -36.384297
2455503.049950 0.000000 0.000000 -37.525515
2455503.149950 0.000000 0.000000 -38.589471
2455503.249950 0.000000 0.000000 -39.573974
2455503.349950 0.000000 0.000000 -40.476999
2455503.449950 0.000000 0.000000 -41.296687
2455503.549950 0.000000 0.000000 -42.031350
2455503.649950 0.000000 0.000000 -42.679476
2455503.749950 0.000000 0.000000 -43.239732
2455503.849950 0.000000 0.000000 -43.710963
2455503.949950 0.000000 0.000000 -44.092201
2455504.049950 0.000000 0.000000 -44.382661
2455504.149950 0.000000 0.000000 -44.581744
2455504.249950 0.000000 0.000000 -44.689041
2455504.349950 0.000000 0.000000 -44.704330
2455504.449950 0.000000 0.000000 -44.627582
2455504.549950 0.000000 0.000000 -44.458953
2455504.649950 0.000000 0.000000 -44.198791
2455504.749950 0.000000 0.000000 -43.847630
2455504.849950 0.000000 0.000000 -43.406195
2455504.949950 0.000000 0.000000 -42.875393
2455505.049950 0.000000 0.000000 -42.256318
2455505.149950 0.000000 0.000000 -41.550242
2455505.249950 0.000000 0.000000 -40.758620
2455505.349950 0.000000 0.000000 -39.883081
2455505.449950 0.000000 0.000000 -38.925428
2455505.549950 0.000000 0.000000 -37.887630
2455505.649950 0.000000 0.000000 -36.771825
2455505.749950 0.000000 0.000000 -35.580310
2455505.849950 0.000000 0.000000 -34.315536
2455505.949950 0.000000 0.000000 -32.980108
2455506.049950 0.000000 0.000000 -31.576774
2455506.149950 0.000000 0.000000 -30.108422
2455506.249950 0.000000 0.000000 -28.578077
2455506.349950 0.000000 0.000000 -26.988887
2455506.449950 0.000000 0.000000 -25.344124
2455506.549950 0.000000 0.000000 -23.647175
2455506.649950 0.000000 0.000000 -21.901532
2455506.749950 0.000000 0.000000 -20.110789
2455506.849950 0.000000 0.000000 -18.278632
2455506.949950 0.000000 0.000000 -16.408834
2455507.049950 0.000000 0.000000 -14.505244
2455507.149950 0.000000 0.000000 -12.571780
2455507.249950 0.000000 0.000000 -10.612424
2455507.349950 0.000000 0.000000 -8.631210
2455507.449950 0.000000 0.000000 -6.632216
2455507.549950 0.000000 0.000000 -4.619557
2455507.649950 0.000000 0.000000 -2.597379
2455507.749950 0.000000 0.000000 -0.569845
2455507.849950 0.000000 0.000000 1.458872
2455507.949950 0.000000 0.000000 3.484592
2455508.049950 0.000000 0.000000 5.503147
2455508.149950 0.000000 0.000000 7.510379
2455508.249950 0.000000 0.000000 9.502154
2455508.349950 0.000000 0.000000 11.474372
2455508.449950 0.000000 0.000000 13.422972
2455508.549950 0.000000 0.000000 15.343940
2455508.649950 0.000000 0.000000 17.233322
2455508.749950 0.000000 0.000000 19.087226
2455508.849950 0.000000 0.000000 20.901834
2455508.949950 0.000000 0.000000 22.673410
2455509.049950 0.000000 0.000000 24.398305
2455509.149950 0.000000 0.000000 26.072968
2455509.249950 0.000000 0.000000 27.693948
2455509.349950 0.000000 0.000000 29.257908
2455509.449950 0.000000 0.000000 30.761627
2455509.549950 0.000000 0.000000 32.202007
2455509.649950 0.000000 0.000000 33.576083
2455509.749950 0.000000 0.000000 34.881024
2455509.849950 0.000000 0.000000 36.114143
2455509.949950 0.000000 0.000000 37.272900
2455510.049950 0.000000 0.000000 38.354908
2455510.149950 0.000000 0.000000 39.357939
2455510.249950 0.000000 0.000000 40.279926
2455510.349950 0.000000 0.000000 41.118971
2455510.449950 0.000000 0.000000 41.873346
2455510.549950 0.000000 0.000000 42.541497
2455510.649950 0.000000 0.000000 43.122047
2455510.749950 0.000000 0.000000 43.613801
2455510.849950 0.000000 0.000000 44.015746
2455510.949950 0.000000 0.000000 44.327055
2455511.049950 0.000000 0.000000 44.547084
2455511.149950 0.000000 0.000000 44.675383
2455511.249950 0.000000 0.000000 44.711686
2455511.349950 0.000000 0.000000 44.655918
2455511.449950 0.000000 0.000000 44.508195
2455511.549950 0.000000 0.000000 44.268820
2455511.649950 0.000000 0.000000 43.938287
2455511.749950 0.000000 0.000000 43.517277
2455511.849950 0.000000 0.000000 43.006656
2455511.949950 0.000000 0.000000 42.407477
2455512.049950 0.000000 0.000000 41.720973
2455512.149950 0.000000 0.000000 40.948559
2455512.249950 0.000000 0.000000 40.091826
2455512.349950 0.000000 0.000000 39.152538
2455512.449950 0.000000 0.000000 38.132629
2455512.549950 0.000000 0.000000 37.034201
2455512.649950 0.000000 0.000000 35.859516
2455512.749950 0.000000 0.000000 34.610994
2455512.849950 0.000000 0.000000 33.291205
2455512.949950 0.000000 0.000000 31.902868
2455513.049950 0.000000 0.000000 30.448842
2455513.149950 0.000000 0.000000 28.932122
2455513.249950 0.000000 0.000000 27.355832
2455513.349950 0.000000 0.000000 25.723218
2455513.449950 0.000000 0.000000 24.037643
2455513.549950 0.000000 0.000000 22.302577
2455513.649950 0.000000 0.000000 20.521594
2455513.749950 0.000000 0.000000 18.698362
2455513.849950 0.000000 0.000000 16.836634
2455513.949950 0.000000 0.000000 14.940246
2455514.049950 0.000000 0.000000 13.013103
2455514.149950 0.000000 0.000000 11.059172
2455514.249950 0.000000 0.000000 9.082478
2455514.349950 0.000000 0.000000 7.087090
2455514.449950 0.000000 0.000000 5.077118
2455514.549950 0.000000 0.000000 3.056701
2455514.649950 0.000000 0.000000 1.029997
2455514.749950 0.000000 0.000000 -0.998818
2455514.849950 0.000000 0.000000 -3.025568
2455514.949950 0.000000 0.000000 -5.046081
2455515.049950 0.000000 0.000000 -7.056195
2455515.149950 0.000000 0.000000 -9.051772
2455515.249950 0.000000 0.000000 -11.028704
2455515.349950 0.000000 0.000000 -12.982920
2455515.449950 0.000000 0.000000 -14.910397
2455515.549950 0.000000 0.000000 -16.807166
2455515.649950 0.000000 0.000000 -18.669324
2455515.749950 0.000000 0.000000 -20.493035
2455515.849950 0.000000 0.000000 -22.274546
2455515.949950 0.000000 0.000000 -24.010190
2455516.049950 0.000000 0.000000 -25.696392
2455516.149950 0.000000 0.000000 -27.329682
2455516.249950 0.000000 0.000000 -28.906698
2455516.349950 0.000000 0.000000 -30.424193
2455516.449950 0.000000 0.000000 -31.879043
2455516.549950 0.000000 0.000000 -33.268255
2455516.649950 0.000000 0.000000 -34.588967
2455516.749950 0.000000 0.000000 -35.838462
2455516.849950 0.000000 0.000000 -37.014167
2455516.949950 0.000000 0.000000 -38.113663
2455517.049950 0.000000 0.000000 -39.134685
2455517.149950 0.000000 0.000000 -40.075134
2455517.249950 0.000000 0.000000 -40.933072
2455517.349950 0.000000 0.000000 -41.706734
2455517.449950 0.000000 0.000000 -42.394528
2455517.549950 0.000000 0.000000 -42.995037
2455517.649950 0.000000 0.000000 -43.507026
2455517.749950 0.000000 0.000000 -43.929441
2455517.849950 0.000000 0.000000 -44.261413
2455517.949950 0.000000 0.000000 -44.502258
2455518.049950 0.000000 0.000000 -44.651480
2455518.149950 0.000000 0.000000 -44.708773
2455518.249950 0.000000 0.000000 -44.674018
2455518.349950 0.000000 0.000000 -44.547287
2455518.449950 0.000000 0.000000 -44.328840
2455518.549950 0.000000 0.000000 -44.019129
2455518.649950 0.000000 0.000000 -43.618789
2455518.749950 0.000000 0.000000 -43.128645
2455518.849950 0.000000 0.000000 -42.549706
2455518.949950 0.000000 0.000000 -41.883163
2455519.049950 0.000000 0.000000 -41.130388
2455519.149950 0.000000 0.000000 -40.292932
2455519.249950 0.000000 0.000000 -39.372517
2455519.349950 0.000000 0.000000 -38.371038
2455519.449950 0.000000 0.000000 -37.290556
2455519.549950 0.000000 0.000000 -36.133296
2455519.649950 0.000000 0.000000 -34.901640
2455519.749950 0.000000 0.000000 -33.598122
2455519.849950 0.000000 0.000000 -32.225427
2455519.949950 0.000000 0.000000 -30.786379
2455520.049950 0.000000 0.000000 -29.283942
2455520.149950 0.000000 0.000000 -27.721207
2455520.249950 0.000000 0.000000 -26.101391
2455520.349950 0.000000 0.000000 -24.427830
2455520.449950 0.000000 0.000000 -22.703969
2455520.549950 0.000000 0.000000 -20.933355
2455520.649950 0.000000 0.000000 -19.119635
2455520.749950 0.000000 0.000000 -17.266541
2455520.849950 0.000000 0.000000 -15.377890
2455520.949950 0.000000 0.000000 -13.457569
2455521.049950 0.000000 0.000000 -11.509532
2455521.149950 0.000000 0.000000 -9.537789
2455521.249950 0.000000 0.000000 -7.546400
2455521.349950 0.000000 0.000000 -5.539464
2455521.449950 0.000000 0.000000 -3.521115
2455521.549950 0.000000 0.000000 -1.495508
2455521.649950 0.000000 0.000000 0.533188
2455521.749950 0.000000 0.000000 2.560793
2455521.849950 0.000000 0.000000 4.583135
2455521.949950 0.000000 0.000000 6.596048
2455522.049950 0.000000 0.000000 8.595388
2455522.149950 0.000000 0.000000 10.577037
2455522.249950 0.000000 0.000000 12.536916
2455522.349950 0.000000 0.000000 14.470989
2455522.449950 0.000000 0.000000 16.375272
2455522.549950 0.000000 0.000000 18.245844
2455522.649950 0.000000 0.000000 20.078853
2455522.749950 0.000000 0.000000 21.870525
2455522.849950 0.000000 0.000000 23.617170
2455522.949950 0.000000 0.000000 25.315190
2455523.049950 0.000000 0.000000 26.961089
2455523.149950 0.000000 0.000000 28.551477
2455523.249950 0.000000 0.000000 30.083078
2455523.349950 0.000000 0.000000 31.552739
2455523.449950 0.000000 0.000000 32.957433
2455523.549950 0.000000 0.000000 34.294266
2455523.649950 0.000000 0.000000 35.560485
2455523.749950 0.000000 0.000000 36.753482
2455523.849950 0.000000 0.000000 37.870800
2455523.949950 0.000000 0.000000 38.910138
2455524.049950 0.000000 0.000000 39.869356
2455524.149950 0.000000 0.000000 40.746476
2455524.249950 0.000000 0.000000 41.539694
2455524.349950 0.000000 0.000000 42.247374
2455524.449950 0.000000 0.000000 42.868060
2455524.549950 0.000000 0.000000 43.400473
2455524.649950 0.000000 0.000000 43.843517
2455524.749950 0.000000 0.000000 44.196278
2455524.849950 0.000000 0.000000 44.458030
2455524.949950 0.000000 0.000000 44.628234
2455525.049950 0.000000 0.000000 44.706540
2455525.149950 0.000000 0.000000 44.692786
2455525.249950 0.000000 0.000000 44.587000
2455525.349950 0.000000 0.000000 44.389400
2455525.449950 0.000000 0.000000 44.100394
2455525.549950 0.000000 0.000000 43.720577
2455525.649950 0.000000 0.000000 43.250731
2455525.749950 0.000000 0.000000 42.691823
2455525.849950 0.000000 0.000000 42.045005
2455525.949950 0.000000 0.000000 41.311609
2455526.049950 0.000000 0.000000 40.493147
2455526.149950 0.000000 0.000000 39.591303
2455526.249950 0.000000 0.000000 38.607935
2455526.349950 0.000000 0.000000 37.545068
2455526.449950 0.000000 0.000000 36.404892
2455526.549950 0.000000 0.000000 35.189755
2455526.649950 0.000000 0.000000 33.902160
2455526.749950 0.000000 0.000000 32.544759
2455526.849950 0.000000 0.000000 31.120347
2455526.949950 0.000000 0.000000 29.631857
2455527.049950 0.000000 0.000000 28.082357
2455527.149950 0.000000 0.000000 26.475036
2455527.249950 0.000000 0.000000 24.813205
2455527.349950 0.000000 0.000000 23.100287
2455527.449950 0.000000 0.000000 21.339809
2455527.549950 0.000000 0.000000 19.535396
2455527.649950 0.000000 0.000000 17.690765
2455527.749950 0.000000 0.000000 15.809714
2455527.849950 0.000000 0.000000 13.896117
2455527.949950 0.000000 0.000000 11.953915
2455528.049950 0.000000 0.000000 9.987106
2455528.149950 0.000000 0.000000 7.999742
2455528.249950 0.000000 0.000000 5.995914
2455528.349950 0.000000 0.000000 3.979748
2455528.449950 0.000000 0.000000 1.955396
2455528.549950 0.000000 0.000000 -0.072973
2455528.649950 0.000000 0.000000 -2.101184
2455528.749950 0.000000 0.000000 -4.125060
2455528.849950 0.000000 0.000000 -6.140434
2455528.949950 0.000000 0.000000 -8.143157
2455529.049950 0.000000 0.000000 -10.129105
2455529.149950 0.000000 0.000000 -12.094190
2455529.249950 0.000000 0.000000 -14.034365
2455529.349950 0.000000 0.000000 -15.945636
2455529.449950 0.000000 0.000000 -17.824069
2455529.549950 0.000000 0.000000 -19.665796
2455529.649950 0.000000 0.000000 -21.467025
2455529.749950 0.000000 0.000000 -23.224050
2455529.849950 0.000000 0.000000 -24.933251
2455529.949950 0.000000 0.000000 -26.591111
2455530.049950 0.000000 0.000000 -28.194218
2455530.149950 0.000000 0.000000 -29.739270
2455530.249950 0.000000 0.000000 -31.223088
2455530.349950 0.000000 0.000000 -32.642617
2455530.449950 0.000000 0.000000 -33.994934
2455530.549950 0.000000 0.000000 -35.277257
2455530.649950 0.000000 0.000000 -36.486946
2455530.749950 0.000000 0.000000 -37.621510
2455530.849950 0.000000 0.000000 -38.678614
2455530.949950 0.000000 0.000000 -39.656083
2455531.049950 0.000000 0.000000 -40.551904
2455531.149950 0.000000 0.000000 -41.364234
2455531.249950 0.000000 0.000000 -42.091400
2455531.349950 0.000000 0.000000 -42.731905
2455531.449950 0.000000 0.000000 -43.284432
2455531.549950 0.000000 0.000000 -43.747844
2455531.649950 0.000000 0.000000 -44.121185
2455531.749950 0.000000 0.000000 -44.403688
2455531.849950 0.000000 0.000000 -44.594772
2455531.949950 0.000000 0.000000 -44.694043
2455532.049950 0.000000 0.000000 -44.701296
2455532.149950 0.000000 0.000000 -44.616517
2455532.249950 0.000000 0.000000 -44.439881
2455532.349950 0.000000 0.000000 -44.171750
2455532.449950 0.000000 0.000000 -43.812678
2455532.549950 0.000000 0.000000 -43.363402
2455532.649950 0.000000 0.000000 -42.824847
2455532.749950 0.000000 0.000000 -42.198123
2455532.849950 0.000000 0.000000 -41.484519
2455532.949950 0.000000 0.000000 -40.685503
2455533.049950 0.000000 0.000000 -39.802722
2455533.149950 0.000000 0.000000 -38.837990
2455533.249950 0.000000 0.000000 -37.793295
2455533.349950 0.000000 0.000000 -36.670787
2455533.449950 0.000000 0.000000 -35.472776
2455533.549950 0.000000 0.000000 -34.201728
2455533.649950 0.000000 0.000000 -32.860260
2455533.749950 0.000000 0.000000 -31.451133
2455533.849950 0.000000 0.000000 -29.977248
2455533.949950 0.000000 0.000000 -28.441637
2455534.049950 0.000000 0.000000 -26.847464
2455534.149950 0.000000 0.000000 -25.198009
2455534.249950 0.000000 0.000000 -23.496668
2455534.349950 0.000000 0.000000 -21.746943
2455534.449950 0.000000 0.000000 -19.952436
2455534.549950 0.000000 0.000000 -18.116842
