# HUGGY-PSF Tue Nov 23 14:09:17  /home/ubuntu/Desktop/lab2/WASP-44/group01_WASP
#        number of frames:    1
#              target x_0:   170.00
#              target y_0:    37.00
#       inn annulus (pix):    11.00
#       out annulus (pix):    20.00
#            frame number:    1
#      (x0, y0) sky (ADU):  3775.40
# flux w/in inner annulus:  478577.7
   1    1.500   169.927    37.172    1.500    138650.9     0.28971
   1    1.510   169.927    37.172    1.510    139843.2     0.29221
   1    1.519   169.927    37.172    1.519    141180.5     0.29500
   1    1.528   169.927    37.172    1.528    142831.9     0.29845
   1    1.538   169.927    37.172    1.538    145141.2     0.30328
   1    1.548   169.927    37.172    1.548    145588.3     0.30421
   1    1.557   169.927    37.172    1.557    147496.0     0.30820
   1    1.566   169.927    37.172    1.566    148664.4     0.31064
   1    1.576   169.927    37.172    1.576    149469.5     0.31232
   1    1.586   169.927    37.172    1.586    151523.7     0.31661
   1    1.595   169.927    37.172    1.595    153089.0     0.31988
   1    1.605   169.927    37.172    1.605    154813.8     0.32349
   1    1.614   169.927    37.172    1.614    156231.9     0.32645
   1    1.623   169.927    37.172    1.623    157022.7     0.32810
   1    1.633   169.927    37.172    1.633    159481.7     0.33324
   1    1.643   169.927    37.172    1.643    160314.9     0.33498
   1    1.652   169.927    37.172    1.652    161851.4     0.33819
   1    1.661   169.927    37.172    1.661    162697.0     0.33996
   1    1.671   169.927    37.172    1.671    164533.9     0.34380
   1    1.681   169.927    37.172    1.681    166084.8     0.34704
   1    1.690   169.927    37.172    1.690    167312.5     0.34960
   1    1.699   169.927    37.172    1.699    169074.5     0.35329
   1    1.709   169.927    37.172    1.709    170487.1     0.35624
   1    1.719   169.927    37.172    1.719    171659.6     0.35869
   1    1.728   169.927    37.172    1.728    172975.2     0.36144
   1    1.737   169.927    37.172    1.737    174677.2     0.36499
   1    1.747   169.927    37.172    1.747    175605.5     0.36693
   1    1.757   169.927    37.172    1.757    176453.7     0.36870
   1    1.766   169.927    37.172    1.766    177644.6     0.37119
   1    1.776   169.927    37.172    1.776    179007.0     0.37404
   1    1.785   169.927    37.172    1.785    181012.5     0.37823
   1    1.794   169.927    37.172    1.794    182304.1     0.38093
   1    1.804   169.927    37.172    1.804    183451.5     0.38333
   1    1.813   169.927    37.172    1.813    185454.8     0.38751
   1    1.823   169.927    37.172    1.823    186132.0     0.38893
   1    1.832   169.927    37.172    1.832    187862.4     0.39254
   1    1.842   169.927    37.172    1.842    188951.6     0.39482
   1    1.852   169.927    37.172    1.852    190201.1     0.39743
   1    1.861   169.927    37.172    1.861    191288.9     0.39970
   1    1.870   169.927    37.172    1.870    192475.5     0.40218
   1    1.880   169.927    37.172    1.880    194040.8     0.40545
   1    1.890   169.927    37.172    1.890    195620.0     0.40875
   1    1.899   169.927    37.172    1.899    197229.2     0.41212
   1    1.908   169.927    37.172    1.908    197837.3     0.41339
   1    1.918   169.927    37.172    1.918    199731.5     0.41734
   1    1.928   169.927    37.172    1.928    201387.1     0.42080
   1    1.937   169.927    37.172    1.937    202194.1     0.42249
   1    1.947   169.927    37.172    1.947    203389.4     0.42499
   1    1.956   169.927    37.172    1.956    204814.1     0.42796
   1    1.965   169.927    37.172    1.965    205819.6     0.43007
   1    1.975   169.927    37.172    1.975    206387.4     0.43125
   1    1.984   169.927    37.172    1.984    208928.9     0.43656
   1    1.994   169.927    37.172    1.994    210343.8     0.43952
   1    2.003   169.891    37.259    1.550    214184.3     0.44754
   1    2.013   169.891    37.259    1.550    215472.8     0.45024
   1    2.023   169.891    37.259    1.550    216939.8     0.45330
   1    2.032   169.891    37.259    1.550    218757.0     0.45710
   1    2.042   169.891    37.259    1.550    219850.6     0.45938
   1    2.051   169.891    37.259    1.550    221120.6     0.46204
   1    2.061   169.891    37.259    1.550    222129.3     0.46414
   1    2.070   169.891    37.259    1.550    223801.7     0.46764
   1    2.079   169.891    37.259    1.550    224626.2     0.46936
   1    2.089   169.891    37.259    1.550    225881.3     0.47198
   1    2.099   169.891    37.259    1.550    227953.0     0.47631
   1    2.108   169.891    37.259    1.550    229440.9     0.47942
   1    2.118   169.891    37.259    1.550    230626.7     0.48190
   1    2.127   169.891    37.259    1.550    232122.1     0.48502
   1    2.136   169.891    37.259    1.550    232885.8     0.48662
   1    2.146   169.891    37.259    1.550    234220.9     0.48941
   1    2.155   169.891    37.259    1.550    235207.2     0.49147
   1    2.165   169.891    37.259    1.550    237494.1     0.49625
   1    2.174   169.891    37.259    1.550    238742.2     0.49886
   1    2.184   169.891    37.259    1.550    240085.3     0.50166
   1    2.194   169.891    37.259    1.550    241349.5     0.50431
   1    2.203   169.891    37.259    1.550    242675.8     0.50708
   1    2.213   169.891    37.259    1.550    243901.2     0.50964
   1    2.222   169.891    37.259    1.550    245410.7     0.51279
   1    2.232   169.891    37.259    1.550    246600.5     0.51528
   1    2.241   169.858    37.351    1.860    250915.1     0.52429
   1    2.250   169.858    37.351    1.860    252107.8     0.52679
   1    2.260   169.858    37.351    1.860    253345.0     0.52937
   1    2.270   169.858    37.351    1.860    254157.0     0.53107
   1    2.279   169.858    37.351    1.860    255592.3     0.53407
   1    2.289   169.858    37.351    1.860    256849.1     0.53669
   1    2.298   169.858    37.351    1.860    258017.9     0.53913
   1    2.307   169.858    37.351    1.860    259250.2     0.54171
   1    2.317   169.858    37.351    1.860    260961.9     0.54529
   1    2.326   169.858    37.351    1.860    261822.4     0.54708
   1    2.336   169.858    37.351    1.860    263790.1     0.55120
   1    2.345   169.858    37.351    1.860    265346.5     0.55445
   1    2.355   169.858    37.351    1.860    266550.2     0.55696
   1    2.365   169.858    37.351    1.860    267142.8     0.55820
   1    2.374   169.858    37.351    1.860    268203.8     0.56042
   1    2.384   169.858    37.351    1.860    269156.2     0.56241
   1    2.393   169.858    37.351    1.860    270117.4     0.56442
   1    2.402   169.858    37.351    1.860    271417.5     0.56713
   1    2.412   169.858    37.351    1.860    273045.4     0.57054
   1    2.421   169.858    37.351    1.860    274762.5     0.57412
   1    2.431   169.858    37.351    1.860    276245.2     0.57722
   1    2.441   169.858    37.351    1.860    276996.3     0.57879
   1    2.450   169.858    37.351    1.860    277956.0     0.58080
   1    2.460   169.858    37.351    1.860    278465.4     0.58186
   1    2.469   169.858    37.351    1.860    279637.1     0.58431
   1    2.478   169.858    37.351    1.860    281180.8     0.58753
   1    2.488   169.858    37.351    1.860    281691.5     0.58860
   1    2.497   169.858    37.351    1.860    282820.3     0.59096
   1    2.507   169.858    37.351    1.860    284451.8     0.59437
   1    2.516   169.858    37.351    1.860    286178.7     0.59798
   1    2.526   169.858    37.351    1.860    287041.0     0.59978
   1    2.536   169.858    37.351    1.860    287940.6     0.60166
   1    2.545   169.858    37.351    1.860    288920.2     0.60371
   1    2.555   169.858    37.351    1.860    289956.5     0.60587
   1    2.564   169.858    37.351    1.860    291508.2     0.60911
   1    2.574   169.858    37.351    1.860    292343.5     0.61086
   1    2.583   169.858    37.351    1.860    292750.8     0.61171
   1    2.592   169.858    37.351    1.860    293661.1     0.61361
   1    2.602   169.858    37.351    1.860    295117.1     0.61665
   1    2.612   169.858    37.351    1.860    296652.4     0.61986
   1    2.621   169.858    37.351    1.860    297772.9     0.62220
   1    2.630   169.858    37.351    1.860    298879.8     0.62452
   1    2.640   169.858    37.351    1.860    300441.1     0.62778
   1    2.649   169.858    37.351    1.860    301508.3     0.63001
   1    2.659   169.858    37.351    1.860    302226.1     0.63151
   1    2.668   169.858    37.351    1.860    302845.2     0.63280
   1    2.678   169.858    37.351    1.860    303391.4     0.63394
   1    2.688   169.858    37.351    1.860    304436.6     0.63613
   1    2.697   169.858    37.351    1.860    305759.2     0.63889
   1    2.707   169.858    37.351    1.860    307078.1     0.64165
   1    2.716   169.858    37.351    1.860    308364.0     0.64433
   1    2.726   169.858    37.351    1.860    309452.5     0.64661
   1    2.735   169.858    37.351    1.860    310438.6     0.64867
   1    2.745   169.858    37.351    1.860    311357.6     0.65059
   1    2.754   169.858    37.351    1.860    312252.6     0.65246
   1    2.763   169.858    37.351    1.860    312947.7     0.65391
   1    2.773   169.858    37.351    1.860    313981.8     0.65607
   1    2.783   169.858    37.351    1.860    314966.6     0.65813
   1    2.792   169.858    37.351    1.860    315758.8     0.65979
   1    2.801   169.858    37.351    1.860    316774.3     0.66191
   1    2.811   169.858    37.351    1.860    317871.4     0.66420
   1    2.820   169.858    37.351    1.860    319093.5     0.66675
   1    2.830   169.850    37.382    1.890    320278.6     0.66923
   1    2.839   169.850    37.382    1.890    321577.8     0.67194
   1    2.849   169.850    37.382    1.890    322225.4     0.67330
   1    2.859   169.850    37.382    1.890    323441.8     0.67584
   1    2.868   169.850    37.382    1.890    324019.9     0.67705
   1    2.878   169.850    37.382    1.890    324975.3     0.67904
   1    2.887   169.850    37.382    1.890    326476.9     0.68218
   1    2.897   169.850    37.382    1.890    327431.2     0.68418
   1    2.906   169.850    37.382    1.890    328366.0     0.68613
   1    2.916   169.850    37.382    1.890    329149.8     0.68777
   1    2.925   169.850    37.382    1.890    330079.8     0.68971
   1    2.934   169.850    37.382    1.890    330872.8     0.69137
   1    2.944   169.850    37.382    1.890    331889.3     0.69349
   1    2.954   169.850    37.382    1.890    332921.7     0.69565
   1    2.963   169.850    37.382    1.890    333409.6     0.69667
   1    2.972   169.850    37.382    1.890    334363.1     0.69866
   1    2.982   169.850    37.382    1.890    335399.5     0.70083
   1    2.991   169.850    37.382    1.890    336132.6     0.70236
   1    3.001   169.839    37.427    1.960    337948.7     0.70615
   1    3.010   169.839    37.427    1.960    338605.0     0.70752
   1    3.020   169.839    37.427    1.960    339521.0     0.70944
   1    3.030   169.839    37.427    1.960    340997.6     0.71252
   1    3.039   169.839    37.427    1.960    341901.4     0.71441
   1    3.049   169.839    37.427    1.960    342528.6     0.71572
   1    3.058   169.839    37.427    1.960    343349.5     0.71744
   1    3.068   169.839    37.427    1.960    344338.9     0.71950
   1    3.077   169.839    37.427    1.960    345081.4     0.72106
   1    3.087   169.839    37.427    1.960    345947.8     0.72287
   1    3.096   169.839    37.427    1.960    346675.5     0.72439
   1    3.105   169.839    37.427    1.960    347580.3     0.72628
   1    3.115   169.839    37.427    1.960    348338.0     0.72786
   1    3.125   169.839    37.427    1.960    349350.4     0.72998
   1    3.134   169.839    37.427    1.960    350164.7     0.73168
   1    3.143   169.839    37.427    1.960    350852.8     0.73312
   1    3.153   169.839    37.427    1.960    351561.5     0.73460
   1    3.162   169.828    37.487    2.240    352838.9     0.73727
   1    3.172   169.828    37.487    2.240    353558.6     0.73877
   1    3.181   169.828    37.487    2.240    354589.8     0.74092
   1    3.191   169.828    37.487    2.240    355360.6     0.74253
   1    3.201   169.828    37.487    2.240    356104.7     0.74409
   1    3.210   169.828    37.487    2.240    356834.1     0.74561
   1    3.220   169.828    37.487    2.240    357417.6     0.74683
   1    3.229   169.828    37.487    2.240    358367.9     0.74882
   1    3.239   169.828    37.487    2.240    358909.0     0.74995
   1    3.248   169.828    37.487    2.240    359901.6     0.75202
   1    3.258   169.828    37.487    2.240    360210.8     0.75267
   1    3.267   169.828    37.487    2.240    361091.3     0.75451
   1    3.276   169.828    37.487    2.240    361903.2     0.75621
   1    3.286   169.828    37.487    2.240    362672.8     0.75781
   1    3.296   169.828    37.487    2.240    363457.2     0.75945
   1    3.305   169.828    37.487    2.240    363999.2     0.76059
   1    3.314   169.828    37.487    2.240    364713.0     0.76208
   1    3.324   169.828    37.487    2.240    365546.4     0.76382
   1    3.333   169.828    37.487    2.240    366163.0     0.76511
   1    3.343   169.828    37.487    2.240    366886.2     0.76662
   1    3.352   169.828    37.487    2.240    367422.5     0.76774
   1    3.362   169.828    37.487    2.240    368066.0     0.76908
   1    3.372   169.828    37.487    2.240    368924.1     0.77088
   1    3.381   169.828    37.487    2.240    369492.5     0.77206
   1    3.391   169.828    37.487    2.240    370234.8     0.77361
   1    3.400   169.828    37.487    2.240    370808.8     0.77481
   1    3.410   169.828    37.487    2.240    371510.6     0.77628
   1    3.419   169.828    37.487    2.240    371890.9     0.77708
   1    3.429   169.828    37.487    2.240    372683.0     0.77873
   1    3.438   169.828    37.487    2.240    373233.2     0.77988
   1    3.447   169.828    37.487    2.240    373851.2     0.78117
   1    3.457   169.828    37.487    2.240    374476.8     0.78248
   1    3.467   169.828    37.487    2.240    375206.5     0.78400
   1    3.476   169.828    37.487    2.240    375635.2     0.78490
   1    3.485   169.828    37.487    2.240    376382.4     0.78646
   1    3.495   169.828    37.487    2.240    376963.1     0.78767
   1    3.504   169.828    37.487    2.240    377506.0     0.78881
   1    3.514   169.828    37.487    2.240    378148.2     0.79015
   1    3.523   169.828    37.487    2.240    378678.4     0.79126
   1    3.533   169.828    37.487    2.240    379273.0     0.79250
   1    3.543   169.828    37.487    2.240    380050.6     0.79413
   1    3.552   169.828    37.487    2.240    380533.5     0.79513
   1    3.562   169.828    37.487    2.240    381010.8     0.79613
   1    3.571   169.828    37.487    2.240    381656.8     0.79748
   1    3.580   169.828    37.487    2.240    382305.0     0.79884
   1    3.590   169.828    37.487    2.240    383037.8     0.80037
   1    3.599   169.828    37.487    2.240    383507.0     0.80135
   1    3.609   169.827    37.519    2.360    384161.2     0.80271
   1    3.618   169.827    37.519    2.360    384606.2     0.80364
   1    3.628   169.827    37.519    2.360    385213.4     0.80491
   1    3.638   169.827    37.519    2.360    385838.7     0.80622
   1    3.647   169.827    37.519    2.360    386547.5     0.80770
   1    3.657   169.827    37.519    2.360    387125.9     0.80891
   1    3.666   169.827    37.519    2.360    387649.7     0.81000
   1    3.675   169.827    37.519    2.360    388148.0     0.81104
   1    3.685   169.827    37.519    2.360    388895.7     0.81261
   1    3.694   169.827    37.519    2.360    389283.8     0.81342
   1    3.704   169.827    37.519    2.360    389755.4     0.81440
   1    3.714   169.827    37.519    2.360    390237.6     0.81541
   1    3.723   169.827    37.519    2.360    390761.8     0.81651
   1    3.733   169.827    37.519    2.360    391424.1     0.81789
   1    3.742   169.827    37.519    2.360    392059.6     0.81922
   1    3.751   169.827    37.519    2.360    392523.7     0.82019
   1    3.761   169.827    37.519    2.360    392995.2     0.82117
   1    3.770   169.827    37.519    2.360    393449.1     0.82212
   1    3.780   169.827    37.519    2.360    394000.8     0.82327
   1    3.789   169.827    37.519    2.360    394463.5     0.82424
   1    3.799   169.827    37.519    2.360    395021.1     0.82541
   1    3.809   169.827    37.519    2.360    395526.8     0.82646
   1    3.818   169.827    37.519    2.360    395917.6     0.82728
   1    3.828   169.827    37.519    2.360    396414.9     0.82832
   1    3.837   169.827    37.519    2.360    396917.1     0.82937
   1    3.846   169.827    37.519    2.360    397479.1     0.83054
   1    3.856   169.827    37.519    2.360    397906.8     0.83144
   1    3.865   169.827    37.519    2.360    398418.7     0.83251
   1    3.875   169.827    37.519    2.360    398952.9     0.83362
   1    3.885   169.827    37.519    2.360    399516.4     0.83480
   1    3.894   169.827    37.519    2.360    399859.0     0.83552
   1    3.904   169.827    37.519    2.360    400460.9     0.83677
   1    3.913   169.827    37.519    2.360    400809.3     0.83750
   1    3.922   169.827    37.519    2.360    401152.7     0.83822
   1    3.932   169.827    37.519    2.360    401760.7     0.83949
   1    3.941   169.827    37.519    2.360    402306.5     0.84063
   1    3.951   169.827    37.519    2.360    402800.7     0.84166
   1    3.961   169.827    37.519    2.360    403274.0     0.84265
   1    3.970   169.827    37.519    2.360    403661.5     0.84346
   1    3.980   169.827    37.519    2.360    404152.6     0.84449
   1    3.989   169.827    37.519    2.360    404658.8     0.84554
   1    3.999   169.827    37.519    2.360    405193.7     0.84666
   1    4.008   169.827    37.538    2.390    405566.8     0.84744
   1    4.017   169.827    37.538    2.390    406027.0     0.84840
   1    4.027   169.827    37.538    2.390    406570.9     0.84954
   1    4.036   169.827    37.538    2.390    407026.9     0.85049
   1    4.046   169.827    37.538    2.390    407379.6     0.85123
   1    4.056   169.827    37.538    2.390    407785.2     0.85208
   1    4.065   169.827    37.538    2.390    408157.2     0.85285
   1    4.075   169.827    37.538    2.390    408513.5     0.85360
   1    4.084   169.827    37.538    2.390    408924.1     0.85446
   1    4.094   169.827    37.538    2.390    409375.6     0.85540
   1    4.103   169.827    37.538    2.390    409766.5     0.85622
   1    4.113   169.827    37.538    2.390    410190.6     0.85710
   1    4.122   169.827    37.538    2.390    410566.2     0.85789
   1    4.132   169.829    37.566    2.440    411109.0     0.85902
   1    4.141   169.829    37.566    2.440    411527.1     0.85990
   1    4.151   169.829    37.566    2.440    411848.2     0.86057
   1    4.160   169.829    37.566    2.440    412146.6     0.86119
   1    4.170   169.829    37.566    2.440    412520.2     0.86197
   1    4.179   169.829    37.566    2.440    412843.0     0.86265
   1    4.188   169.829    37.566    2.440    413332.0     0.86367
   1    4.198   169.829    37.566    2.440    413787.1     0.86462
   1    4.207   169.829    37.566    2.440    414078.8     0.86523
   1    4.217   169.829    37.566    2.440    414421.0     0.86594
   1    4.227   169.829    37.566    2.440    414822.2     0.86678
   1    4.236   169.829    37.566    2.440    415199.5     0.86757
   1    4.246   169.833    37.575    2.440    415615.4     0.86844
   1    4.255   169.833    37.575    2.440    415964.8     0.86917
   1    4.264   169.833    37.575    2.440    416242.2     0.86975
   1    4.274   169.833    37.575    2.440    416579.8     0.87045
   1    4.283   169.833    37.575    2.440    417000.7     0.87133
   1    4.293   169.833    37.575    2.440    417399.0     0.87217
   1    4.302   169.833    37.575    2.440    417716.5     0.87283
   1    4.312   169.833    37.575    2.440    418047.7     0.87352
   1    4.321   169.833    37.575    2.440    418422.6     0.87430
   1    4.331   169.833    37.575    2.440    418877.4     0.87525
   1    4.340   169.833    37.575    2.440    419183.2     0.87589
   1    4.350   169.833    37.575    2.440    419436.7     0.87642
   1    4.359   169.833    37.575    2.440    419818.1     0.87722
   1    4.369   169.833    37.575    2.440    420070.7     0.87775
   1    4.378   169.833    37.575    2.440    420407.5     0.87845
   1    4.388   169.833    37.575    2.440    420765.3     0.87920
   1    4.398   169.833    37.575    2.440    421128.5     0.87996
   1    4.407   169.833    37.575    2.440    421380.0     0.88048
   1    4.417   169.833    37.575    2.440    421728.4     0.88121
   1    4.426   169.833    37.575    2.440    422068.7     0.88192
   1    4.436   169.833    37.575    2.440    422410.8     0.88264
   1    4.445   169.833    37.575    2.440    422699.9     0.88324
   1    4.455   169.833    37.575    2.440    422987.9     0.88384
   1    4.464   169.833    37.575    2.440    423261.0     0.88441
   1    4.474   169.838    37.594    2.550    423631.8     0.88519
   1    4.483   169.838    37.594    2.550    423867.1     0.88568
   1    4.493   169.838    37.594    2.550    424228.0     0.88643
   1    4.502   169.838    37.594    2.550    424522.4     0.88705
   1    4.511   169.838    37.594    2.550    424837.4     0.88771
   1    4.521   169.838    37.594    2.550    425190.6     0.88845
   1    4.530   169.838    37.594    2.550    425459.7     0.88901
   1    4.540   169.838    37.594    2.550    425723.8     0.88956
   1    4.549   169.838    37.594    2.550    425995.6     0.89013
   1    4.559   169.838    37.594    2.550    426274.1     0.89071
   1    4.569   169.838    37.594    2.550    426616.0     0.89142
   1    4.578   169.838    37.594    2.550    426931.5     0.89208
   1    4.588   169.838    37.594    2.550    427202.6     0.89265
   1    4.597   169.838    37.594    2.550    427481.7     0.89323
   1    4.606   169.838    37.594    2.550    427703.6     0.89370
   1    4.616   169.838    37.594    2.550    428017.7     0.89435
   1    4.625   169.838    37.594    2.550    428299.2     0.89494
   1    4.635   169.838    37.594    2.550    428611.0     0.89559
   1    4.644   169.838    37.594    2.550    428807.7     0.89600
   1    4.654   169.838    37.594    2.550    429130.5     0.89668
   1    4.663   169.838    37.594    2.550    429498.7     0.89745
   1    4.673   169.838    37.594    2.550    429752.1     0.89798
   1    4.682   169.838    37.594    2.550    429958.6     0.89841
   1    4.692   169.838    37.594    2.550    430252.3     0.89902
   1    4.701   169.838    37.594    2.550    430451.6     0.89944
   1    4.711   169.838    37.594    2.550    430787.2     0.90014
   1    4.720   169.838    37.594    2.550    431063.0     0.90072
   1    4.730   169.838    37.594    2.550    431295.3     0.90120
   1    4.740   169.838    37.594    2.550    431531.5     0.90170
   1    4.749   169.838    37.594    2.550    431771.1     0.90220
   1    4.759   169.838    37.594    2.550    432040.5     0.90276
   1    4.768   169.838    37.594    2.550    432265.5     0.90323
   1    4.778   169.838    37.594    2.550    432534.3     0.90379
   1    4.787   169.838    37.594    2.550    432838.4     0.90443
   1    4.797   169.838    37.594    2.550    433081.4     0.90493
   1    4.806   169.838    37.594    2.550    433325.5     0.90544
   1    4.816   169.838    37.594    2.550    433559.4     0.90593
   1    4.825   169.838    37.594    2.550    433767.4     0.90637
   1    4.835   169.838    37.594    2.550    433969.4     0.90679
   1    4.844   169.838    37.594    2.550    434227.5     0.90733
   1    4.853   169.838    37.594    2.550    434441.5     0.90778
   1    4.863   169.838    37.594    2.550    434763.9     0.90845
   1    4.872   169.838    37.594    2.550    435025.1     0.90900
   1    4.882   169.838    37.594    2.550    435247.1     0.90946
   1    4.891   169.838    37.594    2.550    435452.6     0.90989
   1    4.901   169.838    37.594    2.550    435661.8     0.91033
   1    4.911   169.838    37.594    2.550    435908.5     0.91084
   1    4.920   169.838    37.594    2.550    436136.2     0.91132
   1    4.930   169.838    37.594    2.550    436383.2     0.91183
   1    4.939   169.838    37.594    2.550    436626.2     0.91234
   1    4.948   169.838    37.594    2.550    436830.4     0.91277
   1    4.958   169.838    37.594    2.550    437061.7     0.91325
   1    4.967   169.838    37.594    2.550    437248.8     0.91364
   1    4.977   169.838    37.594    2.550    437461.2     0.91409
   1    4.986   169.838    37.594    2.550    437666.3     0.91451
   1    4.996   169.838    37.594    2.550    437907.0     0.91502
   1    5.005   169.846    37.613    2.570    438194.6     0.91562
   1    5.015   169.846    37.613    2.570    438434.1     0.91612
   1    5.024   169.846    37.613    2.570    438581.7     0.91643
   1    5.034   169.846    37.613    2.570    438762.1     0.91680
   1    5.043   169.846    37.613    2.570    438960.4     0.91722
   1    5.053   169.846    37.613    2.570    439192.3     0.91770
   1    5.062   169.846    37.613    2.570    439392.4     0.91812
   1    5.072   169.846    37.613    2.570    439626.9     0.91861
   1    5.082   169.846    37.613    2.570    439807.9     0.91899
   1    5.091   169.846    37.613    2.570    440022.1     0.91944
   1    5.101   169.852    37.623    2.630    440189.9     0.91979
   1    5.110   169.852    37.623    2.630    440407.6     0.92024
   1    5.120   169.852    37.623    2.630    440637.0     0.92072
   1    5.129   169.852    37.623    2.630    440876.4     0.92122
   1    5.139   169.852    37.623    2.630    441065.8     0.92162
   1    5.148   169.852    37.623    2.630    441260.3     0.92202
   1    5.158   169.852    37.623    2.630    441416.9     0.92235
   1    5.167   169.852    37.623    2.630    441584.6     0.92270
   1    5.177   169.852    37.623    2.630    441788.9     0.92313
   1    5.186   169.852    37.623    2.630    441972.9     0.92351
   1    5.195   169.852    37.623    2.630    442124.8     0.92383
   1    5.205   169.852    37.623    2.630    442321.2     0.92424
   1    5.214   169.852    37.623    2.630    442563.9     0.92475
   1    5.224   169.852    37.623    2.630    442757.6     0.92515
   1    5.234   169.852    37.623    2.630    442965.8     0.92559
   1    5.243   169.852    37.623    2.630    443098.8     0.92587
   1    5.253   169.852    37.623    2.630    443264.6     0.92621
   1    5.262   169.852    37.623    2.630    443474.4     0.92665
   1    5.272   169.852    37.623    2.630    443664.4     0.92705
   1    5.281   169.852    37.623    2.630    443766.7     0.92726
   1    5.290   169.852    37.623    2.630    443966.7     0.92768
   1    5.300   169.852    37.623    2.630    444129.1     0.92802
   1    5.309   169.852    37.623    2.630    444377.7     0.92854
   1    5.319   169.852    37.623    2.630    444522.4     0.92884
   1    5.328   169.852    37.623    2.630    444748.3     0.92931
   1    5.338   169.852    37.623    2.630    444890.8     0.92961
   1    5.347   169.852    37.623    2.630    445094.0     0.93003
   1    5.357   169.852    37.623    2.630    445254.3     0.93037
   1    5.366   169.852    37.623    2.630    445422.8     0.93072
   1    5.376   169.852    37.623    2.630    445561.4     0.93101
   1    5.385   169.858    37.632    2.630    445711.7     0.93133
   1    5.395   169.858    37.632    2.630    445909.0     0.93174
   1    5.405   169.858    37.632    2.630    446101.0     0.93214
   1    5.414   169.858    37.632    2.630    446277.0     0.93251
   1    5.424   169.858    37.632    2.630    446426.2     0.93282
   1    5.433   169.858    37.632    2.630    446624.9     0.93323
   1    5.443   169.858    37.632    2.630    446780.5     0.93356
   1    5.452   169.858    37.632    2.630    446920.0     0.93385
   1    5.462   169.858    37.632    2.630    447080.1     0.93418
   1    5.471   169.858    37.632    2.630    447214.3     0.93447
   1    5.481   169.858    37.632    2.630    447353.8     0.93476
   1    5.490   169.858    37.632    2.630    447506.4     0.93508
   1    5.500   169.858    37.632    2.630    447689.5     0.93546
   1    5.509   169.858    37.632    2.630    447858.8     0.93581
   1    5.518   169.858    37.632    2.630    448029.7     0.93617
   1    5.528   169.858    37.632    2.630    448221.9     0.93657
   1    5.537   169.858    37.632    2.630    448375.3     0.93689
   1    5.547   169.858    37.632    2.630    448511.1     0.93718
   1    5.556   169.858    37.632    2.630    448665.8     0.93750
   1    5.566   169.858    37.632    2.630    448774.5     0.93773
   1    5.576   169.858    37.632    2.630    448919.3     0.93803
   1    5.585   169.858    37.632    2.630    449062.7     0.93833
   1    5.595   169.858    37.632    2.630    449249.4     0.93872
   1    5.604   169.858    37.632    2.630    449397.1     0.93903
   1    5.614   169.858    37.632    2.630    449568.6     0.93938
   1    5.623   169.858    37.632    2.630    449760.1     0.93979
   1    5.633   169.858    37.632    2.630    449913.2     0.94010
   1    5.642   169.858    37.632    2.630    450039.7     0.94037
   1    5.652   169.858    37.632    2.630    450208.8     0.94072
   1    5.661   169.860    37.634    2.630    450323.0     0.94096
   1    5.670   169.860    37.634    2.630    450477.8     0.94128
   1    5.680   169.860    37.634    2.630    450604.1     0.94155
   1    5.689   169.860    37.634    2.630    450748.5     0.94185
   1    5.699   169.860    37.634    2.630    450887.9     0.94214
   1    5.708   169.860    37.634    2.630    451005.5     0.94239
   1    5.718   169.860    37.634    2.630    451175.3     0.94274
   1    5.727   169.860    37.634    2.630    451342.0     0.94309
   1    5.737   169.860    37.634    2.630    451484.2     0.94339
   1    5.747   169.860    37.634    2.630    451650.9     0.94374
   1    5.756   169.860    37.634    2.630    451754.7     0.94395
   1    5.766   169.860    37.634    2.630    451874.6     0.94420
   1    5.775   169.860    37.634    2.630    451988.3     0.94444
   1    5.785   169.860    37.634    2.630    452112.8     0.94470
   1    5.794   169.860    37.634    2.630    452246.9     0.94498
   1    5.804   169.860    37.634    2.630    452393.4     0.94529
   1    5.813   169.860    37.634    2.630    452551.1     0.94562
   1    5.823   169.860    37.634    2.630    452711.7     0.94595
   1    5.832   169.864    37.642    2.620    452871.3     0.94629
   1    5.841   169.864    37.642    2.620    452994.8     0.94654
   1    5.851   169.864    37.642    2.620    453085.3     0.94673
   1    5.860   169.864    37.642    2.620    453221.1     0.94702
   1    5.870   169.864    37.642    2.620    453345.6     0.94728
   1    5.879   169.864    37.642    2.620    453471.2     0.94754
   1    5.889   169.864    37.642    2.620    453602.8     0.94781
   1    5.898   169.864    37.642    2.620    453748.6     0.94812
   1    5.908   169.864    37.642    2.620    453871.8     0.94838
   1    5.918   169.864    37.642    2.620    454014.2     0.94867
   1    5.927   169.864    37.642    2.620    454133.0     0.94892
   1    5.937   169.864    37.642    2.620    454261.1     0.94919
   1    5.946   169.864    37.642    2.620    454396.0     0.94947
   1    5.956   169.864    37.642    2.620    454523.4     0.94974
   1    5.965   169.864    37.642    2.620    454641.2     0.94998
   1    5.975   169.864    37.642    2.620    454727.5     0.95016
   1    5.984   169.864    37.642    2.620    454827.2     0.95037
   1    5.994   169.864    37.642    2.620    454953.2     0.95064
   1    6.003   169.865    37.643    2.650    455076.7     0.95089
   1    6.012   169.865    37.643    2.650    455224.0     0.95120
   1    6.022   169.865    37.643    2.650    455366.6     0.95150
   1    6.031   169.865    37.643    2.650    455525.3     0.95183
   1    6.041   169.865    37.643    2.650    455633.8     0.95206
   1    6.050   169.865    37.643    2.650    455712.2     0.95222
   1    6.060   169.865    37.643    2.650    455823.5     0.95245
   1    6.069   169.865    37.643    2.650    455918.7     0.95265
   1    6.079   169.865    37.643    2.650    456038.3     0.95290
   1    6.089   169.870    37.649    2.660    456175.8     0.95319
   1    6.098   169.870    37.649    2.660    456292.1     0.95343
   1    6.108   169.870    37.649    2.660    456411.5     0.95368
   1    6.117   169.870    37.649    2.660    456530.6     0.95393
   1    6.127   169.870    37.649    2.660    456676.7     0.95424
   1    6.136   169.870    37.649    2.660    456762.2     0.95442
   1    6.146   169.870    37.649    2.660    456881.9     0.95467
   1    6.155   169.870    37.649    2.660    457000.0     0.95491
   1    6.165   169.870    37.649    2.660    457105.2     0.95513
   1    6.174   169.870    37.649    2.660    457208.9     0.95535
   1    6.183   169.870    37.649    2.660    457318.7     0.95558
   1    6.193   169.870    37.649    2.660    457419.5     0.95579
   1    6.202   169.870    37.649    2.660    457536.0     0.95603
   1    6.212   169.870    37.649    2.660    457672.5     0.95632
   1    6.221   169.870    37.649    2.660    457789.4     0.95656
   1    6.231   169.870    37.649    2.660    457872.6     0.95674
   1    6.240   169.870    37.649    2.660    458002.3     0.95701
   1    6.250   169.870    37.649    2.660    458113.6     0.95724
   1    6.260   169.870    37.649    2.660    458215.5     0.95745
   1    6.269   169.870    37.649    2.660    458291.8     0.95761
   1    6.279   169.870    37.649    2.660    458362.5     0.95776
   1    6.288   169.870    37.649    2.660    458517.2     0.95808
   1    6.298   169.870    37.649    2.660    458608.8     0.95827
   1    6.307   169.870    37.649    2.660    458709.6     0.95849
   1    6.317   169.870    37.649    2.660    458840.9     0.95876
   1    6.326   169.872    37.654    2.660    458940.6     0.95897
   1    6.335   169.872    37.654    2.660    459047.8     0.95919
   1    6.345   169.872    37.654    2.660    459165.3     0.95944
   1    6.354   169.872    37.654    2.660    459253.4     0.95962
   1    6.364   169.872    37.654    2.660    459343.4     0.95981
   1    6.373   169.872    37.654    2.660    459428.1     0.95999
   1    6.383   169.872    37.654    2.660    459545.1     0.96023
   1    6.392   169.872    37.654    2.660    459656.1     0.96046
   1    6.402   169.872    37.654    2.660    459755.1     0.96067
   1    6.411   169.877    37.658    2.670    459862.1     0.96089
   1    6.421   169.877    37.658    2.670    459962.2     0.96110
   1    6.431   169.877    37.658    2.670    460092.0     0.96137
   1    6.440   169.877    37.658    2.670    460169.3     0.96154
   1    6.450   169.877    37.658    2.670    460246.7     0.96170
   1    6.459   169.877    37.658    2.670    460327.0     0.96186
   1    6.469   169.877    37.658    2.670    460416.0     0.96205
   1    6.478   169.877    37.658    2.670    460520.8     0.96227
   1    6.488   169.877    37.658    2.670    460627.4     0.96249
   1    6.497   169.877    37.658    2.670    460724.2     0.96269
   1    6.506   169.877    37.658    2.670    460820.3     0.96290
   1    6.516   169.877    37.658    2.670    460921.0     0.96311
   1    6.525   169.877    37.658    2.670    461017.7     0.96331
   1    6.535   169.877    37.658    2.670    461107.0     0.96349
   1    6.544   169.877    37.658    2.670    461179.3     0.96365
   1    6.554   169.877    37.658    2.670    461275.1     0.96385
   1    6.563   169.877    37.658    2.670    461361.5     0.96403
   1    6.573   169.877    37.658    2.670    461446.2     0.96420
   1    6.582   169.877    37.658    2.670    461543.7     0.96441
   1    6.592   169.877    37.658    2.670    461620.7     0.96457
   1    6.602   169.877    37.658    2.670    461735.1     0.96481
   1    6.611   169.877    37.658    2.670    461837.6     0.96502
   1    6.621   169.877    37.658    2.670    461914.7     0.96518
   1    6.630   169.877    37.658    2.670    462009.8     0.96538
   1    6.640   169.877    37.658    2.670    462102.8     0.96558
   1    6.649   169.877    37.658    2.670    462190.3     0.96576
   1    6.659   169.877    37.658    2.670    462254.8     0.96589
   1    6.668   169.877    37.658    2.670    462331.9     0.96605
   1    6.677   169.877    37.658    2.670    462417.5     0.96623
   1    6.687   169.877    37.658    2.670    462495.3     0.96640
   1    6.696   169.877    37.658    2.670    462602.3     0.96662
   1    6.706   169.877    37.658    2.670    462683.6     0.96679
   1    6.715   169.880    37.662    2.700    462773.5     0.96698
   1    6.725   169.880    37.662    2.700    462848.3     0.96713
   1    6.734   169.880    37.662    2.700    462930.1     0.96730
   1    6.744   169.880    37.662    2.700    463019.0     0.96749
   1    6.753   169.880    37.662    2.700    463093.2     0.96764
   1    6.763   169.880    37.662    2.700    463151.3     0.96777
   1    6.773   169.880    37.662    2.700    463231.6     0.96793
   1    6.782   169.880    37.662    2.700    463330.5     0.96814
   1    6.792   169.880    37.662    2.700    463404.8     0.96830
   1    6.801   169.880    37.662    2.700    463494.3     0.96848
   1    6.811   169.880    37.662    2.700    463565.5     0.96863
   1    6.820   169.880    37.662    2.700    463647.3     0.96880
   1    6.830   169.880    37.662    2.700    463719.9     0.96895
   1    6.839   169.880    37.662    2.700    463808.9     0.96914
   1    6.848   169.880    37.662    2.700    463884.3     0.96930
   1    6.858   169.880    37.662    2.700    463958.6     0.96945
   1    6.867   169.880    37.662    2.700    464017.2     0.96958
   1    6.877   169.880    37.662    2.700    464115.4     0.96978
   1    6.886   169.880    37.662    2.700    464168.2     0.96989
   1    6.896   169.880    37.662    2.700    464252.5     0.97007
   1    6.905   169.880    37.662    2.700    464316.2     0.97020
   1    6.915   169.880    37.662    2.700    464406.5     0.97039
   1    6.924   169.880    37.662    2.700    464483.1     0.97055
   1    6.934   169.880    37.662    2.700    464560.0     0.97071
   1    6.944   169.880    37.662    2.700    464622.9     0.97084
   1    6.953   169.880    37.662    2.700    464674.9     0.97095
   1    6.963   169.880    37.662    2.700    464751.5     0.97111
   1    6.972   169.880    37.662    2.700    464835.8     0.97129
   1    6.982   169.880    37.662    2.700    464906.8     0.97143
   1    6.991   169.880    37.662    2.700    464983.5     0.97159
   1    7.001   169.881    37.664    2.700    465064.1     0.97176
   1    7.010   169.881    37.664    2.700    465113.0     0.97187
   1    7.019   169.881    37.664    2.700    465194.0     0.97203
   1    7.029   169.881    37.664    2.700    465260.8     0.97217
   1    7.038   169.881    37.664    2.700    465329.3     0.97232
   1    7.048   169.881    37.664    2.700    465401.9     0.97247
   1    7.057   169.881    37.664    2.700    465475.4     0.97262
   1    7.067   169.881    37.664    2.700    465529.9     0.97274
   1    7.076   169.885    37.669    2.700    465608.3     0.97290
   1    7.086   169.885    37.669    2.700    465685.3     0.97306
   1    7.095   169.885    37.669    2.700    465755.7     0.97321
   1    7.105   169.885    37.669    2.700    465813.3     0.97333
   1    7.115   169.885    37.669    2.700    465881.9     0.97347
   1    7.124   169.885    37.669    2.700    465958.0     0.97363
   1    7.134   169.885    37.669    2.700    466024.9     0.97377
   1    7.143   169.885    37.669    2.700    466080.7     0.97389
   1    7.153   169.885    37.669    2.700    466147.3     0.97403
   1    7.162   169.885    37.669    2.700    466213.8     0.97417
   1    7.172   169.885    37.669    2.700    466278.5     0.97430
   1    7.181   169.885    37.669    2.700    466351.2     0.97445
   1    7.190   169.885    37.669    2.700    466428.8     0.97461
   1    7.200   169.885    37.669    2.700    466481.9     0.97473
   1    7.209   169.885    37.669    2.700    466557.7     0.97488
   1    7.219   169.886    37.670    2.700    466609.9     0.97499
   1    7.228   169.886    37.670    2.700    466669.6     0.97512
   1    7.238   169.886    37.670    2.700    466713.9     0.97521
   1    7.247   169.886    37.670    2.700    466790.5     0.97537
   1    7.257   169.886    37.670    2.700    466856.2     0.97551
   1    7.266   169.886    37.670    2.700    466914.8     0.97563
   1    7.276   169.886    37.670    2.700    466984.9     0.97578
   1    7.286   169.890    37.675    2.700    467051.9     0.97592
   1    7.295   169.890    37.675    2.700    467125.5     0.97607
   1    7.305   169.890    37.675    2.700    467176.3     0.97618
   1    7.314   169.890    37.675    2.700    467237.1     0.97630
   1    7.324   169.890    37.675    2.700    467285.1     0.97640
   1    7.333   169.890    37.675    2.700    467343.8     0.97653
   1    7.343   169.890    37.675    2.700    467408.8     0.97666
   1    7.352   169.890    37.675    2.700    467465.0     0.97678
   1    7.361   169.890    37.675    2.700    467520.1     0.97689
   1    7.371   169.890    37.675    2.700    467584.4     0.97703
   1    7.380   169.890    37.675    2.700    467652.7     0.97717
   1    7.390   169.890    37.675    2.700    467726.0     0.97733
   1    7.399   169.890    37.675    2.700    467772.9     0.97742
   1    7.409   169.890    37.675    2.700    467833.0     0.97755
   1    7.418   169.890    37.675    2.700    467874.2     0.97763
   1    7.428   169.890    37.675    2.700    467937.4     0.97777
   1    7.438   169.890    37.675    2.700    467995.3     0.97789
   1    7.447   169.890    37.675    2.700    468040.4     0.97798
   1    7.457   169.890    37.675    2.700    468096.8     0.97810
   1    7.466   169.890    37.675    2.700    468159.1     0.97823
   1    7.476   169.890    37.675    2.700    468226.2     0.97837
   1    7.485   169.890    37.675    2.700    468288.5     0.97850
   1    7.495   169.890    37.675    2.700    468340.1     0.97861
   1    7.504   169.890    37.675    2.700    468391.2     0.97872
   1    7.514   169.890    37.675    2.700    468446.2     0.97883
   1    7.523   169.890    37.675    2.700    468497.6     0.97894
   1    7.532   169.890    37.675    2.700    468555.8     0.97906
   1    7.542   169.890    37.675    2.700    468607.9     0.97917
   1    7.551   169.890    37.675    2.700    468653.0     0.97926
   1    7.561   169.890    37.675    2.700    468713.4     0.97939
   1    7.570   169.890    37.675    2.700    468777.7     0.97952
   1    7.580   169.890    37.675    2.700    468836.0     0.97964
   1    7.589   169.890    37.675    2.700    468890.6     0.97976
   1    7.599   169.890    37.675    2.700    468944.0     0.97987
   1    7.609   169.890    37.675    2.700    469002.0     0.97999
   1    7.618   169.890    37.680    2.700    469055.1     0.98010
   1    7.628   169.890    37.680    2.700    469100.8     0.98020
   1    7.637   169.890    37.680    2.700    469146.2     0.98029
   1    7.647   169.890    37.680    2.700    469200.6     0.98041
   1    7.656   169.890    37.680    2.700    469251.6     0.98051
   1    7.666   169.890    37.680    2.700    469304.8     0.98062
   1    7.675   169.890    37.680    2.700    469377.6     0.98078
   1    7.685   169.890    37.680    2.700    469418.7     0.98086
   1    7.694   169.890    37.680    2.700    469465.6     0.98096
   1    7.703   169.890    37.680    2.700    469523.5     0.98108
   1    7.713   169.890    37.680    2.700    469559.2     0.98116
   1    7.722   169.890    37.680    2.700    469615.2     0.98127
   1    7.732   169.890    37.680    2.700    469653.3     0.98135
   1    7.741   169.890    37.680    2.700    469706.7     0.98146
   1    7.751   169.890    37.680    2.700    469757.9     0.98157
   1    7.760   169.890    37.680    2.700    469801.2     0.98166
   1    7.770   169.890    37.680    2.700    469849.2     0.98176
   1    7.780   169.890    37.680    2.700    469905.4     0.98188
   1    7.789   169.890    37.680    2.700    469954.6     0.98198
   1    7.799   169.890    37.680    2.700    470001.3     0.98208
   1    7.808   169.890    37.680    2.700    470049.9     0.98218
   1    7.818   169.892    37.682    2.830    470093.8     0.98227
   1    7.827   169.892    37.682    2.830    470131.2     0.98235
   1    7.837   169.892    37.682    2.830    470182.2     0.98246
   1    7.846   169.892    37.682    2.830    470227.2     0.98255
   1    7.856   169.892    37.682    2.830    470271.2     0.98264
   1    7.865   169.892    37.682    2.830    470315.2     0.98274
   1    7.874   169.892    37.682    2.830    470371.1     0.98285
   1    7.884   169.892    37.682    2.830    470420.0     0.98295
   1    7.893   169.892    37.682    2.830    470461.7     0.98304
   1    7.903   169.892    37.682    2.830    470495.1     0.98311
   1    7.912   169.892    37.682    2.830    470537.9     0.98320
   1    7.922   169.892    37.682    2.830    470580.6     0.98329
   1    7.931   169.892    37.682    2.830    470621.8     0.98338
   1    7.941   169.892    37.682    2.830    470672.7     0.98348
   1    7.951   169.892    37.682    2.830    470709.2     0.98356
   1    7.960   169.892    37.682    2.830    470750.9     0.98365
   1    7.970   169.892    37.682    2.830    470795.7     0.98374
   1    7.979   169.892    37.682    2.830    470844.2     0.98384
   1    7.989   169.892    37.682    2.830    470884.9     0.98393
   1    7.998   169.892    37.682    2.830    470929.1     0.98402
   1    8.007   169.894    37.684    2.830    470971.6     0.98411
   1    8.017   169.894    37.684    2.830    471010.1     0.98419
   1    8.027   169.894    37.684    2.830    471045.5     0.98426
   1    8.036   169.894    37.684    2.830    471083.1     0.98434
   1    8.045   169.894    37.684    2.830    471119.8     0.98442
   1    8.055   169.894    37.684    2.830    471163.8     0.98451
   1    8.064   169.897    37.687    2.840    471210.8     0.98461
   1    8.074   169.897    37.687    2.840    471255.5     0.98470
   1    8.083   169.897    37.687    2.840    471309.1     0.98481
   1    8.093   169.897    37.687    2.840    471342.5     0.98488
   1    8.102   169.897    37.687    2.840    471374.9     0.98495
   1    8.112   169.897    37.687    2.840    471412.3     0.98503
   1    8.122   169.897    37.687    2.840    471439.7     0.98509
   1    8.131   169.897    37.687    2.840    471485.0     0.98518
   1    8.141   169.897    37.687    2.840    471521.5     0.98526
   1    8.150   169.897    37.687    2.840    471562.1     0.98534
   1    8.160   169.897    37.687    2.840    471606.7     0.98543
   1    8.169   169.897    37.687    2.840    471656.2     0.98554
   1    8.179   169.897    37.687    2.840    471694.0     0.98562
   1    8.188   169.897    37.687    2.840    471727.2     0.98569
   1    8.198   169.897    37.687    2.840    471763.5     0.98576
   1    8.207   169.897    37.687    2.840    471804.7     0.98585
   1    8.216   169.897    37.687    2.840    471837.8     0.98592
   1    8.226   169.897    37.687    2.840    471883.0     0.98601
   1    8.236   169.897    37.687    2.840    471912.7     0.98607
   1    8.245   169.897    37.687    2.840    471943.2     0.98614
   1    8.254   169.897    37.689    2.840    471981.8     0.98622
   1    8.264   169.897    37.689    2.840    472028.2     0.98631
   1    8.274   169.897    37.689    2.840    472074.2     0.98641
   1    8.283   169.897    37.689    2.840    472107.5     0.98648
   1    8.292   169.897    37.689    2.840    472151.2     0.98657
   1    8.302   169.897    37.689    2.840    472188.3     0.98665
   1    8.312   169.897    37.689    2.840    472221.1     0.98672
   1    8.321   169.897    37.689    2.840    472251.2     0.98678
   1    8.330   169.897    37.689    2.840    472280.5     0.98684
   1    8.340   169.897    37.689    2.840    472311.0     0.98691
   1    8.350   169.897    37.689    2.840    472358.1     0.98700
   1    8.359   169.897    37.689    2.840    472407.0     0.98711
   1    8.368   169.897    37.689    2.840    472448.2     0.98719
   1    8.378   169.897    37.689    2.840    472481.5     0.98726
   1    8.387   169.897    37.689    2.840    472519.5     0.98734
   1    8.397   169.897    37.689    2.840    472550.0     0.98741
   1    8.406   169.897    37.689    2.840    472585.5     0.98748
   1    8.416   169.897    37.689    2.840    472620.8     0.98755
   1    8.425   169.897    37.689    2.840    472651.1     0.98762
   1    8.435   169.897    37.689    2.840    472688.2     0.98769
   1    8.444   169.897    37.689    2.840    472723.9     0.98777
   1    8.454   169.897    37.689    2.840    472759.5     0.98784
   1    8.464   169.897    37.689    2.840    472794.2     0.98792
   1    8.473   169.897    37.689    2.840    472839.6     0.98801
   1    8.483   169.897    37.689    2.840    472877.8     0.98809
   1    8.492   169.900    37.691    2.840    472917.0     0.98817
   1    8.502   169.900    37.691    2.840    472946.3     0.98823
   1    8.511   169.900    37.691    2.840    472979.0     0.98830
   1    8.521   169.900    37.691    2.840    473015.2     0.98838
   1    8.530   169.900    37.691    2.840    473047.9     0.98845
   1    8.540   169.900    37.691    2.840    473073.2     0.98850
   1    8.549   169.898    37.695    2.850    473098.3     0.98855
   1    8.559   169.898    37.695    2.850    473144.5     0.98865
   1    8.568   169.898    37.695    2.850    473191.6     0.98875
   1    8.577   169.898    37.695    2.850    473236.2     0.98884
   1    8.587   169.898    37.695    2.850    473263.6     0.98890
   1    8.597   169.898    37.695    2.850    473292.4     0.98896
   1    8.606   169.902    37.695    2.850    473318.9     0.98901
   1    8.615   169.902    37.695    2.850    473356.2     0.98909
   1    8.625   169.902    37.695    2.850    473384.9     0.98915
   1    8.635   169.902    37.695    2.850    473415.4     0.98921
   1    8.644   169.902    37.695    2.850    473442.3     0.98927
   1    8.653   169.902    37.695    2.850    473487.1     0.98936
   1    8.663   169.902    37.695    2.850    473522.5     0.98944
   1    8.673   169.902    37.695    2.850    473561.2     0.98952
   1    8.682   169.902    37.695    2.850    473585.0     0.98957
   1    8.691   169.902    37.695    2.850    473595.1     0.98959
   1    8.701   169.902    37.695    2.850    473641.2     0.98968
   1    8.710   169.902    37.695    2.850    473679.7     0.98977
   1    8.720   169.902    37.695    2.850    473699.4     0.98981
   1    8.729   169.902    37.695    2.850    473722.7     0.98986
   1    8.739   169.902    37.695    2.850    473747.2     0.98991
   1    8.748   169.902    37.695    2.850    473779.8     0.98997
   1    8.758   169.902    37.695    2.850    473811.8     0.99004
   1    8.767   169.902    37.695    2.850    473850.9     0.99012
   1    8.777   169.902    37.695    2.850    473878.7     0.99018
   1    8.786   169.902    37.695    2.850    473907.7     0.99024
   1    8.796   169.902    37.695    2.850    473939.6     0.99031
   1    8.806   169.902    37.695    2.850    473960.7     0.99035
   1    8.815   169.902    37.695    2.850    473982.2     0.99040
   1    8.825   169.902    37.695    2.850    473996.2     0.99043
   1    8.834   169.902    37.695    2.850    474028.4     0.99049
   1    8.844   169.902    37.695    2.850    474055.4     0.99055
   1    8.853   169.902    37.695    2.850    474089.3     0.99062
   1    8.863   169.902    37.695    2.850    474110.8     0.99067
   1    8.872   169.902    37.695    2.850    474133.4     0.99071
   1    8.882   169.902    37.695    2.850    474157.6     0.99076
   1    8.891   169.902    37.695    2.850    474186.4     0.99082
   1    8.900   169.902    37.695    2.850    474207.3     0.99087
   1    8.910   169.902    37.695    2.850    474221.0     0.99090
   1    8.920   169.902    37.695    2.850    474250.2     0.99096
   1    8.929   169.902    37.695    2.850    474285.4     0.99103
   1    8.938   169.902    37.695    2.850    474304.8     0.99107
   1    8.948   169.906    37.697    2.850    474330.9     0.99113
   1    8.958   169.906    37.697    2.850    474347.9     0.99116
   1    8.967   169.906    37.697    2.850    474370.6     0.99121
   1    8.976   169.906    37.697    2.850    474398.8     0.99127
   1    8.986   169.906    37.697    2.850    474428.7     0.99133
   1    8.996   169.906    37.697    2.850    474448.1     0.99137
   1    9.005   169.904    37.697    2.850    474467.5     0.99141
   1    9.014   169.904    37.697    2.850    474494.3     0.99147
   1    9.024   169.904    37.697    2.850    474517.0     0.99152
   1    9.034   169.904    37.697    2.850    474536.0     0.99155
   1    9.043   169.904    37.697    2.850    474548.8     0.99158
   1    9.052   169.904    37.697    2.850    474573.5     0.99163
   1    9.062   169.905    37.698    2.850    474613.3     0.99172
   1    9.071   169.905    37.698    2.850    474636.0     0.99176
   1    9.081   169.905    37.698    2.850    474656.7     0.99181
   1    9.090   169.905    37.698    2.850    474677.1     0.99185
   1    9.100   169.905    37.698    2.850    474695.0     0.99189
   1    9.109   169.905    37.698    2.850    474721.4     0.99194
   1    9.119   169.905    37.698    2.850    474742.2     0.99199
   1    9.128   169.905    37.698    2.850    474759.4     0.99202
   1    9.138   169.905    37.698    2.850    474778.2     0.99206
   1    9.148   169.905    37.698    2.850    474812.5     0.99213
   1    9.157   169.905    37.698    2.850    474831.0     0.99217
   1    9.167   169.905    37.698    2.850    474849.4     0.99221
   1    9.176   169.905    37.698    2.850    474869.1     0.99225
   1    9.186   169.905    37.698    2.850    474880.0     0.99227
   1    9.195   169.905    37.698    2.850    474917.8     0.99235
   1    9.205   169.905    37.698    2.850    474938.6     0.99240
   1    9.214   169.905    37.698    2.850    474952.3     0.99242
   1    9.223   169.910    37.696    2.850    474972.8     0.99247
   1    9.233   169.910    37.696    2.850    474991.2     0.99251
   1    9.243   169.910    37.696    2.850    475012.9     0.99255
   1    9.252   169.910    37.696    2.850    475037.3     0.99260
   1    9.261   169.910    37.696    2.850    475054.5     0.99264
   1    9.271   169.910    37.696    2.850    475080.7     0.99269
   1    9.281   169.910    37.696    2.850    475103.5     0.99274
   1    9.290   169.910    37.696    2.850    475124.7     0.99278
   1    9.299   169.910    37.696    2.850    475136.2     0.99281
   1    9.309   169.910    37.696    2.850    475156.4     0.99285
   1    9.319   169.910    37.696    2.850    475166.2     0.99287
   1    9.328   169.910    37.696    2.850    475192.5     0.99293
   1    9.337   169.910    37.696    2.850    475213.4     0.99297
   1    9.347   169.910    37.696    2.850    475235.5     0.99302
   1    9.357   169.910    37.696    2.850    475249.3     0.99305
   1    9.366   169.910    37.696    2.850    475270.1     0.99309
   1    9.375   169.910    37.696    2.850    475289.2     0.99313
   1    9.385   169.910    37.696    2.850    475313.3     0.99318
   1    9.394   169.910    37.696    2.850    475326.2     0.99321
   1    9.404   169.910    37.696    2.850    475342.6     0.99324
   1    9.413   169.910    37.696    2.850    475367.0     0.99329
   1    9.423   169.910    37.696    2.850    475384.6     0.99333
   1    9.432   169.910    37.696    2.850    475399.9     0.99336
   1    9.442   169.913    37.698    2.850    475421.5     0.99340
   1    9.451   169.913    37.698    2.850    475444.2     0.99345
   1    9.461   169.913    37.698    2.850    475456.9     0.99348
   1    9.470   169.913    37.698    2.850    475478.4     0.99352
   1    9.480   169.913    37.698    2.850    475499.3     0.99357
   1    9.490   169.917    37.699    2.860    475520.9     0.99361
   1    9.499   169.917    37.699    2.860    475537.5     0.99365
   1    9.509   169.917    37.699    2.860    475553.9     0.99368
   1    9.518   169.917    37.699    2.860    475565.1     0.99371
   1    9.528   169.917    37.699    2.860    475584.6     0.99375
   1    9.537   169.917    37.699    2.860    475608.9     0.99380
   1    9.547   169.917    37.699    2.860    475639.5     0.99386
   1    9.556   169.917    37.699    2.860    475648.6     0.99388
   1    9.566   169.917    37.699    2.860    475662.6     0.99391
   1    9.575   169.917    37.699    2.860    475681.2     0.99395
   1    9.585   169.917    37.699    2.860    475704.8     0.99400
   1    9.594   169.917    37.699    2.860    475715.3     0.99402
   1    9.604   169.917    37.699    2.860    475736.8     0.99406
   1    9.613   169.917    37.699    2.860    475758.1     0.99411
   1    9.623   169.917    37.699    2.860    475772.5     0.99414
   1    9.632   169.917    37.699    2.860    475799.2     0.99419
   1    9.642   169.917    37.699    2.860    475817.2     0.99423
   1    9.651   169.917    37.699    2.860    475837.7     0.99427
   1    9.660   169.917    37.699    2.860    475852.0     0.99430
   1    9.670   169.917    37.699    2.860    475868.3     0.99434
   1    9.679   169.917    37.699    2.860    475893.3     0.99439
   1    9.689   169.917    37.699    2.860    475914.8     0.99444
   1    9.698   169.917    37.699    2.860    475933.7     0.99448
   1    9.708   169.917    37.699    2.860    475952.9     0.99452
   1    9.717   169.917    37.699    2.860    475975.1     0.99456
   1    9.727   169.917    37.699    2.860    475989.5     0.99459
   1    9.736   169.917    37.699    2.860    476012.1     0.99464
   1    9.746   169.917    37.699    2.860    476038.1     0.99469
   1    9.755   169.917    37.699    2.860    476051.0     0.99472
   1    9.765   169.917    37.699    2.860    476074.6     0.99477
   1    9.774   169.917    37.699    2.860    476096.1     0.99481
   1    9.784   169.917    37.699    2.860    476115.2     0.99485
   1    9.793   169.917    37.699    2.860    476135.1     0.99490
   1    9.803   169.917    37.699    2.860    476160.1     0.99495
   1    9.812   169.917    37.699    2.860    476175.5     0.99498
   1    9.822   169.917    37.699    2.860    476202.8     0.99504
   1    9.832   169.917    37.699    2.860    476227.9     0.99509
   1    9.841   169.917    37.699    2.860    476246.2     0.99513
   1    9.851   169.917    37.698    2.850    476272.2     0.99518
   1    9.860   169.917    37.698    2.850    476298.4     0.99524
   1    9.870   169.917    37.698    2.850    476315.2     0.99527
   1    9.879   169.917    37.698    2.850    476336.8     0.99532
   1    9.889   169.917    37.698    2.850    476361.8     0.99537
   1    9.898   169.917    37.698    2.850    476384.3     0.99542
   1    9.908   169.919    37.697    2.850    476413.7     0.99548
   1    9.917   169.919    37.697    2.850    476439.1     0.99553
   1    9.927   169.919    37.697    2.850    476459.8     0.99557
   1    9.936   169.919    37.697    2.850    476482.9     0.99562
   1    9.946   169.919    37.697    2.850    476503.2     0.99567
   1    9.955   169.919    37.697    2.850    476523.8     0.99571
   1    9.965   169.919    37.697    2.850    476557.1     0.99578
   1    9.974   169.919    37.697    2.850    476575.1     0.99582
   1    9.983   169.919    37.697    2.850    476601.4     0.99587
   1    9.993   169.919    37.697    2.850    476632.1     0.99593
   1   10.002   169.921    37.698    2.860    476652.8     0.99598
   1   10.012   169.921    37.698    2.860    476668.7     0.99601
   1   10.021   169.921    37.698    2.860    476696.7     0.99607
   1   10.031   169.921    37.698    2.860    476720.9     0.99612
   1   10.040   169.921    37.698    2.860    476750.2     0.99618
   1   10.050   169.922    37.699    2.860    476770.9     0.99622
   1   10.059   169.922    37.699    2.860    476794.0     0.99627
   1   10.069   169.922    37.699    2.860    476821.1     0.99633
   1   10.078   169.922    37.699    2.860    476845.8     0.99638
   1   10.088   169.922    37.699    2.860    476871.1     0.99643
   1   10.097   169.922    37.699    2.860    476888.6     0.99647
   1   10.107   169.922    37.699    2.860    476916.3     0.99653
   1   10.116   169.922    37.699    2.860    476943.2     0.99658
   1   10.126   169.922    37.699    2.860    476967.6     0.99664
   1   10.135   169.922    37.699    2.860    476992.2     0.99669
   1   10.145   169.922    37.699    2.860    477013.7     0.99673
   1   10.155   169.922    37.699    2.860    477041.5     0.99679
   1   10.164   169.922    37.699    2.860    477065.1     0.99684
   1   10.174   169.922    37.699    2.860    477089.6     0.99689
   1   10.183   169.922    37.699    2.860    477119.3     0.99695
   1   10.193   169.922    37.699    2.860    477136.9     0.99699
   1   10.202   169.922    37.701    2.860    477166.4     0.99705
   1   10.212   169.922    37.701    2.860    477199.6     0.99712
   1   10.221   169.922    37.701    2.860    477213.2     0.99715
   1   10.231   169.922    37.701    2.860    477233.4     0.99719
   1   10.240   169.922    37.701    2.860    477261.2     0.99725
   1   10.250   169.922    37.701    2.860    477286.3     0.99730
   1   10.259   169.922    37.701    2.860    477311.9     0.99736
   1   10.269   169.922    37.701    2.860    477331.1     0.99740
   1   10.278   169.922    37.701    2.860    477358.0     0.99745
   1   10.288   169.922    37.701    2.860    477376.0     0.99749
   1   10.297   169.923    37.704    2.860    477403.4     0.99755
   1   10.307   169.923    37.704    2.860    477427.6     0.99760
   1   10.316   169.923    37.704    2.860    477445.0     0.99763
   1   10.325   169.923    37.704    2.860    477469.5     0.99768
   1   10.335   169.923    37.704    2.860    477491.3     0.99773
   1   10.344   169.923    37.704    2.860    477520.3     0.99779
   1   10.354   169.923    37.704    2.860    477539.3     0.99783
   1   10.363   169.923    37.704    2.860    477557.3     0.99787
   1   10.373   169.923    37.704    2.860    477575.3     0.99791
   1   10.382   169.923    37.704    2.860    477604.8     0.99797
   1   10.392   169.923    37.704    2.860    477626.3     0.99801
   1   10.401   169.923    37.704    2.860    477649.9     0.99806
   1   10.411   169.923    37.704    2.860    477664.2     0.99809
   1   10.420   169.923    37.704    2.860    477683.8     0.99813
   1   10.430   169.923    37.704    2.860    477706.7     0.99818
   1   10.439   169.923    37.704    2.860    477726.5     0.99822
   1   10.449   169.924    37.705    2.860    477746.7     0.99826
   1   10.458   169.924    37.705    2.860    477769.1     0.99831
   1   10.468   169.924    37.705    2.860    477789.0     0.99835
   1   10.477   169.924    37.705    2.860    477814.4     0.99841
   1   10.487   169.924    37.705    2.860    477830.0     0.99844
   1   10.497   169.924    37.705    2.860    477851.0     0.99848
   1   10.506   169.924    37.705    2.860    477859.9     0.99850
   1   10.516   169.924    37.705    2.860    477883.9     0.99855
   1   10.525   169.924    37.705    2.860    477904.8     0.99859
   1   10.535   169.924    37.705    2.860    477926.3     0.99864
   1   10.544   169.924    37.705    2.860    477943.2     0.99867
   1   10.554   169.924    37.705    2.860    477956.6     0.99870
   1   10.563   169.924    37.705    2.860    477983.0     0.99876
   1   10.573   169.924    37.705    2.860    478007.1     0.99881
   1   10.582   169.924    37.705    2.860    478014.8     0.99882
   1   10.592   169.924    37.705    2.860    478034.8     0.99887
   1   10.601   169.924    37.705    2.860    478052.4     0.99890
   1   10.611   169.924    37.705    2.860    478068.7     0.99894
   1   10.620   169.924    37.705    2.860    478089.5     0.99898
   1   10.630   169.924    37.705    2.860    478110.4     0.99902
   1   10.639   169.926    37.707    2.870    478125.7     0.99906
   1   10.649   169.926    37.707    2.870    478148.1     0.99910
   1   10.658   169.926    37.707    2.870    478172.1     0.99915
   1   10.667   169.926    37.707    2.870    478197.1     0.99920
   1   10.677   169.926    37.707    2.870    478213.1     0.99924
   1   10.686   169.926    37.707    2.870    478227.1     0.99927
   1   10.696   169.926    37.707    2.870    478250.2     0.99932
   1   10.705   169.926    37.707    2.870    478268.2     0.99935
   1   10.715   169.926    37.707    2.870    478284.4     0.99939
   1   10.724   169.926    37.707    2.870    478296.3     0.99941
   1   10.734   169.926    37.707    2.870    478321.7     0.99946
   1   10.743   169.926    37.707    2.870    478346.4     0.99952
   1   10.753   169.926    37.707    2.870    478367.8     0.99956
   1   10.762   169.926    37.707    2.870    478388.0     0.99960
   1   10.772   169.925    37.707    2.870    478407.2     0.99964
   1   10.781   169.925    37.707    2.870    478422.6     0.99968
   1   10.791   169.925    37.707    2.870    478447.2     0.99973
   1   10.800   169.925    37.707    2.870    478459.2     0.99975
   1   10.810   169.925    37.707    2.870    478479.0     0.99979
   1   10.819   169.926    37.713    2.920    478497.2     0.99983
   1   10.829   169.926    37.713    2.920    478515.7     0.99987
   1   10.839   169.926    37.713    2.920    478542.2     0.99993
   1   10.848   169.926    37.713    2.920    478562.6     0.99997
   1   10.858   169.926    37.713    2.920    478579.5     1.00000
   1   10.867   169.926    37.713    2.920    478601.4     1.00005
   1   10.877   169.926    37.713    2.920    478622.7     1.00009
   1   10.886   169.926    37.713    2.920    478635.9     1.00012
   1   10.896   169.926    37.713    2.920    478649.8     1.00015
   1   10.905   169.926    37.713    2.920    478665.6     1.00018
   1   10.915   169.926    37.713    2.920    478684.4     1.00022
   1   10.924   169.926    37.713    2.920    478698.9     1.00025
   1   10.934   169.926    37.713    2.920    478722.2     1.00030
   1   10.943   169.926    37.713    2.920    478737.5     1.00033
   1   10.953   169.926    37.713    2.920    478761.9     1.00039
   1   10.962   169.926    37.713    2.920    478772.5     1.00041
   1   10.972   169.926    37.713    2.920    478798.6     1.00046
   1   10.981   169.926    37.713    2.920    478808.9     1.00048
   1   10.991   169.926    37.713    2.920    478819.7     1.00051
   1   11.000   169.928    37.712    2.920    478838.9     1.00055
#   68% flux radius (pix):    2.90
#   90% flux radius (pix):    4.71
#   95% flux radius (pix):    5.97
#   99% flux radius (pix):    8.76
#    re-estimated x (pix):  169.85
#    re-estimated y (pix):   37.69
