  2458386.430510     1.007125     0.004356 0 
  2458386.431899     0.998848     0.004347 0 
  2458386.433288     1.000179     0.004352 0 
  2458386.434677     1.001855     0.004350 0 
  2458386.436065     0.999685     0.004353 0 
  2458386.437454     1.003000     0.004347 0 
  2458386.438843     0.999208     0.004352 0 
  2458386.440232     1.004978     0.004353 0 
  2458386.441621     0.994513     0.004343 0 
  2458386.443010     0.996316     0.004338 0 
  2458386.444399     1.005186     0.004354 0 
  2458386.445788     1.003989     0.004351 0 
  2458386.447176     1.003157     0.004352 0 
  2458386.448565     1.001401     0.004351 0 
  2458386.449954     0.999811     0.004350 0 
  2458386.451343     1.002396     0.004350 0 
  2458386.452732     1.003469     0.004349 0 
  2458386.454121     1.005744     0.004354 0 
  2458386.455510     0.993789     0.004351 0 
  2458386.456899     1.001438     0.004352 0 
  2458386.458287     1.003921     0.004349 0 
  2458386.459676     1.003023     0.004353 0 
  2458386.461065     0.996799     0.004346 0 
  2458386.462454     0.995684     0.004346 0 
  2458386.463843     0.997321     0.004349 0 
  2458386.465232     1.003401     0.004352 0 
  2458386.466621     0.995593     0.004345 0 
  2458386.468010     0.998605     0.004344 0 
  2458386.469398     0.992232     0.004344 0 
  2458386.470787     0.997891     0.004350 0 
  2458386.472176     1.000185     0.004344 0 
  2458386.473565     0.998830     0.004345 0 
  2458386.474954     0.996572     0.004344 0 
  2458386.476343     1.000876     0.004352 0 
  2458386.477732     1.006166     0.004352 0 
  2458386.479121     0.999814     0.004346 0 
  2458386.480509     1.001995     0.004357 0 
  2458386.481898     0.999862     0.004346 0 
  2458386.483287     1.000440     0.004348 0 
  2458386.484676     0.999478     0.004346 0 
  2458386.486065     1.003785     0.004353 0 
  2458386.487454     0.995977     0.004348 0 
  2458386.488843     0.999190     0.004349 0 
  2458386.490232     0.996543     0.004355 0 
  2458386.491620     1.001180     0.004345 0 
  2458386.493009     1.002930     0.004354 0 
  2458386.494398     0.996603     0.004347 0 
  2458386.495787     1.007033     0.004355 0 
  2458386.497176     0.999848     0.004350 0 
  2458386.498565     1.004098     0.004355 0 
  2458386.499954     1.006196     0.004355 0 
  2458386.501343     1.000406     0.004347 0 
  2458386.502732     1.002456     0.004350 0 
  2458386.504120     1.003562     0.004360 0 
  2458386.505509     0.996364     0.004349 0 
  2458386.506898     1.006745     0.004354 0 
  2458386.508287     0.996017     0.004343 0 
  2458386.509676     1.006315     0.004357 0 
  2458386.511065     0.999620     0.004348 0 
  2458386.512454     0.999705     0.004356 0 
  2458386.513843     0.998742     0.004351 0 
  2458386.515231     0.998210     0.004346 0 
  2458386.516620     1.005713     0.004355 0 
  2458386.518009     1.005539     0.004355 0 
  2458386.519398     1.007449     0.004358 0 
  2458386.520787     1.002697     0.004351 0 
  2458386.522176     0.995528     0.004345 0 
  2458386.523565     0.994451     0.004343 0 
  2458386.524954     0.996959     0.004348 0 
  2458386.526342     0.996233     0.004349 0 
  2458386.527731     0.997100     0.004347 0 
  2458386.529120     1.003414     0.004349 0 
  2458386.530509     1.003003     0.004352 0 
  2458386.531898     0.997280     0.004346 0 
  2458386.533287     0.995582     0.004346 0 
  2458386.534676     1.000098     0.004351 0 
  2458386.536065     0.995270     0.004342 0 
  2458386.537453     0.992490     0.004341 0 
  2458386.538842     0.999154     0.004348 0 
  2458386.540231     1.000013     0.004350 0 
  2458386.541620     0.989148     0.004348 0 
  2458386.543009     0.985936     0.004333 0 
  2458386.544398     0.993705     0.004342 0 
  2458386.545787     0.991252     0.004335 0 
  2458386.547176     0.987549     0.004340 0 
  2458386.548564     0.983195     0.004334 0 
  2458386.549953     0.988240     0.004338 0 
  2458386.551342     0.988671     0.004337 0 
  2458386.552731     0.984225     0.004336 0 
  2458386.554120     0.977740     0.004328 0 
  2458386.555509     0.984641     0.004331 0 
  2458386.556898     0.986622     0.004339 0 
  2458386.558287     0.982161     0.004329 0 
  2458386.559675     0.990890     0.004340 0 
  2458386.561064     0.980348     0.004335 0 
  2458386.562453     0.982725     0.004334 0 
  2458386.563842     0.980430     0.004334 0 
  2458386.565231     0.983130     0.004330 0 
  2458386.566620     0.992012     0.004346 0 
  2458386.568009     0.986747     0.004336 0 
  2458386.569398     0.988108     0.004338 0 
  2458386.570786     0.982532     0.004331 0 
  2458386.572175     0.983397     0.004340 0 
  2458386.573564     0.987417     0.004339 0 
  2458386.574953     0.992418     0.004340 0 
  2458386.576342     0.989660     0.004335 0 
  2458386.577731     0.978005     0.004327 0 
  2458386.579120     0.980099     0.004329 0 
  2458386.580509     0.978187     0.004327 0 
  2458386.581897     0.976625     0.004328 0 
  2458386.583286     0.992105     0.004339 0 
  2458386.584675     0.987693     0.004346 0 
  2458386.586064     0.986845     0.004338 0 
  2458386.587453     0.989601     0.004339 0 
  2458386.588842     0.982214     0.004331 0 
  2458386.590231     0.983080     0.004336 0 
  2458386.591620     0.979340     0.004331 0 
  2458386.593009     0.988280     0.004340 0 
  2458386.594397     0.989380     0.004336 0 
  2458386.595786     0.990098     0.004352 0 
  2458386.597175     0.986893     0.004337 0 
  2458386.598564     0.985216     0.004348 0 
  2458386.599953     0.987147     0.004345 0 
  2458386.601342     0.986886     0.004342 0 
  2458386.602731     0.983938     0.004332 0 
  2458386.604120     0.989675     0.004339 0 
  2458386.605508     0.981898     0.004336 0 
  2458386.606897     0.985006     0.004332 0 
  2458386.608286     0.994220     0.004341 0 
  2458386.609675     0.984669     0.004334 0 
  2458386.611064     0.990380     0.004341 0 
  2458386.612453     0.991147     0.004342 0 
  2458386.613842     0.989762     0.004339 0 
  2458386.615231     0.996257     0.004354 0 
  2458386.616619     0.994142     0.004346 0 
  2458386.618008     1.002673     0.004345 0 
  2458386.619397     0.995816     0.004348 0 
  2458386.620786     1.003219     0.004353 0 
  2458386.622175     0.996274     0.004348 0 
  2458386.623564     0.996117     0.004346 0 
  2458386.624953     0.998558     0.004352 0 
  2458386.626342     0.996470     0.004348 0 
  2458386.627730     1.004063     0.004362 0 
  2458386.629119     1.001367     0.004349 0 
  2458386.630508     1.002857     0.004350 0 
  2458386.631897     0.997932     0.004353 0 
  2458386.633286     1.001508     0.004350 0 
  2458386.634675     1.000075     0.004350 0 
  2458386.636064     0.995453     0.004349 0 
  2458386.637453     1.002509     0.004353 0 
  2458386.638841     1.001499     0.004352 0 
  2458386.640230     0.995836     0.004345 0 
  2458386.641619     1.000537     0.004356 0 
  2458386.643008     0.999346     0.004346 0 
  2458386.644397     0.993706     0.004345 0 
  2458386.645786     1.001089     0.004350 0 
  2458386.647175     0.993251     0.004338 0 
  2458386.648564     0.994066     0.004352 0 
  2458386.649952     1.001880     0.004349 0 
  2458386.651341     1.002440     0.004354 0 
  2458386.652730     0.999460     0.004356 0 
  2458386.654119     1.004660     0.004351 0 
  2458386.655508     0.998143     0.004348 0 
  2458386.656897     1.006265     0.004364 0 
  2458386.658286     0.996951     0.004356 0 
  2458386.659675     1.002857     0.004350 0 
  2458386.661063     1.005470     0.004361 0 
  2458386.662452     0.993491     0.004345 0 
  2458386.663841     0.995896     0.004344 0 
  2458386.665230     1.000786     0.004356 0 
  2458386.666619     1.003627     0.004350 0 
  2458386.668008     0.999868     0.004350 0 
  2458386.669397     0.999826     0.004351 0 
  2458386.670786     1.000345     0.004349 0 
  2458386.672174     1.001212     0.004350 0 
  2458386.673563     0.989132     0.004344 0 
  2458386.674952     1.004032     0.004352 0 
  2458386.676341     0.999471     0.004347 0 
  2458386.677730     1.000206     0.004349 0 
  2458386.679119     0.998187     0.004349 0 
  2458386.680508     1.000069     0.004353 0 
  2458386.681897     0.997046     0.004349 0 
  2458386.683285     1.000704     0.004351 0 
  2458386.684674     1.000245     0.004352 0 
  2458386.686063     1.000962     0.004352 0 
  2458386.687452     1.000706     0.004351 0 
  2458386.688841     1.000005     0.004354 0 
  2458386.690230     0.998309     0.004350 0 
  2458386.691619     1.002158     0.004352 0 
  2458386.693008     1.002929     0.004358 0 
  2458386.694396     1.004729     0.004352 0 
  2458386.695785     1.002351     0.004363 0 
  2458386.697174     0.999889     0.004351 0 
  2458386.698563     0.998039     0.004349 0 
  2458386.699952     0.997097     0.004355 0 
  2458386.701341     1.006217     0.004359 0 
  2458386.702730     0.999277     0.004352 0 
  2458386.704119     0.995784     0.004353 0 
  2458386.705508     0.997103     0.004350 0 
  2458386.706896     1.002392     0.004356 0 
  2458386.708285     0.988544     0.004344 0 
  2458386.709674     0.997292     0.004346 0 
  2458386.711063     0.998711     0.004350 0 
  2458386.712452     0.997756     0.004349 0 
  2458386.713841     0.994933     0.004351 0 
  2458386.715230     0.998944     0.004351 0 
  2458386.716619     1.005570     0.004355 0 
  2458388.855484     0.996275     0.004362 0 
  2458388.856873     0.993664     0.004363 0 
  2458388.858262     0.999294     0.004365 0 
  2458388.859651     1.005001     0.004368 0 
  2458388.861040     1.013826     0.004382 0 
  2458388.862429     0.994868     0.004369 0 
  2458388.863818     0.997166     0.004362 0 
  2458388.865206     1.002839     0.004366 0 
  2458388.866595     1.004637     0.004379 0 
  2458388.869373     1.000057     0.004370 0 
  2458388.870762     0.996213     0.004365 0 
  2458388.872151     1.000218     0.004368 0 
  2458388.873540     1.000335     0.004369 0 
  2458388.874929     0.993857     0.004363 0 
  2458388.876317     1.000078     0.004367 0 
  2458388.877706     1.004071     0.004379 0 
  2458388.879095     0.993167     0.004362 0 
  2458388.880484     1.003544     0.004370 0 
  2458388.881873     0.992120     0.004375 0 
  2458388.883262     0.997704     0.004361 0 
  2458388.884651     0.993728     0.004367 0 
  2458388.886040     0.999955     0.004371 0 
  2458388.887428     1.001782     0.004371 0 
  2458388.888817     1.002263     0.004370 0 
  2458388.890206     0.997075     0.004369 0 
  2458388.891595     0.996002     0.004369 0 
  2458388.892984     0.993311     0.004370 0 
  2458388.894373     1.004030     0.004372 0 
  2458388.895762     1.004419     0.004371 0 
  2458388.897150     0.997344     0.004366 0 
  2458388.898539     1.005554     0.004372 0 
  2458388.899928     1.002053     0.004371 0 
  2458388.901317     1.000778     0.004366 0 
  2458388.902706     1.007515     0.004372 0 
  2458388.904095     1.003047     0.004373 0 
  2458388.905484     0.998344     0.004364 0 
  2458388.906873     1.000151     0.004369 0 
  2458388.908261     0.995808     0.004371 0 
  2458388.909650     0.998937     0.004374 0 
  2458388.911039     1.001353     0.004368 0 
  2458388.912428     0.993284     0.004369 0 
  2458388.913817     0.992211     0.004368 0 
  2458388.915206     0.996805     0.004377 0 
  2458388.916595     1.001729     0.004369 0 
  2458388.917984     1.001931     0.004372 0 
  2458388.919372     0.994996     0.004371 0 
  2458388.920761     1.001328     0.004368 0 
  2458388.922150     0.994270     0.004362 0 
  2458388.923539     0.998953     0.004371 0 
  2458388.924928     0.998523     0.004369 0 
  2458388.926317     1.002330     0.004371 0 
  2458388.927706     0.997404     0.004371 0 
  2458388.929095     0.996865     0.004366 0 
  2458388.930483     1.002901     0.004371 0 
  2458388.931872     0.996938     0.004366 0 
  2458388.933261     0.991208     0.004361 0 
  2458388.934650     1.009653     0.004375 0 
  2458388.936039     0.998149     0.004369 0 
  2458388.937428     0.998124     0.004365 0 
  2458388.938817     0.998980     0.004367 0 
  2458388.940205     1.003135     0.004369 0 
  2458388.941594     0.995636     0.004371 0 
  2458388.942983     1.001910     0.004377 0 
  2458388.944372     1.000290     0.004371 0 
  2458388.945761     1.000970     0.004372 0 
  2458388.947150     1.003884     0.004369 0 
  2458388.948539     1.002666     0.004372 0 
  2458388.949928     1.001099     0.004369 0 
  2458388.951316     1.003629     0.004372 0 
  2458388.952705     1.004200     0.004380 0 
  2458388.954094     1.007408     0.004382 0 
  2458388.955483     0.994717     0.004362 0 
  2458388.956872     1.005895     0.004378 0 
  2458388.958261     0.998165     0.004366 0 
  2458388.959650     1.000863     0.004370 0 
  2458388.961039     0.998002     0.004365 0 
  2458388.962427     1.002427     0.004373 0 
  2458388.963816     0.998220     0.004367 0 
  2458388.965205     0.988068     0.004363 0 
  2458388.966594     0.990507     0.004357 0 
  2458388.967983     0.987301     0.004359 0 
  2458388.969372     0.985523     0.004358 0 
  2458388.970761     0.984942     0.004351 0 
  2458388.972150     0.990070     0.004360 0 
  2458388.973538     0.991481     0.004359 0 
  2458388.974927     0.989718     0.004356 0 
  2458388.976316     0.988626     0.004366 0 
  2458388.977705     0.984367     0.004353 0 
  2458388.979094     0.994536     0.004364 0 
  2458388.980483     0.986932     0.004353 0 
  2458388.981872     0.992761     0.004364 0 
  2458388.983261     0.980513     0.004348 0 
  2458388.984649     0.986564     0.004357 0 
  2458388.986038     0.984737     0.004358 0 
  2458388.987427     0.993122     0.004361 0 
  2458388.988816     0.988048     0.004358 0 
  2458388.990205     0.981341     0.004348 0 
  2458388.991594     0.987960     0.004358 0 
  2458388.992983     0.983996     0.004351 0 
  2458388.994371     0.981371     0.004353 0 
  2458388.995760     0.986093     0.004353 0 
  2458388.997149     0.989114     0.004357 0 
  2458388.998538     0.979440     0.004349 0 
  2458388.999927     0.984982     0.004357 0 
  2458389.001316     0.986505     0.004358 0 
  2458389.002705     0.988003     0.004366 0 
  2458389.004094     0.980674     0.004350 0 
  2458389.005482     0.985942     0.004352 0 
  2458389.006871     0.986208     0.004352 0 
  2458389.008260     0.981129     0.004347 0 
  2458389.009649     0.984149     0.004360 0 
  2458389.011038     0.988297     0.004360 0 
  2458389.012427     0.988883     0.004360 0 
  2458389.013816     0.982929     0.004355 0 
  2458389.015205     0.991136     0.004359 0 
  2458389.016593     0.986108     0.004354 0 
  2458389.017982     0.982565     0.004356 0 
  2458389.019371     0.985351     0.004357 0 
  2458389.020760     0.982773     0.004359 0 
  2458389.022149     0.979756     0.004354 0 
  2458389.023538     0.988858     0.004361 0 
  2458389.024927     0.989016     0.004355 0 
  2458389.026316     0.996478     0.004365 0 
  2458389.027704     0.986260     0.004366 0 
  2458389.029093     0.979078     0.004351 0 
  2458389.030482     0.981229     0.004356 0 
  2458389.031871     0.981724     0.004355 0 
  2458389.033260     0.986601     0.004357 0 
  2458389.034649     0.992821     0.004369 0 
  2458389.036038     0.993417     0.004360 0 
  2458389.037426     0.981809     0.004353 0 
  2458389.038815     0.990743     0.004360 0 
  2458389.040204     0.986694     0.004359 0 
  2458389.041593     0.993901     0.004361 0 
  2458389.042982     0.994640     0.004363 0 
  2458389.044371     0.994281     0.004360 0 
  2458389.045760     0.997887     0.004367 0 
  2458389.047149     1.005082     0.004376 0 
  2458389.048537     1.000269     0.004369 0 
  2458389.049926     0.999687     0.004367 0 
  2458389.051315     1.002202     0.004373 0 
  2458389.052704     1.000960     0.004379 0 
  2458389.054093     1.007046     0.004374 0 
  2458389.055482     1.002232     0.004374 0 
  2458389.056871     1.006765     0.004372 0 
  2458389.058260     1.000738     0.004374 0 
  2458389.059648     1.000210     0.004369 0 
  2458389.061037     1.006361     0.004374 0 
  2458389.062426     0.993203     0.004368 0 
  2458389.063815     1.008442     0.004375 0 
  2458389.065204     0.997616     0.004372 0 
  2458389.066593     1.002472     0.004369 0 
  2458389.067982     1.001775     0.004375 0 
  2458389.069371     0.997073     0.004365 0 
  2458389.070759     1.002923     0.004373 0 
  2458389.072148     1.005155     0.004374 0 
  2458389.073537     1.005193     0.004372 0 
  2458389.074926     1.000236     0.004366 0 
  2458389.076315     0.999659     0.004370 0 
  2458389.077704     0.998191     0.004370 0 
  2458389.079093     1.006010     0.004371 0 
  2458389.080481     1.001857     0.004369 0 
  2458389.081870     0.995850     0.004366 0 
  2458389.083259     1.002740     0.004380 0 
  2458389.084648     1.006126     0.004376 0 
  2458389.086037     1.003113     0.004375 0 
  2458389.087426     1.004526     0.004375 0 
  2458389.088815     1.000927     0.004369 0 
  2458389.090204     1.002648     0.004373 0 
  2458389.091592     1.000807     0.004374 0 
  2458389.092981     1.003242     0.004374 0 
  2458389.094370     0.993686     0.004375 0 
  2458389.095759     1.002910     0.004372 0 
  2458389.097148     0.998612     0.004372 0 
  2458389.098537     1.004654     0.004374 0 
  2458389.099926     0.993577     0.004365 0 
  2458389.101315     1.001297     0.004377 0 
  2458389.102703     0.996737     0.004367 0 
  2458389.104092     0.995560     0.004365 0 
  2458389.105481     0.996641     0.004370 0 
  2458389.106870     1.001405     0.004372 0 
  2458389.108259     1.002707     0.004372 0 
  2458389.109648     0.999590     0.004369 0 
  2458389.111037     1.006431     0.004378 0 
  2458389.112426     1.013147     0.004387 0 
  2458389.113814     1.004602     0.004372 0 
  2458389.115203     0.998930     0.004374 0 
  2458389.116592     0.995744     0.004364 0 
  2458389.117981     0.999746     0.004376 0 
  2458389.119370     1.000574     0.004378 0 
  2458389.120759     0.994822     0.004363 0 
  2458389.122148     0.995139     0.004368 0 
  2458389.123536     1.002144     0.004380 0 
  2458389.124925     1.010852     0.004378 0 
  2458389.126314     1.003021     0.004378 0 
  2458389.127703     1.000205     0.004372 0 
  2458389.129092     1.008099     0.004379 0 
  2458389.130481     0.993951     0.004369 0 
  2458389.131870     1.003205     0.004372 0 
  2458389.133259     0.999687     0.004380 0 
  2458389.134647     1.005175     0.004375 0 
  2458389.136036     0.999556     0.004370 0 
  2458389.138814     0.998103     0.004372 0 
  2458389.140203     1.004176     0.004370 0 
  2458391.280450     0.996964     0.004377 0 
  2458391.281839     1.000933     0.004368 0 
  2458391.283228     0.999910     0.004370 0 
  2458391.284616     1.007703     0.004373 0 
  2458391.286005     0.997454     0.004363 0 
  2458391.287394     0.997405     0.004367 0 
  2458391.288783     1.003011     0.004379 0 
  2458391.291561     0.998957     0.004368 0 
  2458391.292950     1.002566     0.004372 0 
  2458391.294339     1.004550     0.004372 0 
  2458391.295727     0.999230     0.004367 0 
  2458391.297116     0.995700     0.004363 0 
  2458391.298505     1.004444     0.004378 0 
  2458391.299894     1.000951     0.004368 0 
  2458391.301283     1.003825     0.004369 0 
  2458391.302672     1.002537     0.004378 0 
  2458391.304061     0.999939     0.004371 0 
  2458391.305449     0.998042     0.004367 0 
  2458391.306838     0.999849     0.004368 0 
  2458391.308227     1.007843     0.004373 0 
  2458391.309616     1.002318     0.004374 0 
  2458391.311005     1.002480     0.004370 0 
  2458391.312394     1.000424     0.004372 0 
  2458391.313783     1.000433     0.004365 0 
  2458391.315172     0.998517     0.004366 0 
  2458391.316560     1.003420     0.004369 0 
  2458391.317949     0.996578     0.004366 0 
  2458391.319338     1.007347     0.004377 0 
  2458391.320727     1.007657     0.004374 0 
  2458391.322116     1.002483     0.004369 0 
  2458391.323505     0.998933     0.004368 0 
  2458391.324894     1.007142     0.004374 0 
  2458391.326282     0.991953     0.004362 0 
  2458391.327671     0.997356     0.004369 0 
  2458391.329060     0.996040     0.004365 0 
  2458391.330449     0.999674     0.004376 0 
  2458391.331838     0.997424     0.004367 0 
  2458391.333227     0.997820     0.004368 0 
  2458391.334616     1.004041     0.004369 0 
  2458391.336005     1.006186     0.004388 0 
  2458391.337393     1.005889     0.004374 0 
  2458391.338782     1.001401     0.004368 0 
  2458391.340171     1.000567     0.004370 0 
  2458391.341560     0.989185     0.004365 0 
  2458391.342949     0.998893     0.004372 0 
  2458391.344338     0.999306     0.004367 0 
  2458391.345727     1.000703     0.004369 0 
  2458391.347115     0.999153     0.004374 0 
  2458391.348504     1.006189     0.004368 0 
  2458391.349893     0.999693     0.004367 0 
  2458391.351282     1.000295     0.004370 0 
  2458391.352671     1.000155     0.004373 0 
  2458391.354060     1.003928     0.004373 0 
  2458391.355449     1.000324     0.004367 0 
  2458391.356838     0.998887     0.004361 0 
  2458391.358226     1.000297     0.004371 0 
  2458391.359615     1.002902     0.004372 0 
  2458391.361004     0.997550     0.004366 0 
  2458391.362393     0.999518     0.004374 0 
  2458391.363782     1.005492     0.004371 0 
  2458391.365171     0.997368     0.004364 0 
  2458391.366560     0.995349     0.004364 0 
  2458391.367948     0.996135     0.004364 0 
  2458391.369337     1.001392     0.004372 0 
  2458391.370726     0.998996     0.004364 0 
  2458391.372115     1.003818     0.004370 0 
  2458391.373504     1.006281     0.004376 0 
  2458391.374893     1.003956     0.004370 0 
  2458391.376282     0.999894     0.004369 0 
  2458391.377671     0.998818     0.004370 0 
  2458391.379059     0.996447     0.004370 0 
  2458391.380448     0.996974     0.004367 0 
  2458391.381837     0.995001     0.004363 0 
  2458391.383226     0.995682     0.004366 0 
  2458391.384615     0.999335     0.004376 0 
  2458391.386004     0.991737     0.004361 0 
  2458391.387393     0.990479     0.004361 0 
  2458391.388781     0.990307     0.004362 0 
  2458391.390170     0.986384     0.004356 0 
  2458391.391559     0.983389     0.004351 0 
  2458391.392948     0.986916     0.004357 0 
  2458391.394337     0.992500     0.004357 0 
  2458391.395726     0.987098     0.004357 0 
  2458391.397115     0.983065     0.004352 0 
  2458391.398504     0.984702     0.004355 0 
  2458391.399892     0.993035     0.004360 0 
  2458391.401281     0.978532     0.004349 0 
  2458391.402670     0.984353     0.004353 0 
  2458391.404059     0.987462     0.004358 0 
  2458391.405448     0.982037     0.004348 0 
  2458391.406837     0.986742     0.004351 0 
  2458391.408226     0.979112     0.004347 0 
  2458391.409614     0.990223     0.004357 0 
  2458391.411003     0.983641     0.004355 0 
  2458391.412392     0.984511     0.004355 0 
  2458391.413781     0.989502     0.004353 0 
  2458391.415170     0.983097     0.004360 0 
  2458391.416559     0.978066     0.004347 0 
  2458391.417948     0.979715     0.004352 0 
  2458391.419337     0.990163     0.004355 0 
  2458391.420725     0.990731     0.004354 0 
  2458391.422114     0.987217     0.004357 0 
  2458391.423503     0.982701     0.004352 0 
  2458391.424892     0.981179     0.004348 0 
  2458391.426281     0.980791     0.004349 0 
  2458391.427670     0.979960     0.004345 0 
  2458391.429059     0.976247     0.004350 0 
  2458391.430447     0.985496     0.004361 0 
  2458391.431836     0.983866     0.004352 0 
  2458391.433225     0.987848     0.004354 0 
  2458391.434614     0.979529     0.004349 0 
  2458391.436003     0.981557     0.004346 0 
  2458391.437392     0.988370     0.004356 0 
  2458391.438781     0.989146     0.004354 0 
  2458391.440170     0.982241     0.004350 0 
  2458391.441558     0.985852     0.004358 0 
  2458391.442947     0.986895     0.004357 0 
  2458391.444336     0.986612     0.004355 0 
  2458391.445725     0.983987     0.004349 0 
  2458391.447114     0.987571     0.004355 0 
  2458391.448503     0.984674     0.004350 0 
  2458391.449892     0.984281     0.004354 0 
  2458391.451280     0.985817     0.004350 0 
  2458391.452669     0.986177     0.004350 0 
  2458391.454058     0.988719     0.004355 0 
  2458391.455447     0.983172     0.004349 0 
  2458391.456836     0.983515     0.004353 0 
  2458391.458225     0.990479     0.004358 0 
  2458391.459614     0.992326     0.004362 0 
  2458391.461003     0.996419     0.004357 0 
  2458391.462391     0.988674     0.004352 0 
  2458391.463780     0.981668     0.004361 0 
  2458391.465169     0.995891     0.004366 0 
  2458391.466558     0.995919     0.004361 0 
  2458391.467947     0.998731     0.004365 0 
  2458391.469336     1.001133     0.004365 0 
  2458391.470725     0.999004     0.004368 0 
  2458391.472113     1.002630     0.004374 0 
  2458391.473502     1.000424     0.004363 0 
  2458391.474891     0.995971     0.004361 0 
  2458391.476280     1.002325     0.004366 0 
  2458391.477669     0.994937     0.004361 0 
  2458391.479058     1.001789     0.004369 0 
  2458391.480447     1.003534     0.004367 0 
  2458391.481836     0.997486     0.004362 0 
  2458391.483224     0.998727     0.004375 0 
  2458391.484613     1.003751     0.004371 0 
  2458391.486002     1.003450     0.004369 0 
  2458391.487391     1.001008     0.004368 0 
  2458391.488780     0.999425     0.004367 0 
  2458391.490169     0.998626     0.004368 0 
  2458391.491558     0.994723     0.004360 0 
  2458391.492946     0.999249     0.004366 0 
  2458391.494335     0.998699     0.004370 0 
  2458391.495724     0.998934     0.004366 0 
  2458391.497113     1.003374     0.004372 0 
  2458391.498502     1.006985     0.004371 0 
  2458391.499891     0.993906     0.004357 0 
  2458391.501280     0.999863     0.004371 0 
  2458391.502669     0.998495     0.004374 0 
  2458391.504057     0.999411     0.004367 0 
  2458391.505446     1.005408     0.004372 0 
  2458391.506835     1.002655     0.004369 0 
  2458391.508224     0.996407     0.004365 0 
  2458391.509613     1.003592     0.004370 0 
  2458391.511002     0.996672     0.004364 0 
  2458391.512391     1.000263     0.004372 0 
  2458391.513779     1.005524     0.004373 0 
  2458391.515168     1.002255     0.004366 0 
  2458391.516557     0.999168     0.004363 0 
  2458391.517946     1.001550     0.004370 0 
  2458391.519335     1.004880     0.004370 0 
  2458391.520724     0.996865     0.004368 0 
  2458391.522113     0.996372     0.004363 0 
  2458391.523502     1.004220     0.004369 0 
  2458391.524890     1.002378     0.004367 0 
  2458391.526279     0.996626     0.004361 0 
  2458391.527668     1.001929     0.004370 0 
  2458391.529057     1.005952     0.004369 0 
  2458391.530446     0.993870     0.004365 0 
  2458391.531835     0.994335     0.004368 0 
  2458391.533224     1.006847     0.004369 0 
  2458391.534612     1.002949     0.004371 0 
  2458391.536001     1.005976     0.004368 0 
  2458391.537390     0.994132     0.004361 0 
  2458391.538779     1.004242     0.004379 0 
  2458391.540168     1.003469     0.004369 0 
  2458391.541557     0.999975     0.004374 0 
  2458391.542946     1.006030     0.004371 0 
  2458391.544335     0.995610     0.004366 0 
  2458391.545723     1.003605     0.004374 0 
  2458391.547112     0.999083     0.004366 0 
  2458391.548501     0.993862     0.004358 0 
  2458391.551279     0.999294     0.004368 0 
  2458391.552668     0.997087     0.004365 0 
  2458391.554057     1.004399     0.004368 0 
  2458391.555445     0.994269     0.004361 0 
  2458391.556834     1.002308     0.004363 0 
  2458391.558223     0.999482     0.004365 0 
  2458391.559612     1.001910     0.004369 0 
  2458391.561001     0.998906     0.004366 0 
  2458391.562390     0.999497     0.004364 0 
  2458391.563779     0.990447     0.004366 0 
  2458391.565168     1.002716     0.004368 0 
  2458391.566556     0.999962     0.004371 0 
  2458393.706797     1.001816     0.004359 0 
  2458393.708186     1.000594     0.004358 0 
  2458393.709575     1.000374     0.004360 0 
  2458393.710964     1.008628     0.004367 0 
  2458393.712353     0.998778     0.004359 0 
  2458393.713742     1.004050     0.004361 0 
  2458393.715131     1.002518     0.004364 0 
  2458393.716519     1.001173     0.004364 0 
  2458393.717908     0.994639     0.004357 0 
  2458393.719297     1.001068     0.004372 0 
  2458393.720686     0.999803     0.004364 0 
  2458393.722075     1.011197     0.004373 0 
  2458393.723464     1.009695     0.004370 0 
  2458393.724853     1.007671     0.004367 0 
  2458393.726242     1.001710     0.004379 0 
  2458393.727630     1.002006     0.004362 0 
  2458393.729019     1.002000     0.004366 0 
  2458393.730408     1.001041     0.004361 0 
  2458393.731797     1.007630     0.004372 0 
  2458393.733186     0.997962     0.004367 0 
  2458393.734575     0.999097     0.004373 0 
  2458393.735964     0.996888     0.004371 0 
  2458393.737352     1.001751     0.004361 0 
  2458393.738741     1.000214     0.004364 0 
  2458393.740130     1.004529     0.004365 0 
  2458393.741519     1.003402     0.004369 0 
  2458393.742908     1.004223     0.004367 0 
  2458393.744297     1.007205     0.004372 0 
  2458393.745686     1.001839     0.004367 0 
  2458393.747074     1.003799     0.004374 0 
  2458393.748463     1.004597     0.004369 0 
  2458393.749852     0.999787     0.004371 0 
  2458393.751241     0.992302     0.004361 0 
  2458393.752630     0.996498     0.004362 0 
  2458393.754019     0.999188     0.004366 0 
  2458393.755408     1.000953     0.004373 0 
  2458393.756797     1.005186     0.004373 0 
  2458393.758185     1.007032     0.004384 0 
  2458393.759574     1.007310     0.004374 0 
  2458393.760963     0.998846     0.004367 0 
  2458393.762352     0.995392     0.004377 0 
  2458393.763741     1.001248     0.004369 0 
  2458393.765130     1.003925     0.004374 0 
  2458393.766519     1.003926     0.004373 0 
  2458393.767907     1.005059     0.004377 0 
  2458393.769296     0.998372     0.004370 0 
  2458393.770685     0.998982     0.004370 0 
  2458393.772074     1.000964     0.004375 0 
  2458393.773463     0.993920     0.004370 0 
  2458393.774852     0.997450     0.004373 0 
  2458393.776241     1.005308     0.004376 0 
  2458393.777629     0.996400     0.004370 0 
  2458393.779018     1.004081     0.004376 0 
  2458393.780407     1.003903     0.004376 0 
  2458393.781796     0.999659     0.004374 0 
  2458393.783185     0.999011     0.004373 0 
  2458393.784574     0.993344     0.004370 0 
  2458393.785963     0.999827     0.004380 0 
  2458393.787352     0.998236     0.004380 0 
  2458393.788740     1.003262     0.004381 0 
  2458393.790129     0.997802     0.004383 0 
  2458393.791518     0.994897     0.004375 0 
  2458393.792907     0.995463     0.004378 0 
  2458393.794296     0.987799     0.004364 0 
  2458393.795685     0.997470     0.004373 0 
  2458393.797074     1.006732     0.004388 0 
  2458393.798462     0.998272     0.004380 0 
  2458393.801240     0.995205     0.004376 0 
  2458393.802629     1.004372     0.004388 0 
  2458393.804018     0.999698     0.004381 0 
  2458393.805407     1.000200     0.004379 0 
  2458393.806796     0.998677     0.004398 0 
  2458393.808184     0.993108     0.004374 0 
  2458393.809573     1.005932     0.004389 0 
  2458393.810962     0.989156     0.004374 0 
  2458393.812351     0.993614     0.004377 0 
  2458393.813740     0.985611     0.004374 0 
  2458393.815129     0.987677     0.004368 0 
  2458393.816518     0.993245     0.004378 0 
  2458393.817907     0.990229     0.004380 0 
  2458393.819295     0.983941     0.004371 0 
  2458393.820684     0.994076     0.004378 0 
  2458393.822073     0.981510     0.004379 0 
  2458393.823462     0.992265     0.004379 0 
  2458393.824851     0.992971     0.004385 0 
  2458393.826240     0.989525     0.004378 0 
  2458393.827629     0.984054     0.004372 0 
  2458393.829017     0.988037     0.004377 0 
  2458393.830406     0.984708     0.004372 0 
  2458393.831795     0.994611     0.004385 0 
  2458393.833184     0.984903     0.004376 0 
  2458393.834573     0.978439     0.004368 0 
  2458393.835962     0.982283     0.004377 0 
  2458393.837351     0.985203     0.004376 0 
  2458393.838739     0.990614     0.004382 0 
  2458393.840128     0.983699     0.004376 0 
  2458393.841517     0.988251     0.004379 0 
  2458393.842906     0.987692     0.004383 0 
  2458393.844295     0.989399     0.004385 0 
  2458393.845684     0.985350     0.004381 0 
  2458393.847073     0.981530     0.004380 0 
  2458393.848462     0.987317     0.004385 0 
  2458393.849850     0.982422     0.004385 0 
  2458393.851239     0.988028     0.004385 0 
  2458393.852628     0.983478     0.004389 0 
  2458393.854017     0.992324     0.004389 0 
  2458393.855406     0.981756     0.004383 0 
  2458393.856795     0.985378     0.004387 0 
  2458393.858184     0.991107     0.004390 0 
  2458393.859572     0.979428     0.004389 0 
  2458393.860961     0.981644     0.004384 0 
  2458393.862350     0.984402     0.004391 0 
  2458393.863739     0.988177     0.004392 0 
  2458393.865128     0.985784     0.004389 0 
  2458393.866517     0.991016     0.004393 0 
  2458393.867906     0.982790     0.004383 0 
  2458393.869294     0.990261     0.004401 0 
  2458393.870683     0.989396     0.004397 0 
  2458393.872072     0.983749     0.004388 0 
  2458393.873461     0.984365     0.004389 0 
  2458393.874850     0.986346     0.004398 0 
  2458393.876239     0.993089     0.004400 0 
  2458393.877628     0.990501     0.004395 0 
  2458393.879017     0.991056     0.004393 0 
  2458393.880405     0.990572     0.004402 0 
  2458393.881794     0.989476     0.004398 0 
  2458393.883183     0.987000     0.004397 0 
  2458393.884572     0.987565     0.004394 0 
  2458393.885961     0.993170     0.004409 0 
  2458393.887350     0.988435     0.004401 0 
  2458393.888739     0.986095     0.004395 0 
  2458393.890127     0.991666     0.004403 0 
  2458393.891516     0.995511     0.004413 0 
  2458393.892905     1.008922     0.004420 0 
  2458393.894294     1.000798     0.004412 0 
  2458393.895683     0.994631     0.004409 0 
  2458393.897072     0.995275     0.004410 0 
  2458393.898461     0.998492     0.004416 0 
  2458393.899850     1.001252     0.004415 0 
  2458393.901238     0.997763     0.004406 0 
  2458393.902627     1.002132     0.004414 0 
  2458393.904016     1.003344     0.004417 0 
  2458393.905405     0.995280     0.004419 0 
  2458393.906794     0.990991     0.004419 0 
  2458393.908183     0.998191     0.004417 0 
  2458393.909572     0.992652     0.004407 0 
  2458393.910960     0.998544     0.004416 0 
  2458393.912349     0.994385     0.004418 0 
  2458393.913738     1.002078     0.004425 0 
  2458393.915127     1.000387     0.004422 0 
  2458393.916516     1.001326     0.004419 0 
  2458393.917905     0.991990     0.004414 0 
  2458393.919294     1.002614     0.004423 0 
  2458393.920682     1.001630     0.004423 0 
  2458393.922071     1.000634     0.004421 0 
  2458393.923460     1.000358     0.004422 0 
  2458393.924849     0.998008     0.004424 0 
  2458393.926238     0.993678     0.004428 0 
  2458393.927627     0.995560     0.004424 0 
  2458393.929016     1.000735     0.004422 0 
  2458393.930405     1.004367     0.004434 0 
  2458393.931793     1.007153     0.004434 0 
  2458393.933182     0.986510     0.004418 0 
  2458393.934571     0.993335     0.004421 0 
  2458393.935960     1.001873     0.004432 0 
  2458393.937349     0.999126     0.004427 0 
  2458393.938738     0.994956     0.004425 0 
  2458393.940127     1.001433     0.004428 0 
  2458393.941515     1.002064     0.004430 0 
  2458393.942904     0.994860     0.004429 0 
  2458393.944293     1.001866     0.004434 0 
  2458393.945682     0.998429     0.004430 0 
  2458393.947071     0.998253     0.004432 0 
  2458393.948460     0.995619     0.004431 0 
  2458393.949849     1.003056     0.004434 0 
  2458393.951237     1.001940     0.004436 0 
  2458393.954015     1.005169     0.004438 0 
  2458393.955404     1.003292     0.004440 0 
  2458393.956793     0.992033     0.004431 0 
  2458393.958182     1.003125     0.004440 0 
  2458393.959571     0.998731     0.004440 0 
  2458393.960960     0.995777     0.004432 0 
  2458393.962348     1.004048     0.004444 0 
  2458393.963737     0.990224     0.004431 0 
  2458393.965126     1.006476     0.004445 0 
  2458393.966515     1.000471     0.004444 0 
  2458393.967904     1.001998     0.004441 0 
  2458393.969293     0.996964     0.004437 0 
  2458393.970682     1.002903     0.004446 0 
  2458393.972070     1.010838     0.004452 0 
  2458393.973459     0.998085     0.004445 0 
  2458393.974848     1.002317     0.004447 0 
  2458393.976237     1.004838     0.004447 0 
  2458393.977626     1.004056     0.004450 0 
  2458393.979015     1.004271     0.004449 0 
  2458393.980404     0.997331     0.004439 0 
  2458393.981792     1.003015     0.004445 0 
  2458393.983181     0.996762     0.004440 0 
  2458393.984570     0.992468     0.004451 0 
  2458393.985959     1.008314     0.004460 0 
  2458393.987348     0.995870     0.004445 0 
  2458393.988737     0.995362     0.004453 0 
  2458393.990126     1.004986     0.004458 0 
  2458393.991515     0.999428     0.004449 0 
  2458393.992903     1.000867     0.004450 0 
  2458398.558088     0.995849     0.004339 0 
  2458398.559477     0.993532     0.004338 0 
  2458398.560866     0.998885     0.004341 0 
  2458398.562255     0.997796     0.004353 0 
  2458398.563643     0.998329     0.004338 0 
  2458398.565032     1.005068     0.004347 0 
  2458398.566421     0.997459     0.004341 0 
  2458398.567810     1.005787     0.004343 0 
  2458398.569199     1.000502     0.004340 0 
  2458398.570588     0.982777     0.004328 0 
  2458398.571977     0.997907     0.004340 0 
  2458398.573365     0.999465     0.004335 0 
  2458398.574754     1.006162     0.004347 0 
  2458398.576143     1.003591     0.004349 0 
  2458398.577532     1.002080     0.004344 0 
  2458398.578921     1.001291     0.004343 0 
  2458398.580310     0.997879     0.004342 0 
  2458398.581699     1.000015     0.004343 0 
  2458398.583087     1.000621     0.004345 0 
  2458398.584476     0.999724     0.004342 0 
  2458398.585865     0.995196     0.004336 0 
  2458398.587254     1.003401     0.004343 0 
  2458398.588643     0.998187     0.004342 0 
  2458398.590032     0.999909     0.004338 0 
  2458398.591421     0.997806     0.004344 0 
  2458398.592809     0.999974     0.004344 0 
  2458398.594198     0.996760     0.004346 0 
  2458398.595587     0.999720     0.004340 0 
  2458398.596976     0.995408     0.004346 0 
  2458398.598365     0.997297     0.004344 0 
  2458398.599754     1.002511     0.004343 0 
  2458398.601142     1.003919     0.004344 0 
  2458398.602531     0.999685     0.004345 0 
  2458398.603920     0.996123     0.004336 0 
  2458398.605309     1.002777     0.004346 0 
  2458398.606698     0.998877     0.004341 0 
  2458398.608087     0.999830     0.004337 0 
  2458398.609476     0.995983     0.004339 0 
  2458398.610864     0.998744     0.004346 0 
  2458398.612253     1.005584     0.004344 0 
  2458398.613642     1.001340     0.004345 0 
  2458398.615031     0.994225     0.004335 0 
  2458398.616420     1.006403     0.004352 0 
  2458398.617809     0.997633     0.004336 0 
  2458398.619198     1.005112     0.004352 0 
  2458398.620586     1.000198     0.004340 0 
  2458398.621975     0.998987     0.004338 0 
  2458398.623364     0.998563     0.004338 0 
  2458398.624753     1.002656     0.004350 0 
  2458398.626142     0.998521     0.004339 0 
  2458398.627531     1.000980     0.004337 0 
  2458398.628919     0.995713     0.004335 0 
  2458398.630308     1.003536     0.004342 0 
  2458398.631697     0.998462     0.004341 0 
  2458398.633086     0.992124     0.004335 0 
  2458398.634475     0.999570     0.004340 0 
  2458398.635864     1.007401     0.004351 0 
  2458398.637253     0.992717     0.004335 0 
  2458398.638641     1.000422     0.004342 0 
  2458398.640030     0.998162     0.004342 0 
  2458398.641419     1.000675     0.004339 0 
  2458398.642808     1.002523     0.004345 0 
  2458398.644197     1.008868     0.004354 0 
  2458398.645586     1.007004     0.004350 0 
  2458398.646975     0.999714     0.004347 0 
  2458398.648363     1.004596     0.004346 0 
  2458398.649752     0.996049     0.004338 0 
  2458398.651141     1.000366     0.004339 0 
  2458398.652530     0.993459     0.004335 0 
  2458398.653919     0.994446     0.004342 0 
  2458398.655308     1.000947     0.004343 0 
  2458398.656696     0.998825     0.004342 0 
  2458398.658085     0.989378     0.004331 0 
  2458398.659474     0.989227     0.004332 0 
  2458398.660863     0.986155     0.004332 0 
  2458398.662252     0.988648     0.004335 0 
  2458398.663641     0.986105     0.004330 0 
  2458398.665030     0.987332     0.004335 0 
  2458398.666418     0.983037     0.004326 0 
  2458398.667807     0.985007     0.004329 0 
  2458398.669196     0.987067     0.004328 0 
  2458398.670585     0.983531     0.004327 0 
  2458398.671974     0.990044     0.004338 0 
  2458398.673363     0.988983     0.004332 0 
  2458398.674752     0.989761     0.004338 0 
  2458398.676140     0.990079     0.004331 0 
  2458398.678918     0.983635     0.004325 0 
  2458398.680307     0.987017     0.004325 0 
  2458398.681696     0.980749     0.004324 0 
  2458398.683085     0.982859     0.004325 0 
  2458398.684473     0.987642     0.004330 0 
  2458398.685862     0.984082     0.004325 0 
  2458398.687251     0.981536     0.004327 0 
  2458398.690029     0.983603     0.004325 0 
  2458398.691418     0.988771     0.004333 0 
  2458398.692807     0.980938     0.004334 0 
  2458398.694195     0.987874     0.004326 0 
  2458398.695584     0.980049     0.004330 0 
  2458398.696973     0.975744     0.004323 0 
  2458398.698362     0.987206     0.004332 0 
  2458398.699751     0.983548     0.004329 0 
  2458398.701140     0.979989     0.004322 0 
  2458398.702529     0.980769     0.004324 0 
  2458398.703917     0.977002     0.004326 0 
  2458398.705306     0.985616     0.004332 0 
  2458398.706695     0.978417     0.004320 0 
  2458398.708084     0.989174     0.004331 0 
  2458398.709473     0.977297     0.004321 0 
  2458398.710862     0.982621     0.004325 0 
  2458398.721972     0.985905     0.004330 0 
  2458398.723361     0.987277     0.004328 0 
  2458398.724750     0.976616     0.004321 0 
  2458398.726139     0.990527     0.004337 0 
  2458398.727528     0.989815     0.004333 0 
  2458398.728917     0.988722     0.004333 0 
  2458398.730306     0.994759     0.004334 0 
  2458398.731694     0.985048     0.004330 0 
  2458398.733083     0.998339     0.004343 0 
  2458398.734472     0.999024     0.004341 0 
  2458398.735861     0.987232     0.004327 0 
  2458398.737250     0.991219     0.004335 0 
  2458398.738639     1.002638     0.004341 0 
  2458398.740028     0.998833     0.004342 0 
  2458398.741416     0.991762     0.004337 0 
  2458398.742805     1.000096     0.004354 0 
  2458398.744194     0.997716     0.004344 0 
  2458398.745583     0.999169     0.004344 0 
  2458398.746972     1.000455     0.004343 0 
  2458398.748361     1.000768     0.004354 0 
  2458398.749749     1.001891     0.004346 0 
  2458398.751138     1.003617     0.004347 0 
  2458398.752527     1.002840     0.004343 0 
  2458398.753916     1.001156     0.004342 0 
  2458398.755305     0.992275     0.004337 0 
  2458398.756694     0.997787     0.004338 0 
  2458398.758083     0.996277     0.004342 0 
  2458398.759471     1.000843     0.004343 0 
  2458398.760860     0.997462     0.004345 0 
  2458398.762249     1.006325     0.004348 0 
  2458398.763638     0.998489     0.004343 0 
  2458398.765027     1.000583     0.004341 0 
  2458398.766416     0.990760     0.004335 0 
  2458398.767805     0.999642     0.004342 0 
  2458398.769193     0.995772     0.004337 0 
  2458398.770582     0.991060     0.004345 0 
  2458398.771971     0.998186     0.004341 0 
  2458398.773360     0.996624     0.004339 0 
  2458398.774749     1.001450     0.004344 0 
  2458398.776138     0.997951     0.004341 0 
  2458398.777526     1.004814     0.004348 0 
  2458398.778915     0.996445     0.004339 0 
  2458398.780304     0.997830     0.004344 0 
  2458398.781693     1.002050     0.004343 0 
  2458398.783082     0.996760     0.004341 0 
  2458398.784471     1.006014     0.004353 0 
  2458398.785860     0.995246     0.004338 0 
  2458398.787248     1.000872     0.004347 0 
  2458398.788637     0.997191     0.004338 0 
  2458398.790026     0.994856     0.004340 0 
  2458398.791415     1.002713     0.004345 0 
  2458398.792804     1.005568     0.004344 0 
  2458398.794193     1.001907     0.004348 0 
  2458398.795582     0.994175     0.004337 0 
  2458398.796970     1.002425     0.004350 0 
  2458398.798359     1.000522     0.004344 0 
  2458398.799748     0.999960     0.004345 0 
  2458398.801137     0.998276     0.004346 0 
  2458398.802526     0.999225     0.004342 0 
  2458398.803915     1.006208     0.004348 0 
  2458398.805303     0.995642     0.004342 0 
  2458398.806692     0.997043     0.004342 0 
  2458398.808081     1.001933     0.004341 0 
  2458398.809470     1.001001     0.004345 0 
  2458398.810859     0.995958     0.004343 0 
  2458398.812248     0.998559     0.004342 0 
  2458398.813637     1.004645     0.004352 0 
  2458398.815025     0.994940     0.004340 0 
  2458398.816414     1.005138     0.004351 0 
  2458398.817803     1.001165     0.004344 0 
  2458398.819192     1.003651     0.004344 0 
  2458398.820581     1.003387     0.004343 0 
  2458398.821970     0.994946     0.004341 0 
  2458398.823359     0.995675     0.004339 0 
  2458398.824747     0.996208     0.004340 0 
  2458398.826136     1.000352     0.004343 0 
  2458398.827525     1.002216     0.004346 0 
  2458398.828914     1.002992     0.004344 0 
  2458398.830303     0.998947     0.004346 0 
  2458398.831692     1.003854     0.004348 0 
  2458398.833080     1.002633     0.004345 0 
  2458398.834469     0.991615     0.004336 0 
  2458398.835858     1.005284     0.004349 0 
  2458398.837247     0.995433     0.004337 0 
  2458398.838636     1.001841     0.004342 0 
  2458398.840025     1.001902     0.004345 0 
  2458398.841414     0.996986     0.004340 0 
  2458398.842802     0.995290     0.004342 0 
  2458400.983015     0.993484     0.004344 0 
  2458400.984404     1.013007     0.004360 0 
  2458400.985793     1.000617     0.004346 0 
  2458400.987182     1.002851     0.004356 0 
  2458400.988571     1.002595     0.004348 0 
  2458400.989959     0.999412     0.004348 0 
  2458400.991348     0.999825     0.004346 0 
  2458400.992737     0.999530     0.004346 0 
  2458400.994126     0.990780     0.004346 0 
  2458400.995515     0.998682     0.004357 0 
  2458400.996904     0.999413     0.004355 0 
  2458400.998293     1.002270     0.004348 0 
  2458400.999681     0.996141     0.004357 0 
  2458401.001070     1.002563     0.004346 0 
  2458401.002459     1.004301     0.004354 0 
  2458401.003848     1.001785     0.004348 0 
  2458401.005237     1.010710     0.004355 0 
  2458401.006626     1.002449     0.004346 0 
  2458401.008014     0.999778     0.004346 0 
  2458401.009403     1.003612     0.004348 0 
  2458401.010792     0.996119     0.004343 0 
  2458401.012181     0.997616     0.004344 0 
  2458401.013570     1.000324     0.004343 0 
  2458401.014959     0.997577     0.004340 0 
  2458401.016348     0.998703     0.004351 0 
  2458401.017736     0.994413     0.004341 0 
  2458401.019125     1.000199     0.004339 0 
  2458401.020514     0.997968     0.004355 0 
  2458401.021903     0.994593     0.004343 0 
  2458401.023292     1.004425     0.004349 0 
  2458401.024681     0.997363     0.004346 0 
  2458401.026069     0.999867     0.004342 0 
  2458401.027458     0.997892     0.004343 0 
  2458401.028847     0.998483     0.004342 0 
  2458401.030236     1.003625     0.004349 0 
  2458401.031625     0.997195     0.004343 0 
  2458401.033014     1.004957     0.004353 0 
  2458401.034402     1.002173     0.004350 0 
  2458401.035791     0.998197     0.004341 0 
  2458401.037180     0.996460     0.004341 0 
  2458401.038569     0.994487     0.004338 0 
  2458401.039958     1.003199     0.004344 0 
  2458401.041347     1.006253     0.004352 0 
  2458401.042736     0.996928     0.004340 0 
  2458401.044124     0.994040     0.004341 0 
  2458401.045513     1.001874     0.004346 0 
  2458401.046902     0.994300     0.004342 0 
  2458401.048291     1.002891     0.004344 0 
  2458401.049680     0.999570     0.004341 0 
  2458401.051069     0.995770     0.004340 0 
  2458401.052457     0.998794     0.004346 0 
  2458401.053846     1.002122     0.004347 0 
  2458401.055235     1.005456     0.004353 0 
  2458401.056624     1.004131     0.004341 0 
  2458401.058013     1.009200     0.004351 0 
  2458401.059402     0.996760     0.004341 0 
  2458401.060791     0.997827     0.004340 0 
  2458401.062179     0.996889     0.004340 0 
  2458401.063568     1.001775     0.004349 0 
  2458401.064957     0.993683     0.004337 0 
  2458401.066346     0.997436     0.004338 0 
  2458401.067735     1.001272     0.004341 0 
  2458401.069124     1.003909     0.004347 0 
  2458401.070512     0.996316     0.004334 0 
  2458401.071901     1.001895     0.004340 0 
  2458401.073290     0.994917     0.004344 0 
  2458401.074679     0.995436     0.004338 0 
  2458401.076068     1.001921     0.004342 0 
  2458401.077457     0.997994     0.004340 0 
  2458401.078845     0.996613     0.004337 0 
  2458401.080234     0.998559     0.004338 0 
  2458401.081623     0.988187     0.004327 0 
  2458401.083012     0.994153     0.004336 0 
  2458401.084401     0.986981     0.004329 0 
  2458401.085790     0.993366     0.004331 0 
  2458401.087179     0.991181     0.004337 0 
  2458401.088567     0.986276     0.004327 0 
  2458401.089956     0.986806     0.004325 0 
  2458401.091345     0.986172     0.004323 0 
  2458401.092734     0.980880     0.004323 0 
  2458401.094123     0.981844     0.004324 0 
  2458401.095512     0.991833     0.004332 0 
  2458401.096900     0.980420     0.004319 0 
  2458401.098289     0.981797     0.004322 0 
  2458401.099678     0.991092     0.004325 0 
  2458401.101067     0.987488     0.004332 0 
  2458401.102456     0.986317     0.004323 0 
  2458401.103845     0.983941     0.004326 0 
  2458401.105234     0.986217     0.004326 0 
  2458401.106622     0.980436     0.004322 0 
  2458401.108011     0.990542     0.004335 0 
  2458401.109400     0.984039     0.004322 0 
  2458401.110789     0.987871     0.004330 0 
  2458401.112178     0.985827     0.004322 0 
  2458401.113567     0.984564     0.004324 0 
  2458401.114955     0.985696     0.004324 0 
  2458401.116344     0.979933     0.004322 0 
  2458401.117733     0.984758     0.004328 0 
  2458401.119122     0.982037     0.004321 0 
  2458401.120511     0.987975     0.004330 0 
  2458401.121900     0.986437     0.004327 0 
  2458401.123288     0.979033     0.004324 0 
  2458401.124677     0.982134     0.004324 0 
  2458401.126066     0.980925     0.004322 0 
  2458401.127455     0.987138     0.004331 0 
  2458401.128844     0.981616     0.004323 0 
  2458401.130233     0.983819     0.004321 0 
  2458401.131622     0.982272     0.004322 0 
  2458401.133010     0.987385     0.004328 0 
  2458401.134399     0.982185     0.004332 0 
  2458401.135788     0.985908     0.004323 0 
  2458401.137177     0.978715     0.004321 0 
  2458401.138566     0.982113     0.004328 0 
  2458401.139955     0.990126     0.004330 0 
  2458401.141343     0.986116     0.004329 0 
  2458401.142732     0.981343     0.004324 0 
  2458401.144121     0.981619     0.004324 0 
  2458401.145510     0.982842     0.004326 0 
  2458401.146899     0.986499     0.004328 0 
  2458401.148288     0.987838     0.004330 0 
  2458401.149677     0.987061     0.004328 0 
  2458401.151065     0.980426     0.004322 0 
  2458401.152454     0.983320     0.004323 0 
  2458401.153843     0.989549     0.004333 0 
  2458401.155232     0.986924     0.004327 0 
  2458401.156621     1.001899     0.004340 0 
  2458401.158010     0.992179     0.004331 0 
  2458401.159398     0.994086     0.004339 0 
  2458401.160787     0.986283     0.004326 0 
  2458401.162176     0.991995     0.004332 0 
  2458401.163565     1.000271     0.004335 0 
  2458401.164954     1.007374     0.004346 0 
  2458401.166343     0.998884     0.004349 0 
  2458401.167731     0.997663     0.004335 0 
  2458401.169120     0.992942     0.004332 0 
  2458401.170509     0.998034     0.004336 0 
  2458401.171898     0.994164     0.004333 0 
  2458401.173287     0.999067     0.004337 0 
  2458401.174676     0.996459     0.004337 0 
  2458401.176065     0.997179     0.004339 0 
  2458401.177453     0.996894     0.004337 0 
  2458401.178842     0.999101     0.004342 0 
  2458401.180231     1.001403     0.004338 0 
  2458401.181620     0.996993     0.004338 0 
  2458401.183009     1.003613     0.004344 0 
  2458401.184398     1.000166     0.004344 0 
  2458401.185786     1.004960     0.004342 0 
  2458401.187175     0.991066     0.004330 0 
  2458401.188564     0.997687     0.004341 0 
  2458401.189953     1.000927     0.004335 0 
  2458401.191342     1.000898     0.004338 0 
  2458401.192731     0.998381     0.004336 0 
  2458401.194119     0.998011     0.004338 0 
  2458401.195508     1.002716     0.004340 0 
  2458401.196897     0.998002     0.004339 0 
  2458401.198286     1.003956     0.004338 0 
  2458401.199675     0.996309     0.004335 0 
  2458401.201064     1.003403     0.004346 0 
  2458401.202453     1.009577     0.004345 0 
  2458401.203841     0.999192     0.004339 0 
  2458401.205230     1.002729     0.004346 0 
  2458401.206619     1.000656     0.004338 0 
  2458401.208008     1.000324     0.004340 0 
  2458401.209397     0.999782     0.004333 0 
  2458401.210786     0.999100     0.004347 0 
  2458401.212174     0.997331     0.004336 0 
  2458401.213563     0.998457     0.004338 0 
  2458401.214952     1.002007     0.004343 0 
  2458401.216341     1.003955     0.004341 0 
  2458401.217730     0.997822     0.004333 0 
  2458401.219119     0.994035     0.004335 0 
  2458401.220508     1.001799     0.004339 0 
  2458401.221896     0.996478     0.004333 0 
  2458401.223285     0.993271     0.004338 0 
  2458401.224674     1.001902     0.004337 0 
  2458401.226063     0.997376     0.004340 0 
  2458401.227452     1.000102     0.004339 0 
  2458401.228841     0.996505     0.004341 0 
  2458401.230229     1.001132     0.004335 0 
  2458401.231618     1.003692     0.004342 0 
  2458401.233007     1.004090     0.004348 0 
  2458401.234396     1.005018     0.004353 0 
  2458401.235785     1.002056     0.004339 0 
  2458401.237174     0.998798     0.004339 0 
  2458401.238562     0.999640     0.004343 0 
  2458401.239951     0.997624     0.004335 0 
  2458401.241340     1.000218     0.004335 0 
  2458401.242729     1.001659     0.004338 0 
  2458401.244118     1.006617     0.004342 0 
  2458401.245507     0.997517     0.004333 0 
  2458401.246896     1.001936     0.004337 0 
  2458401.248284     0.996752     0.004337 0 
  2458401.249673     0.998109     0.004339 0 
  2458401.251062     1.008962     0.004346 0 
  2458401.252451     1.002017     0.004345 0 
  2458401.253840     1.004209     0.004337 0 
  2458401.255229     1.001064     0.004341 0 
  2458401.256617     0.996477     0.004337 0 
  2458401.258006     1.002521     0.004337 0 
  2458401.259395     0.999110     0.004344 0 
  2458401.260784     0.995080     0.004336 0 
  2458401.262173     1.005646     0.004341 0 
  2458401.263562     0.997970     0.004337 0 
  2458401.264951     0.997584     0.004339 0 
  2458401.266339     0.999359     0.004336 0 
  2458401.267728     0.999614     0.004343 0 
  2458401.269117     0.996096     0.004334 0 
  2458403.407932     1.005456     0.004327 0 
  2458403.409321     1.006750     0.004333 0 
  2458403.410710     1.004476     0.004332 0 
  2458403.412099     1.008214     0.004334 0 
  2458403.413488     1.000429     0.004331 0 
  2458403.414876     0.997876     0.004326 0 
  2458403.416265     0.991742     0.004318 0 
  2458403.417654     0.992060     0.004324 0 
  2458403.419043     0.991837     0.004316 0 
  2458403.420432     1.000463     0.004326 0 
  2458403.421821     0.998122     0.004324 0 
  2458403.423209     0.991555     0.004317 0 
  2458403.424598     0.998105     0.004323 0 
  2458403.425987     1.004791     0.004332 0 
  2458403.427376     1.003059     0.004332 0 
  2458403.428765     0.992312     0.004323 0 
  2458403.430154     0.999445     0.004323 0 
  2458403.431542     0.999465     0.004325 0 
  2458403.432931     1.002238     0.004327 0 
  2458403.434320     0.995831     0.004321 0 
  2458403.435709     0.998039     0.004328 0 
  2458403.437098     1.000777     0.004329 0 
  2458403.438487     0.999589     0.004328 0 
  2458403.439875     0.999188     0.004327 0 
  2458403.441264     0.998790     0.004324 0 
  2458403.442653     0.993466     0.004323 0 
  2458403.444042     0.999304     0.004328 0 
  2458403.445431     1.007366     0.004330 0 
  2458403.446820     1.000181     0.004325 0 
  2458403.448208     1.006216     0.004329 0 
  2458403.449597     0.999999     0.004330 0 
  2458403.450986     1.003184     0.004337 0 
  2458403.452375     1.000641     0.004328 0 
  2458403.453764     0.998499     0.004327 0 
  2458403.455153     0.998735     0.004335 0 
  2458403.456542     0.996264     0.004321 0 
  2458403.457930     1.000027     0.004331 0 
  2458403.459319     0.997405     0.004326 0 
  2458403.460708     1.007194     0.004332 0 
  2458403.462097     1.005857     0.004340 0 
  2458403.463486     0.994277     0.004323 0 
  2458403.464875     0.997084     0.004321 0 
  2458403.466263     1.001504     0.004329 0 
  2458403.467652     1.003859     0.004331 0 
  2458403.469041     1.007416     0.004331 0 
  2458403.470430     1.003420     0.004329 0 
  2458403.471819     1.006111     0.004329 0 
  2458403.473208     0.996497     0.004331 0 
  2458403.474596     1.000857     0.004331 0 
  2458403.475985     1.009023     0.004330 0 
  2458403.477374     0.997950     0.004324 0 
  2458403.478763     0.999095     0.004320 0 
  2458403.480152     0.998709     0.004325 0 
  2458403.481541     0.996176     0.004321 0 
  2458403.482929     0.999432     0.004328 0 
  2458403.484318     0.998176     0.004322 0 
  2458403.485707     1.000595     0.004325 0 
  2458403.487096     0.998993     0.004327 0 
  2458403.488485     0.996300     0.004332 0 
  2458403.489874     1.000551     0.004325 0 
  2458403.491262     0.996016     0.004323 0 
  2458403.492651     1.003237     0.004330 0 
  2458403.494040     1.004399     0.004329 0 
  2458403.495429     1.008374     0.004339 0 
  2458403.496818     1.012920     0.004341 0 
  2458403.498207     0.999069     0.004326 0 
  2458403.499595     1.005555     0.004327 0 
  2458403.500984     1.000944     0.004328 0 
  2458403.502373     0.994684     0.004322 0 
  2458403.503762     0.994960     0.004323 0 
  2458403.505151     0.995006     0.004320 0 
  2458403.506540     0.995407     0.004319 0 
  2458403.507929     0.995019     0.004318 0 
  2458403.509317     0.991269     0.004322 0 
  2458403.510706     0.983187     0.004310 0 
  2458403.512095     0.985854     0.004311 0 
  2458403.513484     0.987507     0.004318 0 
  2458403.514873     0.988334     0.004315 0 
  2458403.516262     0.985735     0.004315 0 
  2458403.517650     0.991500     0.004318 0 
  2458403.519039     0.983239     0.004312 0 
  2458403.520428     0.986374     0.004315 0 
  2458403.521817     0.986789     0.004312 0 
  2458403.523206     0.986270     0.004319 0 
  2458403.524595     0.989544     0.004316 0 
  2458403.525983     0.988344     0.004312 0 
  2458403.527372     0.989243     0.004311 0 
  2458403.528761     0.991016     0.004320 0 
  2458403.530150     0.987288     0.004313 0 
  2458403.531539     0.980173     0.004308 0 
  2458403.532928     0.983994     0.004306 0 
  2458403.534316     0.984127     0.004308 0 
  2458403.535705     0.980069     0.004313 0 
  2458403.537094     0.983503     0.004311 0 
  2458403.538483     0.988372     0.004319 0 
  2458403.539872     0.973879     0.004300 0 
  2458403.541261     0.982892     0.004315 0 
  2458403.542649     0.986909     0.004314 0 
  2458403.544038     0.989207     0.004318 0 
  2458403.545427     0.980206     0.004303 0 
  2458403.546816     0.987143     0.004312 0 
  2458403.548205     0.983605     0.004306 0 
  2458403.549594     0.980400     0.004307 0 
  2458403.550983     0.988540     0.004318 0 
  2458403.552371     0.987110     0.004312 0 
  2458403.553760     0.983012     0.004310 0 
  2458403.555149     0.985025     0.004307 0 
  2458403.556538     0.981649     0.004311 0 
  2458403.557927     0.988973     0.004314 0 
  2458403.559316     0.981898     0.004317 0 
  2458403.560704     0.985856     0.004312 0 
  2458403.562093     0.982152     0.004311 0 
  2458403.563482     0.978851     0.004303 0 
  2458403.564871     0.984702     0.004310 0 
  2458403.566260     0.985550     0.004309 0 
  2458403.567649     0.985230     0.004319 0 
  2458403.569037     0.981288     0.004308 0 
  2458403.570426     0.983866     0.004310 0 
  2458403.571815     0.989354     0.004323 0 
  2458403.573204     0.983248     0.004310 0 
  2458403.574593     0.985805     0.004312 0 
  2458403.575982     0.985252     0.004310 0 
  2458403.577370     0.988133     0.004312 0 
  2458403.578759     0.986874     0.004311 0 
  2458403.580148     0.986496     0.004310 0 
  2458403.581537     0.991185     0.004317 0 
  2458403.582926     0.987525     0.004310 0 
  2458403.584315     0.992540     0.004319 0 
  2458403.585703     0.994890     0.004321 0 
  2458403.587092     1.000225     0.004323 0 
  2458403.588481     0.995138     0.004320 0 
  2458403.589870     0.992633     0.004320 0 
  2458403.591259     0.999132     0.004326 0 
  2458403.592648     1.008565     0.004335 0 
  2458403.594037     1.000216     0.004322 0 
  2458403.595425     1.006202     0.004327 0 
  2458403.596814     0.996778     0.004322 0 
  2458403.598203     0.998692     0.004325 0 
  2458403.599592     1.004130     0.004328 0 
  2458403.600981     0.997199     0.004321 0 
  2458403.602370     1.002598     0.004329 0 
  2458403.603758     0.990565     0.004317 0 
  2458403.605147     0.995548     0.004323 0 
  2458403.606536     1.000369     0.004327 0 
  2458403.607925     1.009284     0.004338 0 
  2458403.609314     0.997722     0.004318 0 
  2458403.610703     0.997107     0.004321 0 
  2458403.612091     0.998794     0.004325 0 
  2458403.613480     1.002585     0.004329 0 
  2458403.614869     0.997879     0.004323 0 
  2458403.616258     0.998107     0.004328 0 
  2458403.617647     1.008919     0.004334 0 
  2458403.619036     1.002096     0.004325 0 
  2458403.620424     1.006279     0.004333 0 
  2458403.621813     1.000810     0.004327 0 
  2458403.624591     0.990908     0.004319 0 
  2458403.625980     0.999011     0.004324 0 
  2458403.627369     1.006391     0.004328 0 
  2458403.628757     0.999498     0.004325 0 
  2458403.630146     0.994171     0.004318 0 
  2458403.631535     1.004676     0.004337 0 
  2458403.632924     1.000956     0.004330 0 
  2458403.634313     1.001837     0.004328 0 
  2458403.635702     1.004800     0.004327 0 
  2458403.637091     1.003985     0.004324 0 
  2458403.638479     0.986172     0.004313 0 
  2458403.639868     0.998157     0.004322 0 
  2458403.641257     0.995726     0.004320 0 
  2458403.642646     1.001311     0.004327 0 
  2458403.644035     1.000901     0.004329 0 
  2458403.645424     1.000209     0.004328 0 
  2458403.646812     1.005646     0.004331 0 
  2458403.648201     1.000185     0.004328 0 
  2458403.649590     0.997438     0.004323 0 
  2458403.650979     1.002111     0.004328 0 
  2458403.652368     0.996083     0.004323 0 
  2458403.653757     0.997556     0.004321 0 
  2458403.655145     0.993952     0.004321 0 
  2458403.656534     1.002658     0.004329 0 
  2458403.657923     1.000299     0.004323 0 
  2458403.659312     0.998890     0.004326 0 
  2458403.660701     1.004855     0.004336 0 
  2458403.662090     0.996407     0.004317 0 
  2458403.663478     0.998736     0.004331 0 
  2458403.664867     1.005688     0.004333 0 
  2458403.666256     1.000511     0.004334 0 
  2458403.667645     1.002996     0.004327 0 
  2458403.669034     0.998840     0.004322 0 
  2458403.670423     1.004824     0.004332 0 
  2458403.671811     1.001123     0.004325 0 
  2458403.673200     1.007023     0.004329 0 
  2458403.674589     1.002545     0.004331 0 
  2458403.675978     1.001219     0.004324 0 
  2458403.677367     1.001084     0.004323 0 
  2458403.678756     1.005688     0.004332 0 
  2458403.680144     1.002343     0.004329 0 
  2458403.681533     0.997298     0.004324 0 
  2458403.682922     1.005042     0.004327 0 
  2458403.684311     1.007034     0.004328 0 
  2458403.685700     0.999440     0.004326 0 
  2458403.687089     1.000553     0.004328 0 
  2458403.688478     0.997854     0.004329 0 
  2458403.689866     0.999210     0.004328 0 
  2458403.691255     1.004442     0.004327 0 
  2458403.692644     0.997163     0.004326 0 
  2458403.694033     0.999410     0.004325 0 
  2458405.834229     1.005327     0.004340 0 
  2458405.835618     1.002873     0.004339 0 
  2458405.837007     1.003161     0.004334 0 
  2458405.838396     0.992087     0.004329 0 
  2458405.839785     1.000477     0.004330 0 
  2458405.841174     0.998021     0.004332 0 
  2458405.842562     1.003218     0.004335 0 
  2458405.843951     0.999987     0.004334 0 
  2458405.845340     0.996115     0.004330 0 
  2458405.846729     1.002089     0.004336 0 
  2458405.848118     0.991826     0.004329 0 
  2458405.849507     1.002799     0.004337 0 
  2458405.850895     1.003737     0.004337 0 
  2458405.852284     1.005856     0.004337 0 
  2458405.855062     0.994042     0.004329 0 
  2458405.856451     0.999098     0.004335 0 
  2458405.857840     1.001114     0.004336 0 
  2458405.859228     0.999599     0.004331 0 
  2458405.860617     0.998794     0.004334 0 
  2458405.862006     0.998362     0.004329 0 
  2458405.863395     0.999930     0.004332 0 
  2458405.864784     0.997363     0.004334 0 
  2458405.866173     0.996000     0.004333 0 
  2458405.867561     1.001789     0.004333 0 
  2458405.868950     1.000767     0.004335 0 
  2458405.870339     0.996730     0.004333 0 
  2458405.871728     0.999085     0.004332 0 
  2458405.873117     1.002105     0.004341 0 
  2458405.874506     1.000563     0.004334 0 
  2458405.875894     1.002996     0.004342 0 
  2458405.877283     1.005949     0.004338 0 
  2458405.878672     1.003168     0.004337 0 
  2458405.880061     1.000059     0.004333 0 
  2458405.881450     1.004957     0.004334 0 
  2458405.882839     1.000390     0.004334 0 
  2458405.884228     1.001994     0.004337 0 
  2458405.885616     1.007186     0.004348 0 
  2458405.887005     0.998956     0.004341 0 
  2458405.888394     1.003944     0.004336 0 
  2458405.889783     1.007426     0.004341 0 
  2458405.891172     1.000694     0.004340 0 
  2458405.892561     0.997484     0.004344 0 
  2458405.893949     1.007942     0.004343 0 
  2458405.895338     0.994757     0.004329 0 
  2458405.896727     0.994068     0.004330 0 
  2458405.898116     0.998725     0.004336 0 
  2458405.899505     1.003087     0.004339 0 
  2458405.900894     1.003339     0.004341 0 
  2458405.902282     0.998356     0.004328 0 
  2458405.903671     0.991715     0.004328 0 
  2458405.905060     1.004901     0.004338 0 
  2458405.906449     0.993882     0.004328 0 
  2458405.907838     1.005615     0.004339 0 
  2458405.909227     1.001737     0.004335 0 
  2458405.910615     0.995676     0.004327 0 
  2458405.912004     0.997794     0.004336 0 
  2458405.913393     0.993443     0.004337 0 
  2458405.914782     0.995980     0.004332 0 
  2458405.916171     0.992870     0.004329 0 
  2458405.917560     0.999880     0.004334 0 
