9174.236319391  1.039329000  0.002199505 0 
9174.236513818  1.040960000  0.002223031 0 
9174.236708247  1.052429000  0.002249096 0 
9174.236902674  1.050996000  0.002259821 0 
9174.237097102  1.069384000  0.002270522 0 
9174.237291529  1.044535000  0.002224226 0 
9174.237485958  1.053703000  0.002263211 0 
9174.237680385  1.048831000  0.002240228 0 
9174.237874813  1.056876000  0.002249083 0 
9174.238069240  1.052446000  0.002253166 0 
9174.238263669  1.050161000  0.002267248 0 
9174.238458097  1.050987000  0.002245376 0 
9174.238652524  1.053708000  0.002261353 0 
9174.238846952  1.046539000  0.002227942 0 
9174.239041380  1.056380000  0.002248868 0 
9174.239235808  1.048573000  0.002222240 0 
9174.239430235  1.041203000  0.002232249 0 
9174.239624663  1.046419000  0.002243506 0 
9174.239819091  1.056480000  0.002307293 0 
9174.240013519  1.058335000  0.002256900 0 
9174.240207946  1.049383000  0.002253077 0 
9174.240402374  1.049107000  0.002289728 0 
9174.240596802  1.048975000  0.002233142 0 
9174.240798173  1.058254000  0.002256786 0 
9174.240992601  1.058381000  0.002248870 0 
9174.241187030  1.055015000  0.002228057 0 
9174.241381457  1.055134000  0.002259123 0 
9174.241575885  1.041336000  0.002222503 0 
9174.241770312  1.055575000  0.002261426 0 
9174.241964740  1.060113000  0.002257517 0 
9174.242159168  1.034663000  0.002205742 0 
9174.242353596  1.055587000  0.002263275 0 
9174.242548024  1.057160000  0.002281654 0 
9174.242742451  1.041518000  0.002227166 0 
9174.242936879  1.058035000  0.002249679 0 
9174.243131307  1.057315000  0.002254265 0 
9174.243325735  1.060680000  0.002265420 0 
9174.243520163  1.048308000  0.002233596 0 
9174.243714590  1.048265000  0.002208777 0 
9174.243909018  1.053983000  0.002251441 0 
9174.244103446  1.052685000  0.002230961 0 
9174.244297874  1.050116000  0.002219056 0 
9174.244492301  1.050164000  0.002238975 0 
9174.244686729  1.046965000  0.002237797 0 
9174.244881157  1.058906000  0.002240743 0 
9174.245075585  1.051719000  0.002246717 0 
9174.245270012  1.050671000  0.002259864 0 
9174.245464440  1.050392000  0.002238298 0 
9174.245658868  1.049441000  0.002228897 0 
9174.245853296  1.050605000  0.002227300 0 
9174.246047724  1.052076000  0.002229505 0 
9174.246242152  1.053259000  0.002232295 0 
9174.246436579  1.044026000  0.002206658 0 
9174.246624063  1.059503000  0.002251337 0 
9174.246825434  1.052161000  0.002249384 0 
9174.247019863  1.047043000  0.002242715 0 
9174.247214290  1.054445000  0.002232963 0 
9174.247408718  1.042535000  0.002205374 0 
9174.247596201  1.058037000  0.002255559 0 
9174.247797573  1.050688000  0.002230291 0 
9174.247992001  1.048084000  0.002237869 0 
9174.248186429  1.046405000  0.002250887 0 
9174.248380857  1.048090000  0.002234228 0 
9174.248575285  1.041198000  0.002224198 0 
9174.248769712  1.047996000  0.002244993 0 
9174.248964140  1.054966000  0.002275124 0 
9174.249158568  1.061969000  0.002254722 0 
9174.249352996  1.055272000  0.002233944 0 
9174.249547423  1.057663000  0.002225724 0 
9174.249741851  1.046285000  0.002212876 0 
9174.249936279  1.043011000  0.002198742 0 
9174.250130707  1.054779000  0.002226110 0 
9174.250325134  1.057279000  0.002220493 0 
9174.250519562  1.050444000  0.002217600 0 
9174.250713990  1.046029000  0.002209011 0 
9174.250908418  1.057884000  0.002230819 0 
9174.251102845  1.049572000  0.002212353 0 
9174.251297273  1.059524000  0.002237976 0 
9174.251491701  1.047504000  0.002219378 0 
9174.251686129  1.058964000  0.002213964 0 
9174.251880556  1.048152000  0.002199203 0 
9174.252074984  1.052306000  0.002214131 0 
9174.252269412  1.053202000  0.002208789 0 
9174.252456896  1.056155000  0.002222669 0 
9174.252658268  1.051504000  0.002214002 0 
9174.252852696  1.052973000  0.002209867 0 
9174.253047123  1.057005000  0.002228865 0 
9174.253241551  1.062952000  0.002254197 0 
9174.253435978  1.052559000  0.002245278 0 
9174.253630407  1.046426000  0.002245146 0 
9174.253824834  1.061843000  0.002271240 0 
9174.254019262  1.045381000  0.002217896 0 
9174.254213689  1.056826000  0.002228333 0 
9174.254408117  1.050413000  0.002213877 0 
9174.254602545  1.042152000  0.002200088 0 
9174.254796973  1.060478000  0.002237909 0 
9174.254991401  1.049575000  0.002225017 0 
9174.255185829  1.052421000  0.002223252 0 
9174.255380256  1.052393000  0.002217438 0 
9174.255574684  1.043873000  0.002211966 0 
9174.255769112  1.052541000  0.002210352 0 
9174.255963539  1.064101000  0.002251166 0 
9174.256157967  1.058854000  0.002247398 0 
9174.256345451  1.055887000  0.002231457 0 
9174.256546823  1.051893000  0.002218558 0 
9174.256741250  1.050624000  0.002213342 0 
9174.256935678  1.050940000  0.002206415 0 
9174.257130106  1.052924000  0.002207130 0 
9174.257324534  1.048730000  0.002203438 0 
9174.257518962  1.047589000  0.002216043 0 
9174.257713389  1.053779000  0.002241570 0 
9174.257907817  1.055167000  0.002249917 0 
9174.258102245  1.045785000  0.002210352 0 
9174.258296672  1.058946000  0.002232292 0 
9174.258491100  1.049114000  0.002215193 0 
9174.258685528  1.050820000  0.002220393 0 
9174.258879956  1.044737000  0.002203512 0 
9174.259074383  1.056972000  0.002245904 0 
9174.259268811  1.063451000  0.002306049 0 
9174.259463239  1.049343000  0.002228347 0 
9174.259657667  1.053917000  0.002224327 0 
9174.259852094  1.054650000  0.002221110 0 
9174.260046522  1.058751000  0.002231583 0 
9174.260234006  1.054873000  0.002224933 0 
9174.260435378  1.042437000  0.002219238 0 
9174.260629805  1.050933000  0.002221137 0 
9174.260824233  1.054365000  0.002234885 0 
9174.261018661  1.065537000  0.002246860 0 
9174.261213088  1.054365000  0.002230109 0 
9174.261407516  1.047832000  0.002223380 0 
9174.261601944  1.056129000  0.002242770 0 
9174.261796372  1.055517000  0.002226390 0 
9174.261990800  1.055738000  0.002240092 0 
9174.262185227  1.061375000  0.002271507 0 
9174.262379655  1.055235000  0.002223056 0 
9174.262574083  1.054546000  0.002224295 0 
9174.262775454  1.050736000  0.002198768 0 
9174.262962938  1.051253000  0.002217452 0 
9174.263157366  1.047161000  0.002201148 0 
9174.263351794  1.045720000  0.002198019 0 
9174.263546221  1.064026000  0.002244401 0 
9174.263740649  1.055320000  0.002218095 0 
9174.263935077  1.040994000  0.002172128 0 
9174.264129505  1.049543000  0.002197346 0 
9174.264323932  1.045590000  0.002188960 0 
9174.264518360  1.049565000  0.002196292 0 
9174.264712788  1.057912000  0.002217453 0 
9174.264907216  1.045267000  0.002195268 0 
9174.265101643  1.059718000  0.002220030 0 
9174.265296071  1.038719000  0.002197256 0 
9174.265490499  1.045317000  0.002213906 0 
9174.265691870  1.056339000  0.002229650 0 
9174.265879354  1.057133000  0.002217404 0 
9174.266073782  1.055402000  0.002226687 0 
9174.266268210  1.054888000  0.002215179 0 
9174.266462637  1.051103000  0.002220160 0 
9174.266664009  1.046800000  0.002206913 0 
9174.266851493  1.047566000  0.002201144 0 
9174.267045921  1.060245000  0.002239747 0 
9174.267240348  1.048373000  0.002211480 0 
9174.267434776  1.044127000  0.002198349 0 
9174.267636148  1.048314000  0.002212617 0 
9174.267823631  1.046491000  0.002232702 0 
9174.268018059  1.052804000  0.002242169 0 
9174.268212487  1.049522000  0.002241244 0 
9174.268406915  1.045264000  0.002213717 0 
9174.268601343  1.055536000  0.002231655 0 
9174.268795770  1.049719000  0.002217550 0 
9174.268990198  1.054506000  0.002236343 0 
9174.269184626  1.043244000  0.002221668 0 
9174.269379053  1.041483000  0.002203553 0 
9174.269573481  1.051705000  0.002245823 0 
9174.269767909  1.048837000  0.002216595 0 
9174.269962336  1.053631000  0.002221321 0 
9174.270156764  1.051053000  0.002221746 0 
9174.270351192  1.039302000  0.002203731 0 
9174.270545620  1.056899000  0.002232895 0 
9174.270740048  1.049075000  0.002223302 0 
9174.270934475  1.048458000  0.002217038 0 
9174.271128903  1.046882000  0.002209499 0 
9174.271323331  1.058004000  0.002231769 0 
9174.271524702  1.049514000  0.002205360 0 
9174.271712186  1.069221000  0.002256121 0 
9174.271906614  1.044875000  0.002211151 0 
9174.272101041  1.068029000  0.002244096 0 
9174.272295469  1.045348000  0.002204715 0 
9174.272489897  1.045858000  0.002192066 0 
9174.272684325  1.052040000  0.002227587 0 
9174.272878753  1.056860000  0.002243864 0 
9174.273073180  1.041638000  0.002186678 0 
9174.273267608  1.063864000  0.002229527 0 
9174.273462036  1.056262000  0.002211401 0 
9174.273656463  1.054211000  0.002211842 0 
9174.273850891  1.051654000  0.002198391 0 
9174.274045318  1.044071000  0.002186611 0 
9174.274239746  1.049998000  0.002203675 0 
9174.274434174  1.043203000  0.002176472 0 
9174.274628602  1.041330000  0.002172323 0 
9174.274823030  1.044339000  0.002181395 0 
9174.275017457  1.055557000  0.002219101 0 
9174.275211885  1.058883000  0.002216131 0 
9174.275406313  1.043947000  0.002183219 0 
9174.275600741  1.049666000  0.002186808 0 
9174.275795168  1.043939000  0.002179754 0 
9174.275989596  1.053032000  0.002204626 0 
9174.276184023  1.056338000  0.002214638 0 
9174.276378451  1.048397000  0.002202312 0 
9174.276572879  1.042701000  0.002192563 0 
9174.276767306  1.043727000  0.002191014 0 
9174.276961734  1.053548000  0.002196718 0 
9174.277156162  1.052886000  0.002202948 0 
9174.277350590  1.046105000  0.002204954 0 
9174.277545017  1.040928000  0.002186507 0 
9174.277739445  1.039244000  0.002177804 0 
9174.277933873  1.043271000  0.002177017 0 
9174.278128300  1.033623000  0.002159052 0 
9174.278322728  1.050394000  0.002189278 0 
9174.278517156  1.043549000  0.002182786 0 
9174.278711584  1.047604000  0.002195225 0 
9174.278906011  1.042728000  0.002182123 0 
9174.279100439  1.046960000  0.002193949 0 
9174.279294867  1.052682000  0.002207956 0 
9174.279489295  1.046219000  0.002215542 0 
9174.279683722  1.045396000  0.002179798 0 
9174.279878150  1.043351000  0.002179537 0 
9174.280072578  1.052474000  0.002185682 0 
9174.280267005  1.046064000  0.002182620 0 
9174.280461433  1.035411000  0.002166684 0 
9174.280655860  1.050206000  0.002197316 0 
9174.280850288  1.041329000  0.002191591 0 
9174.281044716  1.047700000  0.002193420 0 
9174.281239144  1.039007000  0.002173999 0 
9174.281433572  1.048109000  0.002184562 0 
9174.281627999  1.041334000  0.002166583 0 
9174.281822427  1.042676000  0.002172935 0 
9174.282016855  1.046325000  0.002177277 0 
9174.282211283  1.041378000  0.002165099 0 
9174.282405710  1.044942000  0.002182372 0 
9174.282600138  1.043512000  0.002188460 0 
9174.282794565  1.043288000  0.002171752 0 
9174.282988993  1.045311000  0.002179833 0 
9174.283183421  1.040746000  0.002158583 0 
9174.283377849  1.042829000  0.002173439 0 
9174.283572276  1.042402000  0.002183735 0 
9174.283766704  1.040846000  0.002166570 0 
9174.283961132  1.033554000  0.002156178 0 
9174.284155559  1.033644000  0.002165569 0 
9174.284349987  1.033880000  0.002157363 0 
9174.284544415  1.044025000  0.002178509 0 
9174.284738842  1.036343000  0.002162137 0 
9174.284933270  1.043531000  0.002177749 0 
9174.285134642  1.046868000  0.002183220 0 
9174.285322126  1.046080000  0.002174727 0 
9174.285516553  1.034930000  0.002161305 0 
9174.285710981  1.039141000  0.002165267 0 
9174.285905409  1.036717000  0.002161022 0 
9174.286099836  1.039658000  0.002170259 0 
9174.286294264  1.040946000  0.002174488 0 
9174.286488691  1.034778000  0.002150752 0 
9174.286683119  1.036154000  0.002163548 0 
9174.286877547  1.039184000  0.002169521 0 
9174.287071974  1.037504000  0.002168822 0 
9174.287266402  1.039512000  0.002179557 0 
9174.287460830  1.038998000  0.002173503 0 
9174.287655258  1.029992000  0.002156781 0 
9174.287849686  1.042232000  0.002173152 0 
9174.288044114  1.032273000  0.002154915 0 
9174.288238541  1.034604000  0.002169384 0 
9174.288432969  1.039181000  0.002162188 0 
9174.288627396  1.036675000  0.002168167 0 
9174.288821824  1.028600000  0.002150354 0 
9174.289016252  1.043767000  0.002200717 0 
9174.289210679  1.030241000  0.002157791 0 
9174.289405107  1.034821000  0.002185138 0 
9174.289599535  1.033426000  0.002175311 0 
9174.289793963  1.035213000  0.002186698 0 
9174.289988390  1.039038000  0.002199955 0 
9174.290182818  1.042811000  0.002197469 0 
9174.290377246  1.034987000  0.002183609 0 
9174.290571673  1.034058000  0.002182953 0 
9174.290766101  1.045947000  0.002200158 0 
9174.290960529  1.046407000  0.002206387 0 
9174.291154956  1.038419000  0.002200639 0 
9174.291349384  1.028015000  0.002173462 0 
9174.291543812  1.030330000  0.002175721 0 
9174.291738240  1.041248000  0.002215025 0 
9174.291932667  1.036516000  0.002233610 0 
9174.292127095  1.032137000  0.002221807 0 
9174.292321522  1.035673000  0.002214185 0 
9174.292515950  1.041151000  0.002240609 0 
9174.292710378  1.035359000  0.002227965 0 
9174.292904805  1.029379000  0.002197866 0 
9174.293099233  1.044113000  0.002208748 0 
9174.293286717  1.029107000  0.002189187 0 
9174.293488089  1.040106000  0.002223485 0 
9174.293682516  1.034310000  0.002218131 0 
9174.293870000  1.027006000  0.002201936 0 
9174.294071372  1.033062000  0.002237294 0 
9174.294265799  1.041288000  0.002236780 0 
9174.294460227  1.042000000  0.002244785 0 
9174.294654655  1.032934000  0.002241101 0 
9174.294842138  1.032255000  0.002220147 0 
9174.295036566  1.034488000  0.002214088 0 
9174.295230994  1.036479000  0.002216090 0 
9174.295432365  1.031215000  0.002237253 0 
9174.295626793  1.027162000  0.002215700 0 
9174.295821221  1.040794000  0.002241503 0 
9174.296008704  1.045596000  0.002250864 0 
9174.296203132  1.029041000  0.002198613 0 
9174.296404504  1.036008000  0.002218945 0 
9174.296598931  1.036679000  0.002225626 0 
9174.296793359  1.039582000  0.002250691 0 
9174.296980843  1.037916000  0.002314475 0 
9174.297175271  1.024844000  0.002228669 0 
9174.297376642  1.047610000  0.002247807 0 
9174.297571070  1.036607000  0.002207067 0 
9174.297765498  1.029086000  0.002189272 0 
9174.297959925  1.041052000  0.002217729 0 
9174.298154353  1.030749000  0.002221982 0 
9174.298348781  1.031217000  0.002194144 0 
9174.298543208  1.038786000  0.002214796 0 
9174.298737636  1.030378000  0.002183255 0 
9174.298932063  1.030610000  0.002186937 0 
9174.299126491  1.031986000  0.002208701 0 
9174.299320919  1.031089000  0.002219517 0 
9174.299515346  1.035226000  0.002202320 0 
9174.299702830  1.039885000  0.002208786 0 
9174.299897258  1.037298000  0.002206994 0 
9174.300091686  1.034797000  0.002190669 0 
9174.300293057  1.038595000  0.002227682 0 
9174.300480541  1.047792000  0.002251847 0 
9174.300674969  1.028767000  0.002196419 0 
9174.300869396  1.027335000  0.002202593 0 
9174.301063824  1.035173000  0.002193197 0 
9174.301265195  1.036333000  0.002201589 0 
9174.301459623  1.041454000  0.002222902 0 
9174.301654051  1.035610000  0.002221148 0 
9174.301841534  1.029965000  0.002191181 0 
9174.302035962  1.046573000  0.002220578 0 
9174.302237334  1.035430000  0.002203039 0 
9174.302431761  1.034654000  0.002189646 0 
9174.302619245  1.034520000  0.002205344 0 
9174.302813673  1.042344000  0.002226637 0 
9174.303008100  1.035043000  0.002199485 0 
9174.303209472  1.054240000  0.002235906 0 
9174.303403900  1.035737000  0.002179892 0 
9174.303591384  1.036642000  0.002199242 0 
9174.303785811  1.032310000  0.002219657 0 
9174.303980239  1.034403000  0.002201730 0 
9174.304181611  1.026920000  0.002191520 0 
9174.304376038  1.031903000  0.002205154 0 
9174.304570466  1.029303000  0.002202255 0 
9174.304764893  1.035220000  0.002203932 0 
9174.304952377  1.033682000  0.002204113 0 
9174.305153748  1.031629000  0.002202580 0 
9174.305348176  1.039894000  0.002228107 0 
9174.305542604  1.038312000  0.002212400 0 
9174.305730088  1.024158000  0.002188222 0 
9174.305924516  1.038749000  0.002207018 0 
9174.306125887  1.039215000  0.002202564 0 
9174.306320314  1.028300000  0.002181291 0 
9174.306514742  1.031147000  0.002220692 0 
9174.306702226  1.031935000  0.002195397 0 
9174.306896653  1.031685000  0.002185811 0 
9174.307098025  1.040861000  0.002216055 0 
9174.307292453  1.036414000  0.002207064 0 
9174.307479937  1.036366000  0.002211816 0 
9174.307674364  1.031294000  0.002215370 0 
9174.307868792  1.031573000  0.002197981 0 
9174.308070164  1.034256000  0.002187826 0 
9174.308264591  1.035590000  0.002220967 0 
9174.308452075  1.032449000  0.002198971 0 
9174.308653447  1.037560000  0.002200304 0 
9174.308840930  1.034614000  0.002206332 0 
9174.309042301  1.026096000  0.002185600 0 
9174.309229786  1.045914000  0.002229993 0 
9174.309431157  1.031754000  0.002167413 0 
9174.309618641  1.040499000  0.002197571 0 
9174.309813068  1.036409000  0.002177057 0 
9174.310014440  1.030501000  0.002178113 0 
9174.310208868  1.035508000  0.002177745 0 
9174.310403295  1.039662000  0.002194784 0 
9174.310590779  1.036885000  0.002194855 0 
9174.310785207  1.037975000  0.002201891 0 
9174.310986578  1.030800000  0.002188804 0 
9174.311181006  1.023545000  0.002180070 0 
9174.311368490  1.022324000  0.002261957 0 
9174.311562918  1.029594000  0.002268441 0 
9174.311757345  1.051102000  0.002301468 0 
9174.311958716  1.036102000  0.002208642 0 
9174.312153144  1.036330000  0.002191079 0 
9174.312340628  1.039129000  0.002201761 0 
9174.312535056  1.022548000  0.002153368 0 
9174.312729483  1.029931000  0.002163789 0 
9174.312930855  1.043323000  0.002197368 0 
9174.313118339  1.045263000  0.002218844 0 
9174.313312766  1.029176000  0.002210823 0 
9174.313507194  1.036892000  0.002210568 0 
9174.313701621  1.035261000  0.002198185 0 
9174.313902993  1.033583000  0.002201196 0 
9174.314090477  1.026594000  0.002276967 0 
9174.314284904  1.033609000  0.002214578 0 
9174.314479332  1.040921000  0.002236655 0 
9174.314673760  1.036135000  0.002229794 0 
9174.314868188  1.055667000  0.002319530 0 
9174.315062615  1.042271000  0.002259052 0 
9174.315263987  1.034502000  0.002213937 0 
9174.315451470  1.032186000  0.002190022 0 
9174.315645898  1.037549000  0.002211213 0 
9174.315847269  1.031419000  0.002206869 0 
9174.316041697  1.030419000  0.002251576 0 
9174.316229181  1.039660000  0.002262578 0 
9174.316423608  1.045786000  0.002255249 0 
9174.316618036  1.028947000  0.002212567 0 
9174.316819408  1.040606000  0.002227081 0 
9174.317013835  1.033282000  0.002218342 0 
9174.317201319  1.044067000  0.002233682 0 
9174.317395747  1.039525000  0.002205043 0 
9174.317590174  1.034584000  0.002191775 0 
9174.317791546  1.035268000  0.002223711 0 
9174.317979029  1.033880000  0.002260851 0 
9174.318173457  1.037994000  0.002232840 0 
9174.318367885  1.038087000  0.002244246 0 
9174.318562313  1.033537000  0.002245533 0 
9174.318763684  1.043407000  0.002298086 0 
9174.318951168  1.023392000  0.002226416 0 
9174.319145596  1.028325000  0.002249535 0 
9174.319340023  1.032581000  0.002259270 0 
9174.319534451  1.028738000  0.002228165 0 
9174.319728878  1.031631000  0.002207191 0 
9174.319923306  1.034050000  0.002214810 0 
9174.320117733  1.035551000  0.002222769 0 
9174.320312161  1.041423000  0.002231710 0 
9174.320506589  1.036717000  0.002255907 0 
9174.320701017  1.028232000  0.002258940 0 
9174.320895444  1.028690000  0.002230561 0 
9174.321089872  1.032401000  0.002237203 0 
9174.321284300  1.027249000  0.002229183 0 
9174.321478727  1.031554000  0.002203002 0 
9174.321680098  1.030682000  0.002220811 0 
9174.321867582  1.024086000  0.002223490 0 
9174.322062010  1.038164000  0.002233675 0 
9174.322256438  1.029994000  0.002199472 0 
9174.322450865  1.036115000  0.002204651 0 
9174.322652237  1.031682000  0.002199389 0 
9174.322839721  1.029620000  0.002192700 0 
9174.323034148  1.030999000  0.002212268 0 
9174.323228576  1.030402000  0.002190065 0 
9174.323423003  1.039169000  0.002244044 0 
9174.323617431  1.038434000  0.002228202 0 
9174.323811858  1.033103000  0.002196995 0 
9174.324006286  1.038007000  0.002209085 0 
9174.324200714  1.025195000  0.002182430 0 
9174.324395142  1.034828000  0.002201307 0 
9174.324589569  1.034864000  0.002224175 0 
9174.324783997  1.038133000  0.002251216 0 
9174.324978425  1.033606000  0.002272501 0 
9174.325172852  1.027922000  0.002204839 0 
9174.325367279  1.036538000  0.002222738 0 
9174.325561707  1.037354000  0.002195639 0 
9174.325756135  1.033232000  0.002182482 0 
9174.325950562  1.047359000  0.002287813 0 
9174.326144990  1.037183000  0.002214754 0 
9174.326339418  1.036299000  0.002219869 0 
9174.326533846  1.034307000  0.002193223 0 
9174.326728273  1.023585000  0.002196154 0 
9174.326922700  1.036498000  0.002195055 0 
9174.327117128  1.024678000  0.002223356 0 
9174.327311556  1.056572000  0.002345438 0 
9174.327505983  1.032232000  0.002233259 0 
9174.327700411  1.038437000  0.002231273 0 
9174.327894839  1.033026000  0.002234037 0 
9174.328089267  1.027533000  0.002207613 0 
9174.328283694  1.040567000  0.002238812 0 
9174.328478122  1.028694000  0.002252973 0 
9174.328672549  1.037458000  0.002247747 0 
9174.328866977  1.044298000  0.002260714 0 
9174.329061404  1.038860000  0.002247990 0 
9174.329255832  1.036903000  0.002257524 0 
9174.329450260  1.035357000  0.002264381 0 
9174.329644687  1.028221000  0.002218458 0 
9174.329839115  1.044309000  0.002237522 0 
9174.330033543  1.036044000  0.002230803 0 
9174.330227970  1.046854000  0.002279490 0 
9174.330422398  1.031298000  0.002251087 0 
9174.330616825  1.050090000  0.002323737 0 
9174.330811253  1.035884000  0.002240025 0 
9174.331005681  1.020674000  0.002201866 0 
9174.331200108  1.040851000  0.002220757 0 
9174.331394536  1.033650000  0.002218331 0 
9174.331588964  1.042299000  0.002218087 0 
9174.331783391  1.038504000  0.002209646 0 
9174.331977819  1.027702000  0.002207463 0 
9174.332172247  1.026488000  0.002201171 0 
9174.332366674  1.031767000  0.002206792 0 
9174.332561102  1.031924000  0.002274147 0 
9174.332755529  1.053880000  0.002279461 0 
9174.332949957  1.040288000  0.002233931 0 
9174.333144384  1.041768000  0.002224792 0 
9174.333338812  1.036174000  0.002278692 0 
9174.333533240  1.045751000  0.002278548 0 
9174.333727668  1.047715000  0.002293919 0 
9174.333922095  1.028893000  0.002218592 0 
9174.334116522  1.030624000  0.002235691 0 
9174.334310950  1.018023000  0.002229701 0 
9174.334505378  1.026500000  0.002201063 0 
9174.334699805  1.050868000  0.002270356 0 
9174.334894233  1.031491000  0.002304320 0 
9174.335088661  1.031801000  0.002251982 0 
9174.335283088  1.042839000  0.002244703 0 
9174.335477516  1.028958000  0.002235994 0 
9174.335671943  1.034175000  0.002225636 0 
9174.335866371  1.024947000  0.002177377 0 
9174.336060799  1.051568000  0.002247960 0 
9174.336255226  1.033610000  0.002195460 0 
9174.336449654  1.019921000  0.002195512 0 
9174.336644081  1.035103000  0.002197099 0 
9174.336838509  1.036238000  0.002199880 0 
9174.337032937  1.033131000  0.002197525 0 
9174.337227364  1.031769000  0.002209765 0 
9174.337421792  1.040733000  0.002218752 0 
9174.337616220  1.050205000  0.002238511 0 
9174.337810647  1.030423000  0.002213805 0 
9174.338005075  1.029809000  0.002187714 0 
9174.338199502  1.030431000  0.002214166 0 
9174.338393930  1.027347000  0.002221946 0 
9174.338588357  1.031087000  0.002220987 0 
9174.338782785  1.042110000  0.002251334 0 
9174.338977213  1.043746000  0.002241977 0 
9174.339171640  1.040442000  0.002225784 0 
9174.339366068  1.040539000  0.002227765 0 
9174.339560496  1.048467000  0.002232878 0 
9174.339754923  1.033874000  0.002206778 0 
9174.339949351  1.042326000  0.002214183 0 
9174.340143778  1.039271000  0.002217544 0 
9174.340338206  1.037156000  0.002203060 0 
9174.340532633  1.047676000  0.002233089 0 
9174.340727061  1.025793000  0.002188475 0 
9174.340921489  1.041087000  0.002214939 0 
9174.341115917  1.044383000  0.002241193 0 
9174.341310344  1.041488000  0.002244078 0 
9174.341504771  1.037827000  0.002213250 0 
9174.341699199  1.027745000  0.002193967 0 
9174.341907514  1.022986000  0.002174935 0 
9174.342094998  1.030650000  0.002223574 0 
9174.342289425  1.035842000  0.002262498 0 
9174.342483853  1.041222000  0.002289868 0 
9174.342678281  1.038708000  0.002268933 0 
9174.342872709  1.028783000  0.002219371 0 
9174.343067137  1.028564000  0.002206946 0 
9174.343261564  1.035425000  0.002216938 0 
9174.343455991  1.035839000  0.002240850 0 
9174.343650419  1.033230000  0.002219175 0 
9174.343844847  1.040398000  0.002225016 0 
9174.344039274  1.028527000  0.002202805 0 
9174.344233702  1.037371000  0.002227359 0 
9174.344428129  1.027708000  0.002243307 0 
9174.344622557  1.048907000  0.002245479 0 
9174.344816985  1.032654000  0.002230511 0 
9174.345011412  1.044495000  0.002258885 0 
9174.345205840  1.049228000  0.002262649 0 
9174.345400268  1.034120000  0.002225287 0 
9174.345594695  1.036232000  0.002224404 0 
9174.345789122  1.016244000  0.002171511 0 
9174.345983550  1.051882000  0.002250717 0 
9174.346177978  1.039174000  0.002229798 0 
9174.346372406  1.035962000  0.002212971 0 
9174.346566833  1.029008000  0.002211683 0 
9174.346761261  1.043227000  0.002250387 0 
9174.346955688  1.039108000  0.002232373 0 
9174.347150116  1.032653000  0.002203895 0 
9174.347344543  1.041597000  0.002220862 0 
9174.347538971  1.041132000  0.002216800 0 
9174.347733398  1.037156000  0.002201887 0 
9174.347927826  1.041249000  0.002212454 0 
9174.348122254  1.032270000  0.002192937 0 
9174.348316682  1.037165000  0.002223810 0 
9174.348511109  1.023910000  0.002206927 0 
9174.348705536  1.041917000  0.002249934 0 
9174.348899964  1.048379000  0.002266209 0 
9174.349094392  1.048043000  0.002280838 0 
9174.349288819  1.036920000  0.002241259 0 
9174.349483247  1.040719000  0.002250910 0 
9174.349677674  1.035517000  0.002240736 0 
9174.349872102  1.033700000  0.002267654 0 
9174.350066530  1.035075000  0.002222549 0 
9174.350260957  1.040326000  0.002244338 0 
9174.350455385  1.037920000  0.002222937 0 
9174.350649812  1.041331000  0.002248409 0 
9174.350844240  1.042048000  0.002247026 0 
9174.351038667  1.044253000  0.002229815 0 
9174.351233095  1.042172000  0.002249695 0 
9174.351427523  1.032485000  0.002218821 0 
9174.351621950  1.043571000  0.002293128 0 
9174.351816378  1.047877000  0.002296239 0 
9174.352010806  1.040781000  0.002264083 0 
9174.352205233  1.051502000  0.002268878 0 
9174.352399661  1.044025000  0.002274478 0 
9174.352594088  1.054108000  0.002292780 0 
9174.352788516  1.044978000  0.002283760 0 
9174.352982943  1.034600000  0.002248059 0 
9174.353177371  1.035635000  0.002280385 0 
9174.353371799  1.035575000  0.002301997 0 
9174.353566226  1.039684000  0.002279698 0 
9174.353760654  1.035794000  0.002253920 0 
9174.353948137  1.033937000  0.002269712 0 
9174.354149509  1.043677000  0.002254903 0 
9174.354343936  1.058166000  0.002334206 0 
9174.354538364  1.044120000  0.002286088 0 
9174.354732791  1.052009000  0.002416593 0 
9174.354927219  1.042441000  0.002276493 0 
9174.355121647  1.045486000  0.002268998 0 
9174.355316074  1.051619000  0.002289986 0 
9174.355510502  1.044364000  0.002293989 0 
9174.355704930  1.046207000  0.002277857 0 
9174.355899357  1.045053000  0.002275621 0 
9174.356093785  1.064868000  0.002362242 0 
9174.356288212  1.049283000  0.002310852 0 
9174.356482640  1.052515000  0.002298340 0 
9174.356677067  1.043397000  0.002273525 0 
9174.356864551  1.054407000  0.002273431 0 
9174.357065923  1.033501000  0.002220397 0 
9174.357260350  1.049150000  0.002242600 0 
9174.357454778  1.043695000  0.002251281 0 
9174.357649205  1.040371000  0.002249816 0 
9174.357836689  1.052324000  0.002273259 0 
9174.358038060  1.053243000  0.002271754 0 
9174.358232488  1.057207000  0.002293760 0 
9174.358426915  1.033217000  0.002242740 0 
9174.358614400  1.048389000  0.002260289 0 
9174.358808827  1.040853000  0.002240215 0 
9174.359010198  1.040350000  0.002244746 0 
9174.359204626  1.048890000  0.002275592 0 
9174.359399054  1.047323000  0.002280727 0 
9174.359593481  1.033935000  0.002273736 0 
9174.359787908  1.034035000  0.002253130 0 
9174.359982336  1.052781000  0.002281405 0 
9174.360176764  1.043336000  0.002261102 0 
9174.360371192  1.059731000  0.002307302 0 
9174.360565619  1.045452000  0.002277636 0 
9174.360760047  1.054311000  0.002276384 0 
9174.360954474  1.045969000  0.002242079 0 
9174.361148902  1.049933000  0.002262223 0 
9174.361343329  1.050285000  0.002280327 0 
9174.361537757  1.048444000  0.002330799 0 
9174.361725240  1.050414000  0.002354782 0 
9174.361926612  1.053231000  0.002287545 0 
9174.362121040  1.057923000  0.002357525 0 
9174.362315467  1.046410000  0.002299765 0 
9174.362509895  1.060277000  0.002318008 0 
9174.362697378  1.049910000  0.002283804 0 
9174.362898750  1.043441000  0.002246388 0 
9174.363093177  1.040268000  0.002263763 0 
9174.363287605  1.054182000  0.002294670 0 
9174.363482032  1.059757000  0.002332539 0 
9174.363676460  1.055554000  0.002285391 0 
9174.363870888  1.053384000  0.002292303 0 
9174.364065315  1.054423000  0.002342723 0 
9174.364259743  1.050291000  0.002310154 0 
9174.364447227  1.059645000  0.002317187 0 
9174.364648598  1.050551000  0.002249785 0 
9174.364843025  1.061251000  0.002303854 0 
9174.365037453  1.054921000  0.002277164 0 
9174.365231881  1.057174000  0.002284068 0 
9174.365426308  1.054441000  0.002323941 0 
9174.365620736  1.050950000  0.002255871 0 
9174.365815163  1.053988000  0.002281751 0 
9174.366009591  1.042740000  0.002275708 0 
9174.366204019  1.054926000  0.002298354 0 
9174.366398446  1.048159000  0.002288988 0 
9174.366592874  1.057319000  0.002287478 0 
9174.366787301  1.061186000  0.002323632 0 
9174.366981729  1.053382000  0.002333154 0 
9174.367176156  1.052347000  0.002335023 0 
9174.367370584  1.044302000  0.002333526 0 
9174.367565012  1.055220000  0.002387650 0 
9174.367759439  1.053518000  0.002311097 0 
9174.367953866  1.061188000  0.002337406 0 
9174.368148294  1.032857000  0.002370542 0 
9174.368342722  1.047655000  0.002336280 0 
9174.368537149  1.048087000  0.002323040 0 
9174.368731576  1.042228000  0.002280610 0 
9174.368926005  1.070548000  0.002375999 0 
9174.369120432  1.040057000  0.002277771 0 
9174.369314860  1.053375000  0.002264940 0 
9174.369509287  1.060445000  0.002388487 0 
9174.369703715  1.042829000  0.002304714 0 
9174.369898142  1.050936000  0.002283163 0 
9174.370092570  1.060656000  0.002328176 0 
9174.370286997  1.054550000  0.002300424 0 
9174.370481425  1.060250000  0.002328332 0 
9174.370675853  1.049744000  0.002287634 0 
9174.370870280  1.055195000  0.002324827 0 
9174.371064708  1.045529000  0.002279752 0 
9174.371259135  1.059142000  0.002333602 0 
9174.371446619  1.055181000  0.002300918 0 
9174.371647990  1.058520000  0.002286621 0 
9174.371842418  1.042164000  0.002276156 0 
9174.372036845  1.049148000  0.002394535 0 
9174.372231273  1.054260000  0.002349041 0 
9174.372425701  1.051263000  0.002253720 0 
9174.372620128  1.053159000  0.002254363 0 
9174.372814556  1.060060000  0.002264906 0 
9174.373008983  1.061001000  0.002292749 0 
9174.373203411  1.064970000  0.002320244 0 
9174.373397838  1.040318000  0.002255755 0 
9174.373592266  1.044306000  0.002283314 0 
9174.373786693  1.064634000  0.002283569 0 
9174.373981121  1.040583000  0.002227770 0 
9174.374175549  1.049893000  0.002239892 0 
9174.374369976  1.053815000  0.002231842 0 
9174.374564404  1.043768000  0.002208627 0 
9174.374758831  1.061094000  0.002261893 0 
9174.374953259  1.061623000  0.002278904 0 
9174.375147686  1.051242000  0.002245719 0 
9174.375335170  1.045835000  0.002264103 0 
9174.375536541  1.049982000  0.002273612 0 
9174.375730969  1.052766000  0.002260845 0 
9174.375925397  1.043031000  0.002236461 0 
9174.376119824  1.049608000  0.002267438 0 
9174.376314252  1.051439000  0.002247366 0 
9174.376508679  1.057827000  0.002283745 0 
9174.376703107  1.060822000  0.002275621 0 
9174.376897534  1.051309000  0.002244483 0 
9174.377085018  1.049271000  0.002226154 0 
9174.377279446  1.055783000  0.002272065 0 
9174.377480817  1.056484000  0.002250965 0 
9174.377675245  1.045182000  0.002232742 0 
9174.377869672  1.049549000  0.002245844 0 
9174.378064100  1.056819000  0.002256590 0 
9174.378251583  1.054868000  0.002248968 0 
9174.378452955  1.057828000  0.002256471 0 
9174.378647382  1.052942000  0.002252014 0 
9174.378841810  1.046566000  0.002231954 0 
9174.379036237  1.047770000  0.002224426 0 
9174.379230665  1.051818000  0.002242626 0 
9174.379425093  1.058265000  0.002278063 0 
9174.379619520  1.053900000  0.002240848 0 
9174.379813948  1.051542000  0.002275642 0 
9174.380008375  1.046734000  0.002255391 0 
9174.380202803  1.049765000  0.002251270 0 
9174.380397230  1.059458000  0.002287860 0 
9174.380591658  1.049563000  0.002247680 0 
9174.380786086  1.062781000  0.002275314 0 
9174.380973569  1.050711000  0.002252024 0 
9174.381167997  1.054036000  0.002263513 0 
9174.381369368  1.063093000  0.002314657 0 
9174.381563796  1.051665000  0.002282948 0 
9174.381758223  1.056104000  0.002279015 0 
9174.381945706  1.064178000  0.002301382 0 
9174.382140134  1.048651000  0.002250067 0 
9174.382341506  1.049316000  0.002262648 0 
9174.382535933  1.051187000  0.002261418 0 
9174.382730361  1.048084000  0.002253438 0 
9174.382924789  1.048548000  0.002263228 0 
9174.383119216  1.055668000  0.002285991 0 
9174.383313643  1.057027000  0.002286439 0 
9174.383508071  1.055453000  0.002307836 0 
9174.383702499  1.052793000  0.002290155 0 
9174.383896926  1.053464000  0.002289218 0 
9174.384091354  1.055697000  0.002281296 0 
9174.384285782  1.060271000  0.002357893 0 
9174.384480209  1.050254000  0.002313210 0 
9174.384674636  1.040077000  0.002288791 0 
9174.384862120  1.041119000  0.002318862 0 
9174.385056548  1.055835000  0.002324409 0 
9174.385257919  1.054624000  0.002285377 0 
9174.385452346  1.047700000  0.002306704 0 
9174.385646774  1.052155000  0.002339711 0 
9174.385841202  1.045450000  0.002307159 0 
9174.386035629  1.061441000  0.002351091 0 
9174.386230057  1.053431000  0.002306693 0 
9174.386424484  1.050044000  0.002294980 0 
9174.386618912  1.053892000  0.002336786 0 
9174.386813339  1.053515000  0.002292202 0 
9174.387007767  1.046551000  0.002285756 0 
9174.387202194  1.052720000  0.002279542 0 
9174.387396622  1.049992000  0.002294703 0 
9174.387591050  1.045478000  0.002265220 0 
9174.387778533  1.051147000  0.002285852 0 
9174.387972961  1.054033000  0.002307727 0 
9174.388174332  1.054344000  0.002332357 0 
9174.388368760  1.044187000  0.002276608 0 
9174.388563187  1.044507000  0.002271176 0 
9174.388750671  1.047719000  0.002260736 0 
9174.388945099  1.053700000  0.002296854 0 
9174.389146470  1.051121000  0.002281242 0 
9174.389340898  1.056161000  0.002316347 0 
9174.389535325  1.058402000  0.002325048 0 
9174.389729752  1.049351000  0.002300890 0 
9174.389924180  1.044662000  0.002304013 0 
9174.390118608  1.047949000  0.002312598 0 
9174.390313035  1.052517000  0.002354401 0 
9174.390507462  1.050938000  0.002300385 0 
9174.390701890  1.049460000  0.002291949 0 
9174.390896318  1.052405000  0.002325858 0 
9174.391090745  1.055823000  0.002317698 0 
9174.391285173  1.047928000  0.002300041 0 
9174.391479600  1.059865000  0.002320611 0 
9174.391667084  1.053330000  0.002304914 0 
9174.391861511  1.063508000  0.002335240 0 
9174.392062883  1.041461000  0.002270551 0 
9174.392257310  1.055926000  0.002296819 0 
9174.392451738  1.053507000  0.002297504 0 
9174.392646166  1.061245000  0.002304195 0 
9174.392840593  1.052228000  0.002283267 0 
9174.393035021  1.066339000  0.002323145 0 
9174.393229448  1.053236000  0.002312225 0 
9174.393423876  1.052763000  0.002301226 0 
9174.393611359  1.044864000  0.002332085 0 
9174.393805787  1.051928000  0.002355139 0 
9174.394007158  1.054509000  0.002393385 0 
9174.394201586  1.047424000  0.002319497 0 
9174.394396013  1.059623000  0.002328330 0 
9174.394583497  1.056449000  0.002318428 0 
9174.394777925  1.048988000  0.002361487 0 
9174.394979296  1.050455000  0.002359635 0 
9174.395173723  1.061368000  0.002399732 0 
9174.395368151  1.053319000  0.002365367 0 
9174.395555635  1.056836000  0.002408847 0 
9174.395750062  1.052565000  0.002382563 0 
9174.395951434  1.057292000  0.002385674 0 
9174.396722200  1.050375000  0.002417117 0 
9174.397694338  1.050814000  0.002389989 0 
9174.397895709  1.044052000  0.002417447 0 
9174.398090136  1.050924000  0.002346798 0 
9174.398284564  1.057031000  0.002374068 0 
9174.398472048  1.056533000  0.002373499 0 
9174.398666475  1.052334000  0.002351152 0 
9174.398867847  1.047492000  0.002342055 0 
9174.399062274  1.049714000  0.002356547 0 
9174.399256702  1.063596000  0.002424561 0 
9174.400034412  1.053768000  0.002388951 0 
9174.400416323  1.046009000  0.002407194 0 
9174.400610751  1.051054000  0.002440643 0 
9174.400812122  1.039623000  0.002410960 0 
9174.401006549  1.058536000  0.002412272 0 
9174.404700672  1.064619000  0.002437976 0 
9174.404895100  1.050764000  0.002370860 0 
9174.405471439  1.045300000  0.002418958 0 
9174.405867238  1.050469000  0.002423125 0 
9174.406061665  1.048733000  0.002413745 0 
9174.406249149  1.051429000  0.002351668 0 
9174.406443576  1.046675000  0.002370184 0 
9174.406644948  1.030695000  0.002356725 0 
9174.406839375  1.058951000  0.002420752 0 
9174.407033803  1.051224000  0.002436231 0 
9174.407221287  1.031400000  0.002293753 0 
9174.407415714  1.049966000  0.002356476 0 
9174.407617085  1.052925000  0.002345180 0 
9174.407811513  1.043537000  0.002317471 0 
