     8387.087448     1.000290     0.004357 0 
     8387.088837     1.000910     0.004360 0 
     8387.090226     0.998479     0.004353 0 
     8387.091615     1.001954     0.004360 0 
     8387.093004     1.000632     0.004357 0 
     8387.094393     1.000950     0.004358 0 
     8387.095782     0.999016     0.004358 0 
     8387.097171     0.993964     0.004348 0 
     8387.098559     1.002391     0.004360 0 
     8387.099948     1.002076     0.004356 0 
     8387.101337     1.000608     0.004353 0 
     8387.102726     1.003708     0.004366 0 
     8387.104115     0.999324     0.004356 0 
     8387.105504     0.995163     0.004354 0 
     8387.106893     1.000754     0.004355 0 
     8387.108282     1.010625     0.004360 0 
     8387.109670     1.003302     0.004360 0 
     8387.111059     0.999966     0.004352 0 
     8387.112448     0.995254     0.004356 0 
     8387.113837     0.998234     0.004358 0 
     8387.115226     0.999623     0.004354 0 
     8387.116615     0.993887     0.004347 0 
     8387.118004     0.999508     0.004363 0 
     8387.119393     1.004064     0.004360 0 
     8387.120781     1.000120     0.004360 0 
     8387.122170     0.994085     0.004348 0 
     8387.123559     1.005774     0.004369 0 
     8387.124948     0.998780     0.004348 0 
     8387.126337     1.001301     0.004356 0 
     8387.127726     1.010242     0.004369 0 
     8387.129115     0.996049     0.004358 0 
     8387.130504     0.998795     0.004361 0 
     8387.131892     1.006347     0.004361 0 
     8387.133281     1.001639     0.004358 0 
     8387.134670     1.003543     0.004364 0 
     8387.136059     1.008227     0.004361 0 
     8387.137448     0.995437     0.004354 0 
     8387.138837     0.999483     0.004359 0 
     8387.140226     1.003837     0.004366 0 
     8387.141615     1.008879     0.004364 0 
     8387.143003     0.998429     0.004355 0 
     8387.144392     0.997648     0.004351 0 
     8387.145781     1.007856     0.004359 0 
     8387.147170     0.992419     0.004349 0 
     8387.148559     0.996914     0.004353 0 
     8387.149948     1.000972     0.004352 0 
     8387.151337     1.001078     0.004360 0 
     8387.152726     1.004371     0.004356 0 
     8387.154114     0.992930     0.004349 0 
     8387.155503     1.000983     0.004358 0 
     8387.156892     1.001025     0.004362 0 
     8387.158281     0.995173     0.004350 0 
     8387.159670     1.003204     0.004355 0 
     8387.161059     0.993811     0.004359 0 
     8387.162448     1.002422     0.004357 0 
     8387.163837     1.001253     0.004353 0 
     8387.165225     1.000360     0.004354 0 
     8387.166614     0.998545     0.004353 0 
     8387.168003     0.995355     0.004354 0 
     8387.169392     0.999694     0.004353 0 
     8387.170781     0.998915     0.004353 0 
     8387.172170     1.002537     0.004361 0 
     8387.173559     1.003810     0.004360 0 
     8387.174948     0.996201     0.004350 0 
     8387.176336     0.996297     0.004354 0 
     8387.177725     1.011205     0.004360 0 
     8387.179114     0.995059     0.004354 0 
     8387.180503     1.000745     0.004359 0 
     8387.181892     1.003341     0.004357 0 
     8387.183281     0.995871     0.004350 0 
     8387.184670     0.999173     0.004357 0 
     8387.186059     1.006877     0.004364 0 
     8387.187447     1.003894     0.004360 0 
     8387.188836     1.001848     0.004357 0 
     8387.190225     1.006016     0.004364 0 
     8387.191614     1.003012     0.004356 0 
     8387.193003     0.991698     0.004351 0 
     8387.194392     0.996664     0.004349 0 
     8387.195781     0.997367     0.004351 0 
     8387.197170     1.003887     0.004363 0 
     8387.198558     0.994539     0.004354 0 
     8387.199947     0.998933     0.004360 0 
     8387.201336     1.000609     0.004358 0 
     8387.202725     1.002413     0.004355 0 
     8387.204114     1.000296     0.004355 0 
     8387.205503     1.002307     0.004359 0 
     8387.206892     0.994644     0.004355 0 
     8387.208281     1.005440     0.004358 0 
     8387.209669     0.996468     0.004355 0 
     8387.211058     0.995133     0.004352 0 
     8387.212447     1.003238     0.004359 0 
     8387.213836     1.004106     0.004360 0 
     8387.215225     0.998966     0.004353 0 
     8387.216614     1.000433     0.004359 0 
     8387.218003     1.002877     0.004359 0 
     8387.219392     1.004494     0.004359 0 
     8387.220780     0.997133     0.004352 0 
     8387.222169     0.998485     0.004358 0 
     8387.223558     1.003641     0.004363 0 
     8387.224947     0.999052     0.004363 0 
     8387.226336     1.002910     0.004358 0 
     8387.227725     1.000627     0.004360 0 
     8387.229114     0.999838     0.004355 0 
     8387.230503     1.002519     0.004355 0 
     8387.231891     1.007461     0.004365 0 
     8387.233280     1.003824     0.004365 0 
     8387.234669     1.002082     0.004360 0 
     8387.236058     0.994766     0.004354 0 
     8387.237447     0.998661     0.004355 0 
     8387.238836     0.992706     0.004350 0 
     8387.240225     1.002460     0.004360 0 
     8387.241614     1.004037     0.004365 0 
     8387.243002     0.996190     0.004359 0 
     8387.244391     0.999502     0.004354 0 
     8387.245780     0.994987     0.004353 0 
     8387.247169     0.999214     0.004356 0 
     8387.248558     1.002426     0.004359 0 
     8387.249947     1.005038     0.004361 0 
     8387.251336     0.993989     0.004356 0 
     8387.252725     0.996186     0.004349 0 
     8387.254113     0.995930     0.004356 0 
     8387.255502     0.998787     0.004361 0 
     8387.256891     0.996660     0.004359 0 
     8387.258280     1.002617     0.004358 0 
     8387.259669     1.004748     0.004361 0 
     8387.261058     1.002752     0.004363 0 
     8387.262447     1.003111     0.004362 0 
     8387.263836     1.002725     0.004357 0 
     8387.265224     0.994374     0.004355 0 
     8387.266613     1.000833     0.004357 0 
     8387.268002     0.996961     0.004353 0 
     8387.269391     1.001244     0.004362 0 
     8387.270780     0.995357     0.004356 0 
     8387.272169     0.994976     0.004355 0 
     8387.273558     0.998939     0.004358 0 
     8387.274947     1.003011     0.004357 0 
     8387.276335     1.002029     0.004355 0 
     8387.277724     0.995363     0.004351 0 
     8387.279113     1.003355     0.004361 0 
     8387.280502     1.002961     0.004357 0 
     8387.281891     0.992624     0.004352 0 
     8387.283280     0.999679     0.004357 0 
     8387.284669     1.003451     0.004361 0 
     8387.286058     1.011875     0.004371 0 
     8387.287446     0.997109     0.004358 0 
     8387.288835     0.997827     0.004355 0 
     8387.290224     1.003334     0.004365 0 
     8387.291613     0.994470     0.004358 0 
     8387.293002     0.998897     0.004354 0 
     8387.294391     0.996717     0.004352 0 
     8387.295780     1.001352     0.004357 0 
     8387.297169     1.006209     0.004361 0 
     8387.298557     1.000004     0.004358 0 
     8387.299946     0.995084     0.004355 0 
     8387.301335     0.996363     0.004356 0 
     8387.302724     0.995448     0.004360 0 
     8387.304113     1.005739     0.004361 0 
     8387.306891     0.997659     0.004358 0 
     8387.308280     1.000988     0.004361 0 
     8387.309668     1.001805     0.004361 0 
     8387.311057     1.004249     0.004360 0 
     8387.313835     0.990625     0.004354 0 
     8387.315224     1.011069     0.004365 0 
     8387.316613     1.007226     0.004361 0 
     8387.318002     1.005590     0.004361 0 
     8387.320779     0.994152     0.004353 0 
     8387.322168     0.994364     0.004351 0 
     8387.323557     1.005501     0.004361 0 
     8387.324946     1.001174     0.004356 0 
     8387.326335     0.996345     0.004352 0 
     8387.327724     0.999453     0.004356 0 
     8387.329113     1.004019     0.004357 0 
     8387.330502     0.995995     0.004356 0 
     8387.331890     0.995546     0.004355 0 
     8387.333279     1.004020     0.004358 0 
     8387.334668     0.993012     0.004359 0 
     8387.337446     0.998433     0.004357 0 
     8387.338835     1.001620     0.004365 0 
     8387.340224     1.003169     0.004370 0 
     8387.341613     1.006334     0.004374 0 
     8387.343001     0.997038     0.004357 0 
     8387.344390     1.004711     0.004361 0 
     8387.345779     0.996186     0.004356 0 
     8387.347168     0.996944     0.004358 0 
     8387.348557     1.000168     0.004359 0 
     8387.349946     0.997691     0.004357 0 
     8387.351335     1.001512     0.004364 0 
     8387.352724     0.998751     0.004354 0 
     8387.355501     1.008262     0.004366 0 
     8387.356890     0.995445     0.004352 0 
     8387.358279     1.001802     0.004361 0 
     8387.359668     0.999677     0.004364 0 
     8387.361057     0.997623     0.004354 0 
     8387.362446     1.001810     0.004357 0 
     8387.363835     0.999961     0.004359 0 
     8387.365223     1.002849     0.004360 0 
     8387.366612     1.000855     0.004356 0 
     8387.368001     1.001698     0.004361 0 
     8387.369390     0.999226     0.004361 0 
     8387.370779     1.000479     0.004358 0 
     8387.372168     0.998418     0.004355 0 
     8387.373557     0.999121     0.004356 0 
     8389.512420     1.000777     0.004373 0 
     8389.513809     0.995270     0.004367 0 
     8389.515198     1.007394     0.004379 0 
     8389.516587     1.005781     0.004383 0 
     8389.517976     0.997919     0.004370 0 
     8389.519365     1.004160     0.004376 0 
     8389.520753     1.005621     0.004375 0 
     8389.522142     1.004152     0.004373 0 
     8389.523531     1.001653     0.004371 0 
     8389.524920     0.993049     0.004370 0 
     8389.526309     1.002208     0.004375 0 
     8389.527698     1.002409     0.004383 0 
     8389.529087     0.997636     0.004370 0 
     8389.530476     0.998496     0.004372 0 
     8389.531864     0.998027     0.004366 0 
     8389.533253     0.999831     0.004369 0 
     8389.536031     0.995266     0.004366 0 
     8389.537420     1.001584     0.004375 0 
     8389.538809     1.003912     0.004373 0 
     8389.540198     1.001386     0.004373 0 
     8389.541587     0.995243     0.004367 0 
     8389.542975     0.999948     0.004375 0 
     8389.544364     0.999926     0.004373 0 
     8389.545753     0.996782     0.004381 0 
     8389.547142     1.005344     0.004384 0 
     8389.548531     0.997982     0.004372 0 
     8389.549920     0.994436     0.004371 0 
     8389.551309     0.997621     0.004368 0 
     8389.552697     0.998753     0.004376 0 
     8389.554086     0.995998     0.004368 0 
     8389.555475     0.998079     0.004366 0 
     8389.556864     1.006598     0.004376 0 
     8389.558253     0.995916     0.004369 0 
     8389.559642     1.000520     0.004371 0 
     8389.561031     0.993087     0.004367 0 
     8389.562420     0.997033     0.004371 0 
     8389.563808     0.998487     0.004373 0 
     8389.565197     1.007003     0.004379 0 
     8389.566586     1.008217     0.004378 0 
     8389.567975     1.000995     0.004375 0 
     8389.569364     0.994578     0.004368 0 
     8389.570753     1.003352     0.004376 0 
     8389.572142     0.992202     0.004367 0 
     8389.573531     1.003818     0.004376 0 
     8389.574919     1.000987     0.004373 0 
     8389.576308     1.001281     0.004375 0 
     8389.577697     0.992804     0.004366 0 
     8389.579086     0.994147     0.004364 0 
     8389.580475     1.011014     0.004381 0 
     8389.581864     0.995613     0.004372 0 
     8389.583253     1.003818     0.004383 0 
     8389.584642     1.006847     0.004377 0 
     8389.586030     0.998884     0.004373 0 
     8389.587419     1.003450     0.004375 0 
     8389.588808     0.997546     0.004372 0 
     8389.590197     0.996389     0.004372 0 
     8389.591586     1.003474     0.004373 0 
     8389.592975     1.001971     0.004373 0 
     8389.594364     0.996443     0.004368 0 
     8389.595752     0.999429     0.004371 0 
     8389.597141     0.996109     0.004377 0 
     8389.598530     1.000794     0.004372 0 
     8389.599919     1.008532     0.004380 0 
     8389.601308     0.998586     0.004372 0 
     8389.602697     1.002942     0.004381 0 
     8389.604086     0.992172     0.004365 0 
     8389.605475     1.005132     0.004378 0 
     8389.606863     1.009563     0.004386 0 
     8389.608252     1.003566     0.004377 0 
     8389.609641     1.005409     0.004375 0 
     8389.611030     0.999396     0.004370 0 
     8389.612419     1.004852     0.004387 0 
     8389.613808     1.006368     0.004381 0 
     8389.615197     1.005943     0.004379 0 
     8389.616586     0.996422     0.004368 0 
     8389.619363     0.995174     0.004371 0 
     8389.620752     1.003213     0.004383 0 
     8389.622141     0.998852     0.004372 0 
     8389.623530     1.002048     0.004380 0 
     8389.624919     1.005503     0.004383 0 
     8389.626308     1.005076     0.004376 0 
     8389.627696     0.999517     0.004371 0 
     8389.629085     0.998208     0.004371 0 
     8389.630474     0.999059     0.004368 0 
     8389.631863     1.001827     0.004375 0 
     8389.633252     0.994729     0.004369 0 
     8389.634641     0.995762     0.004370 0 
     8389.636030     0.994884     0.004368 0 
     8389.637419     0.989757     0.004370 0 
     8389.638807     1.000296     0.004374 0 
     8389.640196     0.998386     0.004371 0 
     8389.641585     0.999474     0.004381 0 
     8389.642974     1.002183     0.004371 0 
     8389.644363     1.000115     0.004371 0 
     8389.645752     0.996942     0.004369 0 
     8389.647141     0.994194     0.004366 0 
     8389.648530     1.005487     0.004373 0 
     8389.649918     0.998525     0.004369 0 
     8389.651307     0.996414     0.004368 0 
     8389.652696     1.000110     0.004372 0 
     8389.654085     1.007590     0.004375 0 
     8389.655474     1.003522     0.004377 0 
     8389.656863     1.000204     0.004375 0 
     8389.658252     1.002048     0.004375 0 
     8389.659640     0.996992     0.004382 0 
     8389.661029     1.000925     0.004373 0 
     8389.662418     0.997222     0.004370 0 
     8389.663807     1.011048     0.004381 0 
     8389.665196     0.998846     0.004375 0 
     8389.666585     0.996442     0.004372 0 
     8389.667974     0.999301     0.004370 0 
     8389.669363     0.994739     0.004369 0 
     8389.670751     1.000178     0.004374 0 
     8389.672140     0.995477     0.004371 0 
     8389.673529     1.001545     0.004382 0 
     8389.674918     1.005450     0.004373 0 
     8389.676307     0.995507     0.004368 0 
     8389.677696     0.998259     0.004370 0 
     8389.679085     1.001175     0.004380 0 
     8389.680474     1.006053     0.004378 0 
     8389.681862     1.004017     0.004373 0 
     8389.683251     0.998025     0.004371 0 
     8389.684640     0.993667     0.004376 0 
     8389.686029     1.003256     0.004378 0 
     8389.687418     0.997789     0.004367 0 
     8389.688807     1.006785     0.004380 0 
     8389.690196     0.986978     0.004368 0 
     8389.691584     1.002763     0.004375 0 
     8389.692973     0.994956     0.004368 0 
     8389.694362     1.004758     0.004385 0 
     8389.695751     1.004960     0.004372 0 
     8389.697140     1.005057     0.004378 0 
     8389.698529     0.999608     0.004373 0 
     8389.699918     0.999214     0.004373 0 
     8389.701307     1.007226     0.004380 0 
     8389.702695     1.003636     0.004374 0 
     8389.704084     1.002924     0.004373 0 
     8389.705473     1.002972     0.004373 0 
     8389.706862     0.999463     0.004373 0 
     8389.708251     1.005397     0.004378 0 
     8389.709640     1.004714     0.004378 0 
     8389.711029     0.997209     0.004371 0 
     8389.712418     1.000475     0.004376 0 
     8389.713806     1.002284     0.004375 0 
     8389.715195     1.006351     0.004372 0 
     8389.716584     1.002758     0.004381 0 
     8389.717973     0.997397     0.004369 0 
     8389.719362     1.001268     0.004381 0 
     8389.720751     0.998459     0.004374 0 
     8389.722140     0.989920     0.004368 0 
     8389.723528     1.000183     0.004368 0 
     8389.724917     1.002634     0.004372 0 
     8389.726306     0.997361     0.004371 0 
     8389.727695     1.005802     0.004378 0 
     8389.729084     0.998982     0.004367 0 
     8389.730473     1.006216     0.004377 0 
     8389.731862     1.002940     0.004369 0 
     8389.733251     0.999733     0.004372 0 
     8389.734639     0.997274     0.004375 0 
     8389.736028     1.002513     0.004377 0 
     8389.737417     0.991455     0.004362 0 
     8389.738806     0.998505     0.004379 0 
     8389.740195     1.001822     0.004372 0 
     8389.741584     1.000087     0.004371 0 
     8389.742973     0.999470     0.004378 0 
     8389.744362     0.996953     0.004371 0 
     8389.745750     0.998131     0.004384 0 
     8389.747139     1.003602     0.004377 0 
     8389.748528     1.007271     0.004376 0 
     8389.749917     1.004461     0.004372 0 
     8389.751306     0.999658     0.004370 0 
     8389.752695     0.996927     0.004368 0 
     8389.754084     1.000681     0.004377 0 
     8389.755473     1.001142     0.004372 0 
     8389.756861     0.990338     0.004363 0 
     8389.758250     0.999533     0.004375 0 
     8389.759639     0.999140     0.004370 0 
     8389.761028     1.000909     0.004375 0 
     8389.762417     1.000919     0.004372 0 
     8389.763806     0.998102     0.004373 0 
     8389.765195     1.004936     0.004378 0 
     8389.766583     0.999028     0.004374 0 
     8389.767972     0.996424     0.004367 0 
     8389.769361     0.992824     0.004368 0 
     8389.770750     0.999614     0.004370 0 
     8389.772139     0.993246     0.004364 0 
     8389.773528     1.002617     0.004380 0 
     8389.774917     1.003931     0.004373 0 
     8389.776306     0.999363     0.004375 0 
     8389.777694     0.987403     0.004356 0 
     8389.779083     1.004015     0.004375 0 
     8389.780472     0.997493     0.004368 0 
     8389.781861     1.003380     0.004373 0 
     8389.783250     0.996968     0.004373 0 
     8389.784639     0.996029     0.004366 0 
     8389.786028     1.003067     0.004378 0 
     8389.787417     0.998505     0.004368 0 
     8389.788805     1.000335     0.004371 0 
     8389.790194     0.997746     0.004370 0 
     8389.791583     1.001813     0.004368 0 
     8389.792972     0.998024     0.004372 0 
     8389.794361     0.997772     0.004371 0 
     8389.795750     1.000305     0.004377 0 
     8389.797139     0.993745     0.004366 0 
     8389.798527     1.001788     0.004373 0 
     8391.938773     1.002861     0.004364 0 
     8391.940161     0.998799     0.004368 0 
     8391.941550     1.000216     0.004357 0 
     8391.942939     1.000735     0.004369 0 
     8391.944328     0.995704     0.004355 0 
     8391.945717     0.994349     0.004357 0 
     8391.947106     0.994135     0.004352 0 
     8391.948495     1.001470     0.004362 0 
     8391.949883     1.004237     0.004375 0 
     8391.951272     1.010672     0.004375 0 
     8391.952661     0.998044     0.004360 0 
     8391.954050     1.001862     0.004366 0 
     8391.955439     1.002728     0.004369 0 
     8391.956828     0.995768     0.004359 0 
     8391.958217     1.002140     0.004362 0 
     8391.959606     0.996732     0.004359 0 
     8391.960994     1.007138     0.004366 0 
     8391.962383     1.003102     0.004363 0 
     8391.963772     0.996769     0.004361 0 
     8391.965161     1.004826     0.004365 0 
     8391.966550     0.999153     0.004360 0 
     8391.967939     0.997901     0.004361 0 
     8391.969328     0.999159     0.004360 0 
     8391.970716     0.993677     0.004359 0 
     8391.972105     0.996267     0.004360 0 
     8391.973494     0.999641     0.004363 0 
     8391.974883     0.990040     0.004354 0 
     8391.976272     0.996118     0.004359 0 
     8391.977661     1.001814     0.004360 0 
     8391.979050     0.999600     0.004360 0 
     8391.980439     0.996771     0.004362 0 
     8391.981827     0.989995     0.004357 0 
     8391.983216     1.001854     0.004359 0 
     8391.984605     0.990458     0.004352 0 
     8391.985994     0.995202     0.004356 0 
     8391.987383     1.002972     0.004367 0 
     8391.988772     1.000858     0.004357 0 
     8391.990161     1.000576     0.004360 0 
     8391.991549     0.997348     0.004359 0 
     8391.992938     1.002677     0.004363 0 
     8391.994327     0.993913     0.004356 0 
     8391.995716     0.992759     0.004352 0 
     8391.997105     0.996449     0.004365 0 
     8391.998494     0.999571     0.004362 0 
     8391.999883     1.003903     0.004364 0 
     8392.001271     1.004164     0.004369 0 
     8392.002660     1.002975     0.004362 0 
     8392.004049     0.998327     0.004360 0 
     8392.005438     0.993318     0.004363 0 
     8392.006827     0.998109     0.004367 0 
     8392.008216     1.004423     0.004377 0 
     8392.009605     1.006187     0.004365 0 
     8392.010994     1.000876     0.004372 0 
     8392.012382     1.003076     0.004360 0 
     8392.013771     1.003551     0.004365 0 
     8392.015160     0.999943     0.004359 0 
     8392.016549     1.003251     0.004370 0 
     8392.017938     0.995585     0.004362 0 
     8392.019327     0.998992     0.004357 0 
     8392.020716     0.997253     0.004358 0 
     8392.022104     0.997361     0.004356 0 
     8392.023493     0.999823     0.004357 0 
     8392.024882     1.002721     0.004363 0 
     8392.026271     0.998013     0.004364 0 
     8392.027660     1.003656     0.004362 0 
     8392.029049     0.999804     0.004360 0 
     8392.030438     1.001642     0.004356 0 
     8392.031827     1.004886     0.004369 0 
     8392.033215     0.995778     0.004355 0 
     8392.034604     0.995899     0.004358 0 
     8392.035993     1.000512     0.004362 0 
     8392.037382     0.998619     0.004357 0 
     8392.038771     1.000572     0.004361 0 
     8392.040160     0.996697     0.004355 0 
     8392.041549     0.995418     0.004357 0 
     8392.042937     1.003508     0.004364 0 
     8392.044326     0.984152     0.004348 0 
     8392.045715     1.006961     0.004366 0 
     8392.047104     0.999507     0.004359 0 
     8392.048493     0.991793     0.004351 0 
     8392.049882     1.001812     0.004361 0 
     8392.051271     1.004706     0.004363 0 
     8392.052660     0.997726     0.004362 0 
     8392.054048     0.998757     0.004359 0 
     8392.055437     0.999210     0.004359 0 
     8392.056826     1.003998     0.004369 0 
     8392.058215     0.998470     0.004356 0 
     8392.059604     1.001137     0.004358 0 
     8392.060993     1.006262     0.004364 0 
     8392.062382     0.990192     0.004351 0 
     8392.063770     0.996771     0.004357 0 
     8392.065159     1.009922     0.004373 0 
     8392.066548     1.001987     0.004363 0 
     8392.067937     1.004110     0.004359 0 
     8392.069326     0.998854     0.004371 0 
     8392.070715     1.003042     0.004361 0 
     8392.072104     0.995353     0.004355 0 
     8392.073493     1.004510     0.004359 0 
     8392.074881     1.002641     0.004362 0 
     8392.076270     1.001944     0.004361 0 
     8392.077659     1.007159     0.004366 0 
     8392.079048     0.996675     0.004362 0 
     8392.080437     1.000845     0.004359 0 
     8392.081826     0.999102     0.004353 0 
     8392.083215     0.997108     0.004363 0 
     8392.084603     1.011067     0.004367 0 
     8392.085992     1.001497     0.004361 0 
     8392.087381     0.999905     0.004357 0 
     8392.088770     1.004024     0.004370 0 
     8392.090159     1.008007     0.004367 0 
     8392.091548     0.996289     0.004358 0 
     8392.092937     1.001982     0.004358 0 
     8392.094325     0.999963     0.004359 0 
     8392.095714     1.002958     0.004361 0 
     8392.097103     0.997828     0.004361 0 
     8392.098492     0.998884     0.004362 0 
     8392.099881     1.009038     0.004368 0 
     8392.101270     0.999910     0.004366 0 
     8392.102659     0.995484     0.004356 0 
     8392.104048     1.005491     0.004364 0 
     8392.105436     0.992539     0.004354 0 
     8392.106825     1.003897     0.004360 0 
     8392.108214     1.003647     0.004363 0 
     8392.109603     0.997114     0.004352 0 
     8392.110992     1.001145     0.004363 0 
     8392.112381     1.003157     0.004363 0 
     8392.113770     0.999527     0.004358 0 
     8392.115158     1.010237     0.004369 0 
     8392.116547     0.994720     0.004358 0 
     8392.117936     0.999019     0.004360 0 
     8392.119325     0.994877     0.004353 0 
     8392.120714     1.004992     0.004364 0 
     8392.122103     0.996453     0.004365 0 
     8392.123492     1.004468     0.004366 0 
     8392.124881     0.999861     0.004363 0 
     8392.126269     1.001674     0.004356 0 
     8392.127658     0.994232     0.004358 0 
     8392.129047     1.007510     0.004364 0 
     8392.130436     1.002215     0.004366 0 
     8392.131825     1.000483     0.004362 0 
     8392.133214     1.005487     0.004362 0 
     8392.134603     0.996699     0.004352 0 
     8392.135991     0.997406     0.004361 0 
     8392.137380     0.998499     0.004365 0 
     8392.138769     1.002671     0.004361 0 
     8392.140158     1.004198     0.004363 0 
     8392.141547     0.999519     0.004360 0 
     8392.142936     1.003114     0.004364 0 
     8392.144325     1.001806     0.004360 0 
     8392.145714     0.995828     0.004365 0 
     8392.147102     0.997530     0.004355 0 
     8392.148491     1.002891     0.004363 0 
     8392.149880     1.001368     0.004360 0 
     8392.152658     0.999911     0.004359 0 
     8392.154047     1.001755     0.004370 0 
     8392.155436     1.002848     0.004362 0 
     8392.156824     1.002009     0.004358 0 
     8392.158213     0.999475     0.004356 0 
     8392.159602     1.002713     0.004359 0 
     8392.160991     0.999080     0.004362 0 
     8392.162380     1.006857     0.004378 0 
     8392.163769     1.000479     0.004353 0 
     8392.165158     0.999596     0.004360 0 
     8392.166547     1.003519     0.004365 0 
     8392.167935     0.996668     0.004360 0 
     8392.169324     0.999317     0.004358 0 
     8392.170713     1.001507     0.004366 0 
     8392.172102     0.996299     0.004362 0 
     8392.173491     1.003188     0.004360 0 
     8392.174880     0.995311     0.004354 0 
     8392.176269     0.999673     0.004358 0 
     8392.177657     1.002912     0.004361 0 
     8392.179046     0.993778     0.004361 0 
     8392.180435     1.006098     0.004367 0 
     8392.181824     1.004311     0.004361 0 
     8392.183213     0.996160     0.004359 0 
     8392.184602     1.005750     0.004362 0 
     8392.185991     1.004094     0.004367 0 
     8392.187379     0.998632     0.004367 0 
     8392.188768     0.997784     0.004364 0 
     8392.190157     0.998913     0.004359 0 
     8392.191546     0.997245     0.004352 0 
     8392.192935     1.003075     0.004360 0 
     8392.194324     1.001468     0.004361 0 
     8392.195713     1.001926     0.004361 0 
     8392.197102     0.993118     0.004353 0 
     8392.198490     0.995699     0.004354 0 
     8392.199879     1.001778     0.004359 0 
     8392.201268     1.000544     0.004358 0 
     8392.202657     1.000706     0.004357 0 
     8392.204046     0.994600     0.004355 0 
     8392.205435     0.999116     0.004355 0 
     8392.206824     1.000735     0.004357 0 
     8392.208212     0.998065     0.004361 0 
     8392.209601     0.997042     0.004359 0 
     8392.210990     0.993340     0.004353 0 
     8392.212379     0.999666     0.004357 0 
     8392.213768     1.000602     0.004353 0 
     8392.215157     0.996233     0.004365 0 
     8392.216546     0.991884     0.004352 0 
     8392.217935     0.996119     0.004352 0 
     8392.219323     0.996827     0.004355 0 
     8392.220712     1.006001     0.004363 0 
     8392.222101     1.001325     0.004357 0 
     8392.223490     1.002500     0.004363 0 
     8396.947017     0.996516     0.004333 0 
     8396.948406     0.995409     0.004337 0 
     8396.949795     0.996066     0.004336 0 
     8396.951184     0.998159     0.004338 0 
     8396.952573     0.995475     0.004335 0 
     8396.953962     1.002833     0.004342 0 
     8396.955350     1.014347     0.004355 0 
     8396.956739     1.007839     0.004343 0 
     8396.958128     1.005882     0.004345 0 
     8396.959517     1.000707     0.004347 0 
     8396.960906     1.004567     0.004346 0 
     8396.962295     1.000881     0.004346 0 
     8396.963684     1.000956     0.004347 0 
     8396.965072     0.996857     0.004340 0 
     8396.966461     0.998526     0.004338 0 
     8396.967850     1.002241     0.004343 0 
     8396.969239     0.997338     0.004337 0 
     8396.970628     0.998755     0.004342 0 
     8396.972017     0.998540     0.004339 0 
     8396.973406     0.996280     0.004336 0 
     8396.974794     1.002378     0.004343 0 
     8396.976183     1.001803     0.004347 0 
     8396.977572     0.998081     0.004349 0 
     8396.978961     1.000862     0.004338 0 
     8396.980350     1.005547     0.004348 0 
     8396.981739     1.000082     0.004342 0 
     8396.983128     0.997437     0.004336 0 
     8396.984516     0.997752     0.004338 0 
     8396.985905     1.003789     0.004346 0 
     8396.987294     1.007765     0.004347 0 
     8396.988683     0.995795     0.004335 0 
     8396.990072     1.001427     0.004338 0 
     8396.991461     0.995640     0.004340 0 
     8396.992850     0.998015     0.004339 0 
     8396.994238     0.998478     0.004340 0 
     8396.995627     0.995225     0.004343 0 
     8396.997016     0.995752     0.004335 0 
     8396.998405     1.001394     0.004343 0 
     8396.999794     1.000392     0.004341 0 
     8397.001183     0.995413     0.004340 0 
     8397.002572     0.996200     0.004337 0 
     8397.003960     0.999822     0.004343 0 
     8397.005349     0.998620     0.004344 0 
     8397.006738     0.994565     0.004339 0 
     8397.008127     1.003177     0.004343 0 
     8397.009516     0.999972     0.004341 0 
     8397.010905     1.000836     0.004341 0 
     8397.012294     1.000119     0.004342 0 
     8397.013682     0.994417     0.004334 0 
     8397.015071     1.005173     0.004345 0 
     8397.016460     1.003496     0.004344 0 
     8397.017849     1.003599     0.004342 0 
     8397.019238     0.996988     0.004340 0 
     8397.020627     0.999463     0.004337 0 
     8397.023404     1.000995     0.004344 0 
     8397.024793     0.998274     0.004340 0 
     8397.026182     1.002607     0.004342 0 
     8397.027571     1.008041     0.004356 0 
     8397.028960     1.005598     0.004346 0 
     8397.030349     1.001379     0.004341 0 
     8397.031738     1.001202     0.004339 0 
     8397.033126     1.008587     0.004353 0 
     8397.034515     1.000870     0.004341 0 
     8397.035904     0.998032     0.004336 0 
     8397.037293     1.001349     0.004354 0 
     8397.038682     1.000106     0.004342 0 
     8397.040071     0.995347     0.004338 0 
     8397.041460     1.006661     0.004351 0 
     8397.042848     1.000234     0.004342 0 
     8397.044237     1.002605     0.004350 0 
     8397.045626     1.004850     0.004348 0 
     8397.047015     0.996921     0.004334 0 
     8397.048404     1.004816     0.004346 0 
     8397.049793     1.003408     0.004347 0 
     8397.051182     0.999652     0.004341 0 
     8397.052570     1.004485     0.004345 0 
     8397.053959     0.993958     0.004338 0 
     8397.055348     0.996724     0.004338 0 
     8397.056737     1.006292     0.004348 0 
     8397.058126     1.006341     0.004344 0 
     8397.059515     1.001025     0.004340 0 
     8397.060904     1.002959     0.004350 0 
     8397.062292     1.007755     0.004345 0 
     8397.063681     0.998885     0.004347 0 
     8397.065070     0.996697     0.004333 0 
     8397.066459     1.003611     0.004343 0 
     8397.067848     1.000679     0.004341 0 
     8397.069237     1.008908     0.004355 0 
     8397.070626     0.995397     0.004342 0 
     8397.072014     0.996968     0.004335 0 
     8397.073403     0.998541     0.004337 0 
     8397.074792     0.996874     0.004335 0 
     8399.215014     1.000299     0.004347 0 
     8399.216403     1.000341     0.004355 0 
     8399.217792     0.995700     0.004340 0 
     8399.219181     0.997980     0.004343 0 
     8399.220569     1.001374     0.004348 0 
     8399.221958     0.998570     0.004353 0 
     8399.223347     0.992781     0.004339 0 
     8399.224736     0.995466     0.004342 0 
     8399.226125     1.001083     0.004348 0 
     8399.227514     0.999759     0.004344 0 
     8399.228902     1.003007     0.004344 0 
     8399.230291     1.005444     0.004347 0 
     8399.231680     0.994364     0.004340 0 
     8399.233069     0.999950     0.004352 0 
     8399.234458     1.001705     0.004342 0 
     8399.235847     0.998893     0.004343 0 
     8399.237236     0.997836     0.004345 0 
     8399.238624     1.005741     0.004347 0 
     8399.240013     1.003338     0.004348 0 
     8399.241402     1.000972     0.004342 0 
     8399.242791     0.998854     0.004347 0 
     8399.244180     0.998936     0.004344 0 
     8399.245569     0.999274     0.004342 0 
     8399.246958     1.001477     0.004347 0 
     8399.248346     0.993009     0.004352 0 
     8399.249735     0.993979     0.004339 0 
     8399.251124     1.002008     0.004347 0 
     8399.252513     0.994969     0.004340 0 
     8399.253902     1.007687     0.004346 0 
     8399.255291     1.000456     0.004346 0 
     8399.256679     0.997482     0.004350 0 
     8399.258068     1.001957     0.004359 0 
     8399.259457     1.003149     0.004347 0 
     8399.260846     0.997488     0.004343 0 
     8399.262235     0.999808     0.004342 0 
     8399.263624     1.007533     0.004351 0 
     8399.265013     0.998454     0.004340 0 
     8399.266401     1.003328     0.004350 0 
     8399.267790     1.001224     0.004342 0 
     8399.269179     0.997910     0.004340 0 
     8399.270568     0.997815     0.004339 0 
     8399.271957     0.995726     0.004354 0 
     8399.273346     1.000601     0.004344 0 
     8399.274734     1.000554     0.004346 0 
     8399.276123     1.004605     0.004347 0 
     8399.277512     1.003285     0.004345 0 
     8399.278901     0.997213     0.004344 0 
     8399.280290     0.997869     0.004339 0 
     8399.281679     1.005568     0.004348 0 
     8399.283068     1.003548     0.004353 0 
     8399.284456     1.001563     0.004349 0 
     8399.285845     1.002928     0.004342 0 
     8399.287234     1.005716     0.004347 0 
     8399.288623     1.000022     0.004343 0 
     8399.290012     0.997803     0.004343 0 
     8399.291401     1.000210     0.004348 0 
     8399.292790     1.001291     0.004343 0 
     8399.294178     0.993803     0.004340 0 
     8399.295567     1.001256     0.004348 0 
     8399.296956     0.998175     0.004343 0 
     8399.298345     0.999594     0.004341 0 
     8399.299734     1.000091     0.004342 0 
     8399.301123     0.992136     0.004338 0 
     8399.302511     1.005988     0.004349 0 
     8399.303900     0.998593     0.004340 0 
     8399.305289     1.006341     0.004352 0 
     8399.306678     0.995530     0.004339 0 
     8399.308067     0.998971     0.004341 0 
     8399.309456     0.998145     0.004351 0 
     8399.310845     0.995980     0.004343 0 
     8399.312233     1.004095     0.004348 0 
     8399.313622     1.000418     0.004343 0 
     8399.315011     1.001086     0.004346 0 
     8399.316400     1.009309     0.004350 0 
     8399.317789     1.002603     0.004353 0 
     8399.319178     1.001115     0.004344 0 
     8399.320566     1.003427     0.004346 0 
     8399.321955     0.999036     0.004346 0 
     8399.323344     1.002810     0.004346 0 
     8399.324733     0.999481     0.004348 0 
     8399.326122     1.002060     0.004345 0 
     8399.327511     1.001780     0.004356 0 
     8399.328900     0.999170     0.004349 0 
     8399.330288     1.003221     0.004343 0 
     8399.331677     1.004040     0.004346 0 
     8399.333066     0.998472     0.004338 0 
     8399.334455     0.995492     0.004343 0 
     8399.335844     1.003445     0.004345 0 
     8399.337233     0.998131     0.004340 0 
     8399.338621     1.000958     0.004342 0 
     8399.340010     0.998661     0.004347 0 
     8399.341399     0.999574     0.004350 0 
     8399.342788     0.999408     0.004343 0 
     8399.344177     0.993011     0.004353 0 
     8399.345566     0.999814     0.004337 0 
     8399.346955     0.997445     0.004342 0 
     8399.348343     0.996990     0.004340 0 
     8399.349732     0.999862     0.004343 0 
     8399.351121     1.008280     0.004348 0 
     8399.352510     0.998825     0.004343 0 
     8399.353899     1.000718     0.004351 0 
     8399.355288     1.002158     0.004345 0 
     8399.356677     0.999089     0.004345 0 
     8399.358065     0.998127     0.004341 0 
     8399.359454     1.001801     0.004346 0 
     8399.360843     1.007036     0.004351 0 
     8399.362232     0.994605     0.004343 0 
     8399.363621     1.003365     0.004346 0 
     8399.365010     0.991936     0.004334 0 
     8399.366398     0.998173     0.004343 0 
     8399.367787     0.999826     0.004342 0 
     8399.369176     1.008775     0.004352 0 
     8399.370565     0.996184     0.004340 0 
     8399.371954     1.003923     0.004346 0 
     8399.373343     0.997534     0.004344 0 
     8399.374732     1.005430     0.004350 0 
     8399.376120     1.000124     0.004344 0 
     8399.377509     1.008263     0.004347 0 
     8399.378898     0.999340     0.004344 0 
     8399.380287     0.995759     0.004345 0 
     8399.381676     0.992878     0.004337 0 
     8399.383065     1.002266     0.004347 0 
     8399.384453     0.995111     0.004339 0 
     8399.385842     1.005163     0.004350 0 
     8399.387231     1.002362     0.004346 0 
     8399.388620     1.000281     0.004343 0 
     8399.390009     0.999473     0.004345 0 
     8399.391398     0.992851     0.004338 0 
     8399.392787     0.999441     0.004344 0 
     8399.394175     0.996034     0.004341 0 
     8399.395564     1.003633     0.004348 0 
     8399.396953     0.999003     0.004346 0 
     8399.398342     1.003277     0.004349 0 
     8399.399731     1.005659     0.004346 0 
     8399.401120     0.997627     0.004345 0 
     8399.402509     1.000420     0.004348 0 
     8399.403897     1.000306     0.004342 0 
     8399.405286     1.010612     0.004350 0 
     8399.406675     0.998762     0.004341 0 
     8399.408064     1.005286     0.004350 0 
     8399.409453     1.009722     0.004360 0 
     8399.410842     1.001727     0.004345 0 
     8399.412230     0.997016     0.004343 0 
     8399.413619     1.007939     0.004349 0 
     8399.415008     0.994461     0.004348 0 
     8399.416397     0.994655     0.004341 0 
     8399.417786     0.998189     0.004343 0 
     8399.419175     1.003781     0.004353 0 
     8399.420564     0.998013     0.004347 0 
     8399.421952     0.995020     0.004339 0 
     8399.423341     0.997368     0.004348 0 
     8399.424730     1.000417     0.004347 0 
     8399.426119     1.003737     0.004347 0 
     8399.427508     1.000081     0.004343 0 
     8399.428897     1.003107     0.004352 0 
     8399.430285     1.002544     0.004345 0 
     8399.431674     0.998209     0.004342 0 
     8399.433063     1.001614     0.004347 0 
     8399.434452     1.003608     0.004344 0 
     8399.435841     1.000575     0.004344 0 
     8399.437230     0.994580     0.004342 0 
     8399.438619     0.998451     0.004343 0 
     8399.440007     1.005354     0.004348 0 
     8399.441396     1.001813     0.004349 0 
     8399.442785     0.999183     0.004344 0 
     8399.444174     1.001559     0.004344 0 
     8399.445563     0.994615     0.004343 0 
     8399.446952     0.996865     0.004340 0 
     8399.448341     1.010951     0.004359 0 
     8399.449729     0.999666     0.004348 0 
     8399.451118     0.993264     0.004348 0 
     8399.452507     1.003085     0.004349 0 
     8399.453896     0.995137     0.004350 0 
     8399.455285     0.995560     0.004339 0 
     8399.456674     1.000435     0.004344 0 
     8399.458062     1.002067     0.004344 0 
     8399.459451     0.998073     0.004349 0 
     8399.460840     1.002283     0.004352 0 
     8399.462229     0.994224     0.004342 0 
     8399.463618     0.996890     0.004345 0 
     8399.465007     1.002738     0.004348 0 
     8399.466396     0.994502     0.004343 0 
     8399.467784     0.998881     0.004343 0 
     8399.469173     0.999955     0.004354 0 
     8399.470562     0.999932     0.004341 0 
     8399.471951     1.000617     0.004351 0 
     8399.473340     1.002500     0.004348 0 
     8399.474729     1.004137     0.004345 0 
     8399.476117     1.000010     0.004346 0 
     8399.477506     0.999883     0.004345 0 
     8399.478895     0.995869     0.004343 0 
     8399.480284     0.993705     0.004338 0 
     8399.481673     1.001696     0.004344 0 
     8399.483062     0.997869     0.004344 0 
     8399.484451     1.002401     0.004347 0 
     8399.485839     1.001513     0.004349 0 
     8399.487228     0.996610     0.004341 0 
     8399.488617     1.003165     0.004350 0 
     8399.490006     1.001254     0.004348 0 
     8399.491395     1.005289     0.004348 0 
     8399.492784     0.998254     0.004341 0 
     8399.494172     0.996293     0.004338 0 
     8399.495561     1.003009     0.004348 0 
     8399.496950     0.999301     0.004343 0 
     8399.498339     0.994033     0.004342 0 
     8399.499728     1.003093     0.004344 0 
     8399.501117     0.999609     0.004347 0 
     8401.639938     0.999016     0.004340 0 
     8401.641327     1.000080     0.004328 0 
     8401.642716     0.997612     0.004349 0 
     8401.644105     0.996637     0.004330 0 
     8401.645493     1.002023     0.004343 0 
     8401.646882     1.005109     0.004339 0 
     8401.648271     1.002432     0.004335 0 
     8401.649660     1.000660     0.004334 0 
     8401.651049     1.000750     0.004330 0 
     8401.653827     1.004419     0.004340 0 
     8401.655215     0.998913     0.004335 0 
     8401.656604     1.000293     0.004332 0 
     8401.657993     0.998165     0.004331 0 
     8401.659382     1.002842     0.004339 0 
     8401.660771     0.996870     0.004330 0 
     8401.662160     1.008256     0.004341 0 
     8401.663548     1.002139     0.004338 0 
     8401.664937     1.000770     0.004335 0 
     8401.666326     1.003066     0.004335 0 
     8401.667715     1.007532     0.004344 0 
     8401.669104     1.003156     0.004338 0 
     8401.670493     1.003544     0.004333 0 
     8401.671881     1.006201     0.004347 0 
     8401.673270     1.001210     0.004335 0 
     8401.674659     1.006573     0.004336 0 
     8401.676048     0.993987     0.004328 0 
     8401.677437     1.000533     0.004335 0 
     8401.678826     0.999214     0.004329 0 
     8401.680215     1.004556     0.004342 0 
     8401.681603     0.998938     0.004332 0 
     8401.682992     1.004087     0.004337 0 
     8401.684381     0.996897     0.004331 0 
     8401.685770     0.995064     0.004332 0 
     8401.687159     1.003133     0.004338 0 
     8401.688548     0.996361     0.004328 0 
     8401.689936     0.998904     0.004338 0 
     8401.691325     0.995780     0.004332 0 
     8401.692714     1.005353     0.004338 0 
     8401.694103     0.997448     0.004335 0 
     8401.695492     1.001680     0.004339 0 
     8401.696881     0.992877     0.004328 0 
     8401.698269     0.988245     0.004326 0 
     8401.699658     0.992375     0.004327 0 
     8401.701047     0.995068     0.004330 0 
     8401.702436     0.999830     0.004333 0 
     8401.703825     0.996568     0.004331 0 
     8401.705214     1.000404     0.004335 0 
     8401.706603     1.003651     0.004329 0 
     8401.707991     0.999631     0.004338 0 
     8401.709380     1.003637     0.004342 0 
     8401.710769     0.996930     0.004328 0 
     8401.712158     1.005359     0.004352 0 
     8401.713547     1.008371     0.004340 0 
     8401.714936     0.995061     0.004327 0 
     8401.716324     0.999539     0.004341 0 
     8401.717713     1.001573     0.004337 0 
     8401.719102     0.997248     0.004334 0 
     8401.720491     1.001232     0.004334 0 
     8401.721880     0.999749     0.004333 0 
     8401.723269     0.997735     0.004330 0 
     8401.724657     1.007099     0.004342 0 
     8401.727435     0.997025     0.004325 0 
     8401.728824     0.996452     0.004328 0 
     8401.730213     1.002473     0.004334 0 
     8401.731602     0.999301     0.004333 0 
     8401.732991     1.005057     0.004337 0 
     8401.734379     0.995313     0.004327 0 
     8401.735768     0.998783     0.004336 0 
     8401.737157     1.002714     0.004334 0 
     8401.738546     1.001841     0.004333 0 
     8401.739935     0.992100     0.004328 0 
     8401.741324     1.003143     0.004337 0 
     8401.742712     1.003365     0.004336 0 
     8401.744101     1.004378     0.004335 0 
     8401.745490     1.002845     0.004336 0 
     8401.746879     1.002594     0.004339 0 
     8401.748268     1.002271     0.004334 0 
     8401.749657     1.002384     0.004334 0 
     8401.751045     1.000111     0.004333 0 
     8401.752434     0.996278     0.004327 0 
     8401.753823     1.003878     0.004340 0 
     8401.755212     1.005498     0.004339 0 
     8401.756601     0.991690     0.004328 0 
     8401.757990     0.992923     0.004325 0 
     8401.759379     0.999868     0.004333 0 
     8401.760767     0.999359     0.004340 0 
     8401.762156     1.009997     0.004342 0 
     8401.763545     1.002006     0.004335 0 
     8401.764934     0.998238     0.004335 0 
     8401.766323     0.995307     0.004329 0 
     8401.767712     0.999123     0.004333 0 
     8401.769100     1.002361     0.004334 0 
     8401.770489     1.000693     0.004333 0 
     8401.771878     0.999047     0.004333 0 
     8401.773267     0.996979     0.004328 0 
     8401.774656     0.990744     0.004327 0 
     8401.776045     0.996644     0.004331 0 
     8401.777433     1.002983     0.004331 0 
     8401.778822     0.997193     0.004335 0 
     8401.780211     0.999844     0.004334 0 
     8401.781600     0.994416     0.004334 0 
     8401.782989     1.000651     0.004335 0 
     8401.784378     1.009631     0.004343 0 
     8401.785767     0.994726     0.004330 0 
     8401.787155     0.998577     0.004337 0 
     8401.788544     0.995776     0.004330 0 
     8401.789933     1.006536     0.004342 0 
     8401.791322     0.999209     0.004340 0 
     8401.792711     0.995534     0.004331 0 
     8401.794100     0.999450     0.004335 0 
     8401.795488     1.001360     0.004338 0 
     8401.796877     1.006258     0.004341 0 
     8401.798266     0.999613     0.004335 0 
     8401.799655     0.995761     0.004333 0 
     8401.801044     0.994238     0.004329 0 
     8401.802433     1.007564     0.004339 0 
     8401.803821     0.996798     0.004329 0 
     8401.805210     1.000170     0.004333 0 
     8401.806599     0.996046     0.004330 0 
     8401.807988     1.003459     0.004337 0 
     8401.809377     0.995185     0.004327 0 
     8401.810766     0.995599     0.004326 0 
     8401.812155     1.002658     0.004340 0 
     8401.813543     0.999454     0.004337 0 
     8401.814932     0.998879     0.004338 0 
     8401.816321     1.005862     0.004345 0 
     8401.817710     0.998982     0.004331 0 
     8401.819099     1.008003     0.004340 0 
     8401.820488     1.005635     0.004345 0 
     8401.821876     0.995917     0.004329 0 
     8401.823265     0.995533     0.004328 0 
     8401.824654     1.003525     0.004338 0 
     8401.826043     1.001476     0.004334 0 
     8401.827432     1.004787     0.004334 0 
     8401.828821     1.000514     0.004332 0 
     8401.830209     1.000742     0.004349 0 
     8401.831598     1.002495     0.004332 0 
     8401.832987     1.002223     0.004339 0 
     8401.834376     1.001006     0.004335 0 
     8401.835765     1.001622     0.004333 0 
     8401.837154     0.995893     0.004328 0 
     8401.838543     1.001181     0.004332 0 
     8401.839931     0.995496     0.004331 0 
     8401.841320     0.999189     0.004332 0 
     8401.842709     0.999597     0.004331 0 
     8401.844098     1.005036     0.004335 0 
     8401.845487     0.998236     0.004329 0 
     8401.846876     1.002592     0.004331 0 
     8401.848264     1.000916     0.004335 0 
     8401.849653     0.993274     0.004332 0 
     8401.851042     0.998324     0.004334 0 
     8401.852431     1.004139     0.004337 0 
     8401.853820     1.000413     0.004336 0 
     8401.855209     1.011223     0.004345 0 
     8401.856597     0.997900     0.004331 0 
     8401.857986     1.002113     0.004333 0 
     8401.859375     1.002347     0.004333 0 
     8401.860764     0.996133     0.004329 0 
     8401.862153     1.003554     0.004337 0 
     8401.863542     1.001079     0.004331 0 
     8401.864931     0.998512     0.004328 0 
     8401.866319     1.001695     0.004331 0 
     8401.867708     0.999896     0.004334 0 
     8401.869097     0.995672     0.004325 0 
     8401.870486     0.998843     0.004332 0 
     8401.871875     1.000401     0.004337 0 
     8401.873264     1.000712     0.004332 0 
     8401.874652     0.997565     0.004335 0 
     8401.876041     0.994874     0.004336 0 
     8401.877430     1.001015     0.004335 0 
     8401.878819     1.003536     0.004338 0 
     8401.880208     0.997739     0.004331 0 
     8401.882985     0.994434     0.004329 0 
     8401.884374     1.000902     0.004337 0 
     8401.885763     1.000215     0.004330 0 
     8401.887152     1.003199     0.004339 0 
     8401.888541     0.998762     0.004333 0 
     8401.889930     0.996375     0.004331 0 
     8401.891319     1.001887     0.004333 0 
     8401.892707     0.992490     0.004326 0 
     8401.894096     0.999119     0.004342 0 
     8401.895485     0.999076     0.004331 0 
     8401.896874     1.000858     0.004337 0 
     8401.898263     0.993861     0.004328 0 
     8401.899652     1.000299     0.004336 0 
     8401.901040     1.003390     0.004333 0 
     8401.902429     0.998963     0.004337 0 
     8401.903818     1.000907     0.004333 0 
     8401.905207     1.006426     0.004337 0 
     8401.906596     0.996882     0.004329 0 
     8401.907985     1.005929     0.004336 0 
     8401.909373     0.994394     0.004329 0 
     8401.910762     0.996590     0.004331 0 
     8401.912151     0.989789     0.004325 0 
     8401.913540     0.999914     0.004334 0 
     8401.914929     1.003717     0.004336 0 
     8401.916318     0.995368     0.004328 0 
     8401.917707     0.997498     0.004329 0 
     8401.919095     1.002420     0.004332 0 
     8401.920484     1.002664     0.004341 0 
     8401.921873     1.007767     0.004343 0 
     8401.923262     0.994916     0.004333 0 
     8401.924651     1.010115     0.004344 0 
     8401.926040     1.003458     0.004335 0 
     8404.066241     0.996456     0.004321 0 
     8404.067630     1.000821     0.004326 0 
     8404.069019     0.998098     0.004321 0 
     8404.070408     1.000647     0.004326 0 
     8404.071797     1.000619     0.004329 0 
     8404.073186     1.002527     0.004330 0 
     8404.074574     1.002203     0.004327 0 
     8404.075963     1.000973     0.004325 0 
     8404.077352     0.997364     0.004320 0 
     8404.078741     0.992744     0.004327 0 
     8404.080130     1.006039     0.004332 0 
     8404.081519     1.008982     0.004332 0 
     8404.082907     1.001258     0.004327 0 
     8404.084296     0.997312     0.004324 0 
     8404.085685     0.999451     0.004323 0 
     8404.087074     0.988125     0.004315 0 
     8404.088463     0.993246     0.004318 0 
     8404.089852     0.999266     0.004322 0 
     8404.091240     0.995516     0.004319 0 
     8404.092629     0.994821     0.004321 0 
     8404.094018     1.005132     0.004328 0 
     8404.095407     1.000224     0.004322 0 
     8404.096796     1.001879     0.004328 0 
     8404.098185     1.000622     0.004337 0 
     8404.099573     0.993461     0.004322 0 
     8404.100962     0.999863     0.004329 0 
     8404.102351     1.000960     0.004327 0 
     8404.103740     1.006413     0.004328 0 
     8404.105129     0.998496     0.004328 0 
     8404.106518     0.997232     0.004321 0 
     8404.107907     1.001948     0.004326 0 
     8404.109295     0.992730     0.004319 0 
     8404.110684     0.999041     0.004325 0 
     8404.112073     0.992824     0.004317 0 
     8404.113462     1.002663     0.004329 0 
     8404.114851     0.998794     0.004321 0 
     8404.116240     1.000687     0.004322 0 
     8404.117628     1.001100     0.004324 0 
     8404.119017     1.001027     0.004325 0 
     8404.120406     1.003510     0.004330 0 
     8404.121795     1.008268     0.004329 0 
     8404.123184     0.995941     0.004322 0 
     8404.124573     0.996582     0.004325 0 
     8404.125961     1.000238     0.004329 0 
     8404.127350     0.994284     0.004318 0 
     8404.128739     1.008254     0.004333 0 
     8404.130128     1.003688     0.004327 0 
     8404.131517     1.002505     0.004328 0 
     8404.132906     1.000399     0.004321 0 
     8404.134294     1.004930     0.004332 0 
     8404.135683     0.999036     0.004329 0 
     8404.137072     0.997780     0.004324 0 
     8404.138461     0.996491     0.004319 0 
     8404.139850     1.000924     0.004327 0 
     8404.141239     0.992019     0.004327 0 
     8404.142627     1.003187     0.004327 0 
     8404.144016     1.005776     0.004333 0 
     8404.145405     0.998473     0.004320 0 
     8404.146794     1.011677     0.004335 0 
     8404.148183     1.005579     0.004330 0 
     8404.149572     0.999268     0.004331 0 
     8404.150960     0.995697     0.004319 0 
     8404.152349     0.997485     0.004324 0 
     8404.153738     0.991707     0.004319 0 
     8404.155127     1.005763     0.004327 0 
     8404.156516     1.000992     0.004324 0 
     8404.157905     1.003355     0.004327 0 
     8404.159294     1.003981     0.004329 0 
     8404.160682     1.000154     0.004324 0 
     8404.162071     1.001599     0.004326 0 
     8404.163460     0.997672     0.004318 0 
     8404.164849     1.002963     0.004330 0 
     8404.166238     1.001235     0.004330 0 
     8404.167627     0.995995     0.004327 0 
     8404.169015     1.000882     0.004332 0 
     8404.170404     1.000777     0.004325 0 
     8404.171793     0.994044     0.004322 0 
     8404.173182     0.996455     0.004320 0 
     8404.174571     1.005648     0.004336 0 
     8404.175960     0.995842     0.004320 0 
     8404.177348     0.998836     0.004323 0 
     8404.178737     0.996399     0.004323 0 
     8404.180126     1.004005     0.004333 0 
     8404.181515     1.004196     0.004328 0 
     8404.182904     1.004466     0.004329 0 
     8404.184293     0.993168     0.004323 0 
     8404.185681     0.992263     0.004323 0 
     8404.187070     0.990431     0.004327 0 
     8404.188459     0.998791     0.004326 0 
     8404.189848     1.000172     0.004326 0 
     8404.191237     1.002841     0.004330 0 
     8404.192626     1.000229     0.004331 0 
     8404.194014     0.998535     0.004322 0 
     8404.195403     1.003581     0.004331 0 
     8404.196792     0.992651     0.004325 0 
     8404.198181     1.001807     0.004328 0 
     8404.199570     1.001708     0.004323 0 
     8404.200959     0.999813     0.004322 0 
     8404.202347     0.993724     0.004324 0 
     8404.203736     1.007229     0.004334 0 
     8404.205125     0.996598     0.004329 0 
     8404.206514     1.000571     0.004331 0 
     8404.207903     1.005285     0.004325 0 
     8404.209292     0.992035     0.004315 0 
     8404.210680     1.004311     0.004330 0 
     8404.212069     1.001486     0.004325 0 
     8404.213458     1.000221     0.004323 0 
     8404.214847     0.992542     0.004325 0 
     8404.216236     0.995710     0.004321 0 
     8404.217625     1.000492     0.004327 0 
     8404.219014     0.996327     0.004334 0 
     8404.220402     0.992116     0.004325 0 
     8404.221791     1.002587     0.004329 0 
     8404.223180     1.005656     0.004327 0 
     8404.224569     0.998657     0.004326 0 
     8404.225958     1.004273     0.004327 0 
     8404.227347     1.003630     0.004331 0 
     8404.228735     0.998983     0.004325 0 
     8404.230124     1.007751     0.004335 0 
     8404.231513     1.004216     0.004328 0 
     8404.232902     0.995336     0.004321 0 
     8404.234291     1.001230     0.004328 0 
     8404.235680     0.997868     0.004325 0 
     8404.237068     1.000123     0.004324 0 
     8404.238457     0.993966     0.004321 0 
     8404.239846     1.005271     0.004331 0 
     8404.241235     0.999463     0.004324 0 
     8404.244013     1.005987     0.004330 0 
     8404.245401     0.998319     0.004321 0 
     8404.246790     0.996426     0.004320 0 
     8404.248179     0.999180     0.004324 0 
     8404.249568     0.996414     0.004317 0 
     8404.250957     0.999773     0.004325 0 
     8404.252346     0.998900     0.004327 0 
     8404.253734     1.002247     0.004325 0 
     8404.255123     0.999012     0.004321 0 
     8404.256512     1.002176     0.004321 0 
     8404.257901     0.999942     0.004327 0 
     8404.259290     1.001003     0.004329 0 
     8404.260679     0.999494     0.004321 0 
     8404.262067     1.007197     0.004331 0 
     8404.263456     0.997134     0.004320 0 
     8404.264845     0.998360     0.004329 0 
     8404.266234     0.997337     0.004320 0 
     8404.267623     1.007076     0.004329 0 
     8404.269012     0.999620     0.004328 0 
     8404.270400     0.999459     0.004325 0 
     8404.271789     0.996276     0.004324 0 
     8404.273178     1.003556     0.004325 0 
     8404.274567     1.003019     0.004337 0 
     8404.275956     1.009295     0.004327 0 
     8404.277345     0.999599     0.004323 0 
     8404.278734     0.997970     0.004333 0 
     8404.280122     1.004716     0.004338 0 
     8404.281511     0.998742     0.004335 0 
     8404.282900     0.997046     0.004324 0 
     8404.284289     0.996397     0.004322 0 
     8404.285678     1.000862     0.004324 0 
     8404.287067     0.991547     0.004320 0 
     8404.288455     1.002983     0.004333 0 
     8404.289844     1.006833     0.004333 0 
     8404.291233     1.000774     0.004327 0 
     8404.292622     0.997138     0.004327 0 
     8404.294011     1.006892     0.004325 0 
     8404.295400     1.010768     0.004335 0 
     8404.296788     0.997896     0.004326 0 
     8404.298177     0.994214     0.004320 0 
     8404.299566     1.000946     0.004318 0 
     8404.300955     0.998616     0.004322 0 
     8404.302344     0.997317     0.004324 0 
     8404.303733     1.006838     0.004328 0 
     8404.305121     0.996671     0.004322 0 
     8404.306510     0.993217     0.004318 0 
     8404.307899     1.000610     0.004325 0 
     8404.309288     1.000229     0.004325 0 
     8404.310677     0.998486     0.004322 0 
     8404.312066     1.007671     0.004342 0 
     8404.313454     1.001833     0.004327 0 
     8404.314843     1.000443     0.004326 0 
     8404.316232     1.009144     0.004332 0 
     8404.317621     1.004440     0.004325 0 
     8404.319010     0.999563     0.004321 0 
     8404.320399     1.005120     0.004328 0 
     8404.321787     1.000556     0.004327 0 
     8404.323176     0.999205     0.004319 0 
     8404.324565     0.993281     0.004315 0 
     8404.325954     1.000358     0.004324 0 
     8404.327343     1.005105     0.004325 0 
     8404.328732     0.997001     0.004318 0 
     8404.330120     0.994802     0.004318 0 
     8404.331509     1.005318     0.004324 0 
     8404.332898     1.001689     0.004322 0 
     8404.334287     1.009103     0.004329 0 
     8404.335676     1.007251     0.004330 0 
     8404.337065     0.996004     0.004318 0 
     8404.338453     1.001514     0.004322 0 
     8404.339842     0.999603     0.004328 0 
     8404.341231     0.995528     0.004321 0 
     8404.342620     0.994681     0.004318 0 
     8404.344009     1.000635     0.004329 0 
     8404.345398     1.003729     0.004328 0 
     8404.346787     1.001489     0.004326 0 
     8404.348175     1.004923     0.004323 0 
     8404.349564     0.996868     0.004323 0 
     8404.350953     1.004772     0.004330 0 
