7284.416804015  4.128983000  0.024819364 0 
7284.416880404  4.124820000  0.024809027 0 
7284.416949848  4.180706000  0.025179137 0 
7284.417026236  4.133923000  0.024822360 0 
7284.417095680  4.158718000  0.025092953 0 
7284.417172068  4.142409000  0.024843074 0 
7284.417248456  4.169979000  0.025139935 0 
7284.417317900  4.196435000  0.025302145 0 
7284.417394289  4.173451000  0.025112111 0 
7284.417463733  4.138189000  0.024905171 0 
7284.417540121  4.147769000  0.024959443 0 
7284.417609565  4.159386000  0.025018542 0 
7284.417685953  4.147744000  0.024788439 0 
7284.417762342  4.165833000  0.025061560 0 
7284.417831786  4.165995000  0.025000852 0 
7284.417908174  4.196295000  0.025466448 0 
7284.417977619  4.166349000  0.025310840 0 
7284.418054007  4.121922000  0.024812090 0 
7284.418123451  4.178669000  0.025198674 0 
7284.418199839  4.179751000  0.025108240 0 
7284.418276228  4.166518000  0.025091668 0 
7284.418345672  4.162838000  0.025111318 0 
7284.418422060  4.130836000  0.024859767 0 
7284.418491504  4.140099000  0.024883300 0 
7284.418567893  4.107342000  0.024752750 0 
7284.418644281  4.192810000  0.025225086 0 
7284.418713725  4.168596000  0.025018255 0 
7284.418790113  4.161363000  0.024943936 0 
7284.418859557  4.134696000  0.024656712 0 
7284.418935946  4.139149000  0.024709039 0 
7284.419012334  4.164101000  0.024909734 0 
7284.419081778  4.163678000  0.024951020 0 
7284.419158166  4.119138000  0.024549837 0 
7284.419227610  4.165979000  0.024839351 0 
7284.419303999  4.162404000  0.024788155 0 
7284.419380387  4.130723000  0.024625137 0 
7284.419449831  4.147402000  0.024721282 0 
7284.419526220  4.174342000  0.024910469 0 
7284.419595664  4.163827000  0.024926554 0 
7284.419672052  4.153712000  0.024798576 0 
7284.419741496  4.184999000  0.025043546 0 
7284.419817884  4.140561000  0.024776448 0 
7284.419887329  4.117961000  0.024540997 0 
7284.419963717  4.160830000  0.024886337 0 
7284.420040105  4.134262000  0.024668549 0 
7284.420109550  4.192132000  0.025072366 0 
7284.420185938  4.160683000  0.025041668 0 
7284.420255382  4.168271000  0.025069304 0 
7284.420331770  4.140328000  0.024854148 0 
7284.420401214  4.176847000  0.025027046 0 
7284.420477603  4.169615000  0.024929080 0 
7284.420553991  4.163697000  0.024824950 0 
7284.420623435  4.158985000  0.024829507 0 
7284.420699823  4.119143000  0.024553689 0 
7284.420769267  4.147013000  0.024802350 0 
7284.420845656  4.144845000  0.024761043 0 
7284.420922044  4.156434000  0.024853236 0 
7284.420991488  4.161536000  0.024823295 0 
7284.421067877  4.148851000  0.024752807 0 
7284.421137320  4.159374000  0.024817632 0 
7284.421213709  4.147130000  0.024656689 0 
7284.421290097  4.144902000  0.024746045 0 
7284.421359541  4.141222000  0.024707085 0 
7284.421435930  4.164980000  0.024805548 0 
7284.421505374  4.176691000  0.025024005 0 
7284.421581762  4.170053000  0.025066209 0 
7284.421658151  4.170704000  0.025007174 0 
7284.421727594  4.169070000  0.025005547 0 
7284.421803983  4.159126000  0.024922049 0 
7284.421873427  4.160458000  0.024902615 0 
7284.421949815  4.132669000  0.024664243 0 
7284.422019260  4.153880000  0.024843717 0 
7284.422095648  4.175698000  0.025107118 0 
7284.422165092  4.128875000  0.024741873 0 
7284.422241480  4.154070000  0.024922127 0 
7284.422317868  4.156598000  0.024884966 0 
7284.422387312  4.175268000  0.025116137 0 
7284.422463701  4.133780000  0.024738010 0 
7284.422533145  4.164531000  0.024846139 0 
7284.422609533  4.151389000  0.024805638 0 
7284.422685922  4.158284000  0.024973259 0 
7284.422755365  4.203942000  0.025334541 0 
7284.422831754  4.188123000  0.025112081 0 
7284.422901198  4.143874000  0.024814032 0 
7284.422977586  4.144997000  0.024780423 0 
7284.423047030  4.150753000  0.024758441 0 
7284.423123419  4.183328000  0.025596293 0 
7284.423199807  4.120488000  0.026918364 0 
7284.423269251  4.094807000  0.025816345 0 
7284.423345639  4.138371000  0.025613473 0 
7284.423415083  4.110316000  0.025727180 0 
7284.423491472  4.133475000  0.026128198 0 
7284.423560916  4.129224000  0.025805062 0 
7284.423637304  4.201808000  0.026033395 0 
7284.423713692  4.171412000  0.025692828 0 
7284.423783137  4.165106000  0.025336449 0 
7284.423859525  4.192380000  0.025598816 0 
7284.423928969  4.197097000  0.025665456 0 
7284.424005358  4.153972000  0.025546600 0 
7284.424074802  4.183883000  0.025804901 0 
7284.424151190  4.151510000  0.025431155 0 
7284.424227578  4.145290000  0.025800140 0 
7284.424297022  4.141273000  0.026334540 0 
7284.424373411  4.162151000  0.026489803 0 
7284.424442855  4.129221000  0.025858757 0 
7284.424519243  4.160014000  0.026372660 0 
7284.424595632  4.124936000  0.026167113 0 
7284.424665076  4.170775000  0.026764540 0 
7284.424741464  4.084097000  0.026771101 0 
7284.424887296  4.131748000  0.026634877 0 
7284.424956740  4.102613000  0.026001884 0 
7284.425033129  4.149923000  0.026472704 0 
7284.425109517  4.182624000  0.027070744 0 
7284.425178961  4.183156000  0.026877362 0 
7284.425255349  4.157323000  0.026279452 0 
7284.425324793  4.196889000  0.026201118 0 
7284.425401182  4.169599000  0.025887145 0 
7284.425470626  4.165847000  0.025848784 0 
7284.425547014  4.139153000  0.025773292 0 
7284.425623402  4.144129000  0.025688007 0 
7284.425692847  4.122150000  0.025297856 0 
7284.425769235  4.159816000  0.025416050 0 
7284.425838679  4.162430000  0.025450403 0 
7284.425915067  4.181365000  0.025507764 0 
7284.425984511  4.133587000  0.025082210 0 
7284.426060900  4.138396000  0.025155980 0 
7284.426137288  4.174803000  0.025612336 0 
7284.426206732  4.131930000  0.025201222 0 
7284.426283120  4.170980000  0.025684520 0 
7284.426352564  4.142148000  0.025281373 0 
7284.426428953  4.175657000  0.025615896 0 
7284.426505341  4.154480000  0.025411902 0 
7284.426574785  4.116336000  0.025025228 0 
7284.426651174  4.146971000  0.025145492 0 
7284.426720618  4.154907000  0.025281219 0 
7284.426797006  4.144567000  0.025137876 0 
7284.426866450  4.130232000  0.025051568 0 
7284.426942838  4.137768000  0.025023606 0 
7284.427019227  4.156255000  0.025163893 0 
7284.427088671  4.166616000  0.025220516 0 
7284.427165059  4.157763000  0.025180703 0 
7284.427234503  4.177610000  0.025292606 0 
7284.427310891  4.127633000  0.024834798 0 
7284.427380336  4.158162000  0.025004899 0 
7284.427456724  4.162954000  0.024977468 0 
7284.427533112  4.174040000  0.025097355 0 
7284.427602557  4.143720000  0.024858489 0 
7284.427678945  4.179796000  0.025197473 0 
7284.427748389  4.143901000  0.024796668 0 
7284.427824777  4.136892000  0.024792764 0 
7284.427894221  4.163455000  0.024961757 0 
7284.427970610  4.135882000  0.024675509 0 
7284.428046998  4.175496000  0.025074629 0 
7284.428116442  4.135564000  0.024733037 0 
7284.428192831  4.156983000  0.024897884 0 
7284.428262274  4.108589000  0.024508840 0 
7284.428338663  4.164790000  0.024930677 0 
7284.428415051  4.151953000  0.024756347 0 
7284.428484495  4.159212000  0.024813938 0 
7284.428560883  4.160952000  0.024892668 0 
7284.428630327  4.136303000  0.024718551 0 
7284.428706716  4.157820000  0.024909254 0 
7284.428776159  4.146374000  0.024924611 0 
7284.428852548  4.152143000  0.024896508 0 
7284.428921992  4.137789000  0.024843639 0 
7284.428998380  4.073931000  0.024332799 0 
7284.429074769  4.154495000  0.024950492 0 
7284.429144213  4.164248000  0.025043826 0 
7284.429220601  4.141824000  0.024958822 0 
7284.429290045  4.154104000  0.024969081 0 
7284.429366434  4.152514000  0.025029049 0 
7284.429435878  4.152838000  0.025016153 0 
7284.429512266  4.128026000  0.024881232 0 
7284.429588655  4.189458000  0.025269364 0 
7284.429658099  4.131845000  0.024791273 0 
7284.429734487  4.125602000  0.024728821 0 
7284.429803931  4.157276000  0.024920701 0 
7284.429880319  4.140790000  0.024749474 0 
7284.429949763  4.156724000  0.024813026 0 
7284.430026152  4.139848000  0.024760460 0 
7284.430095596  4.179131000  0.025112587 0 
7284.430171984  4.167825000  0.024986870 0 
7284.430248373  4.188327000  0.025236148 0 
7284.430317816  4.150057000  0.024822349 0 
7284.430394205  4.135196000  0.024753564 0 
7284.430463649  4.139418000  0.024723624 0 
7284.430540037  4.163691000  0.024904290 0 
7284.430609481  4.170145000  0.024974841 0 
7284.430685870  4.125105000  0.024696178 0 
7284.430762258  4.153707000  0.024857863 0 
7284.430831702  4.131018000  0.024769922 0 
7284.430908090  4.153742000  0.024890784 0 
7284.430977535  4.160590000  0.024925310 0 
7284.431053923  4.115366000  0.024635406 0 
7284.431130311  4.176656000  0.025035798 0 
7284.431199755  4.120870000  0.024625031 0 
7284.431276144  4.140900000  0.024724501 0 
7284.431345587  4.146357000  0.024816693 0 
7284.431421976  4.127719000  0.024600164 0 
7284.431491420  4.145978000  0.024776105 0 
7284.431567808  4.152922000  0.024870490 0 
7284.431644197  4.189373000  0.025166711 0 
7284.431713641  4.144359000  0.024712680 0 
7284.431790029  4.184600000  0.025057755 0 
7284.431859473  4.153736000  0.024961610 0 
7284.431935861  4.194312000  0.025130275 0 
7284.432012250  4.167464000  0.024964285 0 
7284.432081694  4.197027000  0.025302395 0 
7284.432158082  4.165834000  0.024926643 0 
7284.432227526  4.156585000  0.024812246 0 
7284.432303915  4.146072000  0.024812294 0 
7284.432380303  4.174463000  0.024980140 0 
7284.432449747  4.200310000  0.025243039 0 
7284.432526135  4.176048000  0.025137652 0 
7284.432595579  4.169008000  0.025072621 0 
7284.432671968  4.156527000  0.024904019 0 
7284.432741412  4.147753000  0.024787093 0 
7284.432817800  4.168489000  0.025037324 0 
7284.432894188  4.166386000  0.025039734 0 
7284.432963633  4.173661000  0.025123220 0 
7284.433040021  4.156680000  0.024997628 0 
7284.433109465  4.196123000  0.025224679 0 
7284.433185853  4.173364000  0.025181992 0 
7284.433262242  4.129387000  0.024772562 0 
7284.433331686  4.119639000  0.024687267 0 
7284.433408074  4.174907000  0.025113425 0 
7284.433477518  4.136146000  0.024784815 0 
7284.433553906  4.137132000  0.024761525 0 
7284.433630295  4.154361000  0.024875753 0 
7284.433699739  4.168399000  0.024926806 0 
7284.433776127  4.145438000  0.024872112 0 
7284.433845571  4.154685000  0.024936322 0 
7284.433921959  4.129534000  0.024708311 0 
7284.433998348  4.099400000  0.024458674 0 
7284.434067792  4.145510000  0.024850860 0 
7284.434144180  4.143278000  0.024835955 0 
7284.434213624  4.141792000  0.024682252 0 
7284.434290013  4.152468000  0.024761265 0 
7284.434359456  4.156977000  0.024903210 0 
7284.434435845  4.135470000  0.024717624 0 
7284.434512233  4.166586000  0.024983040 0 
7284.434581677  4.174966000  0.025090668 0 
7284.434658066  4.163908000  0.024974673 0 
7284.434727510  4.157121000  0.024869853 0 
7284.434803898  4.130347000  0.024664476 0 
7284.434873342  4.155511000  0.024818213 0 
7284.434949731  4.181968000  0.025180142 0 
7284.435026119  4.165754000  0.025045461 0 
7284.435095563  4.166502000  0.025013409 0 
7284.435171951  4.152926000  0.024881635 0 
7284.435241395  4.160750000  0.025007307 0 
7284.435317784  4.165941000  0.025074973 0 
7284.435387227  4.167089000  0.025092183 0 
7284.435463616  4.160610000  0.025060310 0 
7284.435533060  4.150818000  0.024872801 0 
7284.435609448  4.144267000  0.024908421 0 
7284.435685837  4.123579000  0.024818210 0 
7284.435755281  4.187974000  0.025348540 0 
7284.435831669  4.145325000  0.024947202 0 
7284.435901113  4.154553000  0.025071338 0 
7284.435977501  4.154118000  0.025020206 0 
7284.436053890  4.158360000  0.025068562 0 
7284.436123334  4.153872000  0.025064719 0 
7284.436199722  4.155835000  0.025030976 0 
7284.436269166  4.163189000  0.025192479 0 
7284.436345555  4.175891000  0.025437091 0 
7284.436421943  4.190873000  0.025528326 0 
7284.436491387  4.170839000  0.025290379 0 
7284.436567775  4.158718000  0.025352099 0 
7284.436637220  4.155889000  0.025441175 0 
7284.436713608  4.145206000  0.025567742 0 
7284.436783052  4.186541000  0.025751394 0 
7284.436859440  4.175751000  0.025703579 0 
7284.436935828  4.170380000  0.025627909 0 
7284.437005272  4.166577000  0.025566013 0 
7284.437081661  4.138317000  0.025381989 0 
7284.437151105  4.099715000  0.025137466 0 
7284.437227493  4.128441000  0.025414523 0 
7284.437303882  4.121924000  0.025451728 0 
7284.437373326  4.138400000  0.025749779 0 
7284.437449714  4.154471000  0.025871568 0 
7284.437519158  4.151417000  0.025839874 0 
7284.437595546  4.162849000  0.025940145 0 
7284.437664990  4.148782000  0.025719605 0 
7284.437741379  4.135171000  0.025466209 0 
7284.437817767  4.157573000  0.025578303 0 
7284.437887211  4.175430000  0.025781517 0 
7284.437963599  4.170314000  0.025630268 0 
7284.438033043  4.149164000  0.025344744 0 
7284.438109432  4.135393000  0.025221816 0 
7284.438178876  4.152936000  0.025269944 0 
7284.438255264  4.192922000  0.025591031 0 
7284.438331653  4.175076000  0.025553003 0 
7284.438401097  4.136345000  0.025236085 0 
7284.438477485  4.162617000  0.025476835 0 
7284.438546929  4.230044000  0.025996752 0 
7284.438623317  4.160782000  0.025427892 0 
7284.438692761  4.137800000  0.025263461 0 
7284.438769150  4.196620000  0.025671347 0 
7284.438845538  4.187339000  0.025555618 0 
7284.438914982  4.143245000  0.025282405 0 
7284.438991370  4.181499000  0.025425357 0 
7284.439060814  4.150034000  0.025148076 0 
7284.439137203  4.144900000  0.025162461 0 
7284.439206647  4.177037000  0.025509189 0 
7284.439283035  4.147758000  0.025338111 0 
7284.439359424  4.169352000  0.025461426 0 
7284.439428868  4.125830000  0.025154100 0 
7284.439505256  4.174963000  0.025494650 0 
7284.439574700  4.121881000  0.025176453 0 
7284.439651088  4.154039000  0.025530206 0 
7284.439727477  4.109995000  0.024918709 0 
7284.439796921  4.119517000  0.025075887 0 
7284.439873309  4.134567000  0.025310322 0 
7284.439942753  4.177280000  0.025647117 0 
7284.440019141  4.197573000  0.025866060 0 
7284.440088585  4.158346000  0.025645625 0 
7284.440164973  4.186830000  0.026169068 0 
7284.440241362  4.145936000  0.025855522 0 
7284.440310806  4.156346000  0.026065661 0 
7284.440387195  4.141105000  0.026117101 0 
7284.440456639  4.131633000  0.026279262 0 
7284.440533027  4.112628000  0.026512571 0 
7284.440602471  4.135204000  0.026995452 0 
7284.440678859  4.162027000  0.027186603 0 
7284.440755248  4.151368000  0.027296149 0 
7284.440824692  4.140098000  0.027223037 0 
7284.440901080  4.144499000  0.027512959 0 
7284.440970524  4.203080000  0.027879877 0 
7284.441046912  4.168004000  0.027751041 0 
7284.441123301  4.181597000  0.027759465 0 
7284.441192745  4.190207000  0.027775540 0 
7284.441269133  4.138418000  0.027310237 0 
7284.441338577  4.121064000  0.027120460 0 
7284.441414966  4.138819000  0.027282548 0 
7284.441484409  4.153729000  0.027549717 0 
7284.441560798  4.142285000  0.027412247 0 
7284.441637186  4.152417000  0.027743766 0 
7284.454845431  4.122471000  0.027673341 0 
7284.454921819  4.167321000  0.027105748 0 
7284.454998208  4.163639000  0.026440979 0 
7284.455067652  4.118513000  0.025545090 0 
7284.455144040  4.133751000  0.025460680 0 
7284.455213484  4.151153000  0.025570325 0 
7284.455289872  4.117821000  0.025272325 0 
7284.455359316  4.164230000  0.025714705 0 
7284.455435704  4.163711000  0.025602241 0 
7284.455505149  4.174650000  0.025862070 0 
7284.455581537  4.185187000  0.025855041 0 
7284.455657925  4.168108000  0.025508713 0 
7284.455727369  4.162613000  0.025471032 0 
7284.455803758  4.188780000  0.025907409 0 
7284.455873202  4.205917000  0.026074189 0 
7284.455949590  4.174628000  0.025718585 0 
7284.456019034  4.169444000  0.025783091 0 
7284.456095423  4.185597000  0.026006791 0 
7284.456164866  4.159036000  0.025804207 0 
7284.456241255  4.165120000  0.025907543 0 
7284.456317643  4.132659000  0.025497088 0 
7284.456387087  4.161236000  0.025785391 0 
7284.456463475  4.160281000  0.025887207 0 
7284.456532919  4.201547000  0.026126421 0 
7284.456609308  4.173506000  0.025914282 0 
7284.456678751  4.135504000  0.025595457 0 
7284.456977361  4.151491000  0.027110466 0 
7284.457046805  4.111346000  0.025556452 0 
7284.457123193  4.180749000  0.025904175 0 
7284.457199582  4.185316000  0.026074727 0 
7284.457269026  4.161005000  0.025982295 0 
7284.457345414  4.140599000  0.025659161 0 
7284.457414858  4.149882000  0.025904483 0 
7284.457491246  4.152275000  0.025918783 0 
7284.457560690  4.150751000  0.026060834 0 
7284.457637079  4.197288000  0.026380841 0 
7284.457713467  4.165017000  0.026024944 0 
7284.457782911  4.213416000  0.026429020 0 
7284.457859299  4.131824000  0.025579580 0 
7284.457928743  4.172561000  0.026029470 0 
7284.458005132  4.152364000  0.025743718 0 
7284.458081520  4.156551000  0.026037955 0 
7284.458150964  4.162569000  0.025975604 0 
7284.458227353  4.193446000  0.026450726 0 
7284.458296796  4.133563000  0.026022523 0 
7284.458373185  4.168849000  0.026354548 0 
7284.458442629  4.175311000  0.026340565 0 
7284.458519017  4.136065000  0.026095164 0 
7284.458588461  4.158245000  0.026331871 0 
7284.458664849  4.156479000  0.026226957 0 
7284.458741237  4.135387000  0.026099198 0 
7284.458810681  4.178490000  0.026473684 0 
7284.458887070  4.154270000  0.026289122 0 
7284.458956514  4.131728000  0.026096758 0 
7284.459032902  4.163753000  0.026532875 0 
7284.459109291  4.165202000  0.026552025 0 
7284.459178735  4.091492000  0.025895312 0 
7284.459255123  4.113222000  0.026099699 0 
7284.459324567  4.113885000  0.026158999 0 
7284.459400956  4.145921000  0.026532460 0 
7284.459470400  4.134746000  0.026389650 0 
7284.459546788  4.151091000  0.026515540 0 
7284.459623176  4.116532000  0.026203613 0 
7284.459692620  4.132381000  0.026395513 0 
7284.459769008  4.174170000  0.026817668 0 
7284.459838452  4.157620000  0.027018309 0 
7284.459914841  4.141621000  0.027087688 0 
7284.459984285  4.163349000  0.027220175 0 
7284.460060673  4.089581000  0.026588239 0 
7284.460137062  4.133219000  0.027107695 0 
7284.460206506  4.113794000  0.027299868 0 
7284.460282894  4.122180000  0.027661986 0 
7284.460428726  4.174283000  0.027966341 0 
7284.460505114  4.121148000  0.027429020 0 
7284.460866223  4.112963000  0.027460269 0 
7284.461088444  4.076922000  0.027313275 0 
7284.461234277  4.142873000  0.027815073 0 
7284.461310665  4.130211000  0.027523697 0 
7284.461380109  4.128059000  0.027489174 0 
7284.461532885  4.128534000  0.027542197 0 
7284.461602329  4.099130000  0.027176956 0 
7284.461678718  4.107350000  0.027436352 0 
7284.461824550  4.126890000  0.027497839 0 
7284.461893994  4.127770000  0.027135684 0 
7284.461970382  4.105319000  0.027064687 0 
7284.462039826  4.101681000  0.026947176 0 
7284.462116215  4.121386000  0.027125175 0 
7284.462192603  4.125069000  0.027116385 0 
7284.462262047  4.060073000  0.026475532 0 
7284.462338435  4.150200000  0.027018026 0 
7284.462407879  4.115229000  0.026642421 0 
7284.462484268  4.124108000  0.026864173 0 
7284.462560656  4.128678000  0.026735807 0 
7284.462630100  4.131680000  0.026891690 0 
7284.462706489  4.093753000  0.026771341 0 
7284.462775932  4.092013000  0.026598892 0 
7284.462852321  4.140422000  0.026949095 0 
7284.462921765  4.107417000  0.026776591 0 
7284.462998153  4.110086000  0.026930268 0 
7284.463074542  4.096524000  0.027066341 0 
7284.463143986  4.109988000  0.027278077 0 
7284.467109236  4.090055000  0.027006966 0 
7284.467178680  4.073709000  0.027050749 0 
7284.467255068  4.053157000  0.026894873 0 
7284.467331457  4.069755000  0.027065406 0 
7284.467400901  4.088873000  0.027135262 0 
7284.467477289  4.069544000  0.026759524 0 
7284.467546733  4.074741000  0.026872522 0 
7284.467623121  4.084873000  0.027046310 0 
7284.467692565  4.083130000  0.026810303 0 
7284.467838397  4.111797000  0.027385593 0 
7284.467914786  4.078207000  0.026748212 0 
7284.467991174  4.063241000  0.026186346 0 
7284.468060618  4.047114000  0.026181914 0 
7284.468137007  4.115076000  0.026855170 0 
7284.468206451  4.135784000  0.027172819 0 
7284.468282839  4.116328000  0.026892985 0 
7284.468359228  4.119287000  0.027051024 0 
7284.468428671  4.078005000  0.026615409 0 
7284.468505059  4.093836000  0.026717739 0 
7284.468574503  4.103373000  0.026825758 0 
7284.468650892  4.069915000  0.026463448 0 
7284.468720336  4.111526000  0.026636008 0 
7284.468796724  4.095958000  0.026189009 0 
7284.468873113  4.112275000  0.026372063 0 
7284.468942557  4.083358000  0.026096581 0 
7284.469018945  4.144773000  0.026354662 0 
7284.469088389  4.106976000  0.025976516 0 
7284.469164778  4.077699000  0.025641331 0 
7284.469234222  4.046193000  0.025462752 0 
7284.469310610  4.103645000  0.025830738 0 
7284.469386998  4.085987000  0.025714856 0 
7284.469456442  4.091609000  0.025674981 0 
7284.469532830  4.090705000  0.025507328 0 
7284.469602274  4.044383000  0.025182032 0 
7284.469678663  4.086777000  0.025339228 0 
7284.469748107  4.079884000  0.025456060 0 
7284.469824495  4.045978000  0.025157809 0 
7284.469900883  4.083735000  0.025410643 0 
7284.469970327  4.058085000  0.025264835 0 
7284.470046716  4.052764000  0.025122659 0 
7284.470116160  4.109039000  0.025674335 0 
7284.470192548  4.067983000  0.025178613 0 
7284.470261992  4.089066000  0.025377890 0 
7284.470338380  4.087531000  0.025407895 0 
7284.470414768  4.066086000  0.025090201 0 
7284.470484213  4.105913000  0.025296225 0 
7284.470560601  4.069607000  0.025103271 0 
7284.470630045  4.069077000  0.025175433 0 
7284.470706434  4.002203000  0.024753827 0 
7284.470775878  4.104067000  0.025732859 0 
7284.470852266  4.064405000  0.025359481 0 
7284.470921710  4.056324000  0.025146087 0 
7284.470998098  4.071886000  0.025268882 0 
7284.471074486  4.108753000  0.025598463 0 
7284.471143930  4.059226000  0.025395512 0 
7284.471220319  4.124285000  0.025889034 0 
7284.471289763  4.092308000  0.025688671 0 
7284.471366151  4.073964000  0.025778686 0 
7284.471435595  4.114854000  0.025847912 0 
7284.471511983  4.054227000  0.025223953 0 
7284.471581427  4.081829000  0.025473352 0 
7284.471657816  4.054051000  0.025213215 0 
7284.471734204  4.034815000  0.025149483 0 
7284.471803648  4.066595000  0.025131865 0 
7284.471880036  4.086352000  0.025348982 0 
7284.471949480  4.089328000  0.025416394 0 
7284.472025868  4.054230000  0.025341502 0 
7284.472095313  4.097763000  0.025627616 0 
7284.472171701  4.098079000  0.025789679 0 
7284.472248089  4.102405000  0.025663144 0 
7284.472317534  4.056099000  0.025237189 0 
7284.472393922  4.151888000  0.025932885 0 
7284.472463366  4.053826000  0.025132114 0 
7284.472539754  4.069009000  0.025328090 0 
7284.472609198  4.074450000  0.025346406 0 
7284.472685586  4.062267000  0.025215053 0 
7284.472761975  4.049842000  0.025107170 0 
7284.472831419  4.062560000  0.025338394 0 
7284.472907807  4.038651000  0.024966248 0 
7284.472977251  4.073700000  0.025066407 0 
7284.473053639  4.061378000  0.025118620 0 
7284.473123083  4.078614000  0.025278384 0 
7284.473199472  4.056635000  0.025186650 0 
7284.473268916  4.093920000  0.025613208 0 
7284.473345304  4.037284000  0.025132107 0 
7284.473421692  4.031801000  0.025079568 0 
7284.473491136  4.080455000  0.025321146 0 
7284.473567524  4.087036000  0.025456177 0 
7284.473643913  4.066391000  0.025085058 0 
7284.473713357  4.116760000  0.025571710 0 
7284.473789745  4.038980000  0.025051114 0 
7284.473859190  4.059319000  0.025073690 0 
7284.473935578  4.063263000  0.025219425 0 
7284.474011966  4.049694000  0.025180551 0 
7284.474081410  4.041246000  0.024994907 0 
7284.474157798  4.035805000  0.025006760 0 
7284.474234187  4.048269000  0.024970523 0 
7284.474303631  4.063765000  0.025096471 0 
7284.474380019  4.069672000  0.025022763 0 
7284.474456408  4.065493000  0.025117633 0 
7284.474525851  4.040952000  0.025020513 0 
7284.474602240  4.017146000  0.024765453 0 
7284.474678628  4.026885000  0.024887389 0 
7284.474748072  4.024185000  0.025069495 0 
7284.474824460  4.042755000  0.025332504 0 
7284.474900849  4.087834000  0.025603833 0 
7284.474970293  4.035079000  0.025194923 0 
7284.475046681  4.093375000  0.025667112 0 
7284.475116125  4.091774000  0.025792109 0 
7284.475192513  4.067684000  0.025497288 0 
7284.475261957  4.041502000  0.025418790 0 
7284.475331401  4.036632000  0.025238406 0 
7284.475407790  4.049631000  0.025196236 0 
7284.475477234  3.972907000  0.024615584 0 
7284.475553622  4.021653000  0.025070136 0 
7284.475623066  4.032310000  0.025194727 0 
7284.475699454  4.066179000  0.025513303 0 
7284.475775843  4.046548000  0.025178928 0 
7284.475845287  4.055817000  0.025187172 0 
7284.475921675  4.062194000  0.025238823 0 
7284.475991119  4.060766000  0.025032313 0 
7284.476067507  4.056264000  0.024845005 0 
7284.476136951  4.053269000  0.024917894 0 
7284.476213340  4.045355000  0.024864224 0 
7284.476282784  4.062284000  0.025084777 0 
7284.476359172  4.039805000  0.024724065 0 
7284.476428616  4.087620000  0.025193822 0 
7284.476505004  4.101233000  0.025163369 0 
7284.476574448  4.105569000  0.025296303 0 
7284.476650836  4.078295000  0.025062167 0 
7284.476720280  4.075571000  0.025164553 0 
7284.476796669  4.046593000  0.024978000 0 
7284.476866113  4.059445000  0.024976721 0 
7284.476942501  4.019670000  0.024681268 0 
7284.477011945  4.051176000  0.024965021 0 
7284.477088334  4.044242000  0.025209118 0 
7284.477157778  4.090364000  0.025279023 0 
7284.477234166  4.056009000  0.025137293 0 
7284.477310554  4.116405000  0.025838644 0 
7284.477379998  4.048141000  0.025374466 0 
7284.477456386  4.071733000  0.025243039 0 
7284.477525830  4.052792000  0.025152695 0 
7284.477602219  4.076557000  0.025440903 0 
7284.477671663  4.071829000  0.025661885 0 
7284.477748051  4.034305000  0.025278819 0 
7284.477817495  4.060809000  0.025804598 0 
7284.477893883  4.023765000  0.025442856 0 
7284.477963327  4.076028000  0.025993446 0 
7284.478039715  4.028674000  0.025529332 0 
7284.478109160  4.065448000  0.025799401 0 
7284.478185548  4.022633000  0.025706630 0 
7284.478254992  4.000618000  0.025631530 0 
7284.478331381  4.018931000  0.025700403 0 
7284.478400824  4.035210000  0.025808501 0 
7284.478477213  4.048750000  0.026359560 0 
7284.478546657  4.059340000  0.026309690 0 
7284.478623045  4.049868000  0.026158461 0 
7284.478692489  4.058686000  0.026283723 0 
7284.478768877  4.030479000  0.026421774 0 
7284.478838321  4.011134000  0.026275077 0 
7284.478914709  4.050726000  0.026192812 0 
7284.478984153  4.039038000  0.025853016 0 
7284.479060542  4.065916000  0.025883389 0 
7284.479136930  4.035594000  0.025678905 0 
7284.479206374  4.053320000  0.025785926 0 
7284.479282763  4.037065000  0.025459981 0 
7284.479352207  4.134994000  0.026263047 0 
7284.479428594  4.031457000  0.025301015 0 
7284.479498039  4.060798000  0.025451135 0 
7284.479574427  4.056479000  0.025309357 0 
7284.479643871  4.067006000  0.025362604 0 
7284.479720260  4.029833000  0.024983062 0 
7284.479789704  4.099828000  0.025631219 0 
7284.479866092  4.080735000  0.025374474 0 
7284.479935536  4.015552000  0.025076140 0 
7284.480011924  4.056585000  0.024958196 0 
7284.480081368  4.074406000  0.025011820 0 
7284.480157756  3.990873000  0.024435895 0 
7284.480227200  4.036009000  0.024893297 0 
7284.480303589  4.055478000  0.024962674 0 
7284.480379977  3.992144000  0.024356934 0 
7284.480449421  3.988909000  0.024344563 0 
7284.480525809  4.071037000  0.025056235 0 
7284.480595253  4.044082000  0.024641653 0 
7284.480671642  4.025775000  0.024537201 0 
7284.480741086  4.063572000  0.024809291 0 
7284.480817474  4.046891000  0.024712716 0 
7284.480886918  4.030148000  0.024436436 0 
7284.480963306  4.077349000  0.024873160 0 
7284.481032750  4.043812000  0.024516092 0 
7284.481109139  4.025517000  0.024466285 0 
7284.481178583  4.088087000  0.024976716 0 
7284.481254971  4.054515000  0.024683876 0 
7284.481324415  4.071415000  0.024676623 0 
7284.481400803  4.100243000  0.024914731 0 
7284.481470247  4.060180000  0.024835620 0 
7284.481546636  4.063478000  0.025082280 0 
7284.481623024  3.983549000  0.024502311 0 
7284.481692468  4.061482000  0.025034416 0 
7284.481768856  4.029670000  0.024818015 0 
7284.481838300  4.078985000  0.025205135 0 
7284.481914688  4.015500000  0.024627381 0 
7284.481984132  4.087643000  0.025234812 0 
7284.482060521  4.042253000  0.024724519 0 
7284.482129965  4.055702000  0.024839263 0 
7284.482206353  4.030252000  0.024589909 0 
7284.482275798  4.050925000  0.025197594 0 
7284.482352186  3.999453000  0.024495290 0 
7284.482421629  4.038616000  0.024588289 0 
7284.482498018  4.029906000  0.024545963 0 
7284.482567462  4.055481000  0.024694677 0 
7284.482643850  4.030626000  0.024640931 0 
7284.482713294  4.014518000  0.024480469 0 
7284.482789683  4.006870000  0.024394565 0 
7284.482859126  4.066379000  0.024982541 0 
7284.482935515  4.051884000  0.024823838 0 
7284.483004959  4.072043000  0.025004433 0 
7284.483081347  4.019966000  0.024690368 0 
7284.483150791  4.067511000  0.025082825 0 
7284.483227179  4.017922000  0.024631518 0 
7284.483296623  3.991975000  0.024460345 0 
7284.483373011  3.996103000  0.024419017 0 
7284.483449400  4.093040000  0.025110377 0 
7284.483518844  4.033792000  0.024778817 0 
7284.483588288  4.054304000  0.024868227 0 
7284.483664677  4.052164000  0.024694495 0 
7284.483741065  4.080441000  0.024894285 0 
7284.483810508  4.007859000  0.024437355 0 
7284.483886897  4.114094000  0.025282024 0 
7284.483956341  4.050978000  0.024792681 0 
7284.484032729  4.037550000  0.024621192 0 
7284.484102173  4.056531000  0.024981004 0 
7284.484178562  3.991311000  0.024197613 0 
7284.484254950  4.076556000  0.024866938 0 
7284.484324394  4.038789000  0.024621051 0 
7284.484400782  4.027646000  0.024394733 0 
7284.484470226  3.980599000  0.024055890 0 
7284.484546614  4.033662000  0.024384922 0 
7284.484623003  4.049870000  0.024407153 0 
7284.484692447  4.021790000  0.024419179 0 
7284.484768835  4.030101000  0.024326765 0 
7284.484838279  4.060166000  0.024572079 0 
7284.484914667  4.055213000  0.024497591 0 
7284.484984112  4.055412000  0.024518128 0 
7284.485060500  4.000379000  0.024138752 0 
7284.485136888  4.043268000  0.024522831 0 
7284.485206332  4.060209000  0.024581055 0 
7284.485282721  4.029352000  0.024431676 0 
7284.485352164  4.004472000  0.024194481 0 
7284.485428553  4.000701000  0.024211836 0 
7284.485497997  4.018919000  0.024373266 0 
7284.485574385  4.065100000  0.024747480 0 
7284.485650774  4.035472000  0.024600983 0 
7284.485720218  4.029876000  0.024434227 0 
7284.485796606  4.079625000  0.024948807 0 
7284.485866049  4.025020000  0.024601179 0 
7284.485942438  4.016672000  0.024409939 0 
7284.486011882  3.985040000  0.024022600 0 
7284.486088270  4.040271000  0.024653840 0 
7284.486157714  4.044811000  0.024566443 0 
7284.486234103  4.036443000  0.024622087 0 
7284.486310491  4.047478000  0.024650415 0 
7284.486379935  4.041059000  0.024402343 0 
7284.486456323  4.025625000  0.024561190 0 
7284.486525767  4.033659000  0.024591031 0 
7284.486602155  4.007679000  0.024428375 0 
7284.486671600  4.028513000  0.024529207 0 
7284.486747988  4.042155000  0.024692899 0 
7284.486824377  4.051475000  0.024903380 0 
7284.486893820  4.015409000  0.024445397 0 
7284.486970209  4.053074000  0.025015168 0 
7284.487039653  4.027082000  0.024795757 0 
7284.487116041  4.016999000  0.024572886 0 
7284.487185485  4.025311000  0.024463387 0 
7284.487261873  4.033654000  0.024617017 0 
7284.487331317  4.019429000  0.024292520 0 
7284.487407705  4.060833000  0.024796798 0 
7284.487484094  3.985407000  0.024105923 0 
7284.487553538  4.038746000  0.024627398 0 
7284.487629926  4.062051000  0.024860081 0 
7284.487699370  4.047209000  0.024676136 0 
7284.487775758  4.023116000  0.024707457 0 
7284.487845202  4.049714000  0.025025578 0 
7284.487921590  4.090240000  0.025131793 0 
7284.487997979  4.014823000  0.024352009 0 
7284.488067423  4.033751000  0.024483869 0 
7284.488143811  4.019685000  0.024432233 0 
7284.488213256  4.010116000  0.024394630 0 
7284.488289644  4.026650000  0.024435640 0 
7284.488359088  4.049546000  0.024510970 0 
7284.488435476  4.055498000  0.024717574 0 
7284.488511864  4.053848000  0.024891622 0 
7284.488581308  4.048395000  0.024538932 0 
7284.488657697  4.035556000  0.024628236 0 
7284.488727141  4.059793000  0.024839846 0 
7284.488803529  4.060472000  0.024714346 0 
7284.488879918  4.062543000  0.024879636 0 
7284.488949361  4.059489000  0.024758680 0 
7284.489025749  4.034779000  0.024437560 0 
7284.489095193  4.033792000  0.024419662 0 
7284.489171582  4.052532000  0.024554695 0 
7284.489241026  4.019118000  0.024483133 0 
7284.489317414  4.037339000  0.024485769 0 
7284.489393803  4.018471000  0.024386320 0 
7284.489463246  4.027331000  0.024376875 0 
7284.489539635  4.037645000  0.024456792 0 
7284.489609079  4.008454000  0.024324370 0 
7284.489685467  4.008785000  0.024138404 0 
7284.489754911  4.028286000  0.024392476 0 
7284.489831300  4.040760000  0.024669416 0 
7284.489900743  4.000757000  0.024282376 0 
7284.489977132  4.010314000  0.024291602 0 
7284.490053520  4.044113000  0.024553575 0 
7284.490122964  4.004937000  0.024449330 0 
7284.490199353  4.047479000  0.024641960 0 
7284.490268797  3.999112000  0.024481670 0 
7284.490345185  4.068624000  0.025031048 0 
7284.490421573  4.045937000  0.024655137 0 
7284.490491017  4.022046000  0.024698178 0 
7284.490567405  4.008544000  0.024600119 0 
7284.490636849  4.029372000  0.025115824 0 
7284.490713238  4.046288000  0.024796618 0 
7284.490782682  4.060960000  0.024841016 0 
7284.490859070  4.009907000  0.024454793 0 
7284.490935458  4.027833000  0.024432787 0 
7284.491004902  4.061127000  0.024768049 0 
7284.491081290  4.055396000  0.024670734 0 
7284.491150734  4.079118000  0.024920584 0 
7284.491227123  4.083713000  0.024854386 0 
7284.491296567  4.038417000  0.024509396 0 
7284.491372955  4.048512000  0.024660109 0 
7284.491442399  4.037312000  0.024374118 0 
7284.491518788  4.009268000  0.024241844 0 
7284.491588232  4.024410000  0.024325654 0 
7284.491664620  4.010394000  0.024200184 0 
7284.491741008  4.033072000  0.024514593 0 
7284.491810452  4.033545000  0.024449582 0 
7284.491886841  4.025255000  0.024374925 0 
7284.491956284  4.027131000  0.024309561 0 
7284.492032673  4.030128000  0.024368589 0 
7284.492109061  4.048311000  0.024451081 0 
7284.492178505  4.022474000  0.024275054 0 
7284.492254893  4.005592000  0.024142450 0 
7284.492324337  4.012915000  0.024151010 0 
7284.492400726  4.040157000  0.024369675 0 
7284.492470169  4.038929000  0.024364082 0 
7284.492546558  4.023071000  0.024313768 0 
7284.492622946  4.034644000  0.024475036 0 
7284.492692390  4.057484000  0.024674134 0 
7284.492768779  4.032958000  0.024462941 0 
7284.492838223  4.021966000  0.024419421 0 
7284.492914611  4.035174000  0.024356451 0 
7284.492984055  4.043554000  0.024642053 0 
7284.493060443  4.020810000  0.024476034 0 
7284.493136832  4.022532000  0.024364300 0 
7284.493206276  4.023168000  0.024448436 0 
7284.493282664  4.047841000  0.024491570 0 
7284.493352108  4.031269000  0.024266596 0 
7284.493428496  4.048187000  0.024423635 0 
7284.493504884  4.046908000  0.024469581 0 
7284.493574328  4.020730000  0.024224939 0 
7284.493650717  4.014540000  0.024339370 0 
7284.493720161  4.037321000  0.024487839 0 
7284.493796549  4.048376000  0.024511024 0 
7284.493865993  4.074218000  0.024840398 0 
7284.493942382  4.020189000  0.024254858 0 
7284.494018769  4.015730000  0.024382465 0 
7284.494088213  4.032918000  0.024602368 0 
7284.494164602  4.015267000  0.024647673 0 
7284.494234046  4.073778000  0.025221074 0 
7284.494310434  4.034669000  0.024850671 0 
7284.494386823  4.042387000  0.024850455 0 
7284.494456267  4.040024000  0.024736770 0 
7284.494532655  4.022819000  0.024594936 0 
7284.494602099  3.994470000  0.024275217 0 
7284.494678487  3.999730000  0.024355441 0 
7284.494754876  3.979268000  0.024202768 0 
7284.494824320  4.011472000  0.024521152 0 
7284.494900708  4.046802000  0.024641209 0 
7284.494970152  4.040382000  0.024697224 0 
7284.495046540  4.000177000  0.024342787 0 
7284.495122929  4.064709000  0.024757098 0 
7284.495192373  4.063346000  0.024730507 0 
7284.495268761  4.037546000  0.024561271 0 
7284.495338205  4.015799000  0.024449712 0 
7284.495414593  3.980479000  0.024121840 0 
7284.495484037  4.063566000  0.024744574 0 
7284.495560425  3.983960000  0.024034914 0 
7284.495636814  4.033296000  0.024289589 0 
7284.495706258  4.034294000  0.024293581 0 
7284.495782646  4.031850000  0.024233193 0 
7284.495852090  4.026420000  0.024393045 0 
7284.495928478  4.028625000  0.024430586 0 
7284.495997922  4.050610000  0.024516040 0 
7284.496074311  4.029809000  0.024313487 0 
7284.496150699  4.054559000  0.024528241 0 
7284.496220143  4.043983000  0.024378020 0 
7284.496296532  4.014731000  0.024133187 0 
7284.496365976  4.030794000  0.024300072 0 
7284.496442364  4.021658000  0.024173476 0 
7284.496518752  4.016109000  0.024291187 0 
7284.496588196  4.055121000  0.024502523 0 
7284.496664584  4.010844000  0.024160077 0 
7284.496734028  4.043154000  0.024496956 0 
7284.496810417  4.060743000  0.024657263 0 
7284.496879861  4.047658000  0.024546128 0 
7284.496956249  4.032365000  0.024311782 0 
7284.497025692  4.018657000  0.024257495 0 
7284.497102081  4.020969000  0.024170799 0 
7284.497178469  4.035184000  0.024458524 0 
7284.497247913  4.061508000  0.024740672 0 
7284.497324302  4.000798000  0.024223374 0 
7284.497393746  4.085334000  0.024976122 0 
7284.497470134  4.025624000  0.024414558 0 
7284.497539578  4.083863000  0.024942203 0 
7284.497615966  4.031104000  0.024495775 0 
7284.497692354  4.039098000  0.024346576 0 
7284.497761799  4.004899000  0.024114894 0 
7284.497838187  4.042338000  0.024510168 0 
7284.497907631  4.039495000  0.024432061 0 
7284.497984020  4.018036000  0.024316963 0 
7284.498053463  4.000983000  0.024146301 0 
7284.498129852  4.019852000  0.024393450 0 
7284.498206240  4.038771000  0.024389571 0 
7284.498275684  3.997873000  0.024094628 0 
7284.498352072  4.016385000  0.024134503 0 
7284.498421516  4.036673000  0.024423187 0 
7284.498497905  3.990776000  0.024083483 0 
7284.498567348  4.042000000  0.024440030 0 
7284.498643737  4.049054000  0.024497812 0 
7284.498720125  4.027456000  0.024274509 0 
7284.498789569  4.028236000  0.024329771 0 
7284.498865957  4.022827000  0.024264923 0 
7284.498935401  4.023913000  0.024244327 0 
7284.499011790  4.049836000  0.024482700 0 
7284.499088178  4.038301000  0.024468296 0 
7284.499157622  4.025455000  0.024467047 0 
7284.499234010  4.030431000  0.024487448 0 
7284.499303455  4.024932000  0.024302190 0 
7284.499379843  4.035877000  0.024360275 0 
7284.499449287  4.035248000  0.024302260 0 
7284.499525675  4.044284000  0.024502807 0 
7284.499602063  3.988556000  0.024157063 0 
7284.499671507  4.003585000  0.024296373 0 
7284.499747896  3.998127000  0.024124408 0 
7284.499817340  4.006650000  0.024293764 0 
7284.499893728  4.009558000  0.024349442 0 
7284.499963172  4.007160000  0.024206626 0 
7284.500039560  4.020493000  0.024482650 0 
7284.500115948  4.018936000  0.024325461 0 
7284.500185392  4.007272000  0.024222139 0 
7284.500261781  4.024579000  0.024302058 0 
7284.500331225  4.028169000  0.024459446 0 
7284.500407613  4.008288000  0.024272718 0 
7284.500477057  4.040293000  0.024506254 0 
7284.500553445  4.037727000  0.024508507 0 
7284.500629833  4.052939000  0.024663148 0 
7284.500699278  4.003678000  0.024272938 0 
7284.500775666  4.025941000  0.024275459 0 
7284.500845110  4.050388000  0.024552371 0 
7284.500921499  4.007008000  0.024384471 0 
7284.500997887  4.029785000  0.024419710 0 
7284.501067331  4.029777000  0.024402803 0 
7284.501143719  4.070776000  0.024878701 0 
7284.501213163  4.029331000  0.024628937 0 
7284.501289551  4.011429000  0.024404047 0 
7284.501358995  4.036256000  0.024600175 0 
7284.501435384  4.013223000  0.024452263 0 
7284.501511772  4.008582000  0.024449674 0 
7284.501581215  4.042817000  0.024715070 0 
7284.501657604  4.034902000  0.024732321 0 
7284.501727048  4.044644000  0.024915856 0 
7284.501803436  4.020607000  0.024744859 0 
7284.501879825  4.021329000  0.024835967 0 
7284.501949269  3.995471000  0.024557872 0 
7284.502025657  4.068431000  0.025056958 0 
7284.502095101  4.075589000  0.025177685 0 
7284.502171489  4.072753000  0.025326255 0 
7284.502247877  4.028885000  0.024919512 0 
7284.502317321  3.995511000  0.024640546 0 
7284.502393710  4.004729000  0.024802817 0 
7284.502463154  3.995062000  0.024753468 0 
7284.502539543  3.983113000  0.024513974 0 
7284.502608986  4.031112000  0.024924246 0 
7284.502685374  4.000306000  0.024689672 0 
7284.502754818  4.039301000  0.024801068 0 
7284.502831207  4.003123000  0.024517364 0 
7284.502907595  4.033062000  0.024679041 0 
7284.502977039  3.986968000  0.024472440 0 
7284.503053428  4.036170000  0.024851013 0 
7284.503129816  4.022814000  0.024825666 0 
7284.503199260  4.006632000  0.024528281 0 
7284.503275648  4.035877000  0.024874774 0 
7284.503345092  4.085019000  0.025206725 0 
7284.503421480  4.048305000  0.025013111 0 
7284.503490924  4.017454000  0.024740118 0 
7284.503567313  4.023105000  0.024815540 0 
7284.503636756  4.029699000  0.024824239 0 
7284.503713145  4.075863000  0.025096295 0 
7284.503789533  4.024450000  0.024744381 0 
7284.503858977  4.025083000  0.024684753 0 
7284.503935365  4.051963000  0.024901174 0 
7284.504004810  4.049950000  0.024890056 0 
7284.504081198  4.073947000  0.025351058 0 
7284.504157586  4.037844000  0.024975152 0 
7284.504227030  4.052678000  0.025109082 0 
7284.504303419  4.065852000  0.025265197 0 
7284.504372862  4.068056000  0.025205382 0 
7284.504449251  4.041499000  0.024941295 0 
7284.504518695  4.036089000  0.025033426 0 
7284.504595083  4.067832000  0.025377917 0 
7284.504671471  4.011713000  0.024769247 0 
7284.504740915  4.025613000  0.025015047 0 
7284.504817304  4.070013000  0.025484765 0 
7284.504886748  4.017488000  0.024898439 0 
7284.504963136  4.048978000  0.025343722 0 
7284.505032580  4.020350000  0.025175888 0 
7284.505108968  4.039114000  0.025445673 0 
7284.505185356  4.065178000  0.025643311 0 
7284.505254800  4.059054000  0.025465779 0 
7284.505331189  4.029240000  0.025334046 0 
7284.505400633  4.051743000  0.025557979 0 
7284.505477021  4.022200000  0.025487447 0 
7284.505546465  4.042284000  0.025994965 0 
7284.505622854  4.023727000  0.025577324 0 
7284.505699242  4.023068000  0.025572305 0 
7284.505768686  4.076009000  0.025731693 0 
7284.505845074  4.045324000  0.025649937 0 
7284.505914518  3.997020000  0.025247321 0 
7284.505990906  4.054749000  0.025709962 0 
7284.506067295  4.030369000  0.025447449 0 
7284.506136739  4.003333000  0.025656869 0 
7284.506213127  4.009851000  0.025790041 0 
7284.506282571  4.050544000  0.025926666 0 
7284.506358959  4.062335000  0.026136285 0 
7284.506428403  4.031846000  0.026041388 0 
7284.506504792  4.019963000  0.025796471 0 
7284.506574235  4.050262000  0.026089231 0 
7284.506650624  4.014048000  0.025687020 0 
7284.506727012  4.031065000  0.025717757 0 
7284.506796456  4.064299000  0.026199037 0 
7284.506872844  3.997528000  0.025786190 0 
7284.506942288  3.998880000  0.026141787 0 
7284.507018677  4.010346000  0.026044121 0 
7284.507088121  4.055731000  0.026582343 0 
7284.507164509  4.068843000  0.026181429 0 
7284.507233953  4.026766000  0.026422193 0 
7284.507310341  4.057972000  0.026414152 0 
7284.507386730  4.051750000  0.026815525 0 
7284.507456174  4.060865000  0.027033716 0 
7284.507532562  4.007832000  0.026044380 0 
7284.507602006  4.039905000  0.026788242 0 
7284.507678394  4.014847000  0.026171811 0 
7284.507754782  4.026352000  0.026525117 0 
7284.507824226  4.000190000  0.026161153 0 
7284.507900615  3.992226000  0.025885010 0 
7284.507970059  4.052370000  0.026465551 0 
7284.508046447  3.991585000  0.025948096 0 
7284.508122835  4.055832000  0.025730254 0 
7284.508192279  4.064749000  0.025764179 0 
7284.508268667  4.007248000  0.025060367 0 
7284.508338111  4.040473000  0.026222967 0 
7284.508414500  4.002865000  0.025859813 0 
7284.508483944  4.023097000  0.025520470 0 
7284.508560332  4.017420000  0.025454865 0 
7284.508636720  4.036996000  0.025858322 0 
7284.508706164  4.072528000  0.026016699 0 
7284.508782553  4.003464000  0.025311061 0 
7284.508851997  4.055582000  0.025686191 0 
7284.508928385  4.051698000  0.025786274 0 
7284.509004774  4.061443000  0.025426360 0 
7284.509074218  4.012619000  0.025267199 0 
7284.509150606  4.055823000  0.025173138 0 
7284.509220049  4.020269000  0.025064715 0 
7284.509296438  4.070956000  0.025536684 0 
7284.509365882  4.017363000  0.025123557 0 
7284.509442270  4.031334000  0.024974915 0 
7284.509511714  4.052118000  0.025317316 0 
7284.509588103  4.029223000  0.024964275 0 
7284.509664491  4.044949000  0.025538117 0 
7284.509733934  4.045867000  0.025337241 0 
7284.509810323  4.038769000  0.025105320 0 
7284.509879767  4.009184000  0.024738202 0 
7284.509956155  4.041104000  0.025288583 0 
7284.510025600  4.033406000  0.024861053 0 
7284.510101988  4.038150000  0.024961963 0 
7284.510171432  4.064755000  0.025153667 0 
7284.510247820  4.020710000  0.025037588 0 
7284.510324208  4.069076000  0.025209145 0 
7284.510393652  4.045157000  0.024994864 0 
7284.510470041  4.058255000  0.024995189 0 
7284.510539485  4.062401000  0.024982436 0 
7284.510615873  4.039158000  0.024716767 0 
7284.510685317  4.023103000  0.024620152 0 
7284.510761705  4.033531000  0.024639199 0 
7284.510838093  4.048692000  0.024737004 0 
7284.510907537  4.072752000  0.024876562 0 
7284.510983926  4.064368000  0.024909213 0 
7284.511053370  4.034195000  0.024681991 0 
7284.511129758  4.003046000  0.024508509 0 
7284.511199202  4.025787000  0.024477895 0 
7284.511275590  4.028116000  0.024518626 0 
7284.511345034  4.072564000  0.024855021 0 
7284.511421422  4.046621000  0.024591612 0 
7284.511497811  4.082126000  0.024840150 0 
7284.511567255  4.046860000  0.024628016 0 
7284.511643643  4.038031000  0.024653648 0 
7284.511713088  4.039577000  0.024599019 0 
7284.511789476  4.048282000  0.024654845 0 
7284.511858919  4.064740000  0.024824287 0 
7284.511935308  4.058213000  0.024903390 0 
7284.512011696  4.054177000  0.024793197 0 
7284.512081140  4.048548000  0.024736233 0 
7284.512157529  4.054303000  0.024657464 0 
7284.512226972  4.071419000  0.024912864 0 
7284.512303361  4.057423000  0.024582482 0 
7284.512379749  4.055840000  0.024478440 0 
7284.512449193  4.047132000  0.024522668 0 
7284.512525581  4.068629000  0.024697877 0 
7284.512595025  4.081564000  0.024803149 0 
7284.512671414  4.065880000  0.024714992 0 
7284.512747802  4.027403000  0.024440484 0 
7284.512817246  4.071735000  0.024657671 0 
7284.512893634  4.054210000  0.024613546 0 
7284.512963078  4.093231000  0.024894414 0 
7284.513039466  4.055463000  0.024617070 0 
7284.513108911  4.018650000  0.024331735 0 
7284.513185299  4.057901000  0.024763271 0 
7284.513261687  4.033212000  0.024579095 0 
7284.513331131  4.060390000  0.024916180 0 
7284.513407519  4.079370000  0.024964223 0 
7284.513476963  4.049990000  0.024573006 0 
7284.513553352  4.021095000  0.024291969 0 
7284.513622796  4.054342000  0.024500794 0 
7284.513699184  4.057683000  0.024577386 0 
7284.513768628  4.047351000  0.024513757 0 
7284.513845016  4.070320000  0.024791568 0 
7284.513921404  4.072838000  0.024873657 0 
7284.513990848  4.064436000  0.024661818 0 
7284.514067237  4.058903000  0.024698754 0 
7284.514136681  4.038189000  0.024529849 0 
7284.514213069  4.093296000  0.024829895 0 
7284.514289458  4.032028000  0.024387101 0 
7284.514358901  4.007438000  0.024211681 0 
7284.514435289  4.079933000  0.024708970 0 
7284.514504733  4.048773000  0.024629667 0 
7284.514581122  4.025995000  0.024282443 0 
7284.514657510  4.064177000  0.024689565 0 
7284.514726955  4.027294000  0.024413637 0 
7284.514803343  4.074763000  0.024936933 0 
7284.514872787  4.044397000  0.024648536 0 
7284.514949175  4.051887000  0.024598979 0 
7284.515018619  4.091543000  0.024862638 0 
7284.515095007  4.062839000  0.024566153 0 
7284.515171396  4.065485000  0.024701471 0 
7284.515240840  4.065298000  0.024676349 0 
7284.515317228  4.068482000  0.024714254 0 
7284.515386672  4.039690000  0.024499346 0 
7284.515463060  4.083714000  0.024816770 0 
7284.515539448  4.041937000  0.024414990 0 
7284.515608892  4.060866000  0.024475756 0 
7284.515685281  4.052298000  0.024452047 0 
7284.515754725  4.057579000  0.024615218 0 
7284.515831113  4.070077000  0.024650803 0 
7284.515907501  4.086572000  0.024736830 0 
7284.515976945  4.054063000  0.024608353 0 
7284.516053333  4.055614000  0.024542202 0 
7284.516122777  4.018221000  0.024331526 0 
7284.516199166  4.049783000  0.024556981 0 
7284.516268610  4.060772000  0.024455314 0 
7284.516344998  4.082109000  0.024808376 0 
7284.516421386  4.052993000  0.024609788 0 
7284.516490830  4.088423000  0.025008945 0 
7284.516567219  4.036178000  0.024465708 0 
7284.516636663  4.097733000  0.024956610 0 
7284.516713051  4.115861000  0.025021125 0 
7284.516782495  4.072247000  0.024950474 0 
7284.516858883  4.063758000  0.024718814 0 
7284.516935271  4.047962000  0.024490080 0 
7284.517004715  4.070060000  0.024579523 0 
7284.517081104  4.051573000  0.024595799 0 
7284.517150548  4.064481000  0.024549536 0 
7284.517226936  4.041494000  0.024280474 0 
7284.517303325  4.054980000  0.024529035 0 
7284.517372768  4.007323000  0.024096579 0 
7284.517449156  4.028220000  0.024290682 0 
7284.517518600  4.015100000  0.024165305 0 
7284.517594989  4.071042000  0.024600743 0 
7284.517664433  4.034599000  0.024307957 0 
7284.517740821  4.015243000  0.024271122 0 
7284.517810266  4.060228000  0.024547599 0 
7284.517886653  4.077278000  0.024819086 0 
7284.517963042  4.075465000  0.024772337 0 
7284.518032486  4.065145000  0.024730787 0 
7284.518108874  4.058101000  0.024720108 0 
7284.518178318  4.053514000  0.024478695 0 
7284.518254707  4.032602000  0.024494941 0 
7284.518324151  4.038957000  0.024393827 0 
7284.518400538  4.057405000  0.024583420 0 
7284.518469982  4.101933000  0.024850674 0 
7284.518546371  4.074091000  0.024598555 0 
7284.518622759  4.061491000  0.024511374 0 
7284.518692203  4.064296000  0.024549957 0 
7284.518768592  4.090558000  0.024780844 0 
7284.518838036  4.025601000  0.024299837 0 
7284.518914423  4.046405000  0.024518327 0 
7284.518983867  4.053751000  0.024556995 0 
7284.519060256  4.083916000  0.024682438 0 
7284.519136644  4.074091000  0.024654212 0 
7284.519206089  4.007248000  0.024072516 0 
7284.519282477  4.083085000  0.024773700 0 
7284.519351921  4.062615000  0.024502047 0 
7284.519428309  4.042918000  0.024336151 0 
7284.519497753  4.030462000  0.024352882 0 
7284.519574141  4.061075000  0.024525620 0 
7284.519650530  4.052214000  0.024479846 0 
7284.519719974  4.062617000  0.024463560 0 
7284.519796362  4.030154000  0.024263710 0 
7284.519865805  4.080058000  0.024656687 0 
7284.519942194  4.064451000  0.024591159 0 
7284.520018582  4.051877000  0.024389704 0 
7284.520088026  4.108498000  0.024833135 0 
7284.520164415  4.045178000  0.024415526 0 
7284.520233859  4.084512000  0.024658544 0 
7284.520310247  4.014064000  0.024196152 0 
7284.520379690  4.068926000  0.024571169 0 
7284.520456079  4.066147000  0.024564340 0 
7284.520532467  4.096803000  0.024804002 0 
7284.520601911  4.083283000  0.024870577 0 
7284.520678300  4.029565000  0.024315341 0 
7284.520747744  4.062235000  0.024820488 0 
7284.520824132  4.060161000  0.024674196 0 
7284.520893576  4.021100000  0.024334398 0 
7284.520969964  4.077806000  0.024777020 0 
7284.521039408  4.091155000  0.024800987 0 
7284.521115797  4.056073000  0.024555922 0 
7284.521192185  4.072191000  0.024679798 0 
7284.521261629  4.105938000  0.024960057 0 
7284.521338017  4.104774000  0.024961404 0 
7284.521414406  4.044917000  0.024492880 0 
7284.521483849  4.110439000  0.025243306 0 
7284.521560238  4.069779000  0.024730880 0 
7284.521629682  4.029819000  0.024455127 0 
7284.521706070  4.082591000  0.024731886 0 
7284.521775514  4.088699000  0.024895443 0 
7284.521851902  4.075344000  0.024772753 0 
7284.521921346  4.110772000  0.025150390 0 
7284.521997734  4.108669000  0.025021908 0 
7284.522074123  4.078889000  0.024796952 0 
7284.522143567  4.078666000  0.024783998 0 
7284.522219955  4.049472000  0.024644107 0 
7284.522289399  4.093811000  0.024880569 0 
7284.522365788  4.108766000  0.024957374 0 
7284.522442176  4.046089000  0.024530353 0 
7284.522511620  4.065223000  0.024702646 0 
7284.522588008  4.069690000  0.024698238 0 
7284.522657452  4.077961000  0.024820591 0 
7284.522733841  4.056524000  0.024596352 0 
7284.522803284  4.100138000  0.024881318 0 
7284.522879673  4.057815000  0.024756145 0 
7284.522956061  4.071979000  0.024836642 0 
7284.523025505  4.102881000  0.025146580 0 
7284.523101893  4.079894000  0.024875278 0 
7284.523171337  4.108775000  0.025000130 0 
7284.523247725  4.089187000  0.024912631 0 
7284.523317169  4.084834000  0.025034714 0 
7284.523393558  4.059856000  0.024652808 0 
7284.523469946  4.128236000  0.025208054 0 
7284.523539390  4.095788000  0.025040150 0 
7284.523615778  4.112582000  0.025153945 0 
7284.523685222  4.098330000  0.024997912 0 
7284.523761611  4.034487000  0.024490418 0 
7284.523837999  4.104163000  0.025019137 0 
7284.523907443  4.078640000  0.024817694 0 
7284.523983831  4.084742000  0.024845654 0 
7284.524053275  4.095609000  0.024953881 0 
7284.524129664  4.117629000  0.025213679 0 
7284.524199107  4.131650000  0.025223889 0 
7284.524275496  4.133692000  0.025298210 0 
7284.524344940  4.110731000  0.024891065 0 
7284.524421328  4.143309000  0.025114229 0 
7284.524497716  4.033852000  0.024353927 0 
7284.524567160  4.120379000  0.025005088 0 
7284.524643548  4.133117000  0.025101604 0 
7284.524712992  4.107804000  0.024836255 0 
7284.524789381  4.120884000  0.024934385 0 
7284.524858825  4.082786000  0.024572693 0 
7284.524935213  4.072196000  0.024558126 0 
7284.525011601  4.109337000  0.024807489 0 
7284.525081045  4.084439000  0.024640813 0 
7284.525157433  4.155385000  0.025103880 0 
7284.525226878  4.129079000  0.024886547 0 
7284.525303266  4.116722000  0.024986861 0 
7284.525372710  4.152213000  0.025113941 0 
7284.525449099  4.105175000  0.024753644 0 
7284.525525487  4.114655000  0.024952980 0 
7284.525594931  4.177272000  0.025517789 0 
7284.525671319  4.099941000  0.024920839 0 
7284.525740763  4.114619000  0.024942139 0 
7284.525817151  4.126431000  0.024849630 0 
7284.525886595  4.107504000  0.024692419 0 
7284.525962983  4.129470000  0.024831062 0 
7284.526039372  4.110961000  0.024844764 0 
7284.526108815  4.106879000  0.024877329 0 
7284.526185204  4.102789000  0.024859054 0 
7284.526254648  4.105161000  0.024718537 0 
7284.526331036  4.097291000  0.024625918 0 
7284.526400480  4.078477000  0.024604084 0 
7284.526476868  4.094829000  0.024693059 0 
7284.526553256  4.094328000  0.024729011 0 
7284.526636589  4.124869000  0.025070198 0 
7284.526712978  4.103088000  0.024926622 0 
7284.526782422  4.117811000  0.024853244 0 
7284.526858810  4.148163000  0.025184463 0 
7284.526928254  4.076144000  0.024561666 0 
7284.527004642  4.159960000  0.025242400 0 
7284.527074086  4.127502000  0.024986388 0 
7284.527150474  4.087840000  0.024606531 0 
7284.527226863  4.092114000  0.024728528 0 
7284.527296307  4.112109000  0.024875145 0 
7284.527372696  4.104654000  0.024788531 0 
7284.527442139  4.135702000  0.025040397 0 
7284.527518528  4.112921000  0.024816455 0 
7284.527587971  4.104912000  0.024693785 0 
7284.527664360  4.120090000  0.024845333 0 
7284.527733804  4.126524000  0.025118893 0 
7284.527810192  4.132919000  0.025092292 0 
7284.527879636  4.174095000  0.025371453 0 
7284.527956024  4.125352000  0.024979022 0 
7284.528025468  4.127201000  0.024867965 0 
7284.528101856  4.106649000  0.024718717 0 
7284.528171300  4.116898000  0.024788064 0 
7284.528247689  4.101936000  0.024768240 0 
7284.528317133  4.117084000  0.024859556 0 
7284.528393521  4.093853000  0.024588750 0 
7284.528462965  4.108122000  0.024730309 0 
7284.528539354  4.130742000  0.025028102 0 
7284.528615742  4.116829000  0.024882587 0 
7284.528685186  4.147156000  0.025106342 0 
7284.528761574  4.082526000  0.024518129 0 
7284.528831018  4.089165000  0.024679160 0 
7284.528907406  4.147662000  0.025096900 0 
7284.528976850  4.113469000  0.024923275 0 
7284.529053238  4.137621000  0.025095718 0 
7284.529129627  4.141525000  0.025143228 0 
7284.529199071  4.129827000  0.024920512 0 
7284.529275459  4.125772000  0.024944918 0 
7284.529344903  4.113779000  0.024893071 0 
7284.529421291  4.140328000  0.025278493 0 
7284.529497680  4.144205000  0.025132209 0 
7284.529567123  4.135151000  0.025038843 0 
7284.529643512  4.127914000  0.025089873 0 
7284.529712956  4.141212000  0.025000884 0 
7284.529789344  4.148383000  0.025001078 0 
7284.529858788  4.147365000  0.025126439 0 
7284.529935176  4.135736000  0.025053151 0 
7284.530004621  4.151544000  0.025229187 0 
7284.530081009  4.131847000  0.024975499 0 
7284.530157397  4.142005000  0.024949232 0 
7284.530226841  4.103233000  0.024940727 0 
7284.530303229  4.104356000  0.024806216 0 
7284.530372673  4.169471000  0.025309864 0 
7284.530449062  4.146461000  0.025086250 0 
7284.530518506  4.168846000  0.025399106 0 
7284.530594894  4.113808000  0.024921825 0 
7284.530671282  4.164095000  0.025166600 0 
7284.530740726  4.128414000  0.024953839 0 
7284.530817114  4.132051000  0.024950211 0 
7284.530886558  4.147528000  0.025096124 0 
7284.530962947  4.158205000  0.025165946 0 
7284.531032391  4.152862000  0.025110802 0 
7284.531108779  4.161169000  0.025235183 0 
7284.531185167  4.126253000  0.024906510 0 
7284.531254611  4.120739000  0.024692524 0 
7284.531330999  4.126983000  0.024756373 0 
7284.531400444  4.104626000  0.024712741 0 
7284.531476832  4.127234000  0.024884519 0 
7284.531546276  4.136165000  0.024984018 0 
7284.531622664  4.129767000  0.024874674 0 
7284.531699052  4.135548000  0.025065806 0 
7284.531768496  4.117509000  0.024869118 0 
7284.531844885  4.156497000  0.025111828 0 
7284.531914329  4.170921000  0.025281441 0 
7284.531990717  4.078172000  0.024660514 0 
7284.532060161  4.146607000  0.025128925 0 
7284.532136549  4.173886000  0.025315699 0 
7284.532212937  4.165008000  0.025180521 0 
7284.532282381  4.159882000  0.025121042 0 
7284.532358770  4.158798000  0.025041993 0 
7284.532428214  4.130934000  0.024976064 0 
7284.532504602  4.112182000  0.024731443 0 
7284.532580990  4.176371000  0.025279106 0 
7284.532650434  4.141057000  0.024959775 0 
7284.532726822  4.130502000  0.024961530 0 
7284.532796266  4.118009000  0.024849973 0 
7284.532872655  4.177952000  0.025163801 0 
7284.532942099  4.204481000  0.025402377 0 
7284.533018487  4.145456000  0.024957791 0 
7284.533094876  4.112696000  0.024716623 0 
7284.533164319  4.168786000  0.025082347 0 
7284.533240708  4.144031000  0.024861976 0 
7284.533310152  4.191822000  0.025327281 0 
7284.533386540  4.191295000  0.025322926 0 
7284.533455984  4.138882000  0.025036714 0 
7284.533532372  4.199907000  0.025405505 0 
7284.533608761  4.155524000  0.025163944 0 
7284.533678204  4.174819000  0.025313671 0 
7284.533754593  4.152187000  0.024980887 0 
7284.533824037  4.192707000  0.025365386 0 
7284.533900425  4.168684000  0.025160211 0 
7284.533976813  4.148083000  0.024904876 0 
7284.534046257  4.120725000  0.024768102 0 
7284.534122646  4.176409000  0.025278526 0 
7284.534192089  4.140413000  0.024881696 0 
7284.534268477  4.148423000  0.025041655 0 
7284.534337922  4.181377000  0.025204932 0 
7284.534414310  4.181568000  0.025230826 0 
7284.534483754  4.131541000  0.024781784 0 
7284.534560143  4.128845000  0.024791944 0 
7284.534636531  4.136397000  0.024880187 0 
7284.534705975  4.140253000  0.024965226 0 
7284.534782363  4.136942000  0.024899157 0 
7284.534851807  4.204560000  0.025453170 0 
7284.534928195  4.116927000  0.024811743 0 
7284.535004584  4.114698000  0.024749793 0 
7284.535074028  4.175561000  0.025133484 0 
7284.535150416  4.144541000  0.025052518 0 
7284.535219859  4.145994000  0.024983297 0 
7284.535296248  4.151469000  0.025044662 0 
7284.535372636  4.171247000  0.025289244 0 
7284.535442080  4.210700000  0.025498470 0 
7284.535518469  4.125278000  0.024895752 0 
7284.535587913  4.095356000  0.024629407 0 
7284.535664300  4.130115000  0.024942589 0 
7284.535733745  4.133614000  0.024835092 0 
7284.535810133  4.136490000  0.024914529 0 
7284.535886521  4.174683000  0.025242280 0 
7284.535955966  4.135734000  0.024898361 0 
7284.536032354  4.193896000  0.025375659 0 
7284.536101798  4.132075000  0.024982269 0 
7284.536178186  4.140194000  0.024925158 0 
7284.536247630  4.113754000  0.024670058 0 
7284.536324018  4.178522000  0.025203810 0 
7284.536400407  4.105476000  0.024694673 0 
7284.536469851  4.124263000  0.024704820 0 
7284.536546239  4.149637000  0.025033911 0 
7284.536615683  4.166687000  0.025065462 0 
7284.536692071  4.149198000  0.024955539 0 
7284.536761515  4.128384000  0.024867115 0 
7284.536837903  4.153731000  0.025154497 0 
7284.536914292  4.185359000  0.025389100 0 
7284.536983735  4.149377000  0.025087767 0 
7284.537060124  4.133060000  0.025005663 0 
7284.537129568  4.155299000  0.025161613 0 
7284.537205956  4.143505000  0.025043863 0 
7284.537275400  4.148694000  0.025065940 0 
7284.537351788  4.201113000  0.025727718 0 
7284.537428176  4.142243000  0.025101351 0 
7284.537497621  4.133250000  0.025043618 0 
7284.537574009  4.144500000  0.024999738 0 
7284.537643453  4.135987000  0.025001770 0 
7284.537719841  4.117573000  0.024788823 0 
7284.537789285  4.122605000  0.024821976 0 
7284.537865673  4.170975000  0.025265629 0 
7284.537942062  4.108943000  0.024771221 0 
7284.538011506  4.148057000  0.025062854 0 
7284.538087894  4.137446000  0.024981032 0 
7284.538157338  4.130414000  0.024958515 0 
7284.538233726  4.130901000  0.024843862 0 
7284.538303170  4.176879000  0.025327960 0 
7284.538379558  4.142347000  0.025057112 0 
7284.538455947  4.143031000  0.025123869 0 
7284.538525391  4.126571000  0.024905716 0 
7284.538601779  4.125768000  0.024929499 0 
7284.538671223  4.147412000  0.025132981 0 
7284.538747611  4.176459000  0.025379868 0 
7284.538817055  4.126943000  0.025007702 0 
7284.538893444  4.151872000  0.025186462 0 
7284.538969832  4.168917000  0.025188834 0 
7284.539039276  4.158301000  0.025235153 0 
7284.539115665  4.186664000  0.025384599 0 
7284.539185108  4.123603000  0.024796683 0 
7284.539261496  4.152339000  0.025079911 0 
7284.539330940  4.164750000  0.025159049 0 
7284.539407329  4.151788000  0.025053711 0 
7284.539483717  4.153571000  0.025133219 0 
7284.539553161  4.154027000  0.025089508 0 
7284.539629549  4.151332000  0.025068161 0 
7284.539698993  4.160542000  0.025018558 0 
7284.539775381  4.139493000  0.024987846 0 
7284.539844825  4.167773000  0.025188567 0 
7284.539921214  4.158001000  0.025277099 0 
7284.539997602  4.138385000  0.025055408 0 
7284.540067046  4.140006000  0.025019670 0 
7284.540143434  4.129201000  0.025021142 0 
7284.540212878  4.141820000  0.025015207 0 
7284.540289267  4.157493000  0.025020285 0 
7284.540358711  4.161661000  0.025057907 0 
7284.540435099  4.185752000  0.025346100 0 
7284.540511487  4.159579000  0.025131574 0 
7284.540580931  4.151554000  0.025057931 0 
7284.540657320  4.086584000  0.024565024 0 
7284.540726763  4.088519000  0.024589456 0 
7284.540803152  4.132136000  0.024858178 0 
7284.540872596  4.183595000  0.025271213 0 
7284.540948984  4.134857000  0.024975801 0 
7284.541025372  4.083537000  0.024496705 0 
7284.541094816  4.181756000  0.025285702 0 
7284.541171205  4.195193000  0.025378625 0 
7284.541240648  4.109475000  0.024722173 0 
7284.541317036  4.142653000  0.025083210 0 
7284.541393425  4.195301000  0.025529416 0 
7284.541462869  4.150631000  0.025203992 0 
7284.541539257  4.139277000  0.025082909 0 
7284.541608701  4.123692000  0.024895492 0 
7284.541685090  4.208178000  0.025643614 0 
7284.541761478  4.173182000  0.025325374 0 
7284.541830922  4.161783000  0.025187016 0 
7284.541907310  4.186252000  0.025344744 0 
7284.541976754  4.154469000  0.025140745 0 
7284.542053143  4.126081000  0.025093269 0 
7284.542122587  4.131902000  0.025116240 0 
7284.542198975  4.139217000  0.024961395 0 
7284.542268418  4.194473000  0.025494025 0 
7284.542344807  4.135885000  0.024956112 0 
7284.542414251  4.173238000  0.025231752 0 
7284.542490639  4.182972000  0.025208095 0 
7284.542567028  4.132351000  0.024931338 0 
7284.542636471  4.159200000  0.025184086 0 
7284.542712860  4.147231000  0.025074587 0 
7284.542782303  4.134924000  0.024979418 0 
7284.542858692  4.108233000  0.024724406 0 
7284.542935080  4.116645000  0.024853505 0 
7284.543004524  4.133620000  0.025132755 0 
7284.543080912  4.148466000  0.025048454 0 
7284.543150357  4.159162000  0.025059753 0 
7284.543226745  4.142567000  0.024924573 0 
7284.543296189  4.144984000  0.025007843 0 
7284.543372577  4.164763000  0.025200665 0 
7284.543442021  4.186706000  0.025316883 0 
7284.543518409  4.125308000  0.024950836 0 
7284.543594798  4.102632000  0.024726438 0 
7284.543664242  4.201291000  0.025549376 0 
7284.543740630  4.114767000  0.024806162 0 
7284.543810074  4.147586000  0.025073192 0 
7284.543886462  4.189558000  0.025294418 0 
7284.543955906  4.094075000  0.024635702 0 
7284.544032294  4.186065000  0.025349327 0 
7284.544108683  4.197681000  0.025549365 0 
7284.544178127  4.157248000  0.025228984 0 
7284.544254515  4.176142000  0.025405440 0 
7284.544323958  4.179349000  0.025242473 0 
7284.544400347  4.125021000  0.024952961 0 
7284.544469791  4.169863000  0.025281281 0 
7284.544546179  4.124897000  0.024876216 0 
7284.544622568  4.166792000  0.025232311 0 
7284.544692012  4.123145000  0.024936815 0 
7284.544768400  4.117959000  0.024917349 0 
7284.544837844  4.140087000  0.025018228 0 
7284.544914232  4.126759000  0.024945570 0 
7284.544983676  4.126241000  0.025004567 0 
7284.545060065  4.158013000  0.025275251 0 
7284.545136453  4.139170000  0.025166925 0 
7284.545205897  4.112316000  0.024875130 0 
7284.545282285  4.142305000  0.025162777 0 
7284.545351729  4.103658000  0.024843977 0 
7284.545428117  4.099999000  0.024819989 0 
7284.545497561  4.170318000  0.025470610 0 
7284.545573950  4.155347000  0.025191307 0 
7284.545643393  4.173274000  0.025453253 0 
7284.545719782  4.165805000  0.025297661 0 
7284.545796170  4.122663000  0.025031648 0 
7284.545865614  4.138087000  0.025229871 0 
7284.545942002  4.155931000  0.025275855 0 
7284.546011447  4.170919000  0.025372209 0 
7284.546087835  4.151350000  0.025227420 0 
7284.546157279  4.163979000  0.025193436 0 
7284.546233667  4.131262000  0.024969390 0 
7284.546310055  4.160844000  0.025245329 0 
7284.546379499  4.168808000  0.025359435 0 
7284.546455887  4.142924000  0.025161375 0 
7284.546525331  4.165294000  0.025316706 0 
7284.546601720  4.133338000  0.025055580 0 
7284.546678108  4.161771000  0.025278223 0 
7284.546747552  4.145263000  0.025145009 0 
7284.546823940  4.130079000  0.025027795 0 
7284.546893384  4.144456000  0.025117179 0 
7284.546969772  4.160348000  0.025306927 0 
7284.547039216  4.137173000  0.025157132 0 
7284.547115605  4.127581000  0.025080912 0 
7284.547191993  4.162227000  0.025350165 0 
7284.547261437  4.110547000  0.024988675 0 
7284.547337825  4.196137000  0.025652809 0 
7284.547407269  4.137162000  0.025269812 0 
7284.547483657  4.098664000  0.024935331 0 
7284.547553102  4.164095000  0.025464244 0 
7284.547629490  4.149745000  0.025300433 0 
7284.547705878  4.172248000  0.025488091 0 
7284.547775322  4.129355000  0.025182140 0 
7284.547851710  4.128689000  0.025139777 0 
7284.547921154  4.130332000  0.025142806 0 
7284.547997543  4.232938000  0.025998173 0 
7284.548073931  4.121957000  0.025098286 0 
7284.548143375  4.098622000  0.024950685 0 
7284.548219763  4.162062000  0.025376987 0 
7284.548289207  4.119183000  0.025043450 0 
7284.548365595  4.174627000  0.025509343 0 
7284.548435039  4.134010000  0.025162201 0 
7284.548511428  4.123585000  0.024924526 0 
7284.548587816  4.169495000  0.025373032 0 
7284.548657260  4.173836000  0.025434221 0 
7284.548733648  4.162586000  0.025254887 0 
7284.548803092  4.144511000  0.025166318 0 
7284.548879480  4.145517000  0.025331811 0 
7284.548955868  4.149013000  0.025140600 0 
7284.549025313  4.139519000  0.025143809 0 
7284.549101701  4.145375000  0.025274087 0 
7284.549171145  4.118021000  0.025078521 0 
7284.549247534  4.127748000  0.025125583 0 
7284.549316978  4.147311000  0.025287405 0 
7284.549393365  4.151258000  0.025327770 0 
7284.549462809  4.182846000  0.025481870 0 
7284.549539198  4.112467000  0.024929605 0 
7284.549615586  4.147302000  0.025153563 0 
7284.549685030  4.201380000  0.025727209 0 
7284.549761418  4.119306000  0.025042240 0 
7284.549830862  4.178000000  0.025522191 0 
7284.549907250  4.136195000  0.025167870 0 
7284.549976694  4.137386000  0.025218791 0 
7284.550053083  4.141003000  0.025117969 0 
7284.550129471  4.096860000  0.024862595 0 
7284.550198915  4.136177000  0.025135532 0 
7284.550275303  4.123909000  0.025049296 0 
7284.550344747  4.157402000  0.025269664 0 
7284.550421136  4.140292000  0.025143542 0 
7284.550497524  4.127628000  0.025126058 0 
7284.550566968  4.172401000  0.025507403 0 
7284.550643356  4.178741000  0.025669253 0 
7284.550712800  4.128673000  0.025343201 0 
7284.550789189  4.153251000  0.025418928 0 
7284.550858632  4.175295000  0.025651305 0 
7284.550935021  4.118020000  0.025341116 0 
7284.551004465  4.122621000  0.025411221 0 
7284.551080853  4.135427000  0.025461863 0 
7284.551157241  4.178511000  0.025850042 0 
7284.551226685  4.127775000  0.025360909 0 
7284.551303074  4.130874000  0.025412906 0 
7284.551372517  4.190620000  0.026009021 0 
7284.551448905  4.158171000  0.025672238 0 
7284.551525294  4.190133000  0.025929406 0 
7284.551594738  4.169520000  0.025825341 0 
7284.551671126  4.107874000  0.025514399 0 
7284.551740570  4.100863000  0.025342143 0 
7284.551816959  4.183952000  0.025968430 0 
7284.551893347  4.107089000  0.025309762 0 
7284.551962791  4.171522000  0.025711574 0 
7284.552039179  4.136089000  0.025320240 0 
7284.552108623  4.140144000  0.025282845 0 
7284.552185012  4.086618000  0.024820182 0 
7284.552254456  4.104986000  0.025034166 0 
7284.552330844  4.149310000  0.025493920 0 
7284.552400287  4.192162000  0.025775135 0 
7284.552476676  4.130638000  0.025367159 0 
7284.552553064  4.144707000  0.025369012 0 
7284.552622508  4.109430000  0.025172178 0 
7284.552698896  4.155333000  0.025428838 0 
7284.552768340  4.147967000  0.025349573 0 
7284.552844729  4.142154000  0.025335406 0 
7284.552921117  4.143003000  0.025381808 0 
7284.552990561  4.157256000  0.025377153 0 
7284.553066949  4.136938000  0.025322240 0 
7284.553136393  4.163807000  0.025356201 0 
7284.553212781  4.161955000  0.025478524 0 
7284.553282226  4.164453000  0.025482744 0 
7284.553358614  4.137169000  0.025304409 0 
7284.553435002  4.110657000  0.025089039 0 
7284.553504446  4.152271000  0.025402394 0 
7284.553580834  4.139259000  0.025307246 0 
7284.553650278  4.175313000  0.025497787 0 
7284.553726667  4.168145000  0.025400198 0 
7284.553796111  4.166134000  0.025416528 0 
7284.553872499  4.133010000  0.025147329 0 
7284.553948887  4.129426000  0.025121706 0 
7284.554018331  4.165214000  0.025375702 0 
7284.554094719  4.150821000  0.025326484 0 
7284.554164163  4.169540000  0.025405227 0 
7284.554240552  4.191929000  0.025562542 0 
7284.554309995  4.171968000  0.025490816 0 
7284.554386384  4.188797000  0.025652164 0 
7284.554462772  4.165283000  0.025287718 0 
7284.554532216  4.169920000  0.025297292 0 
7284.554608604  4.082770000  0.024714299 0 
7284.554678048  4.129146000  0.024983178 0 
7284.554754436  4.169152000  0.025318679 0 
7284.554823881  4.139856000  0.025132224 0 
7284.554900269  4.109003000  0.024937210 0 
7284.554976657  4.135354000  0.025113855 0 
7284.555046101  4.190971000  0.025624664 0 
7284.555122489  4.170237000  0.025375228 0 
7284.555191933  4.135274000  0.025218463 0 
7284.555268322  4.135445000  0.025090550 0 
7284.555337766  4.092113000  0.024856151 0 
7284.555414154  4.139742000  0.025171575 0 
7284.555490542  4.159219000  0.025329849 0 
7284.555559986  4.166956000  0.025480044 0 
7284.555636374  4.132393000  0.025217775 0 
7284.555705818  4.143019000  0.025292581 0 
7284.555782207  4.136396000  0.025389076 0 
7284.555851651  4.196072000  0.025765084 0 
7284.555928039  4.119348000  0.025115827 0 
7284.556004427  4.150070000  0.025339407 0 
7284.556073871  4.107787000  0.025025275 0 
7284.556150259  4.153055000  0.025530618 0 
7284.556219704  4.150955000  0.025518136 0 
7284.556296092  4.154179000  0.025487968 0 
7284.556372480  4.164421000  0.025870564 0 
7284.556441924  4.132096000  0.025371395 0 
7284.556518312  4.158200000  0.025457759 0 
7284.556587756  4.093210000  0.024973477 0 
7284.556664145  4.140575000  0.025495898 0 
7284.556733588  4.123483000  0.025351022 0 
7284.556809977  4.168622000  0.026405693 0 
7284.556886365  4.168448000  0.025935944 0 
7284.556955809  4.110578000  0.025401788 0 
7284.557032197  4.138511000  0.025489460 0 
7284.557101641  4.156360000  0.025411139 0 
7284.557178029  4.151195000  0.025621156 0 
7284.557247473  4.124772000  0.025484868 0 
7284.557323862  4.148697000  0.025567215 0 
7284.557400250  4.143111000  0.025799612 0 
7284.557469694  4.149811000  0.025732547 0 
7284.557546082  4.170625000  0.025729023 0 
7284.557615526  4.140240000  0.025486673 0 
7284.557691914  4.147870000  0.025603809 0 
7284.557768303  4.143126000  0.025541670 0 
7284.557837747  4.129398000  0.025619460 0 
7284.557914135  4.135797000  0.025748865 0 
7284.557983579  4.166927000  0.025735294 0 
7284.558059967  4.138801000  0.025801590 0 
7284.558129411  4.115836000  0.025244879 0 
7284.558205800  4.168215000  0.026161031 0 
7284.558275244  4.135993000  0.025625840 0 
7284.558351632  4.187095000  0.026258913 0 
7284.558421076  4.159342000  0.025479136 0 
7284.558497464  4.142739000  0.025595215 0 
7284.558573852  4.152943000  0.025835925 0 
7284.558643296  4.167170000  0.025769137 0 
7284.558719685  4.100399000  0.025238639 0 
7284.558789128  4.121197000  0.025842429 0 
7284.558865517  4.148936000  0.025684743 0 
7284.558934961  4.140094000  0.026098876 0 
7284.559011349  4.149358000  0.026139817 0 
7284.559080793  4.104483000  0.025184775 0 
7284.559157181  4.131233000  0.025353115 0 
7284.559233570  4.128628000  0.025849713 0 
7284.559303014  4.154332000  0.025691937 0 
7284.559379402  4.168027000  0.025613736 0 
7284.559448846  4.157241000  0.025893201 0 
7284.559525234  4.149145000  0.025405794 0 
7284.559594678  4.136402000  0.025540219 0 
7284.559671066  4.171903000  0.025990736 0 
7284.559747455  4.060076000  0.026178449 0 
7284.559816899  4.120332000  0.026413374 0 
7284.559893287  4.136117000  0.025776834 0 
7284.559962731  4.123725000  0.025368956 0 
7284.560039119  4.135941000  0.025599041 0 
7284.560108563  4.162273000  0.025752167 0 
7284.560184951  4.159729000  0.025720879 0 
7284.560261340  4.054224000  0.025648699 0 
7284.560330784  4.142595000  0.025523522 0 
7284.560407172  4.080485000  0.025603165 0 
7284.560476616  4.154990000  0.025755209 0 
7284.560553004  4.153118000  0.026019712 0 
7284.560622448  4.160781000  0.026397121 0 
7284.560698837  4.152655000  0.027128546 0 
7284.560775225  4.131404000  0.026751755 0 
7284.560844669  4.189276000  0.026377037 0 
7284.560921057  4.216763000  0.026241919 0 
7284.560990501  4.186862000  0.025668266 0 
7284.561066889  4.177633000  0.026249124 0 
7284.561136333  4.171016000  0.025532882 0 
7284.561212721  4.107445000  0.025060412 0 
7284.561289110  4.105436000  0.025038860 0 
7284.561358554  4.146936000  0.025410448 0 
7284.561434942  4.125957000  0.025126228 0 
7284.561504386  4.193124000  0.025708815 0 
7284.561580774  4.147806000  0.025442257 0 
7284.561657162  4.139122000  0.025373750 0 
7284.561726606  4.135441000  0.025382246 0 
7284.561802995  4.145626000  0.025632589 0 
7284.561872439  4.124815000  0.025437046 0 
7284.561948827  4.151627000  0.025434527 0 
7284.562018271  4.150856000  0.025583569 0 
7284.562094659  4.187054000  0.025785743 0 
7284.562171048  4.165405000  0.025569982 0 
7284.562240492  4.163241000  0.025624256 0 
7284.562316880  4.190257000  0.026020780 0 
7284.562386324  4.149035000  0.025533560 0 
7284.562462712  4.174712000  0.025907365 0 
7284.562532156  4.153529000  0.025744597 0 
7284.562608544  4.164214000  0.025859354 0 
7284.562677988  4.185464000  0.025773749 0 
7284.562754376  4.131266000  0.025560340 0 
7284.562830765  4.176999000  0.025741653 0 
7284.562900209  4.123687000  0.025266929 0 
7284.562976597  4.133261000  0.025422299 0 
7284.563046041  4.156656000  0.025519496 0 
7284.563122429  4.149210000  0.025511971 0 
7284.563191873  4.124802000  0.025494028 0 
7284.563268261  4.154456000  0.025655832 0 
7284.563344650  4.130623000  0.025384034 0 
7284.563414094  4.140824000  0.025512861 0 
7284.563490483  4.124283000  0.025377805 0 
7284.563559926  4.152607000  0.025510658 0 
7284.563636314  4.172327000  0.025795183 0 
7284.563705758  4.131906000  0.025440341 0 
7284.563782147  4.089874000  0.025130902 0 
7284.563851591  4.180136000  0.025720882 0 
7284.563927979  4.123830000  0.025164939 0 
7284.564004367  4.145290000  0.025389060 0 
7284.564073811  4.174234000  0.025657155 0 
7284.564150199  4.135462000  0.025349287 0 
7284.564219643  4.183073000  0.025910745 0 
7284.564296031  4.148278000  0.025603673 0 
7284.564372420  4.205130000  0.026151098 0 
7284.564441864  4.132470000  0.025722085 0 
7284.564518252  4.117260000  0.025427348 0 
7284.564587696  4.121648000  0.025369370 0 
7284.564664084  4.147350000  0.025809316 0 
7284.564733528  4.162364000  0.026050187 0 
7284.564809917  4.136158000  0.025784665 0 
7284.564879361  4.222824000  0.026721864 0 
7284.564955749  4.200551000  0.026579319 0 
7284.565032138  4.121291000  0.025676154 0 
7284.565101581  4.187104000  0.026230272 0 
7284.565177969  4.149165000  0.025959634 0 
7284.565247413  4.123623000  0.025704504 0 
7284.565323802  4.169620000  0.026124656 0 
7284.565400190  4.179023000  0.025762019 0 
7284.565469634  4.084496000  0.025016611 0 
7284.565546022  4.146804000  0.025736930 0 
7284.565615466  4.166643000  0.025908420 0 
7284.565691854  4.168107000  0.027041696 0 
7284.565761298  4.139890000  0.026559897 0 
7284.565837687  4.126531000  0.026355290 0 
7284.565914075  4.183909000  0.026206389 0 
7284.565983519  4.138314000  0.025897968 0 
7284.566059907  4.119424000  0.026092073 0 
7284.566129351  4.175179000  0.026640085 0 
7284.566205740  4.119983000  0.025835592 0 
7284.566282128  4.164860000  0.025963279 0 
7284.566351572  4.164192000  0.025910395 0 
7284.566427960  4.138546000  0.025713392 0 
7284.566497404  4.110130000  0.025283444 0 
7284.566573793  4.148125000  0.025655286 0 
7284.566650180  4.139659000  0.025495448 0 
7284.566719624  4.165038000  0.026101657 0 
7284.566796013  4.174080000  0.025935231 0 
7284.566865457  4.163814000  0.025734126 0 
7284.566941845  4.140292000  0.025409119 0 
7284.567011289  4.180164000  0.025864476 0 
7284.567087677  4.135388000  0.025258900 0 
7284.567157121  4.172075000  0.025554960 0 
7284.567233509  4.128743000  0.025249525 0 
7284.567309898  4.141758000  0.025424562 0 
7284.567379342  4.147177000  0.025409854 0 
7284.567455730  4.116153000  0.025268873 0 
7284.567525174  4.163209000  0.025507053 0 
7284.567601562  4.185551000  0.025931835 0 
7284.567671006  4.170162000  0.025631840 0 
7284.567747395  4.137303000  0.025392550 0 
7284.567823783  4.135342000  0.025498398 0 
7284.567893227  4.119999000  0.025359074 0 
7284.567969615  4.139891000  0.025487836 0 
7284.568039059  4.139643000  0.025352509 0 
7284.568115447  4.155396000  0.025514095 0 
7284.568184891  4.173579000  0.025617214 0 
7284.568261279  4.137157000  0.025443926 0 
7284.568337668  4.187871000  0.025858505 0 
7284.568407112  4.142708000  0.025620317 0 
7284.568483500  4.093594000  0.025188960 0 
7284.568552944  4.159941000  0.025645054 0 
7284.568629332  4.101137000  0.025184915 0 
7284.568698776  4.103839000  0.025116274 0 
7284.568775164  4.138862000  0.025398096 0 
7284.568851553  4.164214000  0.025547057 0 
7284.568920997  4.162236000  0.025490841 0 
7284.568997385  4.126630000  0.025294300 0 
7284.569066829  4.147742000  0.025453069 0 
7284.569143217  4.089873000  0.024918638 0 
7284.569212661  4.177364000  0.025522525 0 
7284.569289050  4.146798000  0.025303170 0 
7284.569365438  4.186823000  0.025830754 0 
7284.569434882  4.098485000  0.025059549 0 
7284.569511270  4.137760000  0.025282184 0 
7284.569580714  4.147692000  0.025563605 0 
7284.569657102  4.151980000  0.025505189 0 
7284.569726546  4.142651000  0.025303864 0 
7284.569802934  4.192878000  0.025700438 0 
7284.569879323  4.153296000  0.025907055 0 
7284.569948767  4.165334000  0.025801879 0 
7284.570025155  4.169422000  0.025561144 0 
7284.570094599  4.149144000  0.025637226 0 
7284.570170987  4.211061000  0.026217242 0 
7284.570247375  4.172741000  0.025960061 0 
7284.570316819  4.162046000  0.025778334 0 
7284.570393208  4.141645000  0.025600554 0 
7284.570462652  4.128255000  0.025449598 0 
7284.570539040  4.099670000  0.025272380 0 
7284.570615428  4.096003000  0.025343132 0 
7284.570684872  4.116513000  0.025917389 0 
7284.570761261  4.148962000  0.026311478 0 
7284.570837649  4.104744000  0.025967970 0 
7284.570907093  4.189248000  0.026744910 0 
7284.570983481  4.207866000  0.026971439 0 
7284.571052925  4.091675000  0.025552787 0 
7284.571129314  4.229727000  0.026937670 0 
7284.571198757  4.172565000  0.026055720 0 
7284.571275145  4.141481000  0.025957221 0 
7284.571344589  4.159615000  0.025924796 0 
7284.571420978  4.151146000  0.025805315 0 
7284.571497366  4.208952000  0.026175001 0 
7284.571566810  4.136651000  0.025501394 0 
7284.571643199  4.184658000  0.025862016 0 
7284.571719586  4.127515000  0.025646696 0 
7284.571789030  4.072588000  0.025277049 0 
7284.571865419  4.115406000  0.026127825 0 
7284.571934863  4.152865000  0.026965166 0 
7284.572011251  4.112936000  0.025981286 0 
7284.572080695  4.183992000  0.026631868 0 
7284.572157084  4.181612000  0.026751498 0 
7284.572233472  4.155172000  0.025846054 0 
7284.572302916  4.175637000  0.025905725 0 
7284.572379304  4.101937000  0.025506076 0 
7284.572448748  4.127985000  0.025960226 0 
7284.572525136  4.159265000  0.025989239 0 
7284.572594580  4.201322000  0.026239374 0 
7284.572670969  4.165717000  0.025983543 0 
7284.572747357  4.185134000  0.025954098 0 
7284.572816800  4.160712000  0.025680080 0 
7284.572893189  4.180173000  0.025968258 0 
7284.572962633  4.200348000  0.026064436 0 
7284.573039021  4.170888000  0.025809038 0 
7284.573108465  4.127895000  0.025364255 0 
7284.573184853  4.134314000  0.025468511 0 
7284.573261241  4.134300000  0.025463345 0 
7284.573330685  4.187753000  0.025973558 0 
7284.573407074  4.109100000  0.025371332 0 
7284.573476518  4.159896000  0.025653487 0 
7284.573552907  4.146051000  0.025622402 0 
7284.573629295  4.159885000  0.025629496 0 
7284.573698739  4.118671000  0.025508465 0 
7284.573775127  4.139307000  0.025585124 0 
7284.573844571  4.120528000  0.025562308 0 
7284.573920959  4.149802000  0.025709037 0 
7284.573997347  4.188786000  0.025901066 0 
7284.574066791  3.694702000  0.021834550 0 
7284.574143180  4.180784000  0.025803102 0 
7284.574212624  4.139031000  0.025594242 0 
7284.574289012  4.130373000  0.025475388 0 
7284.574358455  4.174350000  0.025937943 0 
7284.574434844  4.124425000  0.025650559 0 
7284.574511232  4.154149000  0.025691647 0 
7284.574580676  4.163956000  0.025850287 0 
7284.574657065  4.141898000  0.025523913 0 
7284.574726508  4.170991000  0.025810411 0 
7284.574802896  4.114684000  0.025402456 0 
7284.574879285  4.122988000  0.025471011 0 
7284.574948729  4.173060000  0.025805606 0 
7284.575025117  4.157887000  0.025673018 0 
7284.575094561  4.094427000  0.025152334 0 
7284.575170950  4.167584000  0.025681758 0 
7284.575240393  4.154562000  0.025671020 0 
7284.575316782  4.194945000  0.026058814 0 
7284.575393170  4.212455000  0.026197552 0 
7284.575462614  4.179169000  0.025951689 0 
7284.575539002  4.177749000  0.025887403 0 
7284.575608446  4.157261000  0.025627062 0 
7284.575684835  4.149869000  0.025564367 0 
7284.575754278  4.141483000  0.025541947 0 
7284.575830666  4.166013000  0.025738918 0 
7284.575907055  4.152041000  0.025666086 0 
7284.575976499  4.161453000  0.025855121 0 
7284.576052887  4.203805000  0.026199000 0 
7284.576122331  4.136486000  0.025785718 0 
