     8387.883274     0.995529     0.004355 0 
     8387.884662     1.001108     0.004364 0 
     8387.886051     1.001347     0.004363 0 
     8387.887440     0.998230     0.004357 0 
     8387.888829     0.999665     0.004362 0 
     8387.890218     0.996972     0.004361 0 
     8387.891607     1.005348     0.004367 0 
     8387.892996     1.007300     0.004366 0 
     8387.894385     0.997549     0.004358 0 
     8387.895773     1.003775     0.004375 0 
     8387.897162     0.998592     0.004358 0 
     8387.898551     1.009453     0.004373 0 
     8387.899940     1.002988     0.004360 0 
     8387.901329     0.998152     0.004365 0 
     8387.902718     1.000503     0.004359 0 
     8387.904107     1.004694     0.004369 0 
     8387.905495     1.005909     0.004365 0 
     8387.906884     0.996851     0.004360 0 
     8387.908273     1.000075     0.004359 0 
     8387.909662     0.996672     0.004361 0 
     8387.911051     1.003495     0.004359 0 
     8387.912440     1.001648     0.004364 0 
     8387.913829     1.006411     0.004365 0 
     8387.915218     0.997975     0.004363 0 
     8387.916606     0.996835     0.004363 0 
     8387.917995     0.997938     0.004356 0 
     8387.919384     1.002736     0.004363 0 
     8387.920773     1.006032     0.004364 0 
     8387.922162     0.999498     0.004365 0 
     8387.923551     0.995619     0.004353 0 
     8387.924940     0.997444     0.004360 0 
     8387.926329     0.995196     0.004362 0 
     8387.927717     1.002308     0.004374 0 
     8387.929106     1.001802     0.004365 0 
     8387.930495     1.001745     0.004363 0 
     8387.931884     1.000724     0.004365 0 
     8387.933273     1.001696     0.004364 0 
     8387.934662     1.001944     0.004370 0 
     8387.936051     0.985710     0.004344 0 
     8387.937440     1.006221     0.004367 0 
     8387.938828     0.997289     0.004360 0 
     8387.940217     1.005698     0.004363 0 
     8387.941606     0.998214     0.004358 0 
     8387.942995     0.997252     0.004359 0 
     8387.944384     0.994735     0.004355 0 
     8387.945773     1.000840     0.004360 0 
     8387.947162     0.993544     0.004353 0 
     8387.948551     0.999046     0.004362 0 
     8387.949939     0.997126     0.004364 0 
     8387.951328     0.997315     0.004355 0 
     8387.952717     1.002440     0.004360 0 
     8387.954106     0.999924     0.004362 0 
     8387.955495     1.002931     0.004361 0 
     8387.956884     1.002408     0.004364 0 
     8387.958273     1.001460     0.004360 0 
     8387.959662     1.000410     0.004362 0 
     8387.961050     1.002338     0.004367 0 
     8387.962439     0.997174     0.004360 0 
     8387.963828     1.006221     0.004366 0 
     8387.965217     0.999966     0.004360 0 
     8387.966606     0.995296     0.004360 0 
     8387.967995     0.996538     0.004356 0 
     8387.969384     1.003835     0.004364 0 
     8387.970773     1.000802     0.004361 0 
     8387.972161     1.001613     0.004363 0 
     8387.973550     0.994232     0.004359 0 
     8387.974939     1.000798     0.004366 0 
     8387.976328     0.995430     0.004358 0 
     8387.977717     1.006076     0.004367 0 
     8387.979106     1.002343     0.004366 0 
     8387.980495     0.995148     0.004358 0 
     8387.981884     0.993478     0.004360 0 
     8387.983272     1.004513     0.004367 0 
     8387.984661     1.003513     0.004364 0 
     8387.986050     0.999006     0.004362 0 
     8387.987439     1.005264     0.004369 0 
     8387.988828     0.999582     0.004365 0 
     8387.990217     0.999559     0.004355 0 
     8387.991606     0.999541     0.004361 0 
     8387.992995     0.997880     0.004357 0 
     8387.994383     0.993513     0.004362 0 
     8387.995772     1.000152     0.004363 0 
     8387.997161     1.000243     0.004363 0 
     8387.998550     0.997686     0.004357 0 
     8387.999939     0.997193     0.004355 0 
     8388.001328     0.997756     0.004361 0 
     8388.002717     0.998434     0.004359 0 
     8388.004106     0.999112     0.004361 0 
     8388.005494     0.996877     0.004360 0 
     8388.006883     0.998207     0.004360 0 
     8388.008272     0.996523     0.004354 0 
     8388.009661     0.996596     0.004359 0 
     8388.011050     1.002504     0.004369 0 
     8388.012439     1.002634     0.004367 0 
     8388.013828     1.002148     0.004362 0 
     8388.015217     0.993653     0.004359 0 
     8388.016605     0.997725     0.004360 0 
     8388.017994     0.994715     0.004356 0 
     8388.019383     1.001743     0.004364 0 
     8388.020772     1.001787     0.004364 0 
     8388.022161     0.997231     0.004359 0 
     8388.023550     0.997648     0.004369 0 
     8388.024939     0.997326     0.004358 0 
     8388.026327     0.993893     0.004360 0 
     8388.027716     1.002604     0.004367 0 
     8388.029105     0.997056     0.004365 0 
     8388.030494     0.997947     0.004359 0 
     8388.031883     1.002968     0.004368 0 
     8388.033272     1.004849     0.004368 0 
     8388.034661     0.996903     0.004358 0 
     8388.036050     1.000555     0.004360 0 
     8388.037438     1.002564     0.004365 0 
     8388.038827     0.994384     0.004361 0 
     8388.040216     1.004672     0.004371 0 
     8388.041605     1.000163     0.004359 0 
     8388.042994     0.996270     0.004357 0 
     8388.044383     1.000596     0.004363 0 
     8388.045772     1.002944     0.004372 0 
     8388.047161     1.006753     0.004367 0 
     8388.048549     0.994740     0.004357 0 
     8388.049938     1.003247     0.004364 0 
     8388.051327     1.001308     0.004363 0 
     8388.052716     1.002419     0.004369 0 
     8388.054105     0.993678     0.004357 0 
     8388.055494     1.001500     0.004362 0 
     8388.056883     1.004387     0.004363 0 
     8388.058272     1.003257     0.004364 0 
     8388.059660     1.003514     0.004361 0 
     8388.061049     0.998532     0.004360 0 
     8388.062438     1.003705     0.004364 0 
     8388.063827     0.999623     0.004367 0 
     8388.065216     0.992205     0.004352 0 
     8388.066605     1.000335     0.004359 0 
     8388.067994     1.001562     0.004360 0 
     8388.069383     0.995752     0.004353 0 
     8388.070771     1.000213     0.004364 0 
     8388.072160     0.997527     0.004366 0 
     8388.073549     1.004505     0.004361 0 
     8388.074938     1.001513     0.004364 0 
     8388.076327     0.998919     0.004359 0 
     8388.077716     0.999543     0.004363 0 
     8388.079105     0.998939     0.004373 0 
     8388.080494     0.999947     0.004363 0 
     8388.081882     1.000276     0.004359 0 
     8388.083271     1.002288     0.004362 0 
     8388.084660     1.000859     0.004370 0 
     8388.086049     1.004511     0.004367 0 
     8388.087438     1.006844     0.004365 0 
     8388.088827     0.999986     0.004360 0 
     8388.090216     0.997351     0.004364 0 
     8388.091605     1.002487     0.004364 0 
     8388.092993     0.992179     0.004356 0 
     8388.094382     0.997788     0.004360 0 
     8388.095771     1.003725     0.004369 0 
     8388.097160     1.005965     0.004365 0 
     8388.098549     0.999626     0.004364 0 
     8388.099938     0.999672     0.004359 0 
     8388.101327     0.997970     0.004363 0 
     8388.102716     0.998342     0.004361 0 
     8388.104104     0.995521     0.004359 0 
     8388.105493     0.997885     0.004368 0 
     8388.106882     1.000650     0.004360 0 
     8388.108271     1.004129     0.004367 0 
     8388.109660     0.992710     0.004359 0 
     8388.111049     0.997018     0.004359 0 
     8388.112438     0.992863     0.004356 0 
     8388.113827     1.001737     0.004359 0 
     8388.115215     0.996867     0.004365 0 
     8388.116604     0.999205     0.004367 0 
     8388.117993     0.999575     0.004361 0 
     8388.119382     0.993450     0.004359 0 
     8388.120771     1.000591     0.004365 0 
     8388.122160     1.000651     0.004366 0 
     8388.123549     1.001661     0.004360 0 
     8388.124937     0.999385     0.004362 0 
     8388.126326     0.995120     0.004358 0 
     8388.127715     0.996523     0.004369 0 
     8388.129104     1.002047     0.004364 0 
     8388.130493     1.008367     0.004379 0 
     8388.131882     0.995921     0.004358 0 
     8388.133271     1.001528     0.004366 0 
     8388.134660     0.997946     0.004354 0 
     8388.136048     0.998468     0.004359 0 
     8388.137437     0.996509     0.004357 0 
     8388.138826     0.998356     0.004364 0 
     8388.140215     1.001544     0.004370 0 
     8388.141604     1.000647     0.004359 0 
     8388.142993     0.996722     0.004355 0 
     8388.144382     1.005984     0.004366 0 
     8388.145771     1.001794     0.004362 0 
     8388.147159     1.004034     0.004364 0 
     8388.148548     0.995977     0.004362 0 
     8388.149937     0.998523     0.004367 0 
     8388.151326     1.005651     0.004365 0 
     8388.152715     1.001498     0.004365 0 
     8388.154104     1.002641     0.004373 0 
     8388.155493     0.997672     0.004355 0 
     8388.156882     0.999129     0.004363 0 
     8388.158270     1.004409     0.004367 0 
     8388.159659     0.997001     0.004356 0 
     8388.161048     0.998115     0.004361 0 
     8388.162437     0.995988     0.004363 0 
     8388.163826     1.000500     0.004365 0 
     8388.165215     1.001005     0.004363 0 
     8388.166604     0.992576     0.004358 0 
     8388.167993     1.004688     0.004367 0 
     8388.169381     0.999576     0.004366 0 
     8388.170770     1.005853     0.004365 0 
     8388.172159     1.003877     0.004364 0 
     8388.173548     0.998371     0.004363 0 
     8388.174937     1.006607     0.004365 0 
     8388.176326     0.998093     0.004360 0 
     8388.177715     0.999431     0.004360 0 
     8388.179104     1.004423     0.004364 0 
     8388.180492     0.995131     0.004357 0 
     8388.181881     1.001344     0.004363 0 
     8388.183270     0.990508     0.004362 0 
     8388.184659     0.994075     0.004353 0 
     8388.186048     1.000862     0.004367 0 
     8388.187437     1.001422     0.004364 0 
     8388.188826     0.994659     0.004359 0 
     8388.190215     0.999739     0.004366 0 
     8388.191603     0.999454     0.004368 0 
     8388.192992     1.002411     0.004364 0 
     8388.194381     1.003835     0.004377 0 
     8388.195770     0.991868     0.004354 0 
     8388.197159     1.002530     0.004363 0 
     8388.198548     1.000882     0.004368 0 
     8388.199937     0.999298     0.004362 0 
     8388.201326     1.002168     0.004363 0 
     8388.202714     0.997273     0.004360 0 
     8388.204103     1.000492     0.004367 0 
     8388.205492     0.992490     0.004356 0 
     8388.206881     0.996279     0.004361 0 
     8388.208270     0.993591     0.004363 0 
     8388.209659     0.994527     0.004357 0 
     8388.211048     1.004356     0.004374 0 
     8388.212436     1.005154     0.004370 0 
     8388.213825     1.007590     0.004366 0 
     8388.215214     0.998568     0.004361 0 
     8388.216603     1.001515     0.004362 0 
     8388.217992     1.004369     0.004375 0 
     8388.219381     0.998896     0.004363 0 
     8388.220770     0.995602     0.004360 0 
     8388.222159     0.998547     0.004360 0 
     8388.223547     1.001127     0.004367 0 
     8388.224936     1.002630     0.004370 0 
     8388.226325     0.994246     0.004360 0 
     8388.227714     1.000895     0.004364 0 
     8388.229103     0.995510     0.004358 0 
     8388.230492     1.005088     0.004365 0 
     8388.231881     1.001768     0.004363 0 
     8388.233270     0.995298     0.004361 0 
     8388.234658     1.000768     0.004373 0 
     8388.236047     0.997588     0.004365 0 
     8388.237436     1.001709     0.004362 0 
     8388.238825     1.009241     0.004379 0 
     8388.240214     0.995191     0.004364 0 
     8388.241603     1.002133     0.004364 0 
     8388.242992     1.004920     0.004367 0 
     8388.244381     0.998192     0.004357 0 
     8388.245769     1.002926     0.004364 0 
     8388.247158     1.002129     0.004362 0 
     8390.498517     0.993146     0.004376 0 
     8390.499906     0.998595     0.004370 0 
     8390.501295     1.006767     0.004387 0 
     8390.502684     0.999395     0.004375 0 
     8390.504073     1.001463     0.004376 0 
     8390.505462     1.004464     0.004373 0 
     8390.506851     0.996354     0.004371 0 
     8390.508239     0.996680     0.004372 0 
     8390.509628     1.001173     0.004373 0 
     8390.511017     0.992742     0.004366 0 
     8390.512406     0.997935     0.004373 0 
     8390.513795     1.002101     0.004376 0 
     8390.515184     1.001262     0.004378 0 
     8390.516573     0.994681     0.004367 0 
     8390.517962     1.006711     0.004374 0 
     8390.519350     0.997015     0.004375 0 
     8390.520739     0.996334     0.004371 0 
     8390.522128     0.998338     0.004369 0 
     8390.523517     0.999524     0.004372 0 
     8390.524906     0.998379     0.004370 0 
     8390.526295     1.004808     0.004383 0 
     8390.527684     1.002549     0.004374 0 
     8390.529073     1.001778     0.004374 0 
     8390.530461     1.002261     0.004374 0 
     8390.531850     1.007949     0.004379 0 
     8390.533239     1.000740     0.004369 0 
     8390.534628     1.001457     0.004374 0 
     8390.536017     0.996658     0.004372 0 
     8390.537406     1.005425     0.004374 0 
     8390.538795     0.997465     0.004376 0 
     8390.540183     1.005914     0.004382 0 
     8390.541572     1.010282     0.004383 0 
     8390.542961     1.000037     0.004373 0 
     8390.544350     1.004644     0.004380 0 
     8390.545739     1.001953     0.004373 0 
     8390.547128     0.998153     0.004371 0 
     8390.548517     1.000254     0.004383 0 
     8390.549906     0.993806     0.004363 0 
     8390.551294     1.000818     0.004375 0 
     8390.552683     0.988672     0.004364 0 
     8390.554072     0.986540     0.004365 0 
     8390.555461     0.994773     0.004370 0 
     8390.556850     1.002731     0.004374 0 
     8390.558239     0.998104     0.004380 0 
     8390.559628     1.000426     0.004377 0 
     8390.561016     0.994811     0.004365 0 
     8390.562405     1.000203     0.004372 0 
     8390.563794     1.006120     0.004378 0 
     8390.565183     0.993548     0.004368 0 
     8390.566572     0.998743     0.004375 0 
     8390.567961     1.001299     0.004375 0 
     8390.569350     0.998770     0.004375 0 
     8390.570739     1.001459     0.004374 0 
     8390.572127     1.002107     0.004375 0 
     8390.573516     0.994290     0.004370 0 
     8390.574905     1.003327     0.004378 0 
     8390.576294     0.996065     0.004372 0 
     8390.577683     1.002180     0.004374 0 
     8390.579072     0.993203     0.004368 0 
     8390.580461     0.999847     0.004365 0 
     8390.581850     0.996460     0.004375 0 
     8390.583238     0.993629     0.004374 0 
     8390.584627     0.995333     0.004367 0 
     8390.586016     1.000068     0.004371 0 
     8390.587405     0.998853     0.004375 0 
     8390.588794     0.999589     0.004371 0 
     8390.590183     0.993100     0.004368 0 
     8390.591572     0.997712     0.004376 0 
     8390.592960     0.998327     0.004370 0 
     8390.594349     1.001147     0.004377 0 
     8390.595738     0.998690     0.004369 0 
     8390.597127     0.997577     0.004371 0 
     8390.598516     0.993818     0.004371 0 
     8390.599905     1.004703     0.004371 0 
     8390.601294     0.990693     0.004367 0 
     8390.602683     1.006710     0.004382 0 
     8390.604071     0.993493     0.004368 0 
     8390.605460     1.001527     0.004377 0 
     8390.606849     0.995975     0.004366 0 
     8390.608238     1.000392     0.004373 0 
     8390.609627     1.000726     0.004373 0 
     8390.611016     1.002633     0.004374 0 
     8390.612405     1.002420     0.004376 0 
     8390.613793     0.999769     0.004374 0 
     8390.615182     0.997077     0.004370 0 
     8390.616571     0.999254     0.004371 0 
     8390.617960     0.997712     0.004369 0 
     8390.619349     1.005596     0.004377 0 
     8390.620738     1.001098     0.004387 0 
     8390.622127     1.001056     0.004375 0 
     8390.623516     1.002459     0.004377 0 
     8390.624904     1.007178     0.004380 0 
     8390.626293     0.995641     0.004367 0 
     8390.627682     1.000930     0.004381 0 
     8390.629071     0.999848     0.004373 0 
     8390.630460     0.998036     0.004373 0 
     8390.631849     0.995746     0.004372 0 
     8390.633238     0.998103     0.004375 0 
     8390.634626     0.999884     0.004369 0 
     8390.636015     1.000643     0.004376 0 
     8390.637404     0.995253     0.004368 0 
     8390.638793     0.998250     0.004368 0 
     8390.640182     0.999593     0.004369 0 
     8390.641571     0.998684     0.004374 0 
     8390.642960     1.004153     0.004374 0 
     8390.644349     1.003930     0.004375 0 
     8390.645737     1.001777     0.004381 0 
     8390.647126     1.003179     0.004374 0 
     8390.648515     0.994753     0.004374 0 
     8390.649904     0.998642     0.004377 0 
     8390.651293     1.004170     0.004377 0 
     8390.652682     1.006578     0.004376 0 
     8390.654071     0.996857     0.004371 0 
     8390.655460     1.007210     0.004377 0 
     8390.656848     0.994574     0.004367 0 
     8390.658237     1.001425     0.004372 0 
     8390.659626     1.006464     0.004380 0 
     8390.661015     1.010452     0.004382 0 
     8390.662404     1.004512     0.004374 0 
     8390.663793     1.007232     0.004381 0 
     8390.665182     0.998960     0.004372 0 
     8390.666570     0.996317     0.004369 0 
     8390.667959     0.997144     0.004369 0 
     8390.669348     1.007043     0.004376 0 
     8390.670737     1.000689     0.004377 0 
     8390.672126     1.002310     0.004373 0 
     8390.673515     1.004417     0.004384 0 
     8390.674904     0.993661     0.004369 0 
     8390.676293     0.999056     0.004375 0 
     8390.677681     0.993023     0.004366 0 
     8390.679070     1.000938     0.004384 0 
     8390.680459     1.005795     0.004387 0 
     8390.681848     1.000845     0.004372 0 
     8390.683237     0.999926     0.004374 0 
     8390.684626     0.999468     0.004377 0 
     8390.686015     0.998931     0.004372 0 
     8390.687403     0.996998     0.004378 0 
     8390.688792     0.990858     0.004363 0 
     8390.690181     1.001843     0.004370 0 
     8390.691570     1.004892     0.004376 0 
     8390.692959     1.002912     0.004372 0 
     8390.694348     1.002770     0.004376 0 
     8390.695737     1.002529     0.004374 0 
     8390.697126     1.003471     0.004378 0 
     8390.698514     0.997401     0.004372 0 
     8390.699903     1.000204     0.004375 0 
     8390.701292     1.006400     0.004381 0 
     8390.702681     1.005867     0.004384 0 
     8390.704070     0.998499     0.004373 0 
     8390.705459     0.993344     0.004369 0 
     8390.706848     0.995309     0.004369 0 
     8390.708237     0.992680     0.004369 0 
     8390.709625     0.995491     0.004372 0 
     8390.711014     0.998568     0.004372 0 
     8390.712403     1.007041     0.004376 0 
     8390.713792     1.001878     0.004377 0 
     8390.715181     0.996978     0.004373 0 
     8390.716570     0.997138     0.004372 0 
     8390.717959     1.002076     0.004378 0 
     8390.719347     0.998760     0.004369 0 
     8390.720736     0.996493     0.004372 0 
     8390.722125     0.988488     0.004361 0 
     8390.723514     1.000338     0.004373 0 
     8390.724903     0.994247     0.004365 0 
     8390.726292     0.995040     0.004366 0 
     8390.727681     1.001081     0.004377 0 
     8390.729070     0.996803     0.004369 0 
     8390.730458     0.988902     0.004366 0 
     8390.731847     0.994584     0.004372 0 
     8390.733236     0.998193     0.004369 0 
     8390.734625     0.996992     0.004368 0 
     8390.736014     1.007744     0.004374 0 
     8390.737403     1.001559     0.004374 0 
     8390.738792     0.996124     0.004372 0 
     8390.740180     0.998694     0.004370 0 
     8390.741569     1.005262     0.004377 0 
     8390.742958     1.005675     0.004377 0 
     8390.744347     0.996994     0.004371 0 
     8390.745736     0.998694     0.004370 0 
     8390.747125     0.999548     0.004370 0 
     8390.748514     1.004170     0.004374 0 
     8390.749903     1.000882     0.004370 0 
     8390.751291     1.000666     0.004372 0 
     8390.752680     1.005094     0.004374 0 
     8390.754069     0.993550     0.004367 0 
     8390.755458     0.991664     0.004366 0 
     8390.756847     0.999525     0.004372 0 
     8390.758236     0.994638     0.004369 0 
     8390.759625     1.005651     0.004376 0 
     8390.761013     0.998562     0.004372 0 
     8390.762402     0.999147     0.004373 0 
     8390.763791     0.997455     0.004373 0 
     8390.765180     1.002737     0.004374 0 
     8390.766569     1.005875     0.004381 0 
     8390.767958     1.002256     0.004374 0 
     8390.769347     0.997204     0.004368 0 
     8390.770736     1.000661     0.004371 0 
     8390.772124     0.995635     0.004370 0 
     8390.773513     0.999633     0.004372 0 
     8390.774902     0.996438     0.004373 0 
     8390.776291     0.998446     0.004376 0 
     8390.777680     1.004259     0.004390 0 
     8390.779069     0.995248     0.004370 0 
     8390.780458     0.998587     0.004371 0 
     8390.781846     0.994773     0.004370 0 
     8390.783235     1.003481     0.004375 0 
     8390.784624     1.000395     0.004369 0 
     8390.786013     1.007912     0.004378 0 
     8390.787402     1.000116     0.004371 0 
     8390.788791     1.001600     0.004372 0 
     8390.790180     1.000507     0.004371 0 
     8390.791569     1.003185     0.004375 0 
     8390.792957     1.001738     0.004372 0 
     8390.794346     0.991910     0.004368 0 
     8390.795735     0.995273     0.004369 0 
     8390.797124     0.990574     0.004366 0 
     8390.798513     0.996255     0.004373 0 
     8390.799902     1.004682     0.004378 0 
     8390.801291     1.002230     0.004372 0 
     8390.802680     1.003632     0.004375 0 
     8390.804068     0.997774     0.004376 0 
     8390.805457     0.999457     0.004380 0 
     8390.806846     1.002640     0.004374 0 
     8390.808235     1.001315     0.004380 0 
     8390.809624     0.999605     0.004371 0 
     8390.811013     0.999957     0.004370 0 
     8390.812402     0.995866     0.004366 0 
     8390.813790     1.001299     0.004372 0 
     8390.815179     1.006343     0.004374 0 
     8390.816568     0.994304     0.004370 0 
     8390.817957     1.003138     0.004375 0 
     8390.819346     0.999647     0.004372 0 
     8390.820735     0.999529     0.004369 0 
     8390.822124     1.007023     0.004381 0 
     8390.823513     1.005085     0.004375 0 
     8390.824901     1.004292     0.004374 0 
     8390.826290     0.993941     0.004364 0 
     8390.827679     1.006453     0.004378 0 
     8390.829068     0.997241     0.004372 0 
     8390.830457     0.993125     0.004367 0 
     8390.831846     1.004539     0.004374 0 
     8390.833235     1.007040     0.004378 0 
     8390.834623     0.990412     0.004365 0 
     8390.836012     1.005816     0.004374 0 
     8390.837401     0.999780     0.004369 0 
     8390.838790     1.000517     0.004376 0 
     8390.840179     1.000710     0.004367 0 
     8390.841568     1.003253     0.004382 0 
     8390.842957     0.993908     0.004365 0 
     8390.844346     0.997556     0.004371 0 
     8390.845734     1.003927     0.004373 0 
     8390.847123     1.000132     0.004371 0 
     8390.848512     1.000435     0.004374 0 
     8390.849901     0.998857     0.004371 0 
     8390.851290     0.997958     0.004373 0 
     8390.852679     0.995487     0.004370 0 
     8390.854068     1.004076     0.004381 0 
     8390.855456     0.998407     0.004375 0 
     8390.856845     1.001006     0.004372 0 
     8390.858234     0.996017     0.004376 0 
     8390.859623     0.998402     0.004367 0 
     8390.861012     0.998017     0.004376 0 
     8390.862401     0.991491     0.004366 0 
     8393.115141     0.998106     0.004344 0 
     8393.116530     1.003291     0.004352 0 
     8393.117919     0.995888     0.004343 0 
     8393.119308     1.001507     0.004352 0 
     8393.120697     1.000499     0.004348 0 
     8393.122086     0.999435     0.004350 0 
     8393.123474     0.999057     0.004348 0 
     8393.124863     1.004849     0.004354 0 
     8393.126252     0.993229     0.004344 0 
     8393.127641     0.997343     0.004357 0 
     8393.129030     0.995549     0.004346 0 
     8393.130419     1.003918     0.004354 0 
     8393.131808     0.999508     0.004352 0 
     8393.133196     1.000619     0.004349 0 
     8393.134585     0.993677     0.004344 0 
     8393.135974     1.001683     0.004347 0 
     8393.137363     0.998343     0.004353 0 
     8393.138752     0.988409     0.004338 0 
     8393.140141     1.001755     0.004354 0 
     8393.141530     1.002854     0.004353 0 
     8393.142919     0.996548     0.004348 0 
     8393.144307     1.005979     0.004356 0 
     8393.145696     1.004132     0.004359 0 
     8393.147085     0.997943     0.004348 0 
     8393.148474     1.001576     0.004352 0 
     8393.149863     0.999838     0.004349 0 
     8393.151252     1.000347     0.004351 0 
     8393.152641     1.004049     0.004353 0 
     8393.154029     0.999235     0.004348 0 
     8393.155418     1.000736     0.004352 0 
     8393.156807     0.998724     0.004356 0 
     8393.158196     0.997270     0.004351 0 
     8393.159585     1.003111     0.004352 0 
     8393.160974     0.994368     0.004346 0 
     8393.162363     0.990988     0.004346 0 
     8393.163752     1.001747     0.004352 0 
     8393.165140     1.000984     0.004346 0 
     8393.166529     1.003874     0.004351 0 
     8393.167918     1.002428     0.004353 0 
     8393.169307     1.002808     0.004348 0 
     8393.170696     1.003585     0.004356 0 
     8393.172085     0.999596     0.004348 0 
     8393.173474     0.998857     0.004353 0 
     8393.174862     0.998093     0.004349 0 
     8393.176251     1.004216     0.004353 0 
     8393.177640     0.991634     0.004342 0 
     8393.179029     0.997272     0.004348 0 
     8393.180418     1.002609     0.004349 0 
     8393.181807     1.002596     0.004356 0 
     8393.183196     0.990267     0.004349 0 
     8393.184584     0.994909     0.004348 0 
     8393.185973     0.999780     0.004346 0 
     8393.187362     0.990357     0.004339 0 
     8393.188751     0.999410     0.004346 0 
     8393.190140     0.998879     0.004351 0 
     8393.191529     0.999744     0.004347 0 
     8393.192918     1.001538     0.004354 0 
     8393.194307     1.000904     0.004353 0 
     8393.195695     1.000010     0.004350 0 
     8393.197084     0.998261     0.004350 0 
     8393.198473     0.996736     0.004351 0 
     8393.199862     0.996031     0.004349 0 
     8393.201251     0.999853     0.004352 0 
     8393.202640     0.997642     0.004344 0 
     8393.204029     0.995787     0.004349 0 
     8393.205417     0.998572     0.004348 0 
     8393.206806     1.004332     0.004355 0 
     8393.208195     0.998433     0.004357 0 
     8393.209584     0.999359     0.004355 0 
     8393.210973     0.997866     0.004349 0 
     8393.212362     0.995897     0.004348 0 
     8393.213751     0.997723     0.004350 0 
     8393.215139     1.004624     0.004351 0 
     8393.216528     1.000959     0.004353 0 
     8393.217917     1.000036     0.004349 0 
     8393.219306     0.996207     0.004348 0 
     8393.220695     1.002910     0.004352 0 
     8393.222084     1.006846     0.004364 0 
     8393.223473     1.001947     0.004351 0 
     8393.224862     0.994723     0.004350 0 
     8393.226250     1.001530     0.004352 0 
     8393.227639     1.002081     0.004353 0 
     8393.229028     1.000049     0.004351 0 
     8393.230417     1.000529     0.004352 0 
     8393.231806     1.004989     0.004351 0 
     8393.233195     0.994026     0.004345 0 
     8393.234584     0.994678     0.004342 0 
     8393.235972     0.991484     0.004344 0 
     8393.237361     1.000115     0.004349 0 
     8393.238750     1.003661     0.004356 0 
     8393.240139     0.997464     0.004348 0 
     8393.241528     1.002755     0.004353 0 
     8393.242917     0.997101     0.004349 0 
     8393.244306     1.000493     0.004351 0 
     8393.245695     1.004075     0.004349 0 
     8393.247083     1.005268     0.004351 0 
     8393.249861     0.999708     0.004348 0 
     8393.251250     1.000224     0.004350 0 
     8393.252639     0.999990     0.004352 0 
     8393.254028     1.004445     0.004355 0 
     8393.255417     0.997795     0.004345 0 
     8393.256805     0.995927     0.004349 0 
     8393.258194     1.001968     0.004349 0 
     8393.259583     0.993309     0.004346 0 
     8393.260972     1.001624     0.004345 0 
     8393.262361     1.002576     0.004352 0 
     8393.263750     1.000959     0.004351 0 
     8393.265139     0.991998     0.004342 0 
     8393.266527     0.999874     0.004352 0 
     8393.267916     0.998814     0.004348 0 
     8393.269305     0.999758     0.004354 0 
     8393.270694     0.999083     0.004347 0 
     8393.272083     1.001442     0.004350 0 
     8393.273472     1.009363     0.004353 0 
     8393.274861     1.009498     0.004367 0 
     8393.276250     1.004678     0.004353 0 
     8393.277638     1.002733     0.004349 0 
     8393.279027     0.990615     0.004343 0 
     8393.280416     0.997719     0.004351 0 
     8393.281805     0.996040     0.004345 0 
     8393.283194     0.995733     0.004347 0 
     8393.284583     0.998821     0.004350 0 
     8393.285972     1.003614     0.004357 0 
     8393.287360     0.997885     0.004344 0 
     8393.288749     0.995456     0.004346 0 
     8393.290138     0.994122     0.004345 0 
     8393.291527     0.998271     0.004348 0 
     8393.292916     0.996505     0.004346 0 
     8393.294305     1.001421     0.004354 0 
     8393.295694     1.006462     0.004358 0 
     8393.297082     1.000272     0.004348 0 
     8393.298471     1.000982     0.004359 0 
     8393.299860     0.992188     0.004347 0 
     8393.301249     0.995379     0.004344 0 
     8393.302638     1.003307     0.004354 0 
     8393.304027     1.005321     0.004359 0 
     8393.305416     0.999538     0.004357 0 
     8393.306805     0.996207     0.004347 0 
     8393.308193     1.003976     0.004350 0 
     8393.309582     0.993781     0.004348 0 
     8393.310971     0.997920     0.004357 0 
     8393.312360     0.997549     0.004358 0 
     8393.313749     0.998034     0.004345 0 
     8393.315138     0.992653     0.004343 0 
     8393.316527     1.001494     0.004353 0 
     8393.317915     0.996583     0.004351 0 
     8393.319304     1.001532     0.004358 0 
     8393.320693     0.995099     0.004343 0 
     8393.322082     0.997956     0.004355 0 
     8393.323471     1.009279     0.004354 0 
     8393.324860     0.998504     0.004351 0 
     8393.326249     1.005594     0.004351 0 
     8393.327638     0.996476     0.004342 0 
     8393.329026     1.000022     0.004353 0 
     8393.330415     0.998737     0.004352 0 
     8393.331804     1.000464     0.004346 0 
     8393.333193     1.003794     0.004351 0 
     8393.334582     0.996270     0.004344 0 
     8393.335971     1.003528     0.004349 0 
     8393.337360     1.000150     0.004346 0 
     8393.338748     1.005145     0.004357 0 
     8393.340137     1.003315     0.004347 0 
     8393.341526     1.000507     0.004348 0 
     8393.342915     1.002240     0.004358 0 
     8393.344304     0.998592     0.004352 0 
     8393.345693     0.992157     0.004343 0 
     8393.347082     0.997835     0.004359 0 
     8393.348470     0.988339     0.004340 0 
     8393.349859     0.998727     0.004348 0 
     8393.351248     1.003360     0.004355 0 
     8393.352637     0.999153     0.004350 0 
     8393.354026     0.994756     0.004343 0 
     8393.355415     0.999048     0.004350 0 
     8393.356804     1.003285     0.004350 0 
     8393.358193     0.995514     0.004348 0 
     8393.359581     0.991657     0.004348 0 
     8393.360970     1.004162     0.004358 0 
     8393.362359     0.996916     0.004344 0 
     8393.363748     1.001148     0.004350 0 
     8393.365137     1.001116     0.004350 0 
     8393.366526     1.002463     0.004347 0 
     8393.367915     1.004267     0.004352 0 
     8393.369303     1.004477     0.004355 0 
     8393.370692     0.996230     0.004353 0 
     8393.372081     1.001053     0.004351 0 
     8393.373470     1.004722     0.004360 0 
     8393.374859     1.001792     0.004357 0 
     8393.376248     0.998994     0.004348 0 
     8393.377637     0.998912     0.004351 0 
     8393.379025     1.000481     0.004347 0 
     8393.380414     1.002439     0.004358 0 
     8393.381803     0.997668     0.004350 0 
     8393.383192     1.002419     0.004350 0 
     8393.384581     1.004540     0.004352 0 
     8393.385970     1.000497     0.004348 0 
     8393.387359     1.001512     0.004352 0 
     8393.388748     0.994371     0.004345 0 
     8393.390136     1.003675     0.004354 0 
     8393.391525     1.002486     0.004355 0 
     8393.392914     1.004138     0.004352 0 
     8393.394303     1.009696     0.004362 0 
     8393.395692     1.005941     0.004354 0 
     8393.397081     1.000713     0.004361 0 
     8393.398470     1.005793     0.004354 0 
     8393.399858     1.001174     0.004347 0 
     8393.401247     1.007728     0.004354 0 
     8393.402636     0.993773     0.004345 0 
     8393.404025     0.999137     0.004349 0 
     8393.405414     0.997508     0.004348 0 
     8393.406803     0.997623     0.004347 0 
     8393.408192     0.994425     0.004348 0 
     8393.409580     1.006889     0.004355 0 
     8393.410969     0.997189     0.004347 0 
     8393.412358     0.998904     0.004350 0 
     8393.413747     1.000586     0.004352 0 
     8393.415136     0.998464     0.004348 0 
     8393.416525     1.000490     0.004359 0 
     8393.417914     1.003307     0.004353 0 
     8393.419303     1.000919     0.004352 0 
     8393.420691     0.997140     0.004348 0 
     8393.422080     1.004626     0.004350 0 
     8393.423469     1.000834     0.004351 0 
     8393.424858     1.000416     0.004347 0 
     8393.426247     1.000811     0.004351 0 
     8393.427636     1.002846     0.004351 0 
     8393.429025     1.008751     0.004355 0 
     8393.430413     1.001051     0.004346 0 
     8393.431802     0.997522     0.004352 0 
     8393.433191     1.003842     0.004355 0 
     8393.434580     1.001467     0.004351 0 
     8393.435969     1.004337     0.004350 0 
     8393.437358     0.998304     0.004349 0 
     8393.438747     1.005851     0.004353 0 
     8393.440136     0.995156     0.004347 0 
     8393.441524     1.007693     0.004354 0 
     8393.442913     0.999251     0.004346 0 
     8393.444302     1.002257     0.004355 0 
     8393.445691     1.002982     0.004352 0 
     8393.447080     0.997183     0.004353 0 
     8393.448469     0.996332     0.004339 0 
     8393.449858     1.001668     0.004352 0 
     8393.451246     0.998578     0.004346 0 
     8393.452635     0.998825     0.004350 0 
     8393.454024     0.994155     0.004347 0 
     8393.455413     0.998288     0.004348 0 
     8393.456802     1.001474     0.004348 0 
     8393.458191     1.003587     0.004355 0 
     8393.459580     0.996438     0.004347 0 
     8393.460968     1.001588     0.004345 0 
     8393.462357     0.999985     0.004349 0 
     8393.463746     1.000924     0.004355 0 
     8393.465135     0.994193     0.004346 0 
     8393.466524     0.999565     0.004347 0 
     8393.467913     1.000375     0.004356 0 
     8393.469302     1.000528     0.004351 0 
     8393.470691     1.001592     0.004350 0 
     8393.472079     0.997345     0.004343 0 
     8393.473468     0.998373     0.004350 0 
     8393.474857     1.000270     0.004350 0 
     8393.476246     1.004427     0.004350 0 
     8393.477635     1.000492     0.004350 0 
     8393.479024     0.997133     0.004346 0 
     8398.346983     0.994874     0.004337 0 
     8398.348372     1.002865     0.004351 0 
     8398.349760     1.005519     0.004347 0 
     8398.351149     1.001102     0.004349 0 
     8398.352538     0.999131     0.004342 0 
     8398.353927     1.004125     0.004352 0 
     8398.355316     1.004031     0.004347 0 
     8398.356705     0.998829     0.004341 0 
     8398.358094     0.996366     0.004335 0 
     8398.359482     1.004016     0.004347 0 
     8398.360871     1.003040     0.004342 0 
     8398.362260     0.998282     0.004347 0 
     8398.363649     1.005994     0.004348 0 
     8398.365038     1.000385     0.004343 0 
     8398.366427     1.002882     0.004354 0 
     8398.367815     1.002808     0.004345 0 
     8398.369204     0.992586     0.004334 0 
     8398.370593     0.996630     0.004339 0 
     8398.371982     0.996350     0.004338 0 
     8398.373371     1.002740     0.004344 0 
     8398.374760     1.002546     0.004345 0 
     8398.376149     1.002902     0.004347 0 
     8398.377537     1.003275     0.004347 0 
     8398.378926     0.987407     0.004334 0 
     8398.380315     0.997578     0.004344 0 
     8398.381704     0.999742     0.004339 0 
     8398.383093     0.998252     0.004345 0 
     8398.384482     1.002374     0.004346 0 
     8398.385871     1.001027     0.004343 0 
     8398.387259     0.997393     0.004341 0 
     8398.388648     0.995208     0.004339 0 
     8398.390037     1.002407     0.004341 0 
     8398.391426     0.999026     0.004349 0 
     8398.392815     1.002607     0.004345 0 
     8398.394204     1.006549     0.004343 0 
     8398.395593     0.996456     0.004341 0 
     8398.396981     1.008237     0.004348 0 
     8398.398370     0.997716     0.004346 0 
     8398.399759     0.994858     0.004335 0 
     8398.401148     1.003585     0.004343 0 
     8398.402537     1.001718     0.004346 0 
     8398.403926     0.998366     0.004345 0 
     8398.405314     1.002551     0.004346 0 
     8398.406703     0.997996     0.004341 0 
     8398.408092     0.997617     0.004340 0 
     8398.409481     0.996271     0.004337 0 
     8398.410870     1.003639     0.004346 0 
     8398.412259     1.002585     0.004340 0 
     8398.413648     0.997217     0.004342 0 
     8398.415036     1.000909     0.004342 0 
     8398.416425     0.999778     0.004342 0 
     8398.417814     1.001868     0.004346 0 
     8398.419203     1.000593     0.004344 0 
     8398.420592     0.998612     0.004345 0 
     8398.421981     0.999792     0.004351 0 
     8398.423370     0.997896     0.004338 0 
     8398.424758     1.001219     0.004342 0 
     8398.426147     0.999657     0.004347 0 
     8398.427536     0.994260     0.004341 0 
     8398.428925     1.006570     0.004356 0 
     8398.430314     1.005062     0.004343 0 
     8398.431703     1.000658     0.004344 0 
     8398.433092     0.998968     0.004341 0 
     8398.434480     0.994679     0.004335 0 
     8398.435869     1.006090     0.004345 0 
     8398.437258     1.002339     0.004344 0 
     8398.438647     0.995977     0.004340 0 
     8398.440036     0.997796     0.004342 0 
     8398.441425     1.001046     0.004343 0 
     8398.442813     1.002459     0.004344 0 
     8398.444202     0.998318     0.004338 0 
     8398.445591     1.000288     0.004340 0 
     8398.446980     0.992865     0.004339 0 
     8398.448369     1.005622     0.004348 0 
     8398.449758     1.005373     0.004344 0 
     8398.451147     0.997517     0.004339 0 
     8398.452535     1.010444     0.004357 0 
     8398.453924     0.993478     0.004339 0 
     8398.455313     0.998643     0.004339 0 
     8398.456702     1.001717     0.004352 0 
     8398.458091     0.997735     0.004339 0 
     8398.459480     0.991309     0.004333 0 
     8398.460869     0.997712     0.004344 0 
     8398.462257     0.998250     0.004339 0 
     8398.463646     0.997960     0.004342 0 
     8398.465035     0.998767     0.004339 0 
     8398.466424     0.993291     0.004336 0 
     8398.467813     1.000354     0.004341 0 
     8398.469202     0.996007     0.004340 0 
     8398.470590     1.007182     0.004348 0 
     8398.471979     0.996328     0.004340 0 
     8398.473368     0.995053     0.004338 0 
     8398.474757     0.996838     0.004338 0 
     8398.476146     0.992889     0.004334 0 
     8398.477535     1.000245     0.004341 0 
     8398.478924     0.999605     0.004344 0 
     8398.480312     0.998424     0.004340 0 
     8398.481701     0.995784     0.004339 0 
     8398.483090     1.007271     0.004342 0 
     8398.484479     1.001135     0.004346 0 
     8398.485868     0.994951     0.004339 0 
     8398.487257     0.999118     0.004345 0 
     8398.488646     0.999759     0.004343 0 
     8398.490034     0.997978     0.004338 0 
     8398.491423     0.995262     0.004337 0 
     8398.492812     0.999920     0.004336 0 
     8398.494201     1.002411     0.004341 0 
     8398.495590     1.003715     0.004345 0 
     8398.496979     1.000851     0.004340 0 
     8398.498368     1.000568     0.004342 0 
     8398.499756     0.997119     0.004344 0 
     8398.501145     0.999151     0.004344 0 
     8398.502534     1.001929     0.004342 0 
     8398.503923     0.997367     0.004348 0 
     8398.505312     1.006414     0.004354 0 
     8398.506701     1.005322     0.004345 0 
     8398.508089     1.009767     0.004348 0 
     8398.509478     1.005714     0.004346 0 
     8398.510867     0.998531     0.004345 0 
     8398.512256     1.000911     0.004344 0 
     8398.513645     1.004075     0.004343 0 
     8398.515034     1.000609     0.004347 0 
     8398.516423     0.999288     0.004341 0 
     8398.517811     0.994506     0.004335 0 
     8398.519200     1.001717     0.004341 0 
     8398.520589     1.006549     0.004347 0 
     8398.521978     1.007327     0.004347 0 
     8398.523367     1.000325     0.004347 0 
     8398.524756     0.998255     0.004342 0 
     8398.526145     0.997517     0.004339 0 
     8398.527533     0.997288     0.004340 0 
     8398.528922     0.999504     0.004342 0 
     8398.530311     0.998007     0.004349 0 
     8398.533089     0.995035     0.004341 0 
     8398.534478     1.002047     0.004345 0 
     8398.535866     1.000762     0.004341 0 
     8398.537255     1.005486     0.004352 0 
     8398.538644     0.998676     0.004342 0 
     8398.540033     0.998126     0.004343 0 
     8398.541422     0.999271     0.004348 0 
     8398.542811     1.001946     0.004341 0 
     8398.544200     1.004406     0.004349 0 
     8398.545588     0.997977     0.004340 0 
     8398.546977     1.002238     0.004351 0 
     8398.548366     0.997656     0.004342 0 
     8398.549755     0.996020     0.004338 0 
     8398.551144     1.004424     0.004345 0 
     8398.552533     1.002053     0.004348 0 
     8398.553922     1.002613     0.004346 0 
     8398.555310     0.998747     0.004339 0 
     8398.556699     0.998826     0.004345 0 
     8398.558088     0.995849     0.004339 0 
     8398.559477     0.993532     0.004338 0 
     8398.560866     0.998885     0.004341 0 
     8398.562255     0.997796     0.004353 0 
     8398.563643     0.998329     0.004338 0 
     8398.565032     1.005068     0.004347 0 
     8398.566421     0.997459     0.004341 0 
     8398.567810     1.005787     0.004343 0 
     8398.569199     1.000502     0.004340 0 
     8398.570588     0.982777     0.004328 0 
     8398.571977     0.997907     0.004340 0 
     8398.573365     0.999465     0.004335 0 
     8398.574754     1.006162     0.004347 0 
     8398.576143     1.003591     0.004349 0 
     8398.577532     1.002080     0.004344 0 
     8398.578921     1.001291     0.004343 0 
     8398.580310     0.997879     0.004342 0 
     8398.581699     1.000015     0.004343 0 
     8398.583087     1.000621     0.004345 0 
     8398.584476     0.999724     0.004342 0 
     8398.585865     0.995196     0.004336 0 
     8398.587254     1.003401     0.004343 0 
     8398.588643     0.998187     0.004342 0 
     8398.590032     0.999909     0.004338 0 
     8398.591421     0.997806     0.004344 0 
     8398.592809     0.999974     0.004344 0 
     8398.594198     0.996760     0.004346 0 
     8398.595587     0.999720     0.004340 0 
     8398.596976     0.995408     0.004346 0 
     8398.598365     0.997297     0.004344 0 
     8398.599754     1.002511     0.004343 0 
     8398.601142     1.003919     0.004344 0 
     8398.602531     0.999685     0.004345 0 
     8398.603920     0.996123     0.004336 0 
     8398.605309     1.002777     0.004346 0 
     8398.606698     0.998877     0.004341 0 
     8398.608087     0.999830     0.004337 0 
     8398.609476     0.995983     0.004339 0 
     8398.610864     0.998744     0.004346 0 
     8398.612253     1.005584     0.004344 0 
     8398.613642     1.001340     0.004345 0 
     8398.615031     0.994225     0.004335 0 
     8398.616420     1.006403     0.004352 0 
     8398.617809     0.997633     0.004336 0 
     8398.619198     1.005112     0.004352 0 
     8398.620586     1.000198     0.004340 0 
     8398.621975     0.998987     0.004338 0 
     8398.623364     0.998563     0.004338 0 
     8398.624753     1.002656     0.004350 0 
     8398.626142     0.998521     0.004339 0 
     8398.627531     1.000980     0.004337 0 
     8398.628919     0.995713     0.004335 0 
     8398.630308     1.003536     0.004342 0 
     8398.631697     0.998462     0.004341 0 
     8398.633086     0.992124     0.004335 0 
     8398.634475     0.999570     0.004340 0 
     8398.635864     1.007401     0.004351 0 
     8398.637253     0.992717     0.004335 0 
     8398.638641     1.000422     0.004342 0 
     8398.640030     0.998162     0.004342 0 
     8398.641419     1.000675     0.004339 0 
     8398.642808     1.002523     0.004345 0 
     8398.644197     1.008868     0.004354 0 
     8398.645586     1.007004     0.004350 0 
     8398.646975     0.999714     0.004347 0 
     8398.648363     1.004596     0.004346 0 
     8398.649752     0.996049     0.004338 0 
     8398.651141     1.000366     0.004339 0 
     8398.652530     0.993459     0.004335 0 
     8398.653919     0.994446     0.004342 0 
     8398.655308     1.000947     0.004343 0 
     8398.656696     0.998825     0.004342 0 
     8398.658085     0.989378     0.004331 0 
     8398.659474     0.989227     0.004332 0 
     8398.660863     0.986155     0.004332 0 
     8398.662252     0.988648     0.004335 0 
     8398.663641     0.986105     0.004330 0 
     8398.665030     0.987332     0.004335 0 
     8398.666418     0.983037     0.004326 0 
     8398.667807     0.985007     0.004329 0 
     8398.669196     0.987067     0.004328 0 
     8398.670585     0.983531     0.004327 0 
     8398.671974     0.990044     0.004338 0 
     8398.673363     0.988983     0.004332 0 
     8398.674752     0.989761     0.004338 0 
     8398.676140     0.990079     0.004331 0 
     8398.678918     0.983635     0.004325 0 
     8398.680307     0.987017     0.004325 0 
     8398.681696     0.980749     0.004324 0 
     8398.683085     0.982859     0.004325 0 
     8398.684473     0.987642     0.004330 0 
     8398.685862     0.984082     0.004325 0 
     8398.687251     0.981536     0.004327 0 
     8398.690029     0.983603     0.004325 0 
     8398.691418     0.988771     0.004333 0 
     8398.692807     0.980938     0.004334 0 
     8398.694195     0.987874     0.004326 0 
     8398.695584     0.980049     0.004330 0 
     8398.696973     0.975744     0.004323 0 
     8398.698362     0.987206     0.004332 0 
     8398.699751     0.983548     0.004329 0 
     8398.701140     0.979989     0.004322 0 
     8398.702529     0.980769     0.004324 0 
     8398.703917     0.977002     0.004326 0 
     8398.705306     0.985616     0.004332 0 
     8398.706695     0.978417     0.004320 0 
     8398.708084     0.989174     0.004331 0 
     8398.709473     0.977297     0.004321 0 
     8398.710862     0.982621     0.004325 0 
     8400.962183     0.997516     0.004345 0 
     8400.963571     1.002096     0.004351 0 
     8400.964960     0.992778     0.004344 0 
     8400.966349     1.001590     0.004353 0 
     8400.967738     0.999533     0.004350 0 
     8400.969127     1.001885     0.004349 0 
     8400.970516     0.996767     0.004345 0 
     8400.971904     0.994325     0.004344 0 
     8400.973293     0.998017     0.004347 0 
     8400.974682     1.004065     0.004352 0 
     8400.976071     0.996916     0.004346 0 
     8400.977460     0.999765     0.004353 0 
     8400.978849     1.002585     0.004359 0 
     8400.980238     1.007585     0.004354 0 
     8400.981626     0.999817     0.004350 0 
     8400.983015     0.993484     0.004344 0 
     8400.984404     1.013007     0.004360 0 
     8400.985793     1.000617     0.004346 0 
     8400.987182     1.002851     0.004356 0 
     8400.988571     1.002595     0.004348 0 
     8400.989959     0.999412     0.004348 0 
     8400.991348     0.999825     0.004346 0 
     8400.992737     0.999530     0.004346 0 
     8400.994126     0.990780     0.004346 0 
     8400.995515     0.998682     0.004357 0 
     8400.996904     0.999413     0.004355 0 
     8400.998293     1.002270     0.004348 0 
     8400.999681     0.996141     0.004357 0 
     8401.001070     1.002563     0.004346 0 
     8401.002459     1.004301     0.004354 0 
     8401.003848     1.001785     0.004348 0 
     8401.005237     1.010710     0.004355 0 
     8401.006626     1.002449     0.004346 0 
     8401.008014     0.999778     0.004346 0 
     8401.009403     1.003612     0.004348 0 
     8401.010792     0.996119     0.004343 0 
     8401.012181     0.997616     0.004344 0 
     8401.013570     1.000324     0.004343 0 
     8401.014959     0.997577     0.004340 0 
     8401.016348     0.998703     0.004351 0 
     8401.017736     0.994413     0.004341 0 
     8401.019125     1.000199     0.004339 0 
     8401.020514     0.997968     0.004355 0 
     8401.021903     0.994593     0.004343 0 
     8401.023292     1.004425     0.004349 0 
     8401.024681     0.997363     0.004346 0 
     8401.026069     0.999867     0.004342 0 
     8401.027458     0.997892     0.004343 0 
     8401.028847     0.998483     0.004342 0 
     8401.030236     1.003625     0.004349 0 
     8401.031625     0.997195     0.004343 0 
     8401.033014     1.004957     0.004353 0 
     8401.034402     1.002173     0.004350 0 
     8401.035791     0.998197     0.004341 0 
     8401.037180     0.996460     0.004341 0 
     8401.038569     0.994487     0.004338 0 
     8401.039958     1.003199     0.004344 0 
     8401.041347     1.006253     0.004352 0 
     8401.042736     0.996928     0.004340 0 
     8401.044124     0.994040     0.004341 0 
     8401.045513     1.001874     0.004346 0 
     8401.046902     0.994300     0.004342 0 
     8401.048291     1.002891     0.004344 0 
     8401.049680     0.999570     0.004341 0 
     8401.051069     0.995770     0.004340 0 
     8401.052457     0.998794     0.004346 0 
     8401.053846     1.002122     0.004347 0 
     8401.055235     1.005456     0.004353 0 
     8401.056624     1.004131     0.004341 0 
     8401.058013     1.009200     0.004351 0 
     8401.059402     0.996760     0.004341 0 
     8401.060791     0.997827     0.004340 0 
     8401.062179     0.996889     0.004340 0 
     8401.063568     1.001775     0.004349 0 
     8401.064957     0.993683     0.004337 0 
     8401.066346     0.997436     0.004338 0 
     8401.067735     1.001272     0.004341 0 
     8401.069124     1.003909     0.004347 0 
     8401.070512     0.996316     0.004334 0 
     8401.071901     1.001895     0.004340 0 
     8401.073290     0.994917     0.004344 0 
     8401.074679     0.995436     0.004338 0 
     8401.076068     1.001921     0.004342 0 
     8401.077457     0.997994     0.004340 0 
     8401.078845     0.996613     0.004337 0 
     8401.080234     0.998559     0.004338 0 
     8401.081623     0.988187     0.004327 0 
     8401.083012     0.994153     0.004336 0 
     8401.084401     0.986981     0.004329 0 
     8401.085790     0.993366     0.004331 0 
     8401.087179     0.991181     0.004337 0 
     8401.088567     0.986276     0.004327 0 
     8401.089956     0.986806     0.004325 0 
     8401.091345     0.986172     0.004323 0 
     8401.092734     0.980880     0.004323 0 
     8401.094123     0.981844     0.004324 0 
     8401.095512     0.991833     0.004332 0 
     8401.096900     0.980420     0.004319 0 
     8401.098289     0.981797     0.004322 0 
     8401.099678     0.991092     0.004325 0 
     8401.101067     0.987488     0.004332 0 
     8401.102456     0.986317     0.004323 0 
     8401.103845     0.983941     0.004326 0 
     8401.105234     0.986217     0.004326 0 
     8401.106622     0.980436     0.004322 0 
     8401.108011     0.990542     0.004335 0 
     8401.109400     0.984039     0.004322 0 
     8401.110789     0.987871     0.004330 0 
     8401.112178     0.985827     0.004322 0 
     8401.113567     0.984564     0.004324 0 
     8401.114955     0.985696     0.004324 0 
     8401.116344     0.979933     0.004322 0 
     8401.117733     0.984758     0.004328 0 
     8401.119122     0.982037     0.004321 0 
     8401.120511     0.987975     0.004330 0 
     8401.121900     0.986437     0.004327 0 
     8401.123288     0.979033     0.004324 0 
     8401.124677     0.982134     0.004324 0 
     8401.126066     0.980925     0.004322 0 
     8401.127455     0.987138     0.004331 0 
     8401.128844     0.981616     0.004323 0 
     8401.130233     0.983819     0.004321 0 
     8401.131622     0.982272     0.004322 0 
     8401.133010     0.987385     0.004328 0 
     8401.134399     0.982185     0.004332 0 
     8401.135788     0.985908     0.004323 0 
     8401.137177     0.978715     0.004321 0 
     8401.138566     0.982113     0.004328 0 
     8401.139955     0.990126     0.004330 0 
     8401.141343     0.986116     0.004329 0 
     8401.142732     0.981343     0.004324 0 
     8401.144121     0.981619     0.004324 0 
     8401.145510     0.982842     0.004326 0 
     8401.146899     0.986499     0.004328 0 
     8401.148288     0.987838     0.004330 0 
     8401.149677     0.987061     0.004328 0 
     8401.151065     0.980426     0.004322 0 
     8401.152454     0.983320     0.004323 0 
     8401.153843     0.989549     0.004333 0 
     8401.155232     0.986924     0.004327 0 
     8401.156621     1.001899     0.004340 0 
     8401.158010     0.992179     0.004331 0 
     8401.159398     0.994086     0.004339 0 
     8401.160787     0.986283     0.004326 0 
     8401.162176     0.991995     0.004332 0 
     8401.163565     1.000271     0.004335 0 
     8401.164954     1.007374     0.004346 0 
     8401.166343     0.998884     0.004349 0 
     8401.167731     0.997663     0.004335 0 
     8401.169120     0.992942     0.004332 0 
     8401.170509     0.998034     0.004336 0 
     8401.171898     0.994164     0.004333 0 
     8401.173287     0.999067     0.004337 0 
     8401.174676     0.996459     0.004337 0 
     8401.176065     0.997179     0.004339 0 
     8401.177453     0.996894     0.004337 0 
     8401.178842     0.999101     0.004342 0 
     8401.180231     1.001403     0.004338 0 
     8401.181620     0.996993     0.004338 0 
     8401.183009     1.003613     0.004344 0 
     8401.184398     1.000166     0.004344 0 
     8401.185786     1.004960     0.004342 0 
     8401.187175     0.991066     0.004330 0 
     8401.188564     0.997687     0.004341 0 
     8401.189953     1.000927     0.004335 0 
     8401.191342     1.000898     0.004338 0 
     8401.192731     0.998381     0.004336 0 
     8401.194119     0.998011     0.004338 0 
     8401.195508     1.002716     0.004340 0 
     8401.196897     0.998002     0.004339 0 
     8401.198286     1.003956     0.004338 0 
     8401.199675     0.996309     0.004335 0 
     8401.201064     1.003403     0.004346 0 
     8401.202453     1.009577     0.004345 0 
     8401.203841     0.999192     0.004339 0 
     8401.205230     1.002729     0.004346 0 
     8401.206619     1.000656     0.004338 0 
     8401.208008     1.000324     0.004340 0 
     8401.209397     0.999782     0.004333 0 
     8401.210786     0.999100     0.004347 0 
     8401.212174     0.997331     0.004336 0 
     8401.213563     0.998457     0.004338 0 
     8401.214952     1.002007     0.004343 0 
     8401.216341     1.003955     0.004341 0 
     8401.217730     0.997822     0.004333 0 
     8401.219119     0.994035     0.004335 0 
     8401.220508     1.001799     0.004339 0 
     8401.221896     0.996478     0.004333 0 
     8401.223285     0.993271     0.004338 0 
     8401.224674     1.001902     0.004337 0 
     8401.226063     0.997376     0.004340 0 
     8401.227452     1.000102     0.004339 0 
     8401.228841     0.996505     0.004341 0 
     8401.230229     1.001132     0.004335 0 
     8401.231618     1.003692     0.004342 0 
     8401.233007     1.004090     0.004348 0 
     8401.234396     1.005018     0.004353 0 
     8401.235785     1.002056     0.004339 0 
     8401.237174     0.998798     0.004339 0 
     8401.238562     0.999640     0.004343 0 
     8401.239951     0.997624     0.004335 0 
     8401.241340     1.000218     0.004335 0 
     8401.242729     1.001659     0.004338 0 
     8401.244118     1.006617     0.004342 0 
     8401.245507     0.997517     0.004333 0 
     8401.246896     1.001936     0.004337 0 
     8401.248284     0.996752     0.004337 0 
     8401.249673     0.998109     0.004339 0 
     8401.251062     1.008962     0.004346 0 
     8401.252451     1.002017     0.004345 0 
     8401.253840     1.004209     0.004337 0 
     8401.255229     1.001064     0.004341 0 
     8401.256617     0.996477     0.004337 0 
     8401.258006     1.002521     0.004337 0 
     8401.259395     0.999110     0.004344 0 
     8401.260784     0.995080     0.004336 0 
     8401.262173     1.005646     0.004341 0 
     8401.263562     0.997970     0.004337 0 
     8401.264951     0.997584     0.004339 0 
     8401.266339     0.999359     0.004336 0 
     8401.267728     0.999614     0.004343 0 
     8401.269117     0.996096     0.004334 0 
     8401.270506     1.005567     0.004345 0 
     8401.271895     1.000906     0.004337 0 
     8401.273284     0.995627     0.004333 0 
     8401.274672     1.008082     0.004342 0 
     8401.276061     1.004693     0.004348 0 
     8401.277450     1.003930     0.004344 0 
     8401.278839     0.998992     0.004333 0 
     8401.280228     1.001365     0.004339 0 
     8401.281617     1.003804     0.004342 0 
     8401.283005     1.000508     0.004339 0 
     8401.284394     1.003243     0.004342 0 
     8401.285783     0.998501     0.004344 0 
     8401.287172     1.006494     0.004346 0 
     8401.288561     0.999581     0.004343 0 
     8401.289950     1.000343     0.004339 0 
     8401.291339     1.005692     0.004347 0 
     8401.292727     0.999794     0.004335 0 
     8401.294116     1.004512     0.004340 0 
     8401.295505     0.999862     0.004341 0 
     8401.296894     0.999417     0.004336 0 
     8401.298283     0.997326     0.004336 0 
     8401.299672     1.002995     0.004337 0 
     8401.301060     1.001270     0.004340 0 
     8401.302449     1.001111     0.004335 0 
     8401.303838     1.004869     0.004341 0 
     8401.305227     1.001839     0.004341 0 
     8401.306616     0.999071     0.004334 0 
     8401.308005     0.996619     0.004335 0 
     8401.309393     0.984076     0.004333 0 
     8401.310782     0.994423     0.004337 0 
     8401.312171     0.998722     0.004338 0 
     8401.313560     0.997742     0.004336 0 
     8401.314949     1.002019     0.004343 0 
     8401.316338     0.996879     0.004337 0 
     8401.317727     1.002012     0.004344 0 
     8401.319115     0.998378     0.004336 0 
     8401.320504     1.000035     0.004335 0 
     8401.321893     1.005922     0.004341 0 
     8401.323282     1.000724     0.004337 0 
     8401.324671     0.994051     0.004332 0 
     8401.326060     1.005136     0.004347 0 
     8403.577370     0.988133     0.004312 0 
     8403.578759     0.986874     0.004311 0 
     8403.580148     0.986496     0.004310 0 
     8403.581537     0.991185     0.004317 0 
     8403.582926     0.987525     0.004310 0 
     8403.584315     0.992540     0.004319 0 
     8403.585703     0.994890     0.004321 0 
     8403.587092     1.000225     0.004323 0 
     8403.588481     0.995138     0.004320 0 
     8403.589870     0.992633     0.004320 0 
     8403.591259     0.999132     0.004326 0 
     8403.592648     1.008565     0.004335 0 
     8403.594037     1.000216     0.004322 0 
     8403.595425     1.006202     0.004327 0 
     8403.596814     0.996778     0.004322 0 
     8403.598203     0.998692     0.004325 0 
     8403.599592     1.004130     0.004328 0 
     8403.600981     0.997199     0.004321 0 
     8403.602370     1.002598     0.004329 0 
     8403.603758     0.990565     0.004317 0 
     8403.605147     0.995548     0.004323 0 
     8403.606536     1.000369     0.004327 0 
     8403.607925     1.009284     0.004338 0 
     8403.609314     0.997722     0.004318 0 
     8403.610703     0.997107     0.004321 0 
     8403.612091     0.998794     0.004325 0 
     8403.613480     1.002585     0.004329 0 
     8403.614869     0.997879     0.004323 0 
     8403.616258     0.998107     0.004328 0 
     8403.617647     1.008919     0.004334 0 
     8403.619036     1.002096     0.004325 0 
     8403.620424     1.006279     0.004333 0 
     8403.621813     1.000810     0.004327 0 
     8403.624591     0.990908     0.004319 0 
     8403.625980     0.999011     0.004324 0 
     8403.627369     1.006391     0.004328 0 
     8403.628757     0.999498     0.004325 0 
     8403.630146     0.994171     0.004318 0 
     8403.631535     1.004676     0.004337 0 
     8403.632924     1.000956     0.004330 0 
     8403.634313     1.001837     0.004328 0 
     8403.635702     1.004800     0.004327 0 
     8403.637091     1.003985     0.004324 0 
     8403.638479     0.986172     0.004313 0 
     8403.639868     0.998157     0.004322 0 
     8403.641257     0.995726     0.004320 0 
     8403.642646     1.001311     0.004327 0 
     8403.644035     1.000901     0.004329 0 
     8403.645424     1.000209     0.004328 0 
     8403.646812     1.005646     0.004331 0 
     8403.648201     1.000185     0.004328 0 
     8403.649590     0.997438     0.004323 0 
     8403.650979     1.002111     0.004328 0 
     8403.652368     0.996083     0.004323 0 
     8403.653757     0.997556     0.004321 0 
     8403.655145     0.993952     0.004321 0 
     8403.656534     1.002658     0.004329 0 
     8403.657923     1.000299     0.004323 0 
     8403.659312     0.998890     0.004326 0 
     8403.660701     1.004855     0.004336 0 
     8403.662090     0.996407     0.004317 0 
     8403.663478     0.998736     0.004331 0 
     8403.664867     1.005688     0.004333 0 
     8403.666256     1.000511     0.004334 0 
     8403.667645     1.002996     0.004327 0 
     8403.669034     0.998840     0.004322 0 
     8403.670423     1.004824     0.004332 0 
     8403.671811     1.001123     0.004325 0 
     8403.673200     1.007023     0.004329 0 
     8403.674589     1.002545     0.004331 0 
     8403.675978     1.001219     0.004324 0 
     8403.677367     1.001084     0.004323 0 
     8403.678756     1.005688     0.004332 0 
     8403.680144     1.002343     0.004329 0 
     8403.681533     0.997298     0.004324 0 
     8403.682922     1.005042     0.004327 0 
     8403.684311     1.007034     0.004328 0 
     8403.685700     0.999440     0.004326 0 
     8403.687089     1.000553     0.004328 0 
     8403.688478     0.997854     0.004329 0 
     8403.689866     0.999210     0.004328 0 
     8403.691255     1.004442     0.004327 0 
     8403.692644     0.997163     0.004326 0 
     8403.694033     0.999410     0.004325 0 
     8403.695422     0.998569     0.004336 0 
     8403.696811     0.999572     0.004321 0 
     8403.698199     0.998593     0.004323 0 
     8403.699588     0.995792     0.004322 0 
     8403.700977     1.001113     0.004328 0 
     8403.702366     0.996253     0.004323 0 
     8403.703755     1.002534     0.004330 0 
     8403.705144     1.001557     0.004325 0 
     8403.706532     0.991191     0.004324 0 
     8403.707921     1.001519     0.004334 0 
     8403.709310     1.001815     0.004325 0 
     8403.710699     1.005860     0.004330 0 
     8403.712088     1.001023     0.004325 0 
     8403.713477     1.000436     0.004329 0 
     8403.714865     0.998321     0.004327 0 
     8403.716254     1.003491     0.004329 0 
     8403.717643     1.002296     0.004327 0 
     8403.719032     1.006087     0.004331 0 
     8403.720421     0.994075     0.004321 0 
     8403.721810     0.996054     0.004324 0 
     8403.723198     0.996522     0.004322 0 
     8403.724587     0.994053     0.004325 0 
     8403.725976     0.996261     0.004328 0 
     8403.727365     1.004151     0.004329 0 
     8403.728754     1.004027     0.004329 0 
     8403.730143     0.995588     0.004322 0 
     8403.731531     0.997288     0.004320 0 
     8403.732920     1.004778     0.004329 0 
     8403.734309     0.998842     0.004326 0 
     8403.735698     0.994557     0.004324 0 
     8403.737087     0.999444     0.004331 0 
     8403.738476     1.005127     0.004336 0 
     8403.739865     1.007719     0.004332 0 
     8403.741253     0.998073     0.004322 0 
     8403.742642     1.001074     0.004329 0 
     8403.744031     0.997740     0.004318 0 
     8403.745420     1.005378     0.004328 0 
     8403.746809     1.000430     0.004318 0 
     8403.748198     1.000538     0.004322 0 
     8403.749586     1.008908     0.004328 0 
     8403.750975     1.007410     0.004336 0 
     8403.752364     1.000353     0.004331 0 
     8403.753753     1.005322     0.004328 0 
     8403.755142     1.005574     0.004333 0 
     8403.756531     1.003350     0.004335 0 
     8403.757919     0.993215     0.004319 0 
     8403.759308     0.998113     0.004329 0 
     8403.760697     0.996573     0.004321 0 
     8403.763475     0.996559     0.004327 0 
     8403.764864     1.001616     0.004323 0 
     8403.766252     0.997639     0.004325 0 
     8403.767641     0.998728     0.004323 0 
     8403.769030     0.988235     0.004315 0 
     8403.770419     1.000213     0.004325 0 
     8403.771808     0.996192     0.004320 0 
     8403.773197     0.996056     0.004323 0 
     8403.774585     0.995750     0.004323 0 
     8403.775974     0.998250     0.004327 0 
     8403.777363     0.996572     0.004323 0 
     8403.778752     1.002813     0.004334 0 
     8403.780141     1.001182     0.004331 0 
     8403.781530     0.990641     0.004319 0 
     8403.782919     1.004991     0.004333 0 
     8403.785696     0.998740     0.004329 0 
     8403.787085     1.000804     0.004329 0 
     8403.788474     0.999855     0.004335 0 
     8403.789863     0.997860     0.004323 0 
     8403.791252     1.002709     0.004328 0 
     8403.792640     1.000417     0.004326 0 
     8403.794029     0.994342     0.004314 0 
     8403.795418     0.994310     0.004333 0 
     8403.796807     1.001365     0.004323 0 
     8403.798196     1.001638     0.004329 0 
     8403.799585     1.007094     0.004331 0 
     8403.800973     0.995238     0.004319 0 
     8403.802362     0.998886     0.004325 0 
     8403.803751     1.003045     0.004327 0 
     8403.805140     1.000575     0.004325 0 
     8403.806529     0.999521     0.004326 0 
     8403.807918     1.001636     0.004328 0 
     8403.809306     0.996886     0.004328 0 
     8403.810695     1.006050     0.004329 0 
     8403.812084     1.006551     0.004332 0 
     8403.813473     0.996203     0.004322 0 
     8403.814862     0.993616     0.004317 0 
     8403.816251     1.004739     0.004329 0 
     8403.817639     0.997365     0.004322 0 
     8403.819028     0.999128     0.004327 0 
     8403.820417     0.992019     0.004321 0 
     8403.821806     0.997207     0.004323 0 
     8403.823195     1.002616     0.004334 0 
     8403.824584     0.999882     0.004328 0 
     8403.825972     0.999482     0.004322 0 
     8403.827361     1.002984     0.004322 0 
     8403.828750     0.992531     0.004319 0 
     8403.830139     1.002481     0.004332 0 
     8403.831528     1.006675     0.004335 0 
     8403.832917     1.002439     0.004326 0 
     8403.834306     1.005950     0.004330 0 
     8403.835694     1.008763     0.004328 0 
     8403.837083     1.011092     0.004328 0 
     8403.838472     0.996584     0.004322 0 
     8403.839861     1.000079     0.004328 0 
     8403.841250     1.003690     0.004328 0 
     8403.842639     1.000068     0.004331 0 
     8403.844027     0.998350     0.004322 0 
     8403.845416     1.007820     0.004330 0 
     8403.846805     1.002024     0.004331 0 
     8403.848194     0.998506     0.004331 0 
     8403.849583     1.006408     0.004332 0 
     8403.850972     1.010551     0.004334 0 
     8403.852360     1.003370     0.004332 0 
     8403.853749     1.007365     0.004328 0 
     8403.855138     1.002494     0.004327 0 
     8403.856527     0.998116     0.004325 0 
     8403.857916     1.005471     0.004330 0 
     8403.859305     1.007056     0.004330 0 
     8403.860693     0.997520     0.004323 0 
     8403.862082     0.999943     0.004323 0 
     8403.863471     1.004308     0.004327 0 
     8403.864860     0.998207     0.004325 0 
     8403.866249     1.001410     0.004324 0 
     8403.867638     1.000072     0.004324 0 
     8403.869026     1.004104     0.004329 0 
     8403.870415     1.006636     0.004327 0 
     8403.871804     0.999896     0.004327 0 
     8403.873193     1.005760     0.004332 0 
     8403.874582     0.996986     0.004324 0 
     8403.875971     1.010108     0.004332 0 
     8403.877359     0.995707     0.004319 0 
     8403.878748     0.998257     0.004324 0 
     8403.880137     1.000824     0.004328 0 
     8403.881526     1.003802     0.004328 0 
     8403.882915     0.996642     0.004325 0 
     8403.884304     0.996331     0.004319 0 
     8403.885693     1.004631     0.004326 0 
     8403.887081     0.994522     0.004318 0 
     8403.888470     0.995663     0.004327 0 
     8403.889859     0.993726     0.004318 0 
     8403.891248     1.006600     0.004327 0 
     8403.892637     1.000954     0.004329 0 
     8403.894026     1.002441     0.004329 0 
     8403.895414     1.001103     0.004324 0 
     8403.896803     1.000201     0.004325 0 
     8403.898192     1.001553     0.004325 0 
     8403.899581     0.995914     0.004323 0 
     8403.900970     0.993029     0.004319 0 
     8403.902359     1.001290     0.004329 0 
     8403.903747     1.001256     0.004325 0 
     8403.905136     0.998390     0.004321 0 
     8403.906525     0.999283     0.004325 0 
     8403.907914     1.002542     0.004328 0 
     8403.909303     0.997989     0.004323 0 
     8403.910692     1.007019     0.004340 0 
     8403.912080     1.002653     0.004326 0 
     8403.913469     1.000331     0.004335 0 
     8403.914858     1.009026     0.004342 0 
     8403.916247     0.999212     0.004326 0 
     8403.917636     0.997899     0.004321 0 
     8403.919025     1.004456     0.004329 0 
     8403.920413     1.000821     0.004325 0 
     8403.921802     0.992705     0.004321 0 
     8403.923191     1.004954     0.004330 0 
     8403.924580     0.999894     0.004329 0 
     8403.925969     1.001069     0.004321 0 
     8403.927358     0.992021     0.004328 0 
     8403.928746     0.997370     0.004322 0 
     8403.930135     0.995592     0.004320 0 
     8403.931524     0.993928     0.004319 0 
     8403.932913     0.999556     0.004330 0 
     8403.934302     0.998727     0.004322 0 
     8403.935691     0.993765     0.004321 0 
     8403.937080     0.998593     0.004327 0 
     8403.938468     0.998430     0.004326 0 
     8403.939857     0.999054     0.004324 0 
     8403.941246     1.000184     0.004328 0 
