descriptor x_phase m_phase 
-1.500000 -0.498596 
-1.499000 -0.495206 
-1.498000 -0.491796 
-1.497000 -0.488367 
-1.496000 -0.484919 
-1.495000 -0.481451 
-1.494000 -0.477965 
-1.493000 -0.474459 
-1.492000 -0.470935 
-1.491000 -0.467392 
-1.490000 -0.463831 
-1.489000 -0.460252 
-1.488000 -0.456654 
-1.487000 -0.453039 
-1.486000 -0.449405 
-1.485000 -0.445754 
-1.484000 -0.442085 
-1.483000 -0.438398 
-1.482000 -0.434695 
-1.481000 -0.430974 
-1.480000 -0.427236 
-1.479000 -0.423481 
-1.478000 -0.419710 
-1.477000 -0.415922 
-1.476000 -0.412118 
-1.475000 -0.408297 
-1.474000 -0.404460 
-1.473000 -0.400607 
-1.472000 -0.396739 
-1.471000 -0.392855 
-1.470000 -0.388955 
-1.469000 -0.385040 
-1.468000 -0.381110 
-1.467000 -0.377164 
-1.466000 -0.373204 
-1.465000 -0.369229 
-1.464000 -0.365239 
-1.463000 -0.361235 
-1.462000 -0.357217 
-1.461000 -0.353185 
-1.460000 -0.349139 
-1.459000 -0.345079 
-1.458000 -0.341005 
-1.457000 -0.336918 
-1.456000 -0.332817 
-1.455000 -0.328704 
-1.454000 -0.324577 
-1.453000 -0.320438 
-1.452000 -0.316286 
-1.451000 -0.312121 
-1.450000 -0.307944 
-1.449000 -0.303755 
-1.448000 -0.299555 
-1.447000 -0.295342 
-1.446000 -0.291117 
-1.445000 -0.286881 
-1.444000 -0.282634 
-1.443000 -0.278376 
-1.442000 -0.274106 
-1.441000 -0.269826 
-1.440000 -0.265535 
-1.439000 -0.261234 
-1.438000 -0.256922 
-1.437000 -0.252600 
-1.436000 -0.248268 
-1.435000 -0.243927 
-1.434000 -0.239575 
-1.433000 -0.235215 
-1.432000 -0.230845 
-1.431000 -0.226466 
-1.430000 -0.222078 
-1.429000 -0.217681 
-1.428000 -0.213275 
-1.427000 -0.208862 
-1.426000 -0.204439 
-1.425000 -0.200009 
-1.424000 -0.195571 
-1.423000 -0.191126 
-1.422000 -0.186672 
-1.421000 -0.182212 
-1.420000 -0.177744 
-1.419000 -0.173269 
-1.418000 -0.168787 
-1.417000 -0.164299 
-1.416000 -0.159804 
-1.415000 -0.155303 
-1.414000 -0.150795 
-1.413000 -0.146282 
-1.412000 -0.141763 
-1.411000 -0.137238 
-1.410000 -0.132708 
-1.409000 -0.128173 
-1.408000 -0.123633 
-1.407000 -0.119087 
-1.406000 -0.114538 
-1.405000 -0.109983 
-1.404000 -0.105424 
-1.403000 -0.100861 
-1.402000 -0.096294 
-1.401000 -0.091724 
-1.400000 -0.087149 
-1.399000 -0.082571 
-1.398000 -0.077990 
-1.397000 -0.073406 
-1.396000 -0.068819 
-1.395000 -0.064229 
-1.394000 -0.059637 
-1.393000 -0.055043 
-1.392000 -0.050446 
-1.391000 -0.045847 
-1.390000 -0.041246 
-1.389000 -0.036644 
-1.388000 -0.032040 
-1.387000 -0.027435 
-1.386000 -0.022829 
-1.385000 -0.018222 
-1.384000 -0.013615 
-1.383000 -0.009006 
-1.382000 -0.004398 
-1.381000 0.000211 
-1.380000 0.004820 
-1.379000 0.009428 
-1.378000 0.014036 
-1.377000 0.018644 
-1.376000 0.023251 
-1.375000 0.027857 
-1.374000 0.032462 
-1.373000 0.037065 
-1.372000 0.041667 
-1.371000 0.046268 
-1.370000 0.050866 
-1.369000 0.055463 
-1.368000 0.060057 
-1.367000 0.064649 
-1.366000 0.069239 
-1.365000 0.073826 
-1.364000 0.078410 
-1.363000 0.082990 
-1.362000 0.087568 
-1.361000 0.092142 
-1.360000 0.096712 
-1.359000 0.101279 
-1.358000 0.105842 
-1.357000 0.110400 
-1.356000 0.114954 
-1.355000 0.119503 
-1.354000 0.124048 
-1.353000 0.128588 
-1.352000 0.133123 
-1.351000 0.137653 
-1.350000 0.142177 
-1.349000 0.146695 
-1.348000 0.151208 
-1.347000 0.155715 
-1.346000 0.160215 
-1.345000 0.164710 
-1.344000 0.169197 
-1.343000 0.173678 
-1.342000 0.178153 
-1.341000 0.182620 
-1.340000 0.187080 
-1.339000 0.191533 
-1.338000 0.195978 
-1.337000 0.200415 
-1.336000 0.204844 
-1.335000 0.209266 
-1.334000 0.213679 
-1.333000 0.218083 
-1.332000 0.222479 
-1.331000 0.226867 
-1.330000 0.231245 
-1.329000 0.235614 
-1.328000 0.239974 
-1.327000 0.244324 
-1.326000 0.248665 
-1.325000 0.252996 
-1.324000 0.257317 
-1.323000 0.261628 
-1.322000 0.265928 
-1.321000 0.270218 
-1.320000 0.274497 
-1.319000 0.278766 
-1.318000 0.283023 
-1.317000 0.287269 
-1.316000 0.291504 
-1.315000 0.295728 
-1.314000 0.299939 
-1.313000 0.304139 
-1.312000 0.308327 
-1.311000 0.312503 
-1.310000 0.316666 
-1.309000 0.320817 
-1.308000 0.324955 
-1.307000 0.329081 
-1.306000 0.333193 
-1.305000 0.337292 
-1.304000 0.341378 
-1.303000 0.345451 
-1.302000 0.349509 
-1.301000 0.353554 
-1.300000 0.357585 
-1.299000 0.361602 
-1.298000 0.365605 
-1.297000 0.369593 
-1.296000 0.373567 
-1.295000 0.377526 
-1.294000 0.381470 
-1.293000 0.385399 
-1.292000 0.389312 
-1.291000 0.393211 
-1.290000 0.397093 
-1.289000 0.400961 
-1.288000 0.404812 
-1.287000 0.408647 
-1.286000 0.412466 
-1.285000 0.416269 
-1.284000 0.420056 
-1.283000 0.423826 
-1.282000 0.427579 
-1.281000 0.431315 
-1.280000 0.435034 
-1.279000 0.438736 
-1.278000 0.442421 
-1.277000 0.446088 
-1.276000 0.449738 
-1.275000 0.453370 
-1.274000 0.456984 
-1.273000 0.460580 
-1.272000 0.464158 
-1.271000 0.467717 
-1.270000 0.471258 
-1.269000 0.474781 
-1.268000 0.478284 
-1.267000 0.481769 
-1.266000 0.485235 
-1.265000 0.488682 
-1.264000 0.492109 
-1.263000 0.495517 
-1.262000 0.498905 
-1.261000 0.502274 
-1.260000 0.505623 
-1.259000 0.508951 
-1.258000 0.512260 
-1.257000 0.515549 
-1.256000 0.518817 
-1.255000 0.522064 
-1.254000 0.525292 
-1.253000 0.528498 
-1.252000 0.531683 
-1.251000 0.534848 
-1.250000 0.537991 
-1.249000 0.541113 
-1.248000 0.544214 
-1.247000 0.547293 
-1.246000 0.550351 
-1.245000 0.553387 
-1.244000 0.556401 
-1.243000 0.559393 
-1.242000 0.562363 
-1.241000 0.565311 
-1.240000 0.568237 
-1.239000 0.571140 
-1.238000 0.574020 
-1.237000 0.576878 
-1.236000 0.579713 
-1.235000 0.582526 
-1.234000 0.585315 
-1.233000 0.588081 
-1.232000 0.590824 
-1.231000 0.593543 
-1.230000 0.596240 
-1.229000 0.598912 
-1.228000 0.601561 
-1.227000 0.604186 
-1.226000 0.606788 
-1.225000 0.609365 
-1.224000 0.611919 
-1.223000 0.614448 
-1.222000 0.616953 
-1.221000 0.619433 
-1.220000 0.621889 
-1.219000 0.624321 
-1.218000 0.626728 
-1.217000 0.629110 
-1.216000 0.631468 
-1.215000 0.633800 
-1.214000 0.636107 
-1.213000 0.638390 
-1.212000 0.640647 
-1.211000 0.642879 
-1.210000 0.645085 
-1.209000 0.647266 
-1.208000 0.649421 
-1.207000 0.651551 
-1.206000 0.653655 
-1.205000 0.655733 
-1.204000 0.657786 
-1.203000 0.659812 
-1.202000 0.661812 
-1.201000 0.663787 
-1.200000 0.665735 
-1.199000 0.667656 
-1.198000 0.669552 
-1.197000 0.671421 
-1.196000 0.673263 
-1.195000 0.675079 
-1.194000 0.676868 
-1.193000 0.678631 
-1.192000 0.680366 
-1.191000 0.682075 
-1.190000 0.683757 
-1.189000 0.685412 
-1.188000 0.687040 
-1.187000 0.688640 
-1.186000 0.690214 
-1.185000 0.691760 
-1.184000 0.693279 
-1.183000 0.694771 
-1.182000 0.696235 
-1.181000 0.697672 
-1.180000 0.699081 
-1.179000 0.700462 
-1.178000 0.701816 
-1.177000 0.703142 
-1.176000 0.704441 
-1.175000 0.705711 
-1.174000 0.706954 
-1.173000 0.708169 
-1.172000 0.709356 
-1.171000 0.710515 
-1.170000 0.711646 
-1.169000 0.712748 
-1.168000 0.713823 
-1.167000 0.714869 
-1.166000 0.715888 
-1.165000 0.716878 
-1.164000 0.717839 
-1.163000 0.718773 
-1.162000 0.719677 
-1.161000 0.720554 
-1.160000 0.721402 
-1.159000 0.722222 
-1.158000 0.723013 
-1.157000 0.723775 
-1.156000 0.724509 
-1.155000 0.725215 
-1.154000 0.725891 
-1.153000 0.726539 
-1.152000 0.727159 
-1.151000 0.727749 
-1.150000 0.728311 
-1.149000 0.728845 
-1.148000 0.729349 
-1.147000 0.729825 
-1.146000 0.730271 
-1.145000 0.730689 
-1.144000 0.731079 
-1.143000 0.731439 
-1.142000 0.731770 
-1.141000 0.732073 
-1.140000 0.732346 
-1.139000 0.732591 
-1.138000 0.732807 
-1.137000 0.732994 
-1.136000 0.733152 
-1.135000 0.733281 
-1.134000 0.733381 
-1.133000 0.733452 
-1.132000 0.733494 
-1.131000 0.733507 
-1.130000 0.733491 
-1.129000 0.733446 
-1.128000 0.733373 
-1.127000 0.733270 
-1.126000 0.733138 
-1.125000 0.732978 
-1.124000 0.732788 
-1.123000 0.732570 
-1.122000 0.732323 
-1.121000 0.732046 
-1.120000 0.731741 
-1.119000 0.731407 
-1.118000 0.731044 
-1.117000 0.730652 
-1.116000 0.730232 
-1.115000 0.729782 
-1.114000 0.729304 
-1.113000 0.728797 
-1.112000 0.728261 
-1.111000 0.727697 
-1.110000 0.727103 
-1.109000 0.726481 
-1.108000 0.725831 
-1.107000 0.725151 
-1.106000 0.724443 
-1.105000 0.723707 
-1.104000 0.722942 
-1.103000 0.722148 
-1.102000 0.721326 
-1.101000 0.720475 
-1.100000 0.719596 
-1.099000 0.718688 
-1.098000 0.717752 
-1.097000 0.716788 
-1.096000 0.715796 
-1.095000 0.714775 
-1.094000 0.713726 
-1.093000 0.712649 
-1.092000 0.711543 
-1.091000 0.710410 
-1.090000 0.709249 
-1.089000 0.708059 
-1.088000 0.706842 
-1.087000 0.705596 
-1.086000 0.704323 
-1.085000 0.703022 
-1.084000 0.701694 
-1.083000 0.700337 
-1.082000 0.698953 
-1.081000 0.697541 
-1.080000 0.696102 
-1.079000 0.694635 
-1.078000 0.693141 
-1.077000 0.691620 
-1.076000 0.690071 
-1.075000 0.688495 
-1.074000 0.686892 
-1.073000 0.685262 
-1.072000 0.683604 
-1.071000 0.681920 
-1.070000 0.680209 
-1.069000 0.678470 
-1.068000 0.676706 
-1.067000 0.674914 
-1.066000 0.673096 
-1.065000 0.671251 
-1.064000 0.669379 
-1.063000 0.667482 
-1.062000 0.665558 
-1.061000 0.663607 
-1.060000 0.661631 
-1.059000 0.659628 
-1.058000 0.657599 
-1.057000 0.655544 
-1.056000 0.653464 
-1.055000 0.651357 
-1.054000 0.649225 
-1.053000 0.647067 
-1.052000 0.644884 
-1.051000 0.642675 
-1.050000 0.640441 
-1.049000 0.638182 
-1.048000 0.635897 
-1.047000 0.633588 
-1.046000 0.631253 
-1.045000 0.628893 
-1.044000 0.626509 
-1.043000 0.624100 
-1.042000 0.621666 
-1.041000 0.619207 
-1.040000 0.616725 
-1.039000 0.614217 
-1.038000 0.611686 
-1.037000 0.609130 
-1.036000 0.606551 
-1.035000 0.603947 
-1.034000 0.601320 
-1.033000 0.598669 
-1.032000 0.595994 
-1.031000 0.593296 
-1.030000 0.590574 
-1.029000 0.587829 
-1.028000 0.585061 
-1.027000 0.582269 
-1.026000 0.579455 
-1.025000 0.576618 
-1.024000 0.573758 
-1.023000 0.570875 
-1.022000 0.567970 
-1.021000 0.565042 
-1.020000 0.562093 
-1.019000 0.559120 
-1.018000 0.556126 
-1.017000 0.553110 
-1.016000 0.550072 
-1.015000 0.547013 
-1.014000 0.543931 
-1.013000 0.540829 
-1.012000 0.537705 
-1.011000 0.534559 
-1.010000 0.531393 
-1.009000 0.528205 
-1.008000 0.524997 
-1.007000 0.521768 
-1.006000 0.518519 
-1.005000 0.515249 
-1.004000 0.511958 
-1.003000 0.508648 
-1.002000 0.505317 
-1.001000 0.501966 
-1.000000 0.498596 
-0.999000 0.495206 
-0.998000 0.491796 
-0.997000 0.488367 
-0.996000 0.484919 
-0.995000 0.481451 
-0.994000 0.477965 
-0.993000 0.474459 
-0.992000 0.470935 
-0.991000 0.467392 
-0.990000 0.463831 
-0.989000 0.460252 
-0.988000 0.456654 
-0.987000 0.453039 
-0.986000 0.449405 
-0.985000 0.445754 
-0.984000 0.442085 
-0.983000 0.438398 
-0.982000 0.434695 
-0.981000 0.430974 
-0.980000 0.427236 
-0.979000 0.423481 
-0.978000 0.419710 
-0.977000 0.415922 
-0.976000 0.412118 
-0.975000 0.408297 
-0.974000 0.404460 
-0.973000 0.400607 
-0.972000 0.396739 
-0.971000 0.392855 
-0.970000 0.388955 
-0.969000 0.385040 
-0.968000 0.381110 
-0.967000 0.377164 
-0.966000 0.373204 
-0.965000 0.369229 
-0.964000 0.365239 
-0.963000 0.361235 
-0.962000 0.357217 
-0.961000 0.353185 
-0.960000 0.349139 
-0.959000 0.345079 
-0.958000 0.341005 
-0.957000 0.336918 
-0.956000 0.332817 
-0.955000 0.328704 
-0.954000 0.324577 
-0.953000 0.320438 
-0.952000 0.316286 
-0.951000 0.312121 
-0.950000 0.307944 
-0.949000 0.303755 
-0.948000 0.299555 
-0.947000 0.295342 
-0.946000 0.291117 
-0.945000 0.286881 
-0.944000 0.282634 
-0.943000 0.278376 
-0.942000 0.274106 
-0.941000 0.269826 
-0.940000 0.265535 
-0.939000 0.261234 
-0.938000 0.256922 
-0.937000 0.252600 
-0.936000 0.248268 
-0.935000 0.243927 
-0.934000 0.239575 
-0.933000 0.235215 
-0.932000 0.230845 
-0.931000 0.226466 
-0.930000 0.222078 
-0.929000 0.217681 
-0.928000 0.213275 
-0.927000 0.208862 
-0.926000 0.204439 
-0.925000 0.200009 
-0.924000 0.195571 
-0.923000 0.191126 
-0.922000 0.186672 
-0.921000 0.182212 
-0.920000 0.177744 
-0.919000 0.173269 
-0.918000 0.168787 
-0.917000 0.164299 
-0.916000 0.159804 
-0.915000 0.155303 
-0.914000 0.150795 
-0.913000 0.146282 
-0.912000 0.141763 
-0.911000 0.137238 
-0.910000 0.132708 
-0.909000 0.128173 
-0.908000 0.123633 
-0.907000 0.119087 
-0.906000 0.114538 
-0.905000 0.109983 
-0.904000 0.105424 
-0.903000 0.100861 
-0.902000 0.096294 
-0.901000 0.091724 
-0.900000 0.087149 
-0.899000 0.082571 
-0.898000 0.077990 
-0.897000 0.073406 
-0.896000 0.068819 
-0.895000 0.064229 
-0.894000 0.059637 
-0.893000 0.055043 
-0.892000 0.050446 
-0.891000 0.045847 
-0.890000 0.041246 
-0.889000 0.036644 
-0.888000 0.032040 
-0.887000 0.027435 
-0.886000 0.022829 
-0.885000 0.018222 
-0.884000 0.013615 
-0.883000 0.009006 
-0.882000 0.004398 
-0.881000 -0.000211 
-0.880000 -0.004820 
-0.879000 -0.009428 
-0.878000 -0.014036 
-0.877000 -0.018644 
-0.876000 -0.023251 
-0.875000 -0.027857 
-0.874000 -0.032462 
-0.873000 -0.037065 
-0.872000 -0.041667 
-0.871000 -0.046268 
-0.870000 -0.050866 
-0.869000 -0.055463 
-0.868000 -0.060057 
-0.867000 -0.064649 
-0.866000 -0.069239 
-0.865000 -0.073826 
-0.864000 -0.078410 
-0.863000 -0.082990 
-0.862000 -0.087568 
-0.861000 -0.092142 
-0.860000 -0.096712 
-0.859000 -0.101279 
-0.858000 -0.105842 
-0.857000 -0.110400 
-0.856000 -0.114954 
-0.855000 -0.119503 
-0.854000 -0.124048 
-0.853000 -0.128588 
-0.852000 -0.133123 
-0.851000 -0.137653 
-0.850000 -0.142177 
-0.849000 -0.146695 
-0.848000 -0.151208 
-0.847000 -0.155715 
-0.846000 -0.160215 
-0.845000 -0.164710 
-0.844000 -0.169197 
-0.843000 -0.173678 
-0.842000 -0.178153 
-0.841000 -0.182620 
-0.840000 -0.187080 
-0.839000 -0.191533 
-0.838000 -0.195978 
-0.837000 -0.200415 
-0.836000 -0.204844 
-0.835000 -0.209266 
-0.834000 -0.213679 
-0.833000 -0.218083 
-0.832000 -0.222479 
-0.831000 -0.226867 
-0.830000 -0.231245 
-0.829000 -0.235614 
-0.828000 -0.239974 
-0.827000 -0.244324 
-0.826000 -0.248665 
-0.825000 -0.252996 
-0.824000 -0.257317 
-0.823000 -0.261628 
-0.822000 -0.265928 
-0.821000 -0.270218 
-0.820000 -0.274497 
-0.819000 -0.278766 
-0.818000 -0.283023 
-0.817000 -0.287269 
-0.816000 -0.291504 
-0.815000 -0.295728 
-0.814000 -0.299939 
-0.813000 -0.304139 
-0.812000 -0.308327 
-0.811000 -0.312503 
-0.810000 -0.316666 
-0.809000 -0.320817 
-0.808000 -0.324955 
-0.807000 -0.329081 
-0.806000 -0.333193 
-0.805000 -0.337292 
-0.804000 -0.341378 
-0.803000 -0.345451 
-0.802000 -0.349509 
-0.801000 -0.353554 
-0.800000 -0.357585 
-0.799000 -0.361602 
-0.798000 -0.365605 
-0.797000 -0.369593 
-0.796000 -0.373567 
-0.795000 -0.377526 
-0.794000 -0.381470 
-0.793000 -0.385399 
-0.792000 -0.389312 
-0.791000 -0.393211 
-0.790000 -0.397093 
-0.789000 -0.400961 
-0.788000 -0.404812 
-0.787000 -0.408647 
-0.786000 -0.412466 
-0.785000 -0.416269 
-0.784000 -0.420056 
-0.783000 -0.423826 
-0.782000 -0.427579 
-0.781000 -0.431315 
-0.780000 -0.435034 
-0.779000 -0.438736 
-0.778000 -0.442421 
-0.777000 -0.446088 
-0.776000 -0.449738 
-0.775000 -0.453370 
-0.774000 -0.456984 
-0.773000 -0.460580 
-0.772000 -0.464158 
-0.771000 -0.467717 
-0.770000 -0.471258 
-0.769000 -0.474781 
-0.768000 -0.478284 
-0.767000 -0.481769 
-0.766000 -0.485235 
-0.765000 -0.488682 
-0.764000 -0.492109 
-0.763000 -0.495517 
-0.762000 -0.498905 
-0.761000 -0.502274 
-0.760000 -0.505623 
-0.759000 -0.508951 
-0.758000 -0.512260 
-0.757000 -0.515549 
-0.756000 -0.518817 
-0.755000 -0.522064 
-0.754000 -0.525292 
-0.753000 -0.528498 
-0.752000 -0.531683 
-0.751000 -0.534848 
-0.750000 -0.537991 
-0.749000 -0.541113 
-0.748000 -0.544214 
-0.747000 -0.547293 
-0.746000 -0.550351 
-0.745000 -0.553387 
-0.744000 -0.556401 
-0.743000 -0.559393 
-0.742000 -0.562363 
-0.741000 -0.565311 
-0.740000 -0.568237 
-0.739000 -0.571140 
-0.738000 -0.574020 
-0.737000 -0.576878 
-0.736000 -0.579713 
-0.735000 -0.582526 
-0.734000 -0.585315 
-0.733000 -0.588081 
-0.732000 -0.590824 
-0.731000 -0.593543 
-0.730000 -0.596240 
-0.729000 -0.598912 
-0.728000 -0.601561 
-0.727000 -0.604186 
-0.726000 -0.606788 
-0.725000 -0.609365 
-0.724000 -0.611919 
-0.723000 -0.614448 
-0.722000 -0.616953 
-0.721000 -0.619433 
-0.720000 -0.621889 
-0.719000 -0.624321 
-0.718000 -0.626728 
-0.717000 -0.629110 
-0.716000 -0.631468 
-0.715000 -0.633800 
-0.714000 -0.636107 
-0.713000 -0.638390 
-0.712000 -0.640647 
-0.711000 -0.642879 
-0.710000 -0.645085 
-0.709000 -0.647266 
-0.708000 -0.649421 
-0.707000 -0.651551 
-0.706000 -0.653655 
-0.705000 -0.655733 
-0.704000 -0.657786 
-0.703000 -0.659812 
-0.702000 -0.661812 
-0.701000 -0.663787 
-0.700000 -0.665735 
-0.699000 -0.667656 
-0.698000 -0.669552 
-0.697000 -0.671421 
-0.696000 -0.673263 
-0.695000 -0.675079 
-0.694000 -0.676868 
-0.693000 -0.678631 
-0.692000 -0.680366 
-0.691000 -0.682075 
-0.690000 -0.683757 
-0.689000 -0.685412 
-0.688000 -0.687040 
-0.687000 -0.688640 
-0.686000 -0.690214 
-0.685000 -0.691760 
-0.684000 -0.693279 
-0.683000 -0.694771 
-0.682000 -0.696235 
-0.681000 -0.697672 
-0.680000 -0.699081 
-0.679000 -0.700462 
-0.678000 -0.701816 
-0.677000 -0.703142 
-0.676000 -0.704441 
-0.675000 -0.705711 
-0.674000 -0.706954 
-0.673000 -0.708169 
-0.672000 -0.709356 
-0.671000 -0.710515 
-0.670000 -0.711646 
-0.669000 -0.712748 
-0.668000 -0.713823 
-0.667000 -0.714869 
-0.666000 -0.715888 
-0.665000 -0.716878 
-0.664000 -0.717839 
-0.663000 -0.718773 
-0.662000 -0.719677 
-0.661000 -0.720554 
-0.660000 -0.721402 
-0.659000 -0.722222 
-0.658000 -0.723013 
-0.657000 -0.723775 
-0.656000 -0.724509 
-0.655000 -0.725215 
-0.654000 -0.725891 
-0.653000 -0.726539 
-0.652000 -0.727159 
-0.651000 -0.727749 
-0.650000 -0.728311 
-0.649000 -0.728845 
-0.648000 -0.729349 
-0.647000 -0.729825 
-0.646000 -0.730271 
-0.645000 -0.730689 
-0.644000 -0.731079 
-0.643000 -0.731439 
-0.642000 -0.731770 
-0.641000 -0.732073 
-0.640000 -0.732346 
-0.639000 -0.732591 
-0.638000 -0.732807 
-0.637000 -0.732994 
-0.636000 -0.733152 
-0.635000 -0.733281 
-0.634000 -0.733381 
-0.633000 -0.733452 
-0.632000 -0.733494 
-0.631000 -0.733507 
-0.630000 -0.733491 
-0.629000 -0.733446 
-0.628000 -0.733373 
-0.627000 -0.733270 
-0.626000 -0.733138 
-0.625000 -0.732978 
-0.624000 -0.732788 
-0.623000 -0.732570 
-0.622000 -0.732323 
-0.621000 -0.732046 
-0.620000 -0.731741 
-0.619000 -0.731407 
-0.618000 -0.731044 
-0.617000 -0.730652 
-0.616000 -0.730232 
-0.615000 -0.729782 
-0.614000 -0.729304 
-0.613000 -0.728797 
-0.612000 -0.728261 
-0.611000 -0.727697 
-0.610000 -0.727103 
-0.609000 -0.726481 
-0.608000 -0.725831 
-0.607000 -0.725151 
-0.606000 -0.724443 
-0.605000 -0.723707 
-0.604000 -0.722942 
-0.603000 -0.722148 
-0.602000 -0.721326 
-0.601000 -0.720475 
-0.600000 -0.719596 
-0.599000 -0.718688 
-0.598000 -0.717752 
-0.597000 -0.716788 
-0.596000 -0.715796 
-0.595000 -0.714775 
-0.594000 -0.713726 
-0.593000 -0.712649 
-0.592000 -0.711543 
-0.591000 -0.710410 
-0.590000 -0.709249 
-0.589000 -0.708059 
-0.588000 -0.706842 
-0.587000 -0.705596 
-0.586000 -0.704323 
-0.585000 -0.703022 
-0.584000 -0.701694 
-0.583000 -0.700337 
-0.582000 -0.698953 
-0.581000 -0.697541 
-0.580000 -0.696102 
-0.579000 -0.694635 
-0.578000 -0.693141 
-0.577000 -0.691620 
-0.576000 -0.690071 
-0.575000 -0.688495 
-0.574000 -0.686892 
-0.573000 -0.685262 
-0.572000 -0.683604 
-0.571000 -0.681920 
-0.570000 -0.680209 
-0.569000 -0.678470 
-0.568000 -0.676706 
-0.567000 -0.674914 
-0.566000 -0.673096 
-0.565000 -0.671251 
-0.564000 -0.669379 
-0.563000 -0.667482 
-0.562000 -0.665558 
-0.561000 -0.663607 
-0.560000 -0.661631 
-0.559000 -0.659628 
-0.558000 -0.657599 
-0.557000 -0.655544 
-0.556000 -0.653464 
-0.555000 -0.651357 
-0.554000 -0.649225 
-0.553000 -0.647067 
-0.552000 -0.644884 
-0.551000 -0.642675 
-0.550000 -0.640441 
-0.549000 -0.638182 
-0.548000 -0.635897 
-0.547000 -0.633588 
-0.546000 -0.631253 
-0.545000 -0.628893 
-0.544000 -0.626509 
-0.543000 -0.624100 
-0.542000 -0.621666 
-0.541000 -0.619207 
-0.540000 -0.616725 
-0.539000 -0.614217 
-0.538000 -0.611686 
-0.537000 -0.609130 
-0.536000 -0.606551 
-0.535000 -0.603947 
-0.534000 -0.601320 
-0.533000 -0.598669 
-0.532000 -0.595994 
-0.531000 -0.593296 
-0.530000 -0.590574 
-0.529000 -0.587829 
-0.528000 -0.585061 
-0.527000 -0.582269 
-0.526000 -0.579455 
-0.525000 -0.576618 
-0.524000 -0.573758 
-0.523000 -0.570875 
-0.522000 -0.567970 
-0.521000 -0.565042 
-0.520000 -0.562093 
-0.519000 -0.559120 
-0.518000 -0.556126 
-0.517000 -0.553110 
-0.516000 -0.550072 
-0.515000 -0.547013 
-0.514000 -0.543931 
-0.513000 -0.540829 
-0.512000 -0.537705 
-0.511000 -0.534559 
-0.510000 -0.531393 
-0.509000 -0.528205 
-0.508000 -0.524997 
-0.507000 -0.521768 
-0.506000 -0.518519 
-0.505000 -0.515249 
-0.504000 -0.511958 
-0.503000 -0.508648 
-0.502000 -0.505317 
-0.501000 -0.501966 
-0.500000 -0.498596 
-0.499000 -0.495206 
-0.498000 -0.491796 
-0.497000 -0.488367 
-0.496000 -0.484919 
-0.495000 -0.481451 
-0.494000 -0.477965 
-0.493000 -0.474459 
-0.492000 -0.470935 
-0.491000 -0.467392 
-0.490000 -0.463831 
-0.489000 -0.460252 
-0.488000 -0.456654 
-0.487000 -0.453039 
-0.486000 -0.449405 
-0.485000 -0.445754 
-0.484000 -0.442085 
-0.483000 -0.438398 
-0.482000 -0.434695 
-0.481000 -0.430974 
-0.480000 -0.427236 
-0.479000 -0.423481 
-0.478000 -0.419710 
-0.477000 -0.415922 
-0.476000 -0.412118 
-0.475000 -0.408297 
-0.474000 -0.404460 
-0.473000 -0.400607 
-0.472000 -0.396739 
-0.471000 -0.392855 
-0.470000 -0.388955 
-0.469000 -0.385040 
-0.468000 -0.381110 
-0.467000 -0.377164 
-0.466000 -0.373204 
-0.465000 -0.369229 
-0.464000 -0.365239 
-0.463000 -0.361235 
-0.462000 -0.357217 
-0.461000 -0.353185 
-0.460000 -0.349139 
-0.459000 -0.345079 
-0.458000 -0.341005 
-0.457000 -0.336918 
-0.456000 -0.332817 
-0.455000 -0.328704 
-0.454000 -0.324577 
-0.453000 -0.320438 
-0.452000 -0.316286 
-0.451000 -0.312121 
-0.450000 -0.307944 
-0.449000 -0.303755 
-0.448000 -0.299555 
-0.447000 -0.295342 
-0.446000 -0.291117 
-0.445000 -0.286881 
-0.444000 -0.282634 
-0.443000 -0.278376 
-0.442000 -0.274106 
-0.441000 -0.269826 
-0.440000 -0.265535 
-0.439000 -0.261234 
-0.438000 -0.256922 
-0.437000 -0.252600 
-0.436000 -0.248268 
-0.435000 -0.243927 
-0.434000 -0.239575 
-0.433000 -0.235215 
-0.432000 -0.230845 
-0.431000 -0.226466 
-0.430000 -0.222078 
-0.429000 -0.217681 
-0.428000 -0.213275 
-0.427000 -0.208862 
-0.426000 -0.204439 
-0.425000 -0.200009 
-0.424000 -0.195571 
-0.423000 -0.191126 
-0.422000 -0.186672 
-0.421000 -0.182212 
-0.420000 -0.177744 
-0.419000 -0.173269 
-0.418000 -0.168787 
-0.417000 -0.164299 
-0.416000 -0.159804 
-0.415000 -0.155303 
-0.414000 -0.150795 
-0.413000 -0.146282 
-0.412000 -0.141763 
-0.411000 -0.137238 
-0.410000 -0.132708 
-0.409000 -0.128173 
-0.408000 -0.123633 
-0.407000 -0.119087 
-0.406000 -0.114538 
-0.405000 -0.109983 
-0.404000 -0.105424 
-0.403000 -0.100861 
-0.402000 -0.096294 
-0.401000 -0.091724 
-0.400000 -0.087149 
-0.399000 -0.082571 
-0.398000 -0.077990 
-0.397000 -0.073406 
-0.396000 -0.068819 
-0.395000 -0.064229 
-0.394000 -0.059637 
-0.393000 -0.055043 
-0.392000 -0.050446 
-0.391000 -0.045847 
-0.390000 -0.041246 
-0.389000 -0.036644 
-0.388000 -0.032040 
-0.387000 -0.027435 
-0.386000 -0.022829 
-0.385000 -0.018222 
-0.384000 -0.013615 
-0.383000 -0.009006 
-0.382000 -0.004398 
-0.381000 0.000211 
-0.380000 0.004820 
-0.379000 0.009428 
-0.378000 0.014036 
-0.377000 0.018644 
-0.376000 0.023251 
-0.375000 0.027857 
-0.374000 0.032462 
-0.373000 0.037065 
-0.372000 0.041667 
-0.371000 0.046268 
-0.370000 0.050866 
-0.369000 0.055463 
-0.368000 0.060057 
-0.367000 0.064649 
-0.366000 0.069239 
-0.365000 0.073826 
-0.364000 0.078410 
-0.363000 0.082990 
-0.362000 0.087568 
-0.361000 0.092142 
-0.360000 0.096712 
-0.359000 0.101279 
-0.358000 0.105842 
-0.357000 0.110400 
-0.356000 0.114954 
-0.355000 0.119503 
-0.354000 0.124048 
-0.353000 0.128588 
-0.352000 0.133123 
-0.351000 0.137653 
-0.350000 0.142177 
-0.349000 0.146695 
-0.348000 0.151208 
-0.347000 0.155715 
-0.346000 0.160215 
-0.345000 0.164710 
-0.344000 0.169197 
-0.343000 0.173678 
-0.342000 0.178153 
-0.341000 0.182620 
-0.340000 0.187080 
-0.339000 0.191533 
-0.338000 0.195978 
-0.337000 0.200415 
-0.336000 0.204844 
-0.335000 0.209266 
-0.334000 0.213679 
-0.333000 0.218083 
-0.332000 0.222479 
-0.331000 0.226867 
-0.330000 0.231245 
-0.329000 0.235614 
-0.328000 0.239974 
-0.327000 0.244324 
-0.326000 0.248665 
-0.325000 0.252996 
-0.324000 0.257317 
-0.323000 0.261628 
-0.322000 0.265928 
-0.321000 0.270218 
-0.320000 0.274497 
-0.319000 0.278766 
-0.318000 0.283023 
-0.317000 0.287269 
-0.316000 0.291504 
-0.315000 0.295728 
-0.314000 0.299939 
-0.313000 0.304139 
-0.312000 0.308327 
-0.311000 0.312503 
-0.310000 0.316666 
-0.309000 0.320817 
-0.308000 0.324955 
-0.307000 0.329081 
-0.306000 0.333193 
-0.305000 0.337292 
-0.304000 0.341378 
-0.303000 0.345451 
-0.302000 0.349509 
-0.301000 0.353554 
-0.300000 0.357585 
-0.299000 0.361602 
-0.298000 0.365605 
-0.297000 0.369593 
-0.296000 0.373567 
-0.295000 0.377526 
-0.294000 0.381470 
-0.293000 0.385399 
-0.292000 0.389312 
-0.291000 0.393211 
-0.290000 0.397093 
-0.289000 0.400961 
-0.288000 0.404812 
-0.287000 0.408647 
-0.286000 0.412466 
-0.285000 0.416269 
-0.284000 0.420056 
-0.283000 0.423826 
-0.282000 0.427579 
-0.281000 0.431315 
-0.280000 0.435034 
-0.279000 0.438736 
-0.278000 0.442421 
-0.277000 0.446088 
-0.276000 0.449738 
-0.275000 0.453370 
-0.274000 0.456984 
-0.273000 0.460580 
-0.272000 0.464158 
-0.271000 0.467717 
-0.270000 0.471258 
-0.269000 0.474781 
-0.268000 0.478284 
-0.267000 0.481769 
-0.266000 0.485235 
-0.265000 0.488682 
-0.264000 0.492109 
-0.263000 0.495517 
-0.262000 0.498905 
-0.261000 0.502274 
-0.260000 0.505623 
-0.259000 0.508951 
-0.258000 0.512260 
-0.257000 0.515549 
-0.256000 0.518817 
-0.255000 0.522064 
-0.254000 0.525292 
-0.253000 0.528498 
-0.252000 0.531683 
-0.251000 0.534848 
-0.250000 0.537991 
-0.249000 0.541113 
-0.248000 0.544214 
-0.247000 0.547293 
-0.246000 0.550351 
-0.245000 0.553387 
-0.244000 0.556401 
-0.243000 0.559393 
-0.242000 0.562363 
-0.241000 0.565311 
-0.240000 0.568237 
-0.239000 0.571140 
-0.238000 0.574020 
-0.237000 0.576878 
-0.236000 0.579713 
-0.235000 0.582526 
-0.234000 0.585315 
-0.233000 0.588081 
-0.232000 0.590824 
-0.231000 0.593543 
-0.230000 0.596240 
-0.229000 0.598912 
-0.228000 0.601561 
-0.227000 0.604186 
-0.226000 0.606788 
-0.225000 0.609365 
-0.224000 0.611919 
-0.223000 0.614448 
-0.222000 0.616953 
-0.221000 0.619433 
-0.220000 0.621889 
-0.219000 0.624321 
-0.218000 0.626728 
-0.217000 0.629110 
-0.216000 0.631468 
-0.215000 0.633800 
-0.214000 0.636107 
-0.213000 0.638390 
-0.212000 0.640647 
-0.211000 0.642879 
-0.210000 0.645085 
-0.209000 0.647266 
-0.208000 0.649421 
-0.207000 0.651551 
-0.206000 0.653655 
-0.205000 0.655733 
-0.204000 0.657786 
-0.203000 0.659812 
-0.202000 0.661812 
-0.201000 0.663787 
-0.200000 0.665735 
-0.199000 0.667656 
-0.198000 0.669552 
-0.197000 0.671421 
-0.196000 0.673263 
-0.195000 0.675079 
-0.194000 0.676868 
-0.193000 0.678631 
-0.192000 0.680366 
-0.191000 0.682075 
-0.190000 0.683757 
-0.189000 0.685412 
-0.188000 0.687040 
-0.187000 0.688640 
-0.186000 0.690214 
-0.185000 0.691760 
-0.184000 0.693279 
-0.183000 0.694771 
-0.182000 0.696235 
-0.181000 0.697672 
-0.180000 0.699081 
-0.179000 0.700462 
-0.178000 0.701816 
-0.177000 0.703142 
-0.176000 0.704441 
-0.175000 0.705711 
-0.174000 0.706954 
-0.173000 0.708169 
-0.172000 0.709356 
-0.171000 0.710515 
-0.170000 0.711646 
-0.169000 0.712748 
-0.168000 0.713823 
-0.167000 0.714869 
-0.166000 0.715888 
-0.165000 0.716878 
-0.164000 0.717839 
-0.163000 0.718773 
-0.162000 0.719677 
-0.161000 0.720554 
-0.160000 0.721402 
-0.159000 0.722222 
-0.158000 0.723013 
-0.157000 0.723775 
-0.156000 0.724509 
-0.155000 0.725215 
-0.154000 0.725891 
-0.153000 0.726539 
-0.152000 0.727159 
-0.151000 0.727749 
-0.150000 0.728311 
-0.149000 0.728845 
-0.148000 0.729349 
-0.147000 0.729825 
-0.146000 0.730271 
-0.145000 0.730689 
-0.144000 0.731079 
-0.143000 0.731439 
-0.142000 0.731770 
-0.141000 0.732073 
-0.140000 0.732346 
-0.139000 0.732591 
-0.138000 0.732807 
-0.137000 0.732994 
-0.136000 0.733152 
-0.135000 0.733281 
-0.134000 0.733381 
-0.133000 0.733452 
-0.132000 0.733494 
-0.131000 0.733507 
-0.130000 0.733491 
-0.129000 0.733446 
-0.128000 0.733373 
-0.127000 0.733270 
-0.126000 0.733138 
-0.125000 0.732978 
-0.124000 0.732788 
-0.123000 0.732570 
-0.122000 0.732323 
-0.121000 0.732046 
-0.120000 0.731741 
-0.119000 0.731407 
-0.118000 0.731044 
-0.117000 0.730652 
-0.116000 0.730232 
-0.115000 0.729782 
-0.114000 0.729304 
-0.113000 0.728797 
-0.112000 0.728261 
-0.111000 0.727697 
-0.110000 0.727103 
-0.109000 0.726481 
-0.108000 0.725831 
-0.107000 0.725151 
-0.106000 0.724443 
-0.105000 0.723707 
-0.104000 0.722942 
-0.103000 0.722148 
-0.102000 0.721326 
-0.101000 0.720475 
-0.100000 0.719596 
-0.099000 0.718688 
-0.098000 0.717752 
-0.097000 0.716788 
-0.096000 0.715796 
-0.095000 0.714775 
-0.094000 0.713726 
-0.093000 0.712649 
-0.092000 0.711543 
-0.091000 0.710410 
-0.090000 0.709249 
-0.089000 0.708059 
-0.088000 0.706842 
-0.087000 0.705596 
-0.086000 0.704323 
-0.085000 0.703022 
-0.084000 0.701694 
-0.083000 0.700337 
-0.082000 0.698953 
-0.081000 0.697541 
-0.080000 0.696102 
-0.079000 0.694635 
-0.078000 0.693141 
-0.077000 0.691620 
-0.076000 0.690071 
-0.075000 0.688495 
-0.074000 0.686892 
-0.073000 0.685262 
-0.072000 0.683604 
-0.071000 0.681920 
-0.070000 0.680209 
-0.069000 0.678470 
-0.068000 0.676706 
-0.067000 0.674914 
-0.066000 0.673096 
-0.065000 0.671251 
-0.064000 0.669379 
-0.063000 0.667482 
-0.062000 0.665558 
-0.061000 0.663607 
-0.060000 0.661631 
-0.059000 0.659628 
-0.058000 0.657599 
-0.057000 0.655544 
-0.056000 0.653464 
-0.055000 0.651357 
-0.054000 0.649225 
-0.053000 0.647067 
-0.052000 0.644884 
-0.051000 0.642675 
-0.050000 0.640441 
-0.049000 0.638182 
-0.048000 0.635897 
-0.047000 0.633588 
-0.046000 0.631253 
-0.045000 0.628893 
-0.044000 0.626509 
-0.043000 0.624100 
-0.042000 0.621666 
-0.041000 0.619207 
-0.040000 0.616725 
-0.039000 0.614217 
-0.038000 0.611686 
-0.037000 0.609130 
-0.036000 0.606551 
-0.035000 0.603947 
-0.034000 0.601320 
-0.033000 0.598669 
-0.032000 0.595994 
-0.031000 0.593296 
-0.030000 0.590574 
-0.029000 0.587829 
-0.028000 0.585061 
-0.027000 0.582269 
-0.026000 0.579455 
-0.025000 0.576618 
-0.024000 0.573758 
-0.023000 0.570875 
-0.022000 0.567970 
-0.021000 0.565042 
-0.020000 0.562093 
-0.019000 0.559120 
-0.018000 0.556126 
-0.017000 0.553110 
-0.016000 0.550072 
-0.015000 0.547013 
-0.014000 0.543931 
-0.013000 0.540829 
-0.012000 0.537705 
-0.011000 0.534559 
-0.010000 0.531393 
-0.009000 0.528205 
-0.008000 0.524997 
-0.007000 0.521768 
-0.006000 0.518519 
-0.005000 0.515249 
-0.004000 0.511958 
-0.003000 0.508648 
-0.002000 0.505317 
-0.001000 0.501966 
-0.000000 0.498596 
0.001000 0.495206 
0.002000 0.491796 
0.003000 0.488367 
0.004000 0.484919 
0.005000 0.481451 
0.006000 0.477965 
0.007000 0.474459 
0.008000 0.470935 
0.009000 0.467392 
0.010000 0.463831 
0.011000 0.460252 
0.012000 0.456654 
0.013000 0.453039 
0.014000 0.449405 
0.015000 0.445754 
0.016000 0.442085 
0.017000 0.438398 
0.018000 0.434695 
0.019000 0.430974 
0.020000 0.427236 
0.021000 0.423481 
0.022000 0.419710 
0.023000 0.415922 
0.024000 0.412118 
0.025000 0.408297 
0.026000 0.404460 
0.027000 0.400607 
0.028000 0.396739 
0.029000 0.392855 
0.030000 0.388955 
0.031000 0.385040 
0.032000 0.381110 
0.033000 0.377164 
0.034000 0.373204 
0.035000 0.369229 
0.036000 0.365239 
0.037000 0.361235 
0.038000 0.357217 
0.039000 0.353185 
0.040000 0.349139 
0.041000 0.345079 
0.042000 0.341005 
0.043000 0.336918 
0.044000 0.332817 
0.045000 0.328704 
0.046000 0.324577 
0.047000 0.320438 
0.048000 0.316286 
0.049000 0.312121 
0.050000 0.307944 
0.051000 0.303755 
0.052000 0.299555 
0.053000 0.295342 
0.054000 0.291117 
0.055000 0.286881 
0.056000 0.282634 
0.057000 0.278376 
0.058000 0.274106 
0.059000 0.269826 
0.060000 0.265535 
0.061000 0.261234 
0.062000 0.256922 
0.063000 0.252600 
0.064000 0.248268 
0.065000 0.243927 
0.066000 0.239575 
0.067000 0.235215 
0.068000 0.230845 
0.069000 0.226466 
0.070000 0.222078 
0.071000 0.217681 
0.072000 0.213275 
0.073000 0.208862 
0.074000 0.204439 
0.075000 0.200009 
0.076000 0.195571 
0.077000 0.191126 
0.078000 0.186672 
0.079000 0.182212 
0.080000 0.177744 
0.081000 0.173269 
0.082000 0.168787 
0.083000 0.164299 
0.084000 0.159804 
0.085000 0.155303 
0.086000 0.150795 
0.087000 0.146282 
0.088000 0.141763 
0.089000 0.137238 
0.090000 0.132708 
0.091000 0.128173 
0.092000 0.123633 
0.093000 0.119087 
0.094000 0.114538 
0.095000 0.109983 
0.096000 0.105424 
0.097000 0.100861 
0.098000 0.096294 
0.099000 0.091724 
0.100000 0.087149 
0.101000 0.082571 
0.102000 0.077990 
0.103000 0.073406 
0.104000 0.068819 
0.105000 0.064229 
0.106000 0.059637 
0.107000 0.055043 
0.108000 0.050446 
0.109000 0.045847 
0.110000 0.041246 
0.111000 0.036644 
0.112000 0.032040 
0.113000 0.027435 
0.114000 0.022829 
0.115000 0.018222 
0.116000 0.013615 
0.117000 0.009006 
0.118000 0.004398 
0.119000 -0.000211 
0.120000 -0.004820 
0.121000 -0.009428 
0.122000 -0.014036 
0.123000 -0.018644 
0.124000 -0.023251 
0.125000 -0.027857 
0.126000 -0.032462 
0.127000 -0.037065 
0.128000 -0.041667 
0.129000 -0.046268 
0.130000 -0.050866 
0.131000 -0.055463 
0.132000 -0.060057 
0.133000 -0.064649 
0.134000 -0.069239 
0.135000 -0.073826 
0.136000 -0.078410 
0.137000 -0.082990 
0.138000 -0.087568 
0.139000 -0.092142 
0.140000 -0.096712 
0.141000 -0.101279 
0.142000 -0.105842 
0.143000 -0.110400 
0.144000 -0.114954 
0.145000 -0.119503 
0.146000 -0.124048 
0.147000 -0.128588 
0.148000 -0.133123 
0.149000 -0.137653 
0.150000 -0.142177 
0.151000 -0.146695 
0.152000 -0.151208 
0.153000 -0.155715 
0.154000 -0.160215 
0.155000 -0.164710 
0.156000 -0.169197 
0.157000 -0.173678 
0.158000 -0.178153 
0.159000 -0.182620 
0.160000 -0.187080 
0.161000 -0.191533 
0.162000 -0.195978 
0.163000 -0.200415 
0.164000 -0.204844 
0.165000 -0.209266 
0.166000 -0.213679 
0.167000 -0.218083 
0.168000 -0.222479 
0.169000 -0.226867 
0.170000 -0.231245 
0.171000 -0.235614 
0.172000 -0.239974 
0.173000 -0.244324 
0.174000 -0.248665 
0.175000 -0.252996 
0.176000 -0.257317 
0.177000 -0.261628 
0.178000 -0.265928 
0.179000 -0.270218 
0.180000 -0.274497 
0.181000 -0.278766 
0.182000 -0.283023 
0.183000 -0.287269 
0.184000 -0.291504 
0.185000 -0.295728 
0.186000 -0.299939 
0.187000 -0.304139 
0.188000 -0.308327 
0.189000 -0.312503 
0.190000 -0.316666 
0.191000 -0.320817 
0.192000 -0.324955 
0.193000 -0.329081 
0.194000 -0.333193 
0.195000 -0.337292 
0.196000 -0.341378 
0.197000 -0.345451 
0.198000 -0.349509 
0.199000 -0.353554 
0.200000 -0.357585 
0.201000 -0.361602 
0.202000 -0.365605 
0.203000 -0.369593 
0.204000 -0.373567 
0.205000 -0.377526 
0.206000 -0.381470 
0.207000 -0.385399 
0.208000 -0.389312 
0.209000 -0.393211 
0.210000 -0.397093 
0.211000 -0.400961 
0.212000 -0.404812 
0.213000 -0.408647 
0.214000 -0.412466 
0.215000 -0.416269 
0.216000 -0.420056 
0.217000 -0.423826 
0.218000 -0.427579 
0.219000 -0.431315 
0.220000 -0.435034 
0.221000 -0.438736 
0.222000 -0.442421 
0.223000 -0.446088 
0.224000 -0.449738 
0.225000 -0.453370 
0.226000 -0.456984 
0.227000 -0.460580 
0.228000 -0.464158 
0.229000 -0.467717 
0.230000 -0.471258 
0.231000 -0.474781 
0.232000 -0.478284 
0.233000 -0.481769 
0.234000 -0.485235 
0.235000 -0.488682 
0.236000 -0.492109 
0.237000 -0.495517 
0.238000 -0.498905 
0.239000 -0.502274 
0.240000 -0.505623 
0.241000 -0.508951 
0.242000 -0.512260 
0.243000 -0.515549 
0.244000 -0.518817 
0.245000 -0.522064 
0.246000 -0.525292 
0.247000 -0.528498 
0.248000 -0.531683 
0.249000 -0.534848 
0.250000 -0.537991 
0.251000 -0.541113 
0.252000 -0.544214 
0.253000 -0.547293 
0.254000 -0.550351 
0.255000 -0.553387 
0.256000 -0.556401 
0.257000 -0.559393 
0.258000 -0.562363 
0.259000 -0.565311 
0.260000 -0.568237 
0.261000 -0.571140 
0.262000 -0.574020 
0.263000 -0.576878 
0.264000 -0.579713 
0.265000 -0.582526 
0.266000 -0.585315 
0.267000 -0.588081 
0.268000 -0.590824 
0.269000 -0.593543 
0.270000 -0.596240 
0.271000 -0.598912 
0.272000 -0.601561 
0.273000 -0.604186 
0.274000 -0.606788 
0.275000 -0.609365 
0.276000 -0.611919 
0.277000 -0.614448 
0.278000 -0.616953 
0.279000 -0.619433 
0.280000 -0.621889 
0.281000 -0.624321 
0.282000 -0.626728 
0.283000 -0.629110 
0.284000 -0.631468 
0.285000 -0.633800 
0.286000 -0.636107 
0.287000 -0.638390 
0.288000 -0.640647 
0.289000 -0.642879 
0.290000 -0.645085 
0.291000 -0.647266 
0.292000 -0.649421 
0.293000 -0.651551 
0.294000 -0.653655 
0.295000 -0.655733 
0.296000 -0.657786 
0.297000 -0.659812 
0.298000 -0.661812 
0.299000 -0.663787 
0.300000 -0.665735 
0.301000 -0.667656 
0.302000 -0.669552 
0.303000 -0.671421 
0.304000 -0.673263 
0.305000 -0.675079 
0.306000 -0.676868 
0.307000 -0.678631 
0.308000 -0.680366 
0.309000 -0.682075 
0.310000 -0.683757 
0.311000 -0.685412 
0.312000 -0.687040 
0.313000 -0.688640 
0.314000 -0.690214 
0.315000 -0.691760 
0.316000 -0.693279 
0.317000 -0.694771 
0.318000 -0.696235 
0.319000 -0.697672 
0.320000 -0.699081 
0.321000 -0.700462 
0.322000 -0.701816 
0.323000 -0.703142 
0.324000 -0.704441 
0.325000 -0.705711 
0.326000 -0.706954 
0.327000 -0.708169 
0.328000 -0.709356 
0.329000 -0.710515 
0.330000 -0.711646 
0.331000 -0.712748 
0.332000 -0.713823 
0.333000 -0.714869 
0.334000 -0.715888 
0.335000 -0.716878 
0.336000 -0.717839 
0.337000 -0.718773 
0.338000 -0.719677 
0.339000 -0.720554 
0.340000 -0.721402 
0.341000 -0.722222 
0.342000 -0.723013 
0.343000 -0.723775 
0.344000 -0.724509 
0.345000 -0.725215 
0.346000 -0.725891 
0.347000 -0.726539 
0.348000 -0.727159 
0.349000 -0.727749 
0.350000 -0.728311 
0.351000 -0.728845 
0.352000 -0.729349 
0.353000 -0.729825 
0.354000 -0.730271 
0.355000 -0.730689 
0.356000 -0.731079 
0.357000 -0.731439 
0.358000 -0.731770 
0.359000 -0.732073 
0.360000 -0.732346 
0.361000 -0.732591 
0.362000 -0.732807 
0.363000 -0.732994 
0.364000 -0.733152 
0.365000 -0.733281 
0.366000 -0.733381 
0.367000 -0.733452 
0.368000 -0.733494 
0.369000 -0.733507 
0.370000 -0.733491 
0.371000 -0.733446 
0.372000 -0.733373 
0.373000 -0.733270 
0.374000 -0.733138 
0.375000 -0.732978 
0.376000 -0.732788 
0.377000 -0.732570 
0.378000 -0.732323 
0.379000 -0.732046 
0.380000 -0.731741 
0.381000 -0.731407 
0.382000 -0.731044 
0.383000 -0.730652 
0.384000 -0.730232 
0.385000 -0.729782 
0.386000 -0.729304 
0.387000 -0.728797 
0.388000 -0.728261 
0.389000 -0.727697 
0.390000 -0.727103 
0.391000 -0.726481 
0.392000 -0.725831 
0.393000 -0.725151 
0.394000 -0.724443 
0.395000 -0.723707 
0.396000 -0.722942 
0.397000 -0.722148 
0.398000 -0.721326 
0.399000 -0.720475 
0.400000 -0.719596 
0.401000 -0.718688 
0.402000 -0.717752 
0.403000 -0.716788 
0.404000 -0.715796 
0.405000 -0.714775 
0.406000 -0.713726 
0.407000 -0.712649 
0.408000 -0.711543 
0.409000 -0.710410 
0.410000 -0.709249 
0.411000 -0.708059 
0.412000 -0.706842 
0.413000 -0.705596 
0.414000 -0.704323 
0.415000 -0.703022 
0.416000 -0.701694 
0.417000 -0.700337 
0.418000 -0.698953 
0.419000 -0.697541 
0.420000 -0.696102 
0.421000 -0.694635 
0.422000 -0.693141 
0.423000 -0.691620 
0.424000 -0.690071 
0.425000 -0.688495 
0.426000 -0.686892 
0.427000 -0.685262 
0.428000 -0.683604 
0.429000 -0.681920 
0.430000 -0.680209 
0.431000 -0.678470 
0.432000 -0.676706 
0.433000 -0.674914 
0.434000 -0.673096 
0.435000 -0.671251 
0.436000 -0.669379 
0.437000 -0.667482 
0.438000 -0.665558 
0.439000 -0.663607 
0.440000 -0.661631 
0.441000 -0.659628 
0.442000 -0.657599 
0.443000 -0.655544 
0.444000 -0.653464 
0.445000 -0.651357 
0.446000 -0.649225 
0.447000 -0.647067 
0.448000 -0.644884 
0.449000 -0.642675 
0.450000 -0.640441 
0.451000 -0.638182 
0.452000 -0.635897 
0.453000 -0.633588 
0.454000 -0.631253 
0.455000 -0.628893 
0.456000 -0.626509 
0.457000 -0.624100 
0.458000 -0.621666 
0.459000 -0.619207 
0.460000 -0.616725 
0.461000 -0.614217 
0.462000 -0.611686 
0.463000 -0.609130 
0.464000 -0.606551 
0.465000 -0.603947 
0.466000 -0.601320 
0.467000 -0.598669 
0.468000 -0.595994 
0.469000 -0.593296 
0.470000 -0.590574 
0.471000 -0.587829 
0.472000 -0.585061 
0.473000 -0.582269 
0.474000 -0.579455 
0.475000 -0.576618 
0.476000 -0.573758 
0.477000 -0.570875 
0.478000 -0.567970 
0.479000 -0.565042 
0.480000 -0.562093 
0.481000 -0.559120 
0.482000 -0.556126 
0.483000 -0.553110 
0.484000 -0.550072 
0.485000 -0.547013 
0.486000 -0.543931 
0.487000 -0.540829 
0.488000 -0.537705 
0.489000 -0.534559 
0.490000 -0.531393 
0.491000 -0.528205 
0.492000 -0.524997 
0.493000 -0.521768 
0.494000 -0.518519 
0.495000 -0.515249 
0.496000 -0.511958 
0.497000 -0.508648 
0.498000 -0.505317 
0.499000 -0.501966 
0.500000 -0.498596 
0.501000 -0.495206 
0.502000 -0.491796 
0.503000 -0.488367 
0.504000 -0.484919 
0.505000 -0.481451 
0.506000 -0.477965 
0.507000 -0.474459 
0.508000 -0.470935 
0.509000 -0.467392 
0.510000 -0.463831 
0.511000 -0.460252 
0.512000 -0.456654 
0.513000 -0.453039 
0.514000 -0.449405 
0.515000 -0.445754 
0.516000 -0.442085 
0.517000 -0.438398 
0.518000 -0.434695 
0.519000 -0.430974 
0.520000 -0.427236 
0.521000 -0.423481 
0.522000 -0.419710 
0.523000 -0.415922 
0.524000 -0.412118 
0.525000 -0.408297 
0.526000 -0.404460 
0.527000 -0.400607 
0.528000 -0.396739 
0.529000 -0.392855 
0.530000 -0.388955 
0.531000 -0.385040 
0.532000 -0.381110 
0.533000 -0.377164 
0.534000 -0.373204 
0.535000 -0.369229 
0.536000 -0.365239 
0.537000 -0.361235 
0.538000 -0.357217 
0.539000 -0.353185 
0.540000 -0.349139 
0.541000 -0.345079 
0.542000 -0.341005 
0.543000 -0.336918 
0.544000 -0.332817 
0.545000 -0.328704 
0.546000 -0.324577 
0.547000 -0.320438 
0.548000 -0.316286 
0.549000 -0.312121 
0.550000 -0.307944 
0.551000 -0.303755 
0.552000 -0.299555 
0.553000 -0.295342 
0.554000 -0.291117 
0.555000 -0.286881 
0.556000 -0.282634 
0.557000 -0.278376 
0.558000 -0.274106 
0.559000 -0.269826 
0.560000 -0.265535 
0.561000 -0.261234 
0.562000 -0.256922 
0.563000 -0.252600 
0.564000 -0.248268 
0.565000 -0.243927 
0.566000 -0.239575 
0.567000 -0.235215 
0.568000 -0.230845 
0.569000 -0.226466 
0.570000 -0.222078 
0.571000 -0.217681 
0.572000 -0.213275 
0.573000 -0.208862 
0.574000 -0.204439 
0.575000 -0.200009 
0.576000 -0.195571 
0.577000 -0.191126 
0.578000 -0.186672 
0.579000 -0.182212 
0.580000 -0.177744 
0.581000 -0.173269 
0.582000 -0.168787 
0.583000 -0.164299 
0.584000 -0.159804 
0.585000 -0.155303 
0.586000 -0.150795 
0.587000 -0.146282 
0.588000 -0.141763 
0.589000 -0.137238 
0.590000 -0.132708 
0.591000 -0.128173 
0.592000 -0.123633 
0.593000 -0.119087 
0.594000 -0.114538 
0.595000 -0.109983 
0.596000 -0.105424 
0.597000 -0.100861 
0.598000 -0.096294 
0.599000 -0.091724 
0.600000 -0.087149 
0.601000 -0.082571 
0.602000 -0.077990 
0.603000 -0.073406 
0.604000 -0.068819 
0.605000 -0.064229 
0.606000 -0.059637 
0.607000 -0.055043 
0.608000 -0.050446 
0.609000 -0.045847 
0.610000 -0.041246 
0.611000 -0.036644 
0.612000 -0.032040 
0.613000 -0.027435 
0.614000 -0.022829 
0.615000 -0.018222 
0.616000 -0.013615 
0.617000 -0.009006 
0.618000 -0.004398 
0.619000 0.000211 
0.620000 0.004820 
0.621000 0.009428 
0.622000 0.014036 
0.623000 0.018644 
0.624000 0.023251 
0.625000 0.027857 
0.626000 0.032462 
0.627000 0.037065 
0.628000 0.041667 
0.629000 0.046268 
0.630000 0.050866 
0.631000 0.055463 
0.632000 0.060057 
0.633000 0.064649 
0.634000 0.069239 
0.635000 0.073826 
0.636000 0.078410 
0.637000 0.082990 
0.638000 0.087568 
0.639000 0.092142 
0.640000 0.096712 
0.641000 0.101279 
0.642000 0.105842 
0.643000 0.110400 
0.644000 0.114954 
0.645000 0.119503 
0.646000 0.124048 
0.647000 0.128588 
0.648000 0.133123 
0.649000 0.137653 
0.650000 0.142177 
0.651000 0.146695 
0.652000 0.151208 
0.653000 0.155715 
0.654000 0.160215 
0.655000 0.164710 
0.656000 0.169197 
0.657000 0.173678 
0.658000 0.178153 
0.659000 0.182620 
0.660000 0.187080 
0.661000 0.191533 
0.662000 0.195978 
0.663000 0.200415 
0.664000 0.204844 
0.665000 0.209266 
0.666000 0.213679 
0.667000 0.218083 
0.668000 0.222479 
0.669000 0.226867 
0.670000 0.231245 
0.671000 0.235614 
0.672000 0.239974 
0.673000 0.244324 
0.674000 0.248665 
0.675000 0.252996 
0.676000 0.257317 
0.677000 0.261628 
0.678000 0.265928 
0.679000 0.270218 
0.680000 0.274497 
0.681000 0.278766 
0.682000 0.283023 
0.683000 0.287269 
0.684000 0.291504 
0.685000 0.295728 
0.686000 0.299939 
0.687000 0.304139 
0.688000 0.308327 
0.689000 0.312503 
0.690000 0.316666 
0.691000 0.320817 
0.692000 0.324955 
0.693000 0.329081 
0.694000 0.333193 
0.695000 0.337292 
0.696000 0.341378 
0.697000 0.345451 
0.698000 0.349509 
0.699000 0.353554 
0.700000 0.357585 
0.701000 0.361602 
0.702000 0.365605 
0.703000 0.369593 
0.704000 0.373567 
0.705000 0.377526 
0.706000 0.381470 
0.707000 0.385399 
0.708000 0.389312 
0.709000 0.393211 
0.710000 0.397093 
0.711000 0.400961 
0.712000 0.404812 
0.713000 0.408647 
0.714000 0.412466 
0.715000 0.416269 
0.716000 0.420056 
0.717000 0.423826 
0.718000 0.427579 
0.719000 0.431315 
0.720000 0.435034 
0.721000 0.438736 
0.722000 0.442421 
0.723000 0.446088 
0.724000 0.449738 
0.725000 0.453370 
0.726000 0.456984 
0.727000 0.460580 
0.728000 0.464158 
0.729000 0.467717 
0.730000 0.471258 
0.731000 0.474781 
0.732000 0.478284 
0.733000 0.481769 
0.734000 0.485235 
0.735000 0.488682 
0.736000 0.492109 
0.737000 0.495517 
0.738000 0.498905 
0.739000 0.502274 
0.740000 0.505623 
0.741000 0.508951 
0.742000 0.512260 
0.743000 0.515549 
0.744000 0.518817 
0.745000 0.522064 
0.746000 0.525292 
0.747000 0.528498 
0.748000 0.531683 
0.749000 0.534848 
0.750000 0.537991 
0.751000 0.541113 
0.752000 0.544214 
0.753000 0.547293 
0.754000 0.550351 
0.755000 0.553387 
0.756000 0.556401 
0.757000 0.559393 
0.758000 0.562363 
0.759000 0.565311 
0.760000 0.568237 
0.761000 0.571140 
0.762000 0.574020 
0.763000 0.576878 
0.764000 0.579713 
0.765000 0.582526 
0.766000 0.585315 
0.767000 0.588081 
0.768000 0.590824 
0.769000 0.593543 
0.770000 0.596240 
0.771000 0.598912 
0.772000 0.601561 
0.773000 0.604186 
0.774000 0.606788 
0.775000 0.609365 
0.776000 0.611919 
0.777000 0.614448 
0.778000 0.616953 
0.779000 0.619433 
0.780000 0.621889 
0.781000 0.624321 
0.782000 0.626728 
0.783000 0.629110 
0.784000 0.631468 
0.785000 0.633800 
0.786000 0.636107 
0.787000 0.638390 
0.788000 0.640647 
0.789000 0.642879 
0.790000 0.645085 
0.791000 0.647266 
0.792000 0.649421 
0.793000 0.651551 
0.794000 0.653655 
0.795000 0.655733 
0.796000 0.657786 
0.797000 0.659812 
0.798000 0.661812 
0.799000 0.663787 
0.800000 0.665735 
0.801000 0.667656 
0.802000 0.669552 
0.803000 0.671421 
0.804000 0.673263 
0.805000 0.675079 
0.806000 0.676868 
0.807000 0.678631 
0.808000 0.680366 
0.809000 0.682075 
0.810000 0.683757 
0.811000 0.685412 
0.812000 0.687040 
0.813000 0.688640 
0.814000 0.690214 
0.815000 0.691760 
0.816000 0.693279 
0.817000 0.694771 
0.818000 0.696235 
0.819000 0.697672 
0.820000 0.699081 
0.821000 0.700462 
0.822000 0.701816 
0.823000 0.703142 
0.824000 0.704441 
0.825000 0.705711 
0.826000 0.706954 
0.827000 0.708169 
0.828000 0.709356 
0.829000 0.710515 
0.830000 0.711646 
0.831000 0.712748 
0.832000 0.713823 
0.833000 0.714869 
0.834000 0.715888 
0.835000 0.716878 
0.836000 0.717839 
0.837000 0.718773 
0.838000 0.719677 
0.839000 0.720554 
0.840000 0.721402 
0.841000 0.722222 
0.842000 0.723013 
0.843000 0.723775 
0.844000 0.724509 
0.845000 0.725215 
0.846000 0.725891 
0.847000 0.726539 
0.848000 0.727159 
0.849000 0.727749 
0.850000 0.728311 
0.851000 0.728845 
0.852000 0.729349 
0.853000 0.729825 
0.854000 0.730271 
0.855000 0.730689 
0.856000 0.731079 
0.857000 0.731439 
0.858000 0.731770 
0.859000 0.732073 
0.860000 0.732346 
0.861000 0.732591 
0.862000 0.732807 
0.863000 0.732994 
0.864000 0.733152 
0.865000 0.733281 
0.866000 0.733381 
0.867000 0.733452 
0.868000 0.733494 
0.869000 0.733507 
0.870000 0.733491 
0.871000 0.733446 
0.872000 0.733373 
0.873000 0.733270 
0.874000 0.733138 
0.875000 0.732978 
0.876000 0.732788 
0.877000 0.732570 
0.878000 0.732323 
0.879000 0.732046 
0.880000 0.731741 
0.881000 0.731407 
0.882000 0.731044 
0.883000 0.730652 
0.884000 0.730232 
0.885000 0.729782 
0.886000 0.729304 
0.887000 0.728797 
0.888000 0.728261 
0.889000 0.727697 
0.890000 0.727103 
0.891000 0.726481 
0.892000 0.725831 
0.893000 0.725151 
0.894000 0.724443 
0.895000 0.723707 
0.896000 0.722942 
0.897000 0.722148 
0.898000 0.721326 
0.899000 0.720475 
0.900000 0.719596 
0.901000 0.718688 
0.902000 0.717752 
0.903000 0.716788 
0.904000 0.715796 
0.905000 0.714775 
0.906000 0.713726 
0.907000 0.712649 
0.908000 0.711543 
0.909000 0.710410 
0.910000 0.709249 
0.911000 0.708059 
0.912000 0.706842 
0.913000 0.705596 
0.914000 0.704323 
0.915000 0.703022 
0.916000 0.701694 
0.917000 0.700337 
0.918000 0.698953 
0.919000 0.697541 
0.920000 0.696102 
0.921000 0.694635 
0.922000 0.693141 
0.923000 0.691620 
0.924000 0.690071 
0.925000 0.688495 
0.926000 0.686892 
0.927000 0.685262 
0.928000 0.683604 
0.929000 0.681920 
0.930000 0.680209 
0.931000 0.678470 
0.932000 0.676706 
0.933000 0.674914 
0.934000 0.673096 
0.935000 0.671251 
0.936000 0.669379 
0.937000 0.667482 
0.938000 0.665558 
0.939000 0.663607 
0.940000 0.661631 
0.941000 0.659628 
0.942000 0.657599 
0.943000 0.655544 
0.944000 0.653464 
0.945000 0.651357 
0.946000 0.649225 
0.947000 0.647067 
0.948000 0.644884 
0.949000 0.642675 
0.950000 0.640441 
0.951000 0.638182 
0.952000 0.635897 
0.953000 0.633588 
0.954000 0.631253 
0.955000 0.628893 
0.956000 0.626509 
0.957000 0.624100 
0.958000 0.621666 
0.959000 0.619207 
0.960000 0.616725 
0.961000 0.614217 
0.962000 0.611686 
0.963000 0.609130 
0.964000 0.606551 
0.965000 0.603947 
0.966000 0.601320 
0.967000 0.598669 
0.968000 0.595994 
0.969000 0.593296 
0.970000 0.590574 
0.971000 0.587829 
0.972000 0.585061 
0.973000 0.582269 
0.974000 0.579455 
0.975000 0.576618 
0.976000 0.573758 
0.977000 0.570875 
0.978000 0.567970 
0.979000 0.565042 
0.980000 0.562093 
0.981000 0.559120 
0.982000 0.556126 
0.983000 0.553110 
0.984000 0.550072 
0.985000 0.547013 
0.986000 0.543931 
0.987000 0.540829 
0.988000 0.537705 
0.989000 0.534559 
0.990000 0.531393 
0.991000 0.528205 
0.992000 0.524997 
0.993000 0.521768 
0.994000 0.518519 
0.995000 0.515249 
0.996000 0.511958 
0.997000 0.508648 
0.998000 0.505317 
0.999000 0.501966 
1.000000 0.498596 
1.001000 0.495206 
1.002000 0.491796 
1.003000 0.488367 
1.004000 0.484919 
1.005000 0.481451 
1.006000 0.477965 
1.007000 0.474459 
1.008000 0.470935 
1.009000 0.467392 
1.010000 0.463831 
1.011000 0.460252 
1.012000 0.456654 
1.013000 0.453039 
1.014000 0.449405 
1.015000 0.445754 
1.016000 0.442085 
1.017000 0.438398 
1.018000 0.434695 
1.019000 0.430974 
1.020000 0.427236 
1.021000 0.423481 
1.022000 0.419710 
1.023000 0.415922 
1.024000 0.412118 
1.025000 0.408297 
1.026000 0.404460 
1.027000 0.400607 
1.028000 0.396739 
1.029000 0.392855 
1.030000 0.388955 
1.031000 0.385040 
1.032000 0.381110 
1.033000 0.377164 
1.034000 0.373204 
1.035000 0.369229 
1.036000 0.365239 
1.037000 0.361235 
1.038000 0.357217 
1.039000 0.353185 
1.040000 0.349139 
1.041000 0.345079 
1.042000 0.341005 
1.043000 0.336918 
1.044000 0.332817 
1.045000 0.328704 
1.046000 0.324577 
1.047000 0.320438 
1.048000 0.316286 
1.049000 0.312121 
1.050000 0.307944 
1.051000 0.303755 
1.052000 0.299555 
1.053000 0.295342 
1.054000 0.291117 
1.055000 0.286881 
1.056000 0.282634 
1.057000 0.278376 
1.058000 0.274106 
1.059000 0.269826 
1.060000 0.265535 
1.061000 0.261234 
1.062000 0.256922 
1.063000 0.252600 
1.064000 0.248268 
1.065000 0.243927 
1.066000 0.239575 
1.067000 0.235215 
1.068000 0.230845 
1.069000 0.226466 
1.070000 0.222078 
1.071000 0.217681 
1.072000 0.213275 
1.073000 0.208862 
1.074000 0.204439 
1.075000 0.200009 
1.076000 0.195571 
1.077000 0.191126 
1.078000 0.186672 
1.079000 0.182212 
1.080000 0.177744 
1.081000 0.173269 
1.082000 0.168787 
1.083000 0.164299 
1.084000 0.159804 
1.085000 0.155303 
1.086000 0.150795 
1.087000 0.146282 
1.088000 0.141763 
1.089000 0.137238 
1.090000 0.132708 
1.091000 0.128173 
1.092000 0.123633 
1.093000 0.119087 
1.094000 0.114538 
1.095000 0.109983 
1.096000 0.105424 
1.097000 0.100861 
1.098000 0.096294 
1.099000 0.091724 
1.100000 0.087149 
1.101000 0.082571 
1.102000 0.077990 
1.103000 0.073406 
1.104000 0.068819 
1.105000 0.064229 
1.106000 0.059637 
1.107000 0.055043 
1.108000 0.050446 
1.109000 0.045847 
1.110000 0.041246 
1.111000 0.036644 
1.112000 0.032040 
1.113000 0.027435 
1.114000 0.022829 
1.115000 0.018222 
1.116000 0.013615 
1.117000 0.009006 
1.118000 0.004398 
1.119000 -0.000211 
1.120000 -0.004820 
1.121000 -0.009428 
1.122000 -0.014036 
1.123000 -0.018644 
1.124000 -0.023251 
1.125000 -0.027857 
1.126000 -0.032462 
1.127000 -0.037065 
1.128000 -0.041667 
1.129000 -0.046268 
1.130000 -0.050866 
1.131000 -0.055463 
1.132000 -0.060057 
1.133000 -0.064649 
1.134000 -0.069239 
1.135000 -0.073826 
1.136000 -0.078410 
1.137000 -0.082990 
1.138000 -0.087568 
1.139000 -0.092142 
1.140000 -0.096712 
1.141000 -0.101279 
1.142000 -0.105842 
1.143000 -0.110400 
1.144000 -0.114954 
1.145000 -0.119503 
1.146000 -0.124048 
1.147000 -0.128588 
1.148000 -0.133123 
1.149000 -0.137653 
1.150000 -0.142177 
1.151000 -0.146695 
1.152000 -0.151208 
1.153000 -0.155715 
1.154000 -0.160215 
1.155000 -0.164710 
1.156000 -0.169197 
1.157000 -0.173678 
1.158000 -0.178153 
1.159000 -0.182620 
1.160000 -0.187080 
1.161000 -0.191533 
1.162000 -0.195978 
1.163000 -0.200415 
1.164000 -0.204844 
1.165000 -0.209266 
1.166000 -0.213679 
1.167000 -0.218083 
1.168000 -0.222479 
1.169000 -0.226867 
1.170000 -0.231245 
1.171000 -0.235614 
1.172000 -0.239974 
1.173000 -0.244324 
1.174000 -0.248665 
1.175000 -0.252996 
1.176000 -0.257317 
1.177000 -0.261628 
1.178000 -0.265928 
1.179000 -0.270218 
1.180000 -0.274497 
1.181000 -0.278766 
1.182000 -0.283023 
1.183000 -0.287269 
1.184000 -0.291504 
1.185000 -0.295728 
1.186000 -0.299939 
1.187000 -0.304139 
1.188000 -0.308327 
1.189000 -0.312503 
1.190000 -0.316666 
1.191000 -0.320817 
1.192000 -0.324955 
1.193000 -0.329081 
1.194000 -0.333193 
1.195000 -0.337292 
1.196000 -0.341378 
1.197000 -0.345451 
1.198000 -0.349509 
1.199000 -0.353554 
1.200000 -0.357585 
1.201000 -0.361602 
1.202000 -0.365605 
1.203000 -0.369593 
1.204000 -0.373567 
1.205000 -0.377526 
1.206000 -0.381470 
1.207000 -0.385399 
1.208000 -0.389312 
1.209000 -0.393211 
1.210000 -0.397093 
1.211000 -0.400961 
1.212000 -0.404812 
1.213000 -0.408647 
1.214000 -0.412466 
1.215000 -0.416269 
1.216000 -0.420056 
1.217000 -0.423826 
1.218000 -0.427579 
1.219000 -0.431315 
1.220000 -0.435034 
1.221000 -0.438736 
1.222000 -0.442421 
1.223000 -0.446088 
1.224000 -0.449738 
1.225000 -0.453370 
1.226000 -0.456984 
1.227000 -0.460580 
1.228000 -0.464158 
1.229000 -0.467717 
1.230000 -0.471258 
1.231000 -0.474781 
1.232000 -0.478284 
1.233000 -0.481769 
1.234000 -0.485235 
1.235000 -0.488682 
1.236000 -0.492109 
1.237000 -0.495517 
1.238000 -0.498905 
1.239000 -0.502274 
1.240000 -0.505623 
1.241000 -0.508951 
1.242000 -0.512260 
1.243000 -0.515549 
1.244000 -0.518817 
1.245000 -0.522064 
1.246000 -0.525292 
1.247000 -0.528498 
1.248000 -0.531683 
1.249000 -0.534848 
1.250000 -0.537991 
1.251000 -0.541113 
1.252000 -0.544214 
1.253000 -0.547293 
1.254000 -0.550351 
1.255000 -0.553387 
1.256000 -0.556401 
1.257000 -0.559393 
1.258000 -0.562363 
1.259000 -0.565311 
1.260000 -0.568237 
1.261000 -0.571140 
1.262000 -0.574020 
1.263000 -0.576878 
1.264000 -0.579713 
1.265000 -0.582526 
1.266000 -0.585315 
1.267000 -0.588081 
1.268000 -0.590824 
1.269000 -0.593543 
1.270000 -0.596240 
1.271000 -0.598912 
1.272000 -0.601561 
1.273000 -0.604186 
1.274000 -0.606788 
1.275000 -0.609365 
1.276000 -0.611919 
1.277000 -0.614448 
1.278000 -0.616953 
1.279000 -0.619433 
1.280000 -0.621889 
1.281000 -0.624321 
1.282000 -0.626728 
1.283000 -0.629110 
1.284000 -0.631468 
1.285000 -0.633800 
1.286000 -0.636107 
1.287000 -0.638390 
1.288000 -0.640647 
1.289000 -0.642879 
1.290000 -0.645085 
1.291000 -0.647266 
1.292000 -0.649421 
1.293000 -0.651551 
1.294000 -0.653655 
1.295000 -0.655733 
1.296000 -0.657786 
1.297000 -0.659812 
1.298000 -0.661812 
1.299000 -0.663787 
1.300000 -0.665735 
1.301000 -0.667656 
1.302000 -0.669552 
1.303000 -0.671421 
1.304000 -0.673263 
1.305000 -0.675079 
1.306000 -0.676868 
1.307000 -0.678631 
1.308000 -0.680366 
1.309000 -0.682075 
1.310000 -0.683757 
1.311000 -0.685412 
1.312000 -0.687040 
1.313000 -0.688640 
1.314000 -0.690214 
1.315000 -0.691760 
1.316000 -0.693279 
1.317000 -0.694771 
1.318000 -0.696235 
1.319000 -0.697672 
1.320000 -0.699081 
1.321000 -0.700462 
1.322000 -0.701816 
1.323000 -0.703142 
1.324000 -0.704441 
1.325000 -0.705711 
1.326000 -0.706954 
1.327000 -0.708169 
1.328000 -0.709356 
1.329000 -0.710515 
1.330000 -0.711646 
1.331000 -0.712748 
1.332000 -0.713823 
1.333000 -0.714869 
1.334000 -0.715888 
1.335000 -0.716878 
1.336000 -0.717839 
1.337000 -0.718773 
1.338000 -0.719677 
1.339000 -0.720554 
1.340000 -0.721402 
1.341000 -0.722222 
1.342000 -0.723013 
1.343000 -0.723775 
1.344000 -0.724509 
1.345000 -0.725215 
1.346000 -0.725891 
1.347000 -0.726539 
1.348000 -0.727159 
1.349000 -0.727749 
1.350000 -0.728311 
1.351000 -0.728845 
1.352000 -0.729349 
1.353000 -0.729825 
1.354000 -0.730271 
1.355000 -0.730689 
1.356000 -0.731079 
1.357000 -0.731439 
1.358000 -0.731770 
1.359000 -0.732073 
1.360000 -0.732346 
1.361000 -0.732591 
1.362000 -0.732807 
1.363000 -0.732994 
1.364000 -0.733152 
1.365000 -0.733281 
1.366000 -0.733381 
1.367000 -0.733452 
1.368000 -0.733494 
1.369000 -0.733507 
1.370000 -0.733491 
1.371000 -0.733446 
1.372000 -0.733373 
1.373000 -0.733270 
1.374000 -0.733138 
1.375000 -0.732978 
1.376000 -0.732788 
1.377000 -0.732570 
1.378000 -0.732323 
1.379000 -0.732046 
1.380000 -0.731741 
1.381000 -0.731407 
1.382000 -0.731044 
1.383000 -0.730652 
1.384000 -0.730232 
1.385000 -0.729782 
1.386000 -0.729304 
1.387000 -0.728797 
1.388000 -0.728261 
1.389000 -0.727697 
1.390000 -0.727103 
1.391000 -0.726481 
1.392000 -0.725831 
1.393000 -0.725151 
1.394000 -0.724443 
1.395000 -0.723707 
1.396000 -0.722942 
1.397000 -0.722148 
1.398000 -0.721326 
1.399000 -0.720475 
1.400000 -0.719596 
1.401000 -0.718688 
1.402000 -0.717752 
1.403000 -0.716788 
1.404000 -0.715796 
1.405000 -0.714775 
1.406000 -0.713726 
1.407000 -0.712649 
1.408000 -0.711543 
1.409000 -0.710410 
1.410000 -0.709249 
1.411000 -0.708059 
1.412000 -0.706842 
1.413000 -0.705596 
1.414000 -0.704323 
1.415000 -0.703022 
1.416000 -0.701694 
1.417000 -0.700337 
1.418000 -0.698953 
1.419000 -0.697541 
1.420000 -0.696102 
1.421000 -0.694635 
1.422000 -0.693141 
1.423000 -0.691620 
1.424000 -0.690071 
1.425000 -0.688495 
1.426000 -0.686892 
1.427000 -0.685262 
1.428000 -0.683604 
1.429000 -0.681920 
1.430000 -0.680209 
1.431000 -0.678470 
1.432000 -0.676706 
1.433000 -0.674914 
1.434000 -0.673096 
1.435000 -0.671251 
1.436000 -0.669379 
1.437000 -0.667482 
1.438000 -0.665558 
1.439000 -0.663607 
1.440000 -0.661631 
1.441000 -0.659628 
1.442000 -0.657599 
1.443000 -0.655544 
1.444000 -0.653464 
1.445000 -0.651357 
1.446000 -0.649225 
1.447000 -0.647067 
1.448000 -0.644884 
1.449000 -0.642675 
1.450000 -0.640441 
1.451000 -0.638182 
1.452000 -0.635897 
1.453000 -0.633588 
1.454000 -0.631253 
1.455000 -0.628893 
1.456000 -0.626509 
1.457000 -0.624100 
1.458000 -0.621666 
1.459000 -0.619207 
1.460000 -0.616725 
1.461000 -0.614217 
1.462000 -0.611686 
1.463000 -0.609130 
1.464000 -0.606551 
1.465000 -0.603947 
1.466000 -0.601320 
1.467000 -0.598669 
1.468000 -0.595994 
1.469000 -0.593296 
1.470000 -0.590574 
1.471000 -0.587829 
1.472000 -0.585061 
1.473000 -0.582269 
1.474000 -0.579455 
1.475000 -0.576618 
1.476000 -0.573758 
1.477000 -0.570875 
1.478000 -0.567970 
1.479000 -0.565042 
1.480000 -0.562093 
1.481000 -0.559120 
1.482000 -0.556126 
1.483000 -0.553110 
1.484000 -0.550072 
1.485000 -0.547013 
1.486000 -0.543931 
1.487000 -0.540829 
1.488000 -0.537705 
1.489000 -0.534559 
1.490000 -0.531393 
1.491000 -0.528205 
1.492000 -0.524997 
1.493000 -0.521768 
1.494000 -0.518519 
1.495000 -0.515249 
1.496000 -0.511958 
1.497000 -0.508648 
1.498000 -0.505317 
1.499000 -0.501966 
