descriptor Tc_phase m_phase 
-1.500000 -0.000000 
-1.499000 0.004609 
-1.498000 0.009217 
-1.497000 0.013825 
-1.496000 0.018433 
-1.495000 0.023040 
-1.494000 0.027646 
-1.493000 0.032251 
-1.492000 0.036855 
-1.491000 0.041457 
-1.490000 0.046057 
-1.489000 0.050656 
-1.488000 0.055253 
-1.487000 0.059847 
-1.486000 0.064439 
-1.485000 0.069029 
-1.484000 0.073616 
-1.483000 0.078200 
-1.482000 0.082781 
-1.481000 0.087359 
-1.480000 0.091933 
-1.479000 0.096503 
-1.478000 0.101070 
-1.477000 0.105633 
-1.476000 0.110192 
-1.475000 0.114746 
-1.474000 0.119295 
-1.473000 0.123841 
-1.472000 0.128381 
-1.471000 0.132916 
-1.470000 0.137445 
-1.469000 0.141970 
-1.468000 0.146489 
-1.467000 0.151002 
-1.466000 0.155509 
-1.465000 0.160010 
-1.464000 0.164504 
-1.463000 0.168992 
-1.462000 0.173474 
-1.461000 0.177948 
-1.460000 0.182416 
-1.459000 0.186876 
-1.458000 0.191329 
-1.457000 0.195774 
-1.456000 0.200212 
-1.455000 0.204642 
-1.454000 0.209064 
-1.453000 0.213477 
-1.452000 0.217882 
-1.451000 0.222278 
-1.450000 0.226666 
-1.449000 0.231045 
-1.448000 0.235414 
-1.447000 0.239775 
-1.446000 0.244125 
-1.445000 0.248467 
-1.444000 0.252798 
-1.443000 0.257119 
-1.442000 0.261431 
-1.441000 0.265731 
-1.440000 0.270022 
-1.439000 0.274302 
-1.438000 0.278571 
-1.437000 0.282829 
-1.436000 0.287075 
-1.435000 0.291311 
-1.434000 0.295535 
-1.433000 0.299747 
-1.432000 0.303947 
-1.431000 0.308136 
-1.430000 0.312312 
-1.429000 0.316476 
-1.428000 0.320627 
-1.427000 0.324766 
-1.426000 0.328892 
-1.425000 0.333005 
-1.424000 0.337105 
-1.423000 0.341192 
-1.422000 0.345265 
-1.421000 0.349324 
-1.420000 0.353370 
-1.419000 0.357401 
-1.418000 0.361419 
-1.417000 0.365422 
-1.416000 0.369411 
-1.415000 0.373385 
-1.414000 0.377345 
-1.413000 0.381290 
-1.412000 0.385219 
-1.411000 0.389134 
-1.410000 0.393033 
-1.409000 0.396916 
-1.408000 0.400784 
-1.407000 0.404636 
-1.406000 0.408472 
-1.405000 0.412292 
-1.404000 0.416096 
-1.403000 0.419883 
-1.402000 0.423654 
-1.401000 0.427408 
-1.400000 0.431145 
-1.399000 0.434865 
-1.398000 0.438567 
-1.397000 0.442253 
-1.396000 0.445921 
-1.395000 0.449572 
-1.394000 0.453204 
-1.393000 0.456819 
-1.392000 0.460416 
-1.391000 0.463995 
-1.390000 0.467555 
-1.389000 0.471097 
-1.388000 0.474620 
-1.387000 0.478125 
-1.386000 0.481610 
-1.385000 0.485077 
-1.384000 0.488524 
-1.383000 0.491953 
-1.382000 0.495361 
-1.381000 0.498751 
-1.380000 0.502120 
-1.379000 0.505470 
-1.378000 0.508800 
-1.377000 0.512109 
-1.376000 0.515399 
-1.375000 0.518668 
-1.374000 0.521916 
-1.373000 0.525144 
-1.372000 0.528352 
-1.371000 0.531538 
-1.370000 0.534704 
-1.369000 0.537848 
-1.368000 0.540971 
-1.367000 0.544073 
-1.366000 0.547153 
-1.365000 0.550212 
-1.364000 0.553249 
-1.363000 0.556264 
-1.362000 0.559257 
-1.361000 0.562228 
-1.360000 0.565177 
-1.359000 0.568103 
-1.358000 0.571008 
-1.357000 0.573889 
-1.356000 0.576748 
-1.355000 0.579584 
-1.354000 0.582397 
-1.353000 0.585188 
-1.352000 0.587955 
-1.351000 0.590699 
-1.350000 0.593420 
-1.349000 0.596117 
-1.348000 0.598791 
-1.347000 0.601441 
-1.346000 0.604067 
-1.345000 0.606669 
-1.344000 0.609248 
-1.343000 0.611802 
-1.342000 0.614333 
-1.341000 0.616839 
-1.340000 0.619320 
-1.339000 0.621778 
-1.338000 0.624210 
-1.337000 0.626618 
-1.336000 0.629002 
-1.335000 0.631360 
-1.334000 0.633694 
-1.333000 0.636002 
-1.332000 0.638286 
-1.331000 0.640544 
-1.330000 0.642777 
-1.329000 0.644985 
-1.328000 0.647167 
-1.327000 0.649323 
-1.326000 0.651454 
-1.325000 0.653559 
-1.324000 0.655639 
-1.323000 0.657692 
-1.322000 0.659720 
-1.321000 0.661722 
-1.320000 0.663697 
-1.319000 0.665646 
-1.318000 0.667569 
-1.317000 0.669466 
-1.316000 0.671336 
-1.315000 0.673179 
-1.314000 0.674996 
-1.313000 0.676787 
-1.312000 0.678551 
-1.311000 0.680287 
-1.310000 0.681998 
-1.309000 0.683681 
-1.308000 0.685337 
-1.307000 0.686966 
-1.306000 0.688568 
-1.305000 0.690143 
-1.304000 0.691690 
-1.303000 0.693210 
-1.302000 0.694703 
-1.301000 0.696169 
-1.300000 0.697607 
-1.299000 0.699017 
-1.298000 0.700400 
-1.297000 0.701755 
-1.296000 0.703082 
-1.295000 0.704382 
-1.294000 0.705654 
-1.293000 0.706898 
-1.292000 0.708114 
-1.291000 0.709302 
-1.290000 0.710462 
-1.289000 0.711595 
-1.288000 0.712699 
-1.287000 0.713775 
-1.286000 0.714822 
-1.285000 0.715842 
-1.284000 0.716833 
-1.283000 0.717796 
-1.282000 0.718730 
-1.281000 0.719637 
-1.280000 0.720515 
-1.279000 0.721364 
-1.278000 0.722185 
-1.277000 0.722977 
-1.276000 0.723741 
-1.275000 0.724476 
-1.274000 0.725183 
-1.273000 0.725861 
-1.272000 0.726510 
-1.271000 0.727131 
-1.270000 0.727723 
-1.269000 0.728286 
-1.268000 0.728821 
-1.267000 0.729327 
-1.266000 0.729803 
-1.265000 0.730252 
-1.264000 0.730671 
-1.263000 0.731061 
-1.262000 0.731423 
-1.261000 0.731756 
-1.260000 0.732060 
-1.259000 0.732334 
-1.258000 0.732580 
-1.257000 0.732798 
-1.256000 0.732986 
-1.255000 0.733145 
-1.254000 0.733275 
-1.253000 0.733377 
-1.252000 0.733449 
-1.251000 0.733492 
-1.250000 0.733507 
-1.249000 0.733492 
-1.248000 0.733449 
-1.247000 0.733377 
-1.246000 0.733275 
-1.245000 0.733145 
-1.244000 0.732986 
-1.243000 0.732798 
-1.242000 0.732580 
-1.241000 0.732334 
-1.240000 0.732060 
-1.239000 0.731756 
-1.238000 0.731423 
-1.237000 0.731061 
-1.236000 0.730671 
-1.235000 0.730252 
-1.234000 0.729803 
-1.233000 0.729327 
-1.232000 0.728821 
-1.231000 0.728286 
-1.230000 0.727723 
-1.229000 0.727131 
-1.228000 0.726510 
-1.227000 0.725861 
-1.226000 0.725183 
-1.225000 0.724476 
-1.224000 0.723741 
-1.223000 0.722977 
-1.222000 0.722185 
-1.221000 0.721364 
-1.220000 0.720515 
-1.219000 0.719637 
-1.218000 0.718730 
-1.217000 0.717796 
-1.216000 0.716833 
-1.215000 0.715842 
-1.214000 0.714822 
-1.213000 0.713775 
-1.212000 0.712699 
-1.211000 0.711595 
-1.210000 0.710462 
-1.209000 0.709302 
-1.208000 0.708114 
-1.207000 0.706898 
-1.206000 0.705654 
-1.205000 0.704382 
-1.204000 0.703082 
-1.203000 0.701755 
-1.202000 0.700400 
-1.201000 0.699017 
-1.200000 0.697607 
-1.199000 0.696169 
-1.198000 0.694703 
-1.197000 0.693210 
-1.196000 0.691690 
-1.195000 0.690143 
-1.194000 0.688568 
-1.193000 0.686966 
-1.192000 0.685337 
-1.191000 0.683681 
-1.190000 0.681998 
-1.189000 0.680287 
-1.188000 0.678551 
-1.187000 0.676787 
-1.186000 0.674996 
-1.185000 0.673179 
-1.184000 0.671336 
-1.183000 0.669466 
-1.182000 0.667569 
-1.181000 0.665646 
-1.180000 0.663697 
-1.179000 0.661722 
-1.178000 0.659720 
-1.177000 0.657692 
-1.176000 0.655639 
-1.175000 0.653559 
-1.174000 0.651454 
-1.173000 0.649323 
-1.172000 0.647167 
-1.171000 0.644985 
-1.170000 0.642777 
-1.169000 0.640544 
-1.168000 0.638286 
-1.167000 0.636002 
-1.166000 0.633694 
-1.165000 0.631360 
-1.164000 0.629002 
-1.163000 0.626618 
-1.162000 0.624210 
-1.161000 0.621778 
-1.160000 0.619320 
-1.159000 0.616839 
-1.158000 0.614333 
-1.157000 0.611802 
-1.156000 0.609248 
-1.155000 0.606669 
-1.154000 0.604067 
-1.153000 0.601441 
-1.152000 0.598791 
-1.151000 0.596117 
-1.150000 0.593420 
-1.149000 0.590699 
-1.148000 0.587955 
-1.147000 0.585188 
-1.146000 0.582397 
-1.145000 0.579584 
-1.144000 0.576748 
-1.143000 0.573889 
-1.142000 0.571008 
-1.141000 0.568103 
-1.140000 0.565177 
-1.139000 0.562228 
-1.138000 0.559257 
-1.137000 0.556264 
-1.136000 0.553249 
-1.135000 0.550212 
-1.134000 0.547153 
-1.133000 0.544073 
-1.132000 0.540971 
-1.131000 0.537848 
-1.130000 0.534704 
-1.129000 0.531538 
-1.128000 0.528352 
-1.127000 0.525144 
-1.126000 0.521916 
-1.125000 0.518668 
-1.124000 0.515399 
-1.123000 0.512109 
-1.122000 0.508800 
-1.121000 0.505470 
-1.120000 0.502120 
-1.119000 0.498751 
-1.118000 0.495361 
-1.117000 0.491953 
-1.116000 0.488524 
-1.115000 0.485077 
-1.114000 0.481610 
-1.113000 0.478125 
-1.112000 0.474620 
-1.111000 0.471097 
-1.110000 0.467555 
-1.109000 0.463995 
-1.108000 0.460416 
-1.107000 0.456819 
-1.106000 0.453204 
-1.105000 0.449572 
-1.104000 0.445921 
-1.103000 0.442253 
-1.102000 0.438567 
-1.101000 0.434865 
-1.100000 0.431145 
-1.099000 0.427408 
-1.098000 0.423654 
-1.097000 0.419883 
-1.096000 0.416096 
-1.095000 0.412292 
-1.094000 0.408472 
-1.093000 0.404636 
-1.092000 0.400784 
-1.091000 0.396916 
-1.090000 0.393033 
-1.089000 0.389134 
-1.088000 0.385219 
-1.087000 0.381290 
-1.086000 0.377345 
-1.085000 0.373385 
-1.084000 0.369411 
-1.083000 0.365422 
-1.082000 0.361419 
-1.081000 0.357401 
-1.080000 0.353370 
-1.079000 0.349324 
-1.078000 0.345265 
-1.077000 0.341192 
-1.076000 0.337105 
-1.075000 0.333005 
-1.074000 0.328892 
-1.073000 0.324766 
-1.072000 0.320627 
-1.071000 0.316476 
-1.070000 0.312312 
-1.069000 0.308136 
-1.068000 0.303947 
-1.067000 0.299747 
-1.066000 0.295535 
-1.065000 0.291311 
-1.064000 0.287075 
-1.063000 0.282829 
-1.062000 0.278571 
-1.061000 0.274302 
-1.060000 0.270022 
-1.059000 0.265731 
-1.058000 0.261431 
-1.057000 0.257119 
-1.056000 0.252798 
-1.055000 0.248467 
-1.054000 0.244125 
-1.053000 0.239775 
-1.052000 0.235414 
-1.051000 0.231045 
-1.050000 0.226666 
-1.049000 0.222278 
-1.048000 0.217882 
-1.047000 0.213477 
-1.046000 0.209064 
-1.045000 0.204642 
-1.044000 0.200212 
-1.043000 0.195774 
-1.042000 0.191329 
-1.041000 0.186876 
-1.040000 0.182416 
-1.039000 0.177948 
-1.038000 0.173474 
-1.037000 0.168992 
-1.036000 0.164504 
-1.035000 0.160010 
-1.034000 0.155509 
-1.033000 0.151002 
-1.032000 0.146489 
-1.031000 0.141970 
-1.030000 0.137445 
-1.029000 0.132916 
-1.028000 0.128381 
-1.027000 0.123841 
-1.026000 0.119295 
-1.025000 0.114746 
-1.024000 0.110192 
-1.023000 0.105633 
-1.022000 0.101070 
-1.021000 0.096503 
-1.020000 0.091933 
-1.019000 0.087359 
-1.018000 0.082781 
-1.017000 0.078200 
-1.016000 0.073616 
-1.015000 0.069029 
-1.014000 0.064439 
-1.013000 0.059847 
-1.012000 0.055253 
-1.011000 0.050656 
-1.010000 0.046057 
-1.009000 0.041457 
-1.008000 0.036855 
-1.007000 0.032251 
-1.006000 0.027646 
-1.005000 0.023040 
-1.004000 0.018433 
-1.003000 0.013825 
-1.002000 0.009217 
-1.001000 0.004609 
-1.000000 0.000000 
-0.999000 -0.004609 
-0.998000 -0.009217 
-0.997000 -0.013825 
-0.996000 -0.018433 
-0.995000 -0.023040 
-0.994000 -0.027646 
-0.993000 -0.032251 
-0.992000 -0.036855 
-0.991000 -0.041457 
-0.990000 -0.046057 
-0.989000 -0.050656 
-0.988000 -0.055253 
-0.987000 -0.059847 
-0.986000 -0.064439 
-0.985000 -0.069029 
-0.984000 -0.073616 
-0.983000 -0.078200 
-0.982000 -0.082781 
-0.981000 -0.087359 
-0.980000 -0.091933 
-0.979000 -0.096503 
-0.978000 -0.101070 
-0.977000 -0.105633 
-0.976000 -0.110192 
-0.975000 -0.114746 
-0.974000 -0.119295 
-0.973000 -0.123841 
-0.972000 -0.128381 
-0.971000 -0.132916 
-0.970000 -0.137445 
-0.969000 -0.141970 
-0.968000 -0.146489 
-0.967000 -0.151002 
-0.966000 -0.155509 
-0.965000 -0.160010 
-0.964000 -0.164504 
-0.963000 -0.168992 
-0.962000 -0.173474 
-0.961000 -0.177948 
-0.960000 -0.182416 
-0.959000 -0.186876 
-0.958000 -0.191329 
-0.957000 -0.195774 
-0.956000 -0.200212 
-0.955000 -0.204642 
-0.954000 -0.209064 
-0.953000 -0.213477 
-0.952000 -0.217882 
-0.951000 -0.222278 
-0.950000 -0.226666 
-0.949000 -0.231045 
-0.948000 -0.235414 
-0.947000 -0.239775 
-0.946000 -0.244125 
-0.945000 -0.248467 
-0.944000 -0.252798 
-0.943000 -0.257119 
-0.942000 -0.261431 
-0.941000 -0.265731 
-0.940000 -0.270022 
-0.939000 -0.274302 
-0.938000 -0.278571 
-0.937000 -0.282829 
-0.936000 -0.287075 
-0.935000 -0.291311 
-0.934000 -0.295535 
-0.933000 -0.299747 
-0.932000 -0.303947 
-0.931000 -0.308136 
-0.930000 -0.312312 
-0.929000 -0.316476 
-0.928000 -0.320627 
-0.927000 -0.324766 
-0.926000 -0.328892 
-0.925000 -0.333005 
-0.924000 -0.337105 
-0.923000 -0.341192 
-0.922000 -0.345265 
-0.921000 -0.349324 
-0.920000 -0.353370 
-0.919000 -0.357401 
-0.918000 -0.361419 
-0.917000 -0.365422 
-0.916000 -0.369411 
-0.915000 -0.373385 
-0.914000 -0.377345 
-0.913000 -0.381290 
-0.912000 -0.385219 
-0.911000 -0.389134 
-0.910000 -0.393033 
-0.909000 -0.396916 
-0.908000 -0.400784 
-0.907000 -0.404636 
-0.906000 -0.408472 
-0.905000 -0.412292 
-0.904000 -0.416096 
-0.903000 -0.419883 
-0.902000 -0.423654 
-0.901000 -0.427408 
-0.900000 -0.431145 
-0.899000 -0.434865 
-0.898000 -0.438567 
-0.897000 -0.442253 
-0.896000 -0.445921 
-0.895000 -0.449572 
-0.894000 -0.453204 
-0.893000 -0.456819 
-0.892000 -0.460416 
-0.891000 -0.463995 
-0.890000 -0.467555 
-0.889000 -0.471097 
-0.888000 -0.474620 
-0.887000 -0.478125 
-0.886000 -0.481610 
-0.885000 -0.485077 
-0.884000 -0.488524 
-0.883000 -0.491953 
-0.882000 -0.495361 
-0.881000 -0.498751 
-0.880000 -0.502120 
-0.879000 -0.505470 
-0.878000 -0.508800 
-0.877000 -0.512109 
-0.876000 -0.515399 
-0.875000 -0.518668 
-0.874000 -0.521916 
-0.873000 -0.525144 
-0.872000 -0.528352 
-0.871000 -0.531538 
-0.870000 -0.534704 
-0.869000 -0.537848 
-0.868000 -0.540971 
-0.867000 -0.544073 
-0.866000 -0.547153 
-0.865000 -0.550212 
-0.864000 -0.553249 
-0.863000 -0.556264 
-0.862000 -0.559257 
-0.861000 -0.562228 
-0.860000 -0.565177 
-0.859000 -0.568103 
-0.858000 -0.571008 
-0.857000 -0.573889 
-0.856000 -0.576748 
-0.855000 -0.579584 
-0.854000 -0.582397 
-0.853000 -0.585188 
-0.852000 -0.587955 
-0.851000 -0.590699 
-0.850000 -0.593420 
-0.849000 -0.596117 
-0.848000 -0.598791 
-0.847000 -0.601441 
-0.846000 -0.604067 
-0.845000 -0.606669 
-0.844000 -0.609248 
-0.843000 -0.611802 
-0.842000 -0.614333 
-0.841000 -0.616839 
-0.840000 -0.619320 
-0.839000 -0.621778 
-0.838000 -0.624210 
-0.837000 -0.626618 
-0.836000 -0.629002 
-0.835000 -0.631360 
-0.834000 -0.633694 
-0.833000 -0.636002 
-0.832000 -0.638286 
-0.831000 -0.640544 
-0.830000 -0.642777 
-0.829000 -0.644985 
-0.828000 -0.647167 
-0.827000 -0.649323 
-0.826000 -0.651454 
-0.825000 -0.653559 
-0.824000 -0.655639 
-0.823000 -0.657692 
-0.822000 -0.659720 
-0.821000 -0.661722 
-0.820000 -0.663697 
-0.819000 -0.665646 
-0.818000 -0.667569 
-0.817000 -0.669466 
-0.816000 -0.671336 
-0.815000 -0.673179 
-0.814000 -0.674996 
-0.813000 -0.676787 
-0.812000 -0.678551 
-0.811000 -0.680287 
-0.810000 -0.681998 
-0.809000 -0.683681 
-0.808000 -0.685337 
-0.807000 -0.686966 
-0.806000 -0.688568 
-0.805000 -0.690143 
-0.804000 -0.691690 
-0.803000 -0.693210 
-0.802000 -0.694703 
-0.801000 -0.696169 
-0.800000 -0.697607 
-0.799000 -0.699017 
-0.798000 -0.700400 
-0.797000 -0.701755 
-0.796000 -0.703082 
-0.795000 -0.704382 
-0.794000 -0.705654 
-0.793000 -0.706898 
-0.792000 -0.708114 
-0.791000 -0.709302 
-0.790000 -0.710462 
-0.789000 -0.711595 
-0.788000 -0.712699 
-0.787000 -0.713775 
-0.786000 -0.714822 
-0.785000 -0.715842 
-0.784000 -0.716833 
-0.783000 -0.717796 
-0.782000 -0.718730 
-0.781000 -0.719637 
-0.780000 -0.720515 
-0.779000 -0.721364 
-0.778000 -0.722185 
-0.777000 -0.722977 
-0.776000 -0.723741 
-0.775000 -0.724476 
-0.774000 -0.725183 
-0.773000 -0.725861 
-0.772000 -0.726510 
-0.771000 -0.727131 
-0.770000 -0.727723 
-0.769000 -0.728286 
-0.768000 -0.728821 
-0.767000 -0.729327 
-0.766000 -0.729803 
-0.765000 -0.730252 
-0.764000 -0.730671 
-0.763000 -0.731061 
-0.762000 -0.731423 
-0.761000 -0.731756 
-0.760000 -0.732060 
-0.759000 -0.732334 
-0.758000 -0.732580 
-0.757000 -0.732798 
-0.756000 -0.732986 
-0.755000 -0.733145 
-0.754000 -0.733275 
-0.753000 -0.733377 
-0.752000 -0.733449 
-0.751000 -0.733492 
-0.750000 -0.733507 
-0.749000 -0.733492 
-0.748000 -0.733449 
-0.747000 -0.733377 
-0.746000 -0.733275 
-0.745000 -0.733145 
-0.744000 -0.732986 
-0.743000 -0.732798 
-0.742000 -0.732580 
-0.741000 -0.732334 
-0.740000 -0.732060 
-0.739000 -0.731756 
-0.738000 -0.731423 
-0.737000 -0.731061 
-0.736000 -0.730671 
-0.735000 -0.730252 
-0.734000 -0.729803 
-0.733000 -0.729327 
-0.732000 -0.728821 
-0.731000 -0.728286 
-0.730000 -0.727723 
-0.729000 -0.727131 
-0.728000 -0.726510 
-0.727000 -0.725861 
-0.726000 -0.725183 
-0.725000 -0.724476 
-0.724000 -0.723741 
-0.723000 -0.722977 
-0.722000 -0.722185 
-0.721000 -0.721364 
-0.720000 -0.720515 
-0.719000 -0.719637 
-0.718000 -0.718730 
-0.717000 -0.717796 
-0.716000 -0.716833 
-0.715000 -0.715842 
-0.714000 -0.714822 
-0.713000 -0.713775 
-0.712000 -0.712699 
-0.711000 -0.711595 
-0.710000 -0.710462 
-0.709000 -0.709302 
-0.708000 -0.708114 
-0.707000 -0.706898 
-0.706000 -0.705654 
-0.705000 -0.704382 
-0.704000 -0.703082 
-0.703000 -0.701755 
-0.702000 -0.700400 
-0.701000 -0.699017 
-0.700000 -0.697607 
-0.699000 -0.696169 
-0.698000 -0.694703 
-0.697000 -0.693210 
-0.696000 -0.691690 
-0.695000 -0.690143 
-0.694000 -0.688568 
-0.693000 -0.686966 
-0.692000 -0.685337 
-0.691000 -0.683681 
-0.690000 -0.681998 
-0.689000 -0.680287 
-0.688000 -0.678551 
-0.687000 -0.676787 
-0.686000 -0.674996 
-0.685000 -0.673179 
-0.684000 -0.671336 
-0.683000 -0.669466 
-0.682000 -0.667569 
-0.681000 -0.665646 
-0.680000 -0.663697 
-0.679000 -0.661722 
-0.678000 -0.659720 
-0.677000 -0.657692 
-0.676000 -0.655639 
-0.675000 -0.653559 
-0.674000 -0.651454 
-0.673000 -0.649323 
-0.672000 -0.647167 
-0.671000 -0.644985 
-0.670000 -0.642777 
-0.669000 -0.640544 
-0.668000 -0.638286 
-0.667000 -0.636002 
-0.666000 -0.633694 
-0.665000 -0.631360 
-0.664000 -0.629002 
-0.663000 -0.626618 
-0.662000 -0.624210 
-0.661000 -0.621778 
-0.660000 -0.619320 
-0.659000 -0.616839 
-0.658000 -0.614333 
-0.657000 -0.611802 
-0.656000 -0.609248 
-0.655000 -0.606669 
-0.654000 -0.604067 
-0.653000 -0.601441 
-0.652000 -0.598791 
-0.651000 -0.596117 
-0.650000 -0.593420 
-0.649000 -0.590699 
-0.648000 -0.587955 
-0.647000 -0.585188 
-0.646000 -0.582397 
-0.645000 -0.579584 
-0.644000 -0.576748 
-0.643000 -0.573889 
-0.642000 -0.571008 
-0.641000 -0.568103 
-0.640000 -0.565177 
-0.639000 -0.562228 
-0.638000 -0.559257 
-0.637000 -0.556264 
-0.636000 -0.553249 
-0.635000 -0.550212 
-0.634000 -0.547153 
-0.633000 -0.544073 
-0.632000 -0.540971 
-0.631000 -0.537848 
-0.630000 -0.534704 
-0.629000 -0.531538 
-0.628000 -0.528352 
-0.627000 -0.525144 
-0.626000 -0.521916 
-0.625000 -0.518668 
-0.624000 -0.515399 
-0.623000 -0.512109 
-0.622000 -0.508800 
-0.621000 -0.505470 
-0.620000 -0.502120 
-0.619000 -0.498751 
-0.618000 -0.495361 
-0.617000 -0.491953 
-0.616000 -0.488524 
-0.615000 -0.485077 
-0.614000 -0.481610 
-0.613000 -0.478125 
-0.612000 -0.474620 
-0.611000 -0.471097 
-0.610000 -0.467555 
-0.609000 -0.463995 
-0.608000 -0.460416 
-0.607000 -0.456819 
-0.606000 -0.453204 
-0.605000 -0.449572 
-0.604000 -0.445921 
-0.603000 -0.442253 
-0.602000 -0.438567 
-0.601000 -0.434865 
-0.600000 -0.431145 
-0.599000 -0.427408 
-0.598000 -0.423654 
-0.597000 -0.419883 
-0.596000 -0.416096 
-0.595000 -0.412292 
-0.594000 -0.408472 
-0.593000 -0.404636 
-0.592000 -0.400784 
-0.591000 -0.396916 
-0.590000 -0.393033 
-0.589000 -0.389134 
-0.588000 -0.385219 
-0.587000 -0.381290 
-0.586000 -0.377345 
-0.585000 -0.373385 
-0.584000 -0.369411 
-0.583000 -0.365422 
-0.582000 -0.361419 
-0.581000 -0.357401 
-0.580000 -0.353370 
-0.579000 -0.349324 
-0.578000 -0.345265 
-0.577000 -0.341192 
-0.576000 -0.337105 
-0.575000 -0.333005 
-0.574000 -0.328892 
-0.573000 -0.324766 
-0.572000 -0.320627 
-0.571000 -0.316476 
-0.570000 -0.312312 
-0.569000 -0.308136 
-0.568000 -0.303947 
-0.567000 -0.299747 
-0.566000 -0.295535 
-0.565000 -0.291311 
-0.564000 -0.287075 
-0.563000 -0.282829 
-0.562000 -0.278571 
-0.561000 -0.274302 
-0.560000 -0.270022 
-0.559000 -0.265731 
-0.558000 -0.261431 
-0.557000 -0.257119 
-0.556000 -0.252798 
-0.555000 -0.248467 
-0.554000 -0.244125 
-0.553000 -0.239775 
-0.552000 -0.235414 
-0.551000 -0.231045 
-0.550000 -0.226666 
-0.549000 -0.222278 
-0.548000 -0.217882 
-0.547000 -0.213477 
-0.546000 -0.209064 
-0.545000 -0.204642 
-0.544000 -0.200212 
-0.543000 -0.195774 
-0.542000 -0.191329 
-0.541000 -0.186876 
-0.540000 -0.182416 
-0.539000 -0.177948 
-0.538000 -0.173474 
-0.537000 -0.168992 
-0.536000 -0.164504 
-0.535000 -0.160010 
-0.534000 -0.155509 
-0.533000 -0.151002 
-0.532000 -0.146489 
-0.531000 -0.141970 
-0.530000 -0.137445 
-0.529000 -0.132916 
-0.528000 -0.128381 
-0.527000 -0.123841 
-0.526000 -0.119295 
-0.525000 -0.114746 
-0.524000 -0.110192 
-0.523000 -0.105633 
-0.522000 -0.101070 
-0.521000 -0.096503 
-0.520000 -0.091933 
-0.519000 -0.087359 
-0.518000 -0.082781 
-0.517000 -0.078200 
-0.516000 -0.073616 
-0.515000 -0.069029 
-0.514000 -0.064439 
-0.513000 -0.059847 
-0.512000 -0.055253 
-0.511000 -0.050656 
-0.510000 -0.046057 
-0.509000 -0.041457 
-0.508000 -0.036855 
-0.507000 -0.032251 
-0.506000 -0.027646 
-0.505000 -0.023040 
-0.504000 -0.018433 
-0.503000 -0.013825 
-0.502000 -0.009217 
-0.501000 -0.004609 
-0.500000 -0.000000 
-0.499000 0.004609 
-0.498000 0.009217 
-0.497000 0.013825 
-0.496000 0.018433 
-0.495000 0.023040 
-0.494000 0.027646 
-0.493000 0.032251 
-0.492000 0.036855 
-0.491000 0.041457 
-0.490000 0.046057 
-0.489000 0.050656 
-0.488000 0.055253 
-0.487000 0.059847 
-0.486000 0.064439 
-0.485000 0.069029 
-0.484000 0.073616 
-0.483000 0.078200 
-0.482000 0.082781 
-0.481000 0.087359 
-0.480000 0.091933 
-0.479000 0.096503 
-0.478000 0.101070 
-0.477000 0.105633 
-0.476000 0.110192 
-0.475000 0.114746 
-0.474000 0.119295 
-0.473000 0.123841 
-0.472000 0.128381 
-0.471000 0.132916 
-0.470000 0.137445 
-0.469000 0.141970 
-0.468000 0.146489 
-0.467000 0.151002 
-0.466000 0.155509 
-0.465000 0.160010 
-0.464000 0.164504 
-0.463000 0.168992 
-0.462000 0.173474 
-0.461000 0.177948 
-0.460000 0.182416 
-0.459000 0.186876 
-0.458000 0.191329 
-0.457000 0.195774 
-0.456000 0.200212 
-0.455000 0.204642 
-0.454000 0.209064 
-0.453000 0.213477 
-0.452000 0.217882 
-0.451000 0.222278 
-0.450000 0.226666 
-0.449000 0.231045 
-0.448000 0.235414 
-0.447000 0.239775 
-0.446000 0.244125 
-0.445000 0.248467 
-0.444000 0.252798 
-0.443000 0.257119 
-0.442000 0.261431 
-0.441000 0.265731 
-0.440000 0.270022 
-0.439000 0.274302 
-0.438000 0.278571 
-0.437000 0.282829 
-0.436000 0.287075 
-0.435000 0.291311 
-0.434000 0.295535 
-0.433000 0.299747 
-0.432000 0.303947 
-0.431000 0.308136 
-0.430000 0.312312 
-0.429000 0.316476 
-0.428000 0.320627 
-0.427000 0.324766 
-0.426000 0.328892 
-0.425000 0.333005 
-0.424000 0.337105 
-0.423000 0.341192 
-0.422000 0.345265 
-0.421000 0.349324 
-0.420000 0.353370 
-0.419000 0.357401 
-0.418000 0.361419 
-0.417000 0.365422 
-0.416000 0.369411 
-0.415000 0.373385 
-0.414000 0.377345 
-0.413000 0.381290 
-0.412000 0.385219 
-0.411000 0.389134 
-0.410000 0.393033 
-0.409000 0.396916 
-0.408000 0.400784 
-0.407000 0.404636 
-0.406000 0.408472 
-0.405000 0.412292 
-0.404000 0.416096 
-0.403000 0.419883 
-0.402000 0.423654 
-0.401000 0.427408 
-0.400000 0.431145 
-0.399000 0.434865 
-0.398000 0.438567 
-0.397000 0.442253 
-0.396000 0.445921 
-0.395000 0.449572 
-0.394000 0.453204 
-0.393000 0.456819 
-0.392000 0.460416 
-0.391000 0.463995 
-0.390000 0.467555 
-0.389000 0.471097 
-0.388000 0.474620 
-0.387000 0.478125 
-0.386000 0.481610 
-0.385000 0.485077 
-0.384000 0.488524 
-0.383000 0.491953 
-0.382000 0.495361 
-0.381000 0.498751 
-0.380000 0.502120 
-0.379000 0.505470 
-0.378000 0.508800 
-0.377000 0.512109 
-0.376000 0.515399 
-0.375000 0.518668 
-0.374000 0.521916 
-0.373000 0.525144 
-0.372000 0.528352 
-0.371000 0.531538 
-0.370000 0.534704 
-0.369000 0.537848 
-0.368000 0.540971 
-0.367000 0.544073 
-0.366000 0.547153 
-0.365000 0.550212 
-0.364000 0.553249 
-0.363000 0.556264 
-0.362000 0.559257 
-0.361000 0.562228 
-0.360000 0.565177 
-0.359000 0.568103 
-0.358000 0.571008 
-0.357000 0.573889 
-0.356000 0.576748 
-0.355000 0.579584 
-0.354000 0.582397 
-0.353000 0.585188 
-0.352000 0.587955 
-0.351000 0.590699 
-0.350000 0.593420 
-0.349000 0.596117 
-0.348000 0.598791 
-0.347000 0.601441 
-0.346000 0.604067 
-0.345000 0.606669 
-0.344000 0.609248 
-0.343000 0.611802 
-0.342000 0.614333 
-0.341000 0.616839 
-0.340000 0.619320 
-0.339000 0.621778 
-0.338000 0.624210 
-0.337000 0.626618 
-0.336000 0.629002 
-0.335000 0.631360 
-0.334000 0.633694 
-0.333000 0.636002 
-0.332000 0.638286 
-0.331000 0.640544 
-0.330000 0.642777 
-0.329000 0.644985 
-0.328000 0.647167 
-0.327000 0.649323 
-0.326000 0.651454 
-0.325000 0.653559 
-0.324000 0.655639 
-0.323000 0.657692 
-0.322000 0.659720 
-0.321000 0.661722 
-0.320000 0.663697 
-0.319000 0.665646 
-0.318000 0.667569 
-0.317000 0.669466 
-0.316000 0.671336 
-0.315000 0.673179 
-0.314000 0.674996 
-0.313000 0.676787 
-0.312000 0.678551 
-0.311000 0.680287 
-0.310000 0.681998 
-0.309000 0.683681 
-0.308000 0.685337 
-0.307000 0.686966 
-0.306000 0.688568 
-0.305000 0.690143 
-0.304000 0.691690 
-0.303000 0.693210 
-0.302000 0.694703 
-0.301000 0.696169 
-0.300000 0.697607 
-0.299000 0.699017 
-0.298000 0.700400 
-0.297000 0.701755 
-0.296000 0.703082 
-0.295000 0.704382 
-0.294000 0.705654 
-0.293000 0.706898 
-0.292000 0.708114 
-0.291000 0.709302 
-0.290000 0.710462 
-0.289000 0.711595 
-0.288000 0.712699 
-0.287000 0.713775 
-0.286000 0.714822 
-0.285000 0.715842 
-0.284000 0.716833 
-0.283000 0.717796 
-0.282000 0.718730 
-0.281000 0.719637 
-0.280000 0.720515 
-0.279000 0.721364 
-0.278000 0.722185 
-0.277000 0.722977 
-0.276000 0.723741 
-0.275000 0.724476 
-0.274000 0.725183 
-0.273000 0.725861 
-0.272000 0.726510 
-0.271000 0.727131 
-0.270000 0.727723 
-0.269000 0.728286 
-0.268000 0.728821 
-0.267000 0.729327 
-0.266000 0.729803 
-0.265000 0.730252 
-0.264000 0.730671 
-0.263000 0.731061 
-0.262000 0.731423 
-0.261000 0.731756 
-0.260000 0.732060 
-0.259000 0.732334 
-0.258000 0.732580 
-0.257000 0.732798 
-0.256000 0.732986 
-0.255000 0.733145 
-0.254000 0.733275 
-0.253000 0.733377 
-0.252000 0.733449 
-0.251000 0.733492 
-0.250000 0.733507 
-0.249000 0.733492 
-0.248000 0.733449 
-0.247000 0.733377 
-0.246000 0.733275 
-0.245000 0.733145 
-0.244000 0.732986 
-0.243000 0.732798 
-0.242000 0.732580 
-0.241000 0.732334 
-0.240000 0.732060 
-0.239000 0.731756 
-0.238000 0.731423 
-0.237000 0.731061 
-0.236000 0.730671 
-0.235000 0.730252 
-0.234000 0.729803 
-0.233000 0.729327 
-0.232000 0.728821 
-0.231000 0.728286 
-0.230000 0.727723 
-0.229000 0.727131 
-0.228000 0.726510 
-0.227000 0.725861 
-0.226000 0.725183 
-0.225000 0.724476 
-0.224000 0.723741 
-0.223000 0.722977 
-0.222000 0.722185 
-0.221000 0.721364 
-0.220000 0.720515 
-0.219000 0.719637 
-0.218000 0.718730 
-0.217000 0.717796 
-0.216000 0.716833 
-0.215000 0.715842 
-0.214000 0.714822 
-0.213000 0.713775 
-0.212000 0.712699 
-0.211000 0.711595 
-0.210000 0.710462 
-0.209000 0.709302 
-0.208000 0.708114 
-0.207000 0.706898 
-0.206000 0.705654 
-0.205000 0.704382 
-0.204000 0.703082 
-0.203000 0.701755 
-0.202000 0.700400 
-0.201000 0.699017 
-0.200000 0.697607 
-0.199000 0.696169 
-0.198000 0.694703 
-0.197000 0.693210 
-0.196000 0.691690 
-0.195000 0.690143 
-0.194000 0.688568 
-0.193000 0.686966 
-0.192000 0.685337 
-0.191000 0.683681 
-0.190000 0.681998 
-0.189000 0.680287 
-0.188000 0.678551 
-0.187000 0.676787 
-0.186000 0.674996 
-0.185000 0.673179 
-0.184000 0.671336 
-0.183000 0.669466 
-0.182000 0.667569 
-0.181000 0.665646 
-0.180000 0.663697 
-0.179000 0.661722 
-0.178000 0.659720 
-0.177000 0.657692 
-0.176000 0.655639 
-0.175000 0.653559 
-0.174000 0.651454 
-0.173000 0.649323 
-0.172000 0.647167 
-0.171000 0.644985 
-0.170000 0.642777 
-0.169000 0.640544 
-0.168000 0.638286 
-0.167000 0.636002 
-0.166000 0.633694 
-0.165000 0.631360 
-0.164000 0.629002 
-0.163000 0.626618 
-0.162000 0.624210 
-0.161000 0.621778 
-0.160000 0.619320 
-0.159000 0.616839 
-0.158000 0.614333 
-0.157000 0.611802 
-0.156000 0.609248 
-0.155000 0.606669 
-0.154000 0.604067 
-0.153000 0.601441 
-0.152000 0.598791 
-0.151000 0.596117 
-0.150000 0.593420 
-0.149000 0.590699 
-0.148000 0.587955 
-0.147000 0.585188 
-0.146000 0.582397 
-0.145000 0.579584 
-0.144000 0.576748 
-0.143000 0.573889 
-0.142000 0.571008 
-0.141000 0.568103 
-0.140000 0.565177 
-0.139000 0.562228 
-0.138000 0.559257 
-0.137000 0.556264 
-0.136000 0.553249 
-0.135000 0.550212 
-0.134000 0.547153 
-0.133000 0.544073 
-0.132000 0.540971 
-0.131000 0.537848 
-0.130000 0.534704 
-0.129000 0.531538 
-0.128000 0.528352 
-0.127000 0.525144 
-0.126000 0.521916 
-0.125000 0.518668 
-0.124000 0.515399 
-0.123000 0.512109 
-0.122000 0.508800 
-0.121000 0.505470 
-0.120000 0.502120 
-0.119000 0.498751 
-0.118000 0.495361 
-0.117000 0.491953 
-0.116000 0.488524 
-0.115000 0.485077 
-0.114000 0.481610 
-0.113000 0.478125 
-0.112000 0.474620 
-0.111000 0.471097 
-0.110000 0.467555 
-0.109000 0.463995 
-0.108000 0.460416 
-0.107000 0.456819 
-0.106000 0.453204 
-0.105000 0.449572 
-0.104000 0.445921 
-0.103000 0.442253 
-0.102000 0.438567 
-0.101000 0.434865 
-0.100000 0.431145 
-0.099000 0.427408 
-0.098000 0.423654 
-0.097000 0.419883 
-0.096000 0.416096 
-0.095000 0.412292 
-0.094000 0.408472 
-0.093000 0.404636 
-0.092000 0.400784 
-0.091000 0.396916 
-0.090000 0.393033 
-0.089000 0.389134 
-0.088000 0.385219 
-0.087000 0.381290 
-0.086000 0.377345 
-0.085000 0.373385 
-0.084000 0.369411 
-0.083000 0.365422 
-0.082000 0.361419 
-0.081000 0.357401 
-0.080000 0.353370 
-0.079000 0.349324 
-0.078000 0.345265 
-0.077000 0.341192 
-0.076000 0.337105 
-0.075000 0.333005 
-0.074000 0.328892 
-0.073000 0.324766 
-0.072000 0.320627 
-0.071000 0.316476 
-0.070000 0.312312 
-0.069000 0.308136 
-0.068000 0.303947 
-0.067000 0.299747 
-0.066000 0.295535 
-0.065000 0.291311 
-0.064000 0.287075 
-0.063000 0.282829 
-0.062000 0.278571 
-0.061000 0.274302 
-0.060000 0.270022 
-0.059000 0.265731 
-0.058000 0.261431 
-0.057000 0.257119 
-0.056000 0.252798 
-0.055000 0.248467 
-0.054000 0.244125 
-0.053000 0.239775 
-0.052000 0.235414 
-0.051000 0.231045 
-0.050000 0.226666 
-0.049000 0.222278 
-0.048000 0.217882 
-0.047000 0.213477 
-0.046000 0.209064 
-0.045000 0.204642 
-0.044000 0.200212 
-0.043000 0.195774 
-0.042000 0.191329 
-0.041000 0.186876 
-0.040000 0.182416 
-0.039000 0.177948 
-0.038000 0.173474 
-0.037000 0.168992 
-0.036000 0.164504 
-0.035000 0.160010 
-0.034000 0.155509 
-0.033000 0.151002 
-0.032000 0.146489 
-0.031000 0.141970 
-0.030000 0.137445 
-0.029000 0.132916 
-0.028000 0.128381 
-0.027000 0.123841 
-0.026000 0.119295 
-0.025000 0.114746 
-0.024000 0.110192 
-0.023000 0.105633 
-0.022000 0.101070 
-0.021000 0.096503 
-0.020000 0.091933 
-0.019000 0.087359 
-0.018000 0.082781 
-0.017000 0.078200 
-0.016000 0.073616 
-0.015000 0.069029 
-0.014000 0.064439 
-0.013000 0.059847 
-0.012000 0.055253 
-0.011000 0.050656 
-0.010000 0.046057 
-0.009000 0.041457 
-0.008000 0.036855 
-0.007000 0.032251 
-0.006000 0.027646 
-0.005000 0.023040 
-0.004000 0.018433 
-0.003000 0.013825 
-0.002000 0.009217 
-0.001000 0.004609 
-0.000000 0.000000 
0.001000 -0.004609 
0.002000 -0.009217 
0.003000 -0.013825 
0.004000 -0.018433 
0.005000 -0.023040 
0.006000 -0.027646 
0.007000 -0.032251 
0.008000 -0.036855 
0.009000 -0.041457 
0.010000 -0.046057 
0.011000 -0.050656 
0.012000 -0.055253 
0.013000 -0.059847 
0.014000 -0.064439 
0.015000 -0.069029 
0.016000 -0.073616 
0.017000 -0.078200 
0.018000 -0.082781 
0.019000 -0.087359 
0.020000 -0.091933 
0.021000 -0.096503 
0.022000 -0.101070 
0.023000 -0.105633 
0.024000 -0.110192 
0.025000 -0.114746 
0.026000 -0.119295 
0.027000 -0.123841 
0.028000 -0.128381 
0.029000 -0.132916 
0.030000 -0.137445 
0.031000 -0.141970 
0.032000 -0.146489 
0.033000 -0.151002 
0.034000 -0.155509 
0.035000 -0.160010 
0.036000 -0.164504 
0.037000 -0.168992 
0.038000 -0.173474 
0.039000 -0.177948 
0.040000 -0.182416 
0.041000 -0.186876 
0.042000 -0.191329 
0.043000 -0.195774 
0.044000 -0.200212 
0.045000 -0.204642 
0.046000 -0.209064 
0.047000 -0.213477 
0.048000 -0.217882 
0.049000 -0.222278 
0.050000 -0.226666 
0.051000 -0.231045 
0.052000 -0.235414 
0.053000 -0.239775 
0.054000 -0.244125 
0.055000 -0.248467 
0.056000 -0.252798 
0.057000 -0.257119 
0.058000 -0.261431 
0.059000 -0.265731 
0.060000 -0.270022 
0.061000 -0.274302 
0.062000 -0.278571 
0.063000 -0.282829 
0.064000 -0.287075 
0.065000 -0.291311 
0.066000 -0.295535 
0.067000 -0.299747 
0.068000 -0.303947 
0.069000 -0.308136 
0.070000 -0.312312 
0.071000 -0.316476 
0.072000 -0.320627 
0.073000 -0.324766 
0.074000 -0.328892 
0.075000 -0.333005 
0.076000 -0.337105 
0.077000 -0.341192 
0.078000 -0.345265 
0.079000 -0.349324 
0.080000 -0.353370 
0.081000 -0.357401 
0.082000 -0.361419 
0.083000 -0.365422 
0.084000 -0.369411 
0.085000 -0.373385 
0.086000 -0.377345 
0.087000 -0.381290 
0.088000 -0.385219 
0.089000 -0.389134 
0.090000 -0.393033 
0.091000 -0.396916 
0.092000 -0.400784 
0.093000 -0.404636 
0.094000 -0.408472 
0.095000 -0.412292 
0.096000 -0.416096 
0.097000 -0.419883 
0.098000 -0.423654 
0.099000 -0.427408 
0.100000 -0.431145 
0.101000 -0.434865 
0.102000 -0.438567 
0.103000 -0.442253 
0.104000 -0.445921 
0.105000 -0.449572 
0.106000 -0.453204 
0.107000 -0.456819 
0.108000 -0.460416 
0.109000 -0.463995 
0.110000 -0.467555 
0.111000 -0.471097 
0.112000 -0.474620 
0.113000 -0.478125 
0.114000 -0.481610 
0.115000 -0.485077 
0.116000 -0.488524 
0.117000 -0.491953 
0.118000 -0.495361 
0.119000 -0.498751 
0.120000 -0.502120 
0.121000 -0.505470 
0.122000 -0.508800 
0.123000 -0.512109 
0.124000 -0.515399 
0.125000 -0.518668 
0.126000 -0.521916 
0.127000 -0.525144 
0.128000 -0.528352 
0.129000 -0.531538 
0.130000 -0.534704 
0.131000 -0.537848 
0.132000 -0.540971 
0.133000 -0.544073 
0.134000 -0.547153 
0.135000 -0.550212 
0.136000 -0.553249 
0.137000 -0.556264 
0.138000 -0.559257 
0.139000 -0.562228 
0.140000 -0.565177 
0.141000 -0.568103 
0.142000 -0.571008 
0.143000 -0.573889 
0.144000 -0.576748 
0.145000 -0.579584 
0.146000 -0.582397 
0.147000 -0.585188 
0.148000 -0.587955 
0.149000 -0.590699 
0.150000 -0.593420 
0.151000 -0.596117 
0.152000 -0.598791 
0.153000 -0.601441 
0.154000 -0.604067 
0.155000 -0.606669 
0.156000 -0.609248 
0.157000 -0.611802 
0.158000 -0.614333 
0.159000 -0.616839 
0.160000 -0.619320 
0.161000 -0.621778 
0.162000 -0.624210 
0.163000 -0.626618 
0.164000 -0.629002 
0.165000 -0.631360 
0.166000 -0.633694 
0.167000 -0.636002 
0.168000 -0.638286 
0.169000 -0.640544 
0.170000 -0.642777 
0.171000 -0.644985 
0.172000 -0.647167 
0.173000 -0.649323 
0.174000 -0.651454 
0.175000 -0.653559 
0.176000 -0.655639 
0.177000 -0.657692 
0.178000 -0.659720 
0.179000 -0.661722 
0.180000 -0.663697 
0.181000 -0.665646 
0.182000 -0.667569 
0.183000 -0.669466 
0.184000 -0.671336 
0.185000 -0.673179 
0.186000 -0.674996 
0.187000 -0.676787 
0.188000 -0.678551 
0.189000 -0.680287 
0.190000 -0.681998 
0.191000 -0.683681 
0.192000 -0.685337 
0.193000 -0.686966 
0.194000 -0.688568 
0.195000 -0.690143 
0.196000 -0.691690 
0.197000 -0.693210 
0.198000 -0.694703 
0.199000 -0.696169 
0.200000 -0.697607 
0.201000 -0.699017 
0.202000 -0.700400 
0.203000 -0.701755 
0.204000 -0.703082 
0.205000 -0.704382 
0.206000 -0.705654 
0.207000 -0.706898 
0.208000 -0.708114 
0.209000 -0.709302 
0.210000 -0.710462 
0.211000 -0.711595 
0.212000 -0.712699 
0.213000 -0.713775 
0.214000 -0.714822 
0.215000 -0.715842 
0.216000 -0.716833 
0.217000 -0.717796 
0.218000 -0.718730 
0.219000 -0.719637 
0.220000 -0.720515 
0.221000 -0.721364 
0.222000 -0.722185 
0.223000 -0.722977 
0.224000 -0.723741 
0.225000 -0.724476 
0.226000 -0.725183 
0.227000 -0.725861 
0.228000 -0.726510 
0.229000 -0.727131 
0.230000 -0.727723 
0.231000 -0.728286 
0.232000 -0.728821 
0.233000 -0.729327 
0.234000 -0.729803 
0.235000 -0.730252 
0.236000 -0.730671 
0.237000 -0.731061 
0.238000 -0.731423 
0.239000 -0.731756 
0.240000 -0.732060 
0.241000 -0.732334 
0.242000 -0.732580 
0.243000 -0.732798 
0.244000 -0.732986 
0.245000 -0.733145 
0.246000 -0.733275 
0.247000 -0.733377 
0.248000 -0.733449 
0.249000 -0.733492 
0.250000 -0.733507 
0.251000 -0.733492 
0.252000 -0.733449 
0.253000 -0.733377 
0.254000 -0.733275 
0.255000 -0.733145 
0.256000 -0.732986 
0.257000 -0.732798 
0.258000 -0.732580 
0.259000 -0.732334 
0.260000 -0.732060 
0.261000 -0.731756 
0.262000 -0.731423 
0.263000 -0.731061 
0.264000 -0.730671 
0.265000 -0.730252 
0.266000 -0.729803 
0.267000 -0.729327 
0.268000 -0.728821 
0.269000 -0.728286 
0.270000 -0.727723 
0.271000 -0.727131 
0.272000 -0.726510 
0.273000 -0.725861 
0.274000 -0.725183 
0.275000 -0.724476 
0.276000 -0.723741 
0.277000 -0.722977 
0.278000 -0.722185 
0.279000 -0.721364 
0.280000 -0.720515 
0.281000 -0.719637 
0.282000 -0.718730 
0.283000 -0.717796 
0.284000 -0.716833 
0.285000 -0.715842 
0.286000 -0.714822 
0.287000 -0.713775 
0.288000 -0.712699 
0.289000 -0.711595 
0.290000 -0.710462 
0.291000 -0.709302 
0.292000 -0.708114 
0.293000 -0.706898 
0.294000 -0.705654 
0.295000 -0.704382 
0.296000 -0.703082 
0.297000 -0.701755 
0.298000 -0.700400 
0.299000 -0.699017 
0.300000 -0.697607 
0.301000 -0.696169 
0.302000 -0.694703 
0.303000 -0.693210 
0.304000 -0.691690 
0.305000 -0.690143 
0.306000 -0.688568 
0.307000 -0.686966 
0.308000 -0.685337 
0.309000 -0.683681 
0.310000 -0.681998 
0.311000 -0.680287 
0.312000 -0.678551 
0.313000 -0.676787 
0.314000 -0.674996 
0.315000 -0.673179 
0.316000 -0.671336 
0.317000 -0.669466 
0.318000 -0.667569 
0.319000 -0.665646 
0.320000 -0.663697 
0.321000 -0.661722 
0.322000 -0.659720 
0.323000 -0.657692 
0.324000 -0.655639 
0.325000 -0.653559 
0.326000 -0.651454 
0.327000 -0.649323 
0.328000 -0.647167 
0.329000 -0.644985 
0.330000 -0.642777 
0.331000 -0.640544 
0.332000 -0.638286 
0.333000 -0.636002 
0.334000 -0.633694 
0.335000 -0.631360 
0.336000 -0.629002 
0.337000 -0.626618 
0.338000 -0.624210 
0.339000 -0.621778 
0.340000 -0.619320 
0.341000 -0.616839 
0.342000 -0.614333 
0.343000 -0.611802 
0.344000 -0.609248 
0.345000 -0.606669 
0.346000 -0.604067 
0.347000 -0.601441 
0.348000 -0.598791 
0.349000 -0.596117 
0.350000 -0.593420 
0.351000 -0.590699 
0.352000 -0.587955 
0.353000 -0.585188 
0.354000 -0.582397 
0.355000 -0.579584 
0.356000 -0.576748 
0.357000 -0.573889 
0.358000 -0.571008 
0.359000 -0.568103 
0.360000 -0.565177 
0.361000 -0.562228 
0.362000 -0.559257 
0.363000 -0.556264 
0.364000 -0.553249 
0.365000 -0.550212 
0.366000 -0.547153 
0.367000 -0.544073 
0.368000 -0.540971 
0.369000 -0.537848 
0.370000 -0.534704 
0.371000 -0.531538 
0.372000 -0.528352 
0.373000 -0.525144 
0.374000 -0.521916 
0.375000 -0.518668 
0.376000 -0.515399 
0.377000 -0.512109 
0.378000 -0.508800 
0.379000 -0.505470 
0.380000 -0.502120 
0.381000 -0.498751 
0.382000 -0.495361 
0.383000 -0.491953 
0.384000 -0.488524 
0.385000 -0.485077 
0.386000 -0.481610 
0.387000 -0.478125 
0.388000 -0.474620 
0.389000 -0.471097 
0.390000 -0.467555 
0.391000 -0.463995 
0.392000 -0.460416 
0.393000 -0.456819 
0.394000 -0.453204 
0.395000 -0.449572 
0.396000 -0.445921 
0.397000 -0.442253 
0.398000 -0.438567 
0.399000 -0.434865 
0.400000 -0.431145 
0.401000 -0.427408 
0.402000 -0.423654 
0.403000 -0.419883 
0.404000 -0.416096 
0.405000 -0.412292 
0.406000 -0.408472 
0.407000 -0.404636 
0.408000 -0.400784 
0.409000 -0.396916 
0.410000 -0.393033 
0.411000 -0.389134 
0.412000 -0.385219 
0.413000 -0.381290 
0.414000 -0.377345 
0.415000 -0.373385 
0.416000 -0.369411 
0.417000 -0.365422 
0.418000 -0.361419 
0.419000 -0.357401 
0.420000 -0.353370 
0.421000 -0.349324 
0.422000 -0.345265 
0.423000 -0.341192 
0.424000 -0.337105 
0.425000 -0.333005 
0.426000 -0.328892 
0.427000 -0.324766 
0.428000 -0.320627 
0.429000 -0.316476 
0.430000 -0.312312 
0.431000 -0.308136 
0.432000 -0.303947 
0.433000 -0.299747 
0.434000 -0.295535 
0.435000 -0.291311 
0.436000 -0.287075 
0.437000 -0.282829 
0.438000 -0.278571 
0.439000 -0.274302 
0.440000 -0.270022 
0.441000 -0.265731 
0.442000 -0.261431 
0.443000 -0.257119 
0.444000 -0.252798 
0.445000 -0.248467 
0.446000 -0.244125 
0.447000 -0.239775 
0.448000 -0.235414 
0.449000 -0.231045 
0.450000 -0.226666 
0.451000 -0.222278 
0.452000 -0.217882 
0.453000 -0.213477 
0.454000 -0.209064 
0.455000 -0.204642 
0.456000 -0.200212 
0.457000 -0.195774 
0.458000 -0.191329 
0.459000 -0.186876 
0.460000 -0.182416 
0.461000 -0.177948 
0.462000 -0.173474 
0.463000 -0.168992 
0.464000 -0.164504 
0.465000 -0.160010 
0.466000 -0.155509 
0.467000 -0.151002 
0.468000 -0.146489 
0.469000 -0.141970 
0.470000 -0.137445 
0.471000 -0.132916 
0.472000 -0.128381 
0.473000 -0.123841 
0.474000 -0.119295 
0.475000 -0.114746 
0.476000 -0.110192 
0.477000 -0.105633 
0.478000 -0.101070 
0.479000 -0.096503 
0.480000 -0.091933 
0.481000 -0.087359 
0.482000 -0.082781 
0.483000 -0.078200 
0.484000 -0.073616 
0.485000 -0.069029 
0.486000 -0.064439 
0.487000 -0.059847 
0.488000 -0.055253 
0.489000 -0.050656 
0.490000 -0.046057 
0.491000 -0.041457 
0.492000 -0.036855 
0.493000 -0.032251 
0.494000 -0.027646 
0.495000 -0.023040 
0.496000 -0.018433 
0.497000 -0.013825 
0.498000 -0.009217 
0.499000 -0.004609 
0.500000 -0.000000 
0.501000 0.004609 
0.502000 0.009217 
0.503000 0.013825 
0.504000 0.018433 
0.505000 0.023040 
0.506000 0.027646 
0.507000 0.032251 
0.508000 0.036855 
0.509000 0.041457 
0.510000 0.046057 
0.511000 0.050656 
0.512000 0.055253 
0.513000 0.059847 
0.514000 0.064439 
0.515000 0.069029 
0.516000 0.073616 
0.517000 0.078200 
0.518000 0.082781 
0.519000 0.087359 
0.520000 0.091933 
0.521000 0.096503 
0.522000 0.101070 
0.523000 0.105633 
0.524000 0.110192 
0.525000 0.114746 
0.526000 0.119295 
0.527000 0.123841 
0.528000 0.128381 
0.529000 0.132916 
0.530000 0.137445 
0.531000 0.141970 
0.532000 0.146489 
0.533000 0.151002 
0.534000 0.155509 
0.535000 0.160010 
0.536000 0.164504 
0.537000 0.168992 
0.538000 0.173474 
0.539000 0.177948 
0.540000 0.182416 
0.541000 0.186876 
0.542000 0.191329 
0.543000 0.195774 
0.544000 0.200212 
0.545000 0.204642 
0.546000 0.209064 
0.547000 0.213477 
0.548000 0.217882 
0.549000 0.222278 
0.550000 0.226666 
0.551000 0.231045 
0.552000 0.235414 
0.553000 0.239775 
0.554000 0.244125 
0.555000 0.248467 
0.556000 0.252798 
0.557000 0.257119 
0.558000 0.261431 
0.559000 0.265731 
0.560000 0.270022 
0.561000 0.274302 
0.562000 0.278571 
0.563000 0.282829 
0.564000 0.287075 
0.565000 0.291311 
0.566000 0.295535 
0.567000 0.299747 
0.568000 0.303947 
0.569000 0.308136 
0.570000 0.312312 
0.571000 0.316476 
0.572000 0.320627 
0.573000 0.324766 
0.574000 0.328892 
0.575000 0.333005 
0.576000 0.337105 
0.577000 0.341192 
0.578000 0.345265 
0.579000 0.349324 
0.580000 0.353370 
0.581000 0.357401 
0.582000 0.361419 
0.583000 0.365422 
0.584000 0.369411 
0.585000 0.373385 
0.586000 0.377345 
0.587000 0.381290 
0.588000 0.385219 
0.589000 0.389134 
0.590000 0.393033 
0.591000 0.396916 
0.592000 0.400784 
0.593000 0.404636 
0.594000 0.408472 
0.595000 0.412292 
0.596000 0.416096 
0.597000 0.419883 
0.598000 0.423654 
0.599000 0.427408 
0.600000 0.431145 
0.601000 0.434865 
0.602000 0.438567 
0.603000 0.442253 
0.604000 0.445921 
0.605000 0.449572 
0.606000 0.453204 
0.607000 0.456819 
0.608000 0.460416 
0.609000 0.463995 
0.610000 0.467555 
0.611000 0.471097 
0.612000 0.474620 
0.613000 0.478125 
0.614000 0.481610 
0.615000 0.485077 
0.616000 0.488524 
0.617000 0.491953 
0.618000 0.495361 
0.619000 0.498751 
0.620000 0.502120 
0.621000 0.505470 
0.622000 0.508800 
0.623000 0.512109 
0.624000 0.515399 
0.625000 0.518668 
0.626000 0.521916 
0.627000 0.525144 
0.628000 0.528352 
0.629000 0.531538 
0.630000 0.534704 
0.631000 0.537848 
0.632000 0.540971 
0.633000 0.544073 
0.634000 0.547153 
0.635000 0.550212 
0.636000 0.553249 
0.637000 0.556264 
0.638000 0.559257 
0.639000 0.562228 
0.640000 0.565177 
0.641000 0.568103 
0.642000 0.571008 
0.643000 0.573889 
0.644000 0.576748 
0.645000 0.579584 
0.646000 0.582397 
0.647000 0.585188 
0.648000 0.587955 
0.649000 0.590699 
0.650000 0.593420 
0.651000 0.596117 
0.652000 0.598791 
0.653000 0.601441 
0.654000 0.604067 
0.655000 0.606669 
0.656000 0.609248 
0.657000 0.611802 
0.658000 0.614333 
0.659000 0.616839 
0.660000 0.619320 
0.661000 0.621778 
0.662000 0.624210 
0.663000 0.626618 
0.664000 0.629002 
0.665000 0.631360 
0.666000 0.633694 
0.667000 0.636002 
0.668000 0.638286 
0.669000 0.640544 
0.670000 0.642777 
0.671000 0.644985 
0.672000 0.647167 
0.673000 0.649323 
0.674000 0.651454 
0.675000 0.653559 
0.676000 0.655639 
0.677000 0.657692 
0.678000 0.659720 
0.679000 0.661722 
0.680000 0.663697 
0.681000 0.665646 
0.682000 0.667569 
0.683000 0.669466 
0.684000 0.671336 
0.685000 0.673179 
0.686000 0.674996 
0.687000 0.676787 
0.688000 0.678551 
0.689000 0.680287 
0.690000 0.681998 
0.691000 0.683681 
0.692000 0.685337 
0.693000 0.686966 
0.694000 0.688568 
0.695000 0.690143 
0.696000 0.691690 
0.697000 0.693210 
0.698000 0.694703 
0.699000 0.696169 
0.700000 0.697607 
0.701000 0.699017 
0.702000 0.700400 
0.703000 0.701755 
0.704000 0.703082 
0.705000 0.704382 
0.706000 0.705654 
0.707000 0.706898 
0.708000 0.708114 
0.709000 0.709302 
0.710000 0.710462 
0.711000 0.711595 
0.712000 0.712699 
0.713000 0.713775 
0.714000 0.714822 
0.715000 0.715842 
0.716000 0.716833 
0.717000 0.717796 
0.718000 0.718730 
0.719000 0.719637 
0.720000 0.720515 
0.721000 0.721364 
0.722000 0.722185 
0.723000 0.722977 
0.724000 0.723741 
0.725000 0.724476 
0.726000 0.725183 
0.727000 0.725861 
0.728000 0.726510 
0.729000 0.727131 
0.730000 0.727723 
0.731000 0.728286 
0.732000 0.728821 
0.733000 0.729327 
0.734000 0.729803 
0.735000 0.730252 
0.736000 0.730671 
0.737000 0.731061 
0.738000 0.731423 
0.739000 0.731756 
0.740000 0.732060 
0.741000 0.732334 
0.742000 0.732580 
0.743000 0.732798 
0.744000 0.732986 
0.745000 0.733145 
0.746000 0.733275 
0.747000 0.733377 
0.748000 0.733449 
0.749000 0.733492 
0.750000 0.733507 
0.751000 0.733492 
0.752000 0.733449 
0.753000 0.733377 
0.754000 0.733275 
0.755000 0.733145 
0.756000 0.732986 
0.757000 0.732798 
0.758000 0.732580 
0.759000 0.732334 
0.760000 0.732060 
0.761000 0.731756 
0.762000 0.731423 
0.763000 0.731061 
0.764000 0.730671 
0.765000 0.730252 
0.766000 0.729803 
0.767000 0.729327 
0.768000 0.728821 
0.769000 0.728286 
0.770000 0.727723 
0.771000 0.727131 
0.772000 0.726510 
0.773000 0.725861 
0.774000 0.725183 
0.775000 0.724476 
0.776000 0.723741 
0.777000 0.722977 
0.778000 0.722185 
0.779000 0.721364 
0.780000 0.720515 
0.781000 0.719637 
0.782000 0.718730 
0.783000 0.717796 
0.784000 0.716833 
0.785000 0.715842 
0.786000 0.714822 
0.787000 0.713775 
0.788000 0.712699 
0.789000 0.711595 
0.790000 0.710462 
0.791000 0.709302 
0.792000 0.708114 
0.793000 0.706898 
0.794000 0.705654 
0.795000 0.704382 
0.796000 0.703082 
0.797000 0.701755 
0.798000 0.700400 
0.799000 0.699017 
0.800000 0.697607 
0.801000 0.696169 
0.802000 0.694703 
0.803000 0.693210 
0.804000 0.691690 
0.805000 0.690143 
0.806000 0.688568 
0.807000 0.686966 
0.808000 0.685337 
0.809000 0.683681 
0.810000 0.681998 
0.811000 0.680287 
0.812000 0.678551 
0.813000 0.676787 
0.814000 0.674996 
0.815000 0.673179 
0.816000 0.671336 
0.817000 0.669466 
0.818000 0.667569 
0.819000 0.665646 
0.820000 0.663697 
0.821000 0.661722 
0.822000 0.659720 
0.823000 0.657692 
0.824000 0.655639 
0.825000 0.653559 
0.826000 0.651454 
0.827000 0.649323 
0.828000 0.647167 
0.829000 0.644985 
0.830000 0.642777 
0.831000 0.640544 
0.832000 0.638286 
0.833000 0.636002 
0.834000 0.633694 
0.835000 0.631360 
0.836000 0.629002 
0.837000 0.626618 
0.838000 0.624210 
0.839000 0.621778 
0.840000 0.619320 
0.841000 0.616839 
0.842000 0.614333 
0.843000 0.611802 
0.844000 0.609248 
0.845000 0.606669 
0.846000 0.604067 
0.847000 0.601441 
0.848000 0.598791 
0.849000 0.596117 
0.850000 0.593420 
0.851000 0.590699 
0.852000 0.587955 
0.853000 0.585188 
0.854000 0.582397 
0.855000 0.579584 
0.856000 0.576748 
0.857000 0.573889 
0.858000 0.571008 
0.859000 0.568103 
0.860000 0.565177 
0.861000 0.562228 
0.862000 0.559257 
0.863000 0.556264 
0.864000 0.553249 
0.865000 0.550212 
0.866000 0.547153 
0.867000 0.544073 
0.868000 0.540971 
0.869000 0.537848 
0.870000 0.534704 
0.871000 0.531538 
0.872000 0.528352 
0.873000 0.525144 
0.874000 0.521916 
0.875000 0.518668 
0.876000 0.515399 
0.877000 0.512109 
0.878000 0.508800 
0.879000 0.505470 
0.880000 0.502120 
0.881000 0.498751 
0.882000 0.495361 
0.883000 0.491953 
0.884000 0.488524 
0.885000 0.485077 
0.886000 0.481610 
0.887000 0.478125 
0.888000 0.474620 
0.889000 0.471097 
0.890000 0.467555 
0.891000 0.463995 
0.892000 0.460416 
0.893000 0.456819 
0.894000 0.453204 
0.895000 0.449572 
0.896000 0.445921 
0.897000 0.442253 
0.898000 0.438567 
0.899000 0.434865 
0.900000 0.431145 
0.901000 0.427408 
0.902000 0.423654 
0.903000 0.419883 
0.904000 0.416096 
0.905000 0.412292 
0.906000 0.408472 
0.907000 0.404636 
0.908000 0.400784 
0.909000 0.396916 
0.910000 0.393033 
0.911000 0.389134 
0.912000 0.385219 
0.913000 0.381290 
0.914000 0.377345 
0.915000 0.373385 
0.916000 0.369411 
0.917000 0.365422 
0.918000 0.361419 
0.919000 0.357401 
0.920000 0.353370 
0.921000 0.349324 
0.922000 0.345265 
0.923000 0.341192 
0.924000 0.337105 
0.925000 0.333005 
0.926000 0.328892 
0.927000 0.324766 
0.928000 0.320627 
0.929000 0.316476 
0.930000 0.312312 
0.931000 0.308136 
0.932000 0.303947 
0.933000 0.299747 
0.934000 0.295535 
0.935000 0.291311 
0.936000 0.287075 
0.937000 0.282829 
0.938000 0.278571 
0.939000 0.274302 
0.940000 0.270022 
0.941000 0.265731 
0.942000 0.261431 
0.943000 0.257119 
0.944000 0.252798 
0.945000 0.248467 
0.946000 0.244125 
0.947000 0.239775 
0.948000 0.235414 
0.949000 0.231045 
0.950000 0.226666 
0.951000 0.222278 
0.952000 0.217882 
0.953000 0.213477 
0.954000 0.209064 
0.955000 0.204642 
0.956000 0.200212 
0.957000 0.195774 
0.958000 0.191329 
0.959000 0.186876 
0.960000 0.182416 
0.961000 0.177948 
0.962000 0.173474 
0.963000 0.168992 
0.964000 0.164504 
0.965000 0.160010 
0.966000 0.155509 
0.967000 0.151002 
0.968000 0.146489 
0.969000 0.141970 
0.970000 0.137445 
0.971000 0.132916 
0.972000 0.128381 
0.973000 0.123841 
0.974000 0.119295 
0.975000 0.114746 
0.976000 0.110192 
0.977000 0.105633 
0.978000 0.101070 
0.979000 0.096503 
0.980000 0.091933 
0.981000 0.087359 
0.982000 0.082781 
0.983000 0.078200 
0.984000 0.073616 
0.985000 0.069029 
0.986000 0.064439 
0.987000 0.059847 
0.988000 0.055253 
0.989000 0.050656 
0.990000 0.046057 
0.991000 0.041457 
0.992000 0.036855 
0.993000 0.032251 
0.994000 0.027646 
0.995000 0.023040 
0.996000 0.018433 
0.997000 0.013825 
0.998000 0.009217 
0.999000 0.004609 
1.000000 0.000000 
1.001000 -0.004609 
1.002000 -0.009217 
1.003000 -0.013825 
1.004000 -0.018433 
1.005000 -0.023040 
1.006000 -0.027646 
1.007000 -0.032251 
1.008000 -0.036855 
1.009000 -0.041457 
1.010000 -0.046057 
1.011000 -0.050656 
1.012000 -0.055253 
1.013000 -0.059847 
1.014000 -0.064439 
1.015000 -0.069029 
1.016000 -0.073616 
1.017000 -0.078200 
1.018000 -0.082781 
1.019000 -0.087359 
1.020000 -0.091933 
1.021000 -0.096503 
1.022000 -0.101070 
1.023000 -0.105633 
1.024000 -0.110192 
1.025000 -0.114746 
1.026000 -0.119295 
1.027000 -0.123841 
1.028000 -0.128381 
1.029000 -0.132916 
1.030000 -0.137445 
1.031000 -0.141970 
1.032000 -0.146489 
1.033000 -0.151002 
1.034000 -0.155509 
1.035000 -0.160010 
1.036000 -0.164504 
1.037000 -0.168992 
1.038000 -0.173474 
1.039000 -0.177948 
1.040000 -0.182416 
1.041000 -0.186876 
1.042000 -0.191329 
1.043000 -0.195774 
1.044000 -0.200212 
1.045000 -0.204642 
1.046000 -0.209064 
1.047000 -0.213477 
1.048000 -0.217882 
1.049000 -0.222278 
1.050000 -0.226666 
1.051000 -0.231045 
1.052000 -0.235414 
1.053000 -0.239775 
1.054000 -0.244125 
1.055000 -0.248467 
1.056000 -0.252798 
1.057000 -0.257119 
1.058000 -0.261431 
1.059000 -0.265731 
1.060000 -0.270022 
1.061000 -0.274302 
1.062000 -0.278571 
1.063000 -0.282829 
1.064000 -0.287075 
1.065000 -0.291311 
1.066000 -0.295535 
1.067000 -0.299747 
1.068000 -0.303947 
1.069000 -0.308136 
1.070000 -0.312312 
1.071000 -0.316476 
1.072000 -0.320627 
1.073000 -0.324766 
1.074000 -0.328892 
1.075000 -0.333005 
1.076000 -0.337105 
1.077000 -0.341192 
1.078000 -0.345265 
1.079000 -0.349324 
1.080000 -0.353370 
1.081000 -0.357401 
1.082000 -0.361419 
1.083000 -0.365422 
1.084000 -0.369411 
1.085000 -0.373385 
1.086000 -0.377345 
1.087000 -0.381290 
1.088000 -0.385219 
1.089000 -0.389134 
1.090000 -0.393033 
1.091000 -0.396916 
1.092000 -0.400784 
1.093000 -0.404636 
1.094000 -0.408472 
1.095000 -0.412292 
1.096000 -0.416096 
1.097000 -0.419883 
1.098000 -0.423654 
1.099000 -0.427408 
1.100000 -0.431145 
1.101000 -0.434865 
1.102000 -0.438567 
1.103000 -0.442253 
1.104000 -0.445921 
1.105000 -0.449572 
1.106000 -0.453204 
1.107000 -0.456819 
1.108000 -0.460416 
1.109000 -0.463995 
1.110000 -0.467555 
1.111000 -0.471097 
1.112000 -0.474620 
1.113000 -0.478125 
1.114000 -0.481610 
1.115000 -0.485077 
1.116000 -0.488524 
1.117000 -0.491953 
1.118000 -0.495361 
1.119000 -0.498751 
1.120000 -0.502120 
1.121000 -0.505470 
1.122000 -0.508800 
1.123000 -0.512109 
1.124000 -0.515399 
1.125000 -0.518668 
1.126000 -0.521916 
1.127000 -0.525144 
1.128000 -0.528352 
1.129000 -0.531538 
1.130000 -0.534704 
1.131000 -0.537848 
1.132000 -0.540971 
1.133000 -0.544073 
1.134000 -0.547153 
1.135000 -0.550212 
1.136000 -0.553249 
1.137000 -0.556264 
1.138000 -0.559257 
1.139000 -0.562228 
1.140000 -0.565177 
1.141000 -0.568103 
1.142000 -0.571008 
1.143000 -0.573889 
1.144000 -0.576748 
1.145000 -0.579584 
1.146000 -0.582397 
1.147000 -0.585188 
1.148000 -0.587955 
1.149000 -0.590699 
1.150000 -0.593420 
1.151000 -0.596117 
1.152000 -0.598791 
1.153000 -0.601441 
1.154000 -0.604067 
1.155000 -0.606669 
1.156000 -0.609248 
1.157000 -0.611802 
1.158000 -0.614333 
1.159000 -0.616839 
1.160000 -0.619320 
1.161000 -0.621778 
1.162000 -0.624210 
1.163000 -0.626618 
1.164000 -0.629002 
1.165000 -0.631360 
1.166000 -0.633694 
1.167000 -0.636002 
1.168000 -0.638286 
1.169000 -0.640544 
1.170000 -0.642777 
1.171000 -0.644985 
1.172000 -0.647167 
1.173000 -0.649323 
1.174000 -0.651454 
1.175000 -0.653559 
1.176000 -0.655639 
1.177000 -0.657692 
1.178000 -0.659720 
1.179000 -0.661722 
1.180000 -0.663697 
1.181000 -0.665646 
1.182000 -0.667569 
1.183000 -0.669466 
1.184000 -0.671336 
1.185000 -0.673179 
1.186000 -0.674996 
1.187000 -0.676787 
1.188000 -0.678551 
1.189000 -0.680287 
1.190000 -0.681998 
1.191000 -0.683681 
1.192000 -0.685337 
1.193000 -0.686966 
1.194000 -0.688568 
1.195000 -0.690143 
1.196000 -0.691690 
1.197000 -0.693210 
1.198000 -0.694703 
1.199000 -0.696169 
1.200000 -0.697607 
1.201000 -0.699017 
1.202000 -0.700400 
1.203000 -0.701755 
1.204000 -0.703082 
1.205000 -0.704382 
1.206000 -0.705654 
1.207000 -0.706898 
1.208000 -0.708114 
1.209000 -0.709302 
1.210000 -0.710462 
1.211000 -0.711595 
1.212000 -0.712699 
1.213000 -0.713775 
1.214000 -0.714822 
1.215000 -0.715842 
1.216000 -0.716833 
1.217000 -0.717796 
1.218000 -0.718730 
1.219000 -0.719637 
1.220000 -0.720515 
1.221000 -0.721364 
1.222000 -0.722185 
1.223000 -0.722977 
1.224000 -0.723741 
1.225000 -0.724476 
1.226000 -0.725183 
1.227000 -0.725861 
1.228000 -0.726510 
1.229000 -0.727131 
1.230000 -0.727723 
1.231000 -0.728286 
1.232000 -0.728821 
1.233000 -0.729327 
1.234000 -0.729803 
1.235000 -0.730252 
1.236000 -0.730671 
1.237000 -0.731061 
1.238000 -0.731423 
1.239000 -0.731756 
1.240000 -0.732060 
1.241000 -0.732334 
1.242000 -0.732580 
1.243000 -0.732798 
1.244000 -0.732986 
1.245000 -0.733145 
1.246000 -0.733275 
1.247000 -0.733377 
1.248000 -0.733449 
1.249000 -0.733492 
1.250000 -0.733507 
1.251000 -0.733492 
1.252000 -0.733449 
1.253000 -0.733377 
1.254000 -0.733275 
1.255000 -0.733145 
1.256000 -0.732986 
1.257000 -0.732798 
1.258000 -0.732580 
1.259000 -0.732334 
1.260000 -0.732060 
1.261000 -0.731756 
1.262000 -0.731423 
1.263000 -0.731061 
1.264000 -0.730671 
1.265000 -0.730252 
1.266000 -0.729803 
1.267000 -0.729327 
1.268000 -0.728821 
1.269000 -0.728286 
1.270000 -0.727723 
1.271000 -0.727131 
1.272000 -0.726510 
1.273000 -0.725861 
1.274000 -0.725183 
1.275000 -0.724476 
1.276000 -0.723741 
1.277000 -0.722977 
1.278000 -0.722185 
1.279000 -0.721364 
1.280000 -0.720515 
1.281000 -0.719637 
1.282000 -0.718730 
1.283000 -0.717796 
1.284000 -0.716833 
1.285000 -0.715842 
1.286000 -0.714822 
1.287000 -0.713775 
1.288000 -0.712699 
1.289000 -0.711595 
1.290000 -0.710462 
1.291000 -0.709302 
1.292000 -0.708114 
1.293000 -0.706898 
1.294000 -0.705654 
1.295000 -0.704382 
1.296000 -0.703082 
1.297000 -0.701755 
1.298000 -0.700400 
1.299000 -0.699017 
1.300000 -0.697607 
1.301000 -0.696169 
1.302000 -0.694703 
1.303000 -0.693210 
1.304000 -0.691690 
1.305000 -0.690143 
1.306000 -0.688568 
1.307000 -0.686966 
1.308000 -0.685337 
1.309000 -0.683681 
1.310000 -0.681998 
1.311000 -0.680287 
1.312000 -0.678551 
1.313000 -0.676787 
1.314000 -0.674996 
1.315000 -0.673179 
1.316000 -0.671336 
1.317000 -0.669466 
1.318000 -0.667569 
1.319000 -0.665646 
1.320000 -0.663697 
1.321000 -0.661722 
1.322000 -0.659720 
1.323000 -0.657692 
1.324000 -0.655639 
1.325000 -0.653559 
1.326000 -0.651454 
1.327000 -0.649323 
1.328000 -0.647167 
1.329000 -0.644985 
1.330000 -0.642777 
1.331000 -0.640544 
1.332000 -0.638286 
1.333000 -0.636002 
1.334000 -0.633694 
1.335000 -0.631360 
1.336000 -0.629002 
1.337000 -0.626618 
1.338000 -0.624210 
1.339000 -0.621778 
1.340000 -0.619320 
1.341000 -0.616839 
1.342000 -0.614333 
1.343000 -0.611802 
1.344000 -0.609248 
1.345000 -0.606669 
1.346000 -0.604067 
1.347000 -0.601441 
1.348000 -0.598791 
1.349000 -0.596117 
1.350000 -0.593420 
1.351000 -0.590699 
1.352000 -0.587955 
1.353000 -0.585188 
1.354000 -0.582397 
1.355000 -0.579584 
1.356000 -0.576748 
1.357000 -0.573889 
1.358000 -0.571008 
1.359000 -0.568103 
1.360000 -0.565177 
1.361000 -0.562228 
1.362000 -0.559257 
1.363000 -0.556264 
1.364000 -0.553249 
1.365000 -0.550212 
1.366000 -0.547153 
1.367000 -0.544073 
1.368000 -0.540971 
1.369000 -0.537848 
1.370000 -0.534704 
1.371000 -0.531538 
1.372000 -0.528352 
1.373000 -0.525144 
1.374000 -0.521916 
1.375000 -0.518668 
1.376000 -0.515399 
1.377000 -0.512109 
1.378000 -0.508800 
1.379000 -0.505470 
1.380000 -0.502120 
1.381000 -0.498751 
1.382000 -0.495361 
1.383000 -0.491953 
1.384000 -0.488524 
1.385000 -0.485077 
1.386000 -0.481610 
1.387000 -0.478125 
1.388000 -0.474620 
1.389000 -0.471097 
1.390000 -0.467555 
1.391000 -0.463995 
1.392000 -0.460416 
1.393000 -0.456819 
1.394000 -0.453204 
1.395000 -0.449572 
1.396000 -0.445921 
1.397000 -0.442253 
1.398000 -0.438567 
1.399000 -0.434865 
1.400000 -0.431145 
1.401000 -0.427408 
1.402000 -0.423654 
1.403000 -0.419883 
1.404000 -0.416096 
1.405000 -0.412292 
1.406000 -0.408472 
1.407000 -0.404636 
1.408000 -0.400784 
1.409000 -0.396916 
1.410000 -0.393033 
1.411000 -0.389134 
1.412000 -0.385219 
1.413000 -0.381290 
1.414000 -0.377345 
1.415000 -0.373385 
1.416000 -0.369411 
1.417000 -0.365422 
1.418000 -0.361419 
1.419000 -0.357401 
1.420000 -0.353370 
1.421000 -0.349324 
1.422000 -0.345265 
1.423000 -0.341192 
1.424000 -0.337105 
1.425000 -0.333005 
1.426000 -0.328892 
1.427000 -0.324766 
1.428000 -0.320627 
1.429000 -0.316476 
1.430000 -0.312312 
1.431000 -0.308136 
1.432000 -0.303947 
1.433000 -0.299747 
1.434000 -0.295535 
1.435000 -0.291311 
1.436000 -0.287075 
1.437000 -0.282829 
1.438000 -0.278571 
1.439000 -0.274302 
1.440000 -0.270022 
1.441000 -0.265731 
1.442000 -0.261431 
1.443000 -0.257119 
1.444000 -0.252798 
1.445000 -0.248467 
1.446000 -0.244125 
1.447000 -0.239775 
1.448000 -0.235414 
1.449000 -0.231045 
1.450000 -0.226666 
1.451000 -0.222278 
1.452000 -0.217882 
1.453000 -0.213477 
1.454000 -0.209064 
1.455000 -0.204642 
1.456000 -0.200212 
1.457000 -0.195774 
1.458000 -0.191329 
1.459000 -0.186876 
1.460000 -0.182416 
1.461000 -0.177948 
1.462000 -0.173474 
1.463000 -0.168992 
1.464000 -0.164504 
1.465000 -0.160010 
1.466000 -0.155509 
1.467000 -0.151002 
1.468000 -0.146489 
1.469000 -0.141970 
1.470000 -0.137445 
1.471000 -0.132916 
1.472000 -0.128381 
1.473000 -0.123841 
1.474000 -0.119295 
1.475000 -0.114746 
1.476000 -0.110192 
1.477000 -0.105633 
1.478000 -0.101070 
1.479000 -0.096503 
1.480000 -0.091933 
1.481000 -0.087359 
1.482000 -0.082781 
1.483000 -0.078200 
1.484000 -0.073616 
1.485000 -0.069029 
1.486000 -0.064439 
1.487000 -0.059847 
1.488000 -0.055253 
1.489000 -0.050656 
1.490000 -0.046057 
1.491000 -0.041457 
1.492000 -0.036855 
1.493000 -0.032251 
1.494000 -0.027646 
1.495000 -0.023040 
1.496000 -0.018433 
1.497000 -0.013825 
1.498000 -0.009217 
1.499000 -0.004609 
