descriptor BJD Tc_folded phase mod 
2455326.949950 -0.258039 0.012496 0.454864
2455327.049950 -0.158039 0.053752 0.292164
2455327.149950 -0.058039 0.095009 0.109941
2455327.249950 0.041961 0.136266 -0.079629
2455327.349950 0.141961 0.177523 -0.263877
2455327.449950 0.241961 0.218780 -0.430493
2455327.549950 0.341961 0.260036 -0.568343
2455327.649950 0.441961 0.301293 -0.668215
2455327.749950 0.541961 0.342550 -0.723436
2455327.849950 0.641961 0.383807 -0.730315
2455327.949950 0.741961 0.425063 -0.688394
2455328.049950 0.841961 0.466320 -0.600473
2455328.149950 0.941961 0.507577 -0.472428
2455328.249950 1.041961 0.548834 -0.312814
2455328.349950 1.141961 0.590091 -0.132298
2455328.449950 -1.181883 0.631347 0.057059
2455328.549950 -1.081883 0.672604 0.242603
2455328.649950 -0.981883 0.713861 0.411936
2455328.749950 -0.881883 0.755118 0.553743
2455328.849950 -0.781883 0.796375 0.658548
2455328.949950 -0.681883 0.837631 0.719347
2455329.049950 -0.581883 0.878888 0.732079
2455329.149950 -0.481883 0.920145 0.695891
2455329.249950 -0.381883 0.961402 0.613204
2455329.349950 -0.281883 0.002658 0.489541
2455329.449950 -0.181883 0.043915 0.333166
2455329.549950 -0.081883 0.085172 0.154528
2455329.649950 0.018117 0.126429 -0.034435
2455329.749950 0.118117 0.167686 -0.221098
2455329.849950 0.218117 0.208942 -0.392986
2455329.949950 0.318117 0.250199 -0.538615
2455330.049950 0.418117 0.291456 -0.648252
2455330.149950 0.518117 0.332713 -0.714572
2455330.249950 0.618117 0.373969 -0.733143
2455330.349950 0.718117 0.415226 -0.702724
2455330.449950 0.818117 0.456483 -0.625348
2455330.549950 0.918117 0.497740 -0.506186
2455330.649950 1.018117 0.538997 -0.353199
2455330.749950 1.118117 0.580253 -0.176611
2455330.849950 -1.205727 0.621510 0.011779
2455330.949950 -1.105727 0.662767 0.199381
2455331.049950 -1.005727 0.704024 0.373661
2455331.149950 -0.905727 0.745280 0.522972
2455331.249950 -0.805727 0.786537 0.637337
2455331.349950 -0.705727 0.827794 0.709114
2455331.449950 -0.605727 0.869051 0.733507
2455331.549950 -0.505727 0.910308 0.708886
2455331.649950 -0.405727 0.951564 0.636896
2455331.749950 -0.305727 0.992821 0.522347
2455331.849950 -0.205727 0.034078 0.372895
2455331.949950 -0.105727 0.075335 0.198525
2455332.049950 -0.005727 0.116591 0.010889
2455332.149950 0.094273 0.157848 -0.177474
2455332.249950 0.194273 0.199105 -0.353979
2455332.349950 0.294273 0.240362 -0.506829
2455332.449950 0.394273 0.281619 -0.625813
2455332.549950 0.494273 0.322875 -0.702979
2455332.649950 0.594273 0.364132 -0.733170
2455332.749950 0.694273 0.405389 -0.714370
2455332.849950 0.794273 0.446646 -0.647835
2455332.949950 0.894273 0.487903 -0.538010
2455333.049950 0.994273 0.529159 -0.392234
2455333.149950 1.094273 0.570416 -0.220249
2455333.249950 1.194273 0.611673 -0.033547
2455333.349950 -1.129571 0.652930 0.155398
2455333.449950 -1.029571 0.694186 0.333958
2455333.549950 -0.929571 0.735443 0.490203
2455333.649950 -0.829571 0.776700 0.613692
2455333.749950 -0.729571 0.817957 0.696172
2455333.849950 -0.629571 0.859214 0.732134
2455333.949950 -0.529571 0.900470 0.719173
2455334.049950 -0.429571 0.941727 0.658155
2455334.149950 -0.329571 0.982984 0.553159
2455334.249950 -0.229571 0.024241 0.411200
2455334.349950 -0.129571 0.065497 0.241763
2455334.449950 -0.029571 0.106754 0.056172
2455334.549950 0.070429 0.148011 -0.133173
2455334.649950 0.170429 0.189268 -0.313619
2455334.749950 0.270429 0.230525 -0.473108
2455334.849950 0.370429 0.271781 -0.600984
2455334.949950 0.470429 0.313038 -0.688701
2455335.049950 0.570429 0.354295 -0.730398
2455335.149950 0.670429 0.395552 -0.723288
2455335.249950 0.770429 0.436808 -0.667847
2455335.349950 0.870429 0.478065 -0.567780
2455335.449950 0.970429 0.519322 -0.429772
2455335.549950 1.070429 0.560579 -0.263047
2455335.649950 1.170429 0.601836 -0.078744
2455335.749950 -1.153415 0.643092 0.110821
2455335.849950 -1.053415 0.684349 0.292980
2455335.949950 -0.953415 0.725606 0.455562
2455336.049950 -0.853415 0.766863 0.587703
2455336.149950 -0.753415 0.808119 0.680572
2455336.249950 -0.653415 0.849376 0.727964
2455336.349950 -0.553415 0.890633 0.726713
2455336.449950 -0.453415 0.931890 0.676901
2455336.549950 -0.353415 0.973147 0.581858
2455336.649950 -0.253415 0.014403 0.447934
2455336.749950 -0.153415 0.055660 0.284079
2455336.849950 -0.053415 0.096917 0.101240
2455336.949950 0.046585 0.138174 -0.088363
2455337.049950 0.146585 0.179431 -0.272062
2455337.149950 0.246585 0.220687 -0.437581
2455337.249950 0.346585 0.261944 -0.573860
2455337.349950 0.446585 0.303201 -0.671793
2455337.449950 0.546585 0.344458 -0.724836
2455337.549950 0.646585 0.385714 -0.729444
2455337.649950 0.746585 0.426971 -0.685309
2455337.749950 0.846585 0.468228 -0.595381
2455337.849950 0.946585 0.509485 -0.465668
2455337.949950 1.046585 0.550742 -0.304839
2455338.049950 1.146585 0.591998 -0.123640
2455338.149950 -1.177259 0.633255 0.065821
2455338.249950 -1.077259 0.674512 0.250883
2455338.349950 -0.977259 0.715769 0.419181
2455338.449950 -0.877259 0.757025 0.559469
2455338.549950 -0.777259 0.798282 0.662372
2455338.649950 -0.677259 0.839539 0.721015
2455338.749950 -0.577259 0.880796 0.731478
2455338.849950 -0.477259 0.922053 0.693062
2455338.949950 -0.377259 0.963309 0.608335
2455339.049950 -0.277259 0.004566 0.482958
2455339.149950 -0.177259 0.045823 0.325309
2455339.249950 -0.077259 0.087080 0.145922
2455339.349950 0.022741 0.128336 -0.043215
2455339.449950 0.122741 0.169593 -0.229465
2455339.549950 0.222741 0.210850 -0.400382
2455339.649950 0.322741 0.252107 -0.544544
2455339.749950 0.422741 0.293364 -0.652319
2455339.849950 0.522741 0.334620 -0.716505
2455339.949950 0.622741 0.375877 -0.732813
2455340.049950 0.722741 0.417134 -0.700153
2455340.149950 0.822741 0.458391 -0.620708
2455340.249950 0.922741 0.499647 -0.499786
2455340.349950 1.022741 0.540904 -0.345468
2455340.449950 1.122741 0.582161 -0.168065
2455340.549950 -1.201103 0.623418 0.020569
2455340.649950 -1.101103 0.664675 0.207828
2455340.749950 -1.001103 0.705931 0.381200
2455340.849950 -0.901103 0.747188 0.529099
2455340.949950 -0.801103 0.788445 0.641643
2455341.049950 -0.701103 0.829702 0.711311
2455341.149950 -0.601103 0.870959 0.733449
2455341.249950 -0.501103 0.912215 0.706576
2455341.349950 -0.401103 0.953472 0.632489
2455341.449950 -0.301103 0.994729 0.516137
2455341.549950 -0.201103 0.035986 0.365297
2455341.649950 -0.101103 0.077242 0.190047
2455341.749950 -0.001103 0.118499 0.002097
2455341.849950 0.098897 0.159756 -0.185992
2455341.949950 0.198897 0.201013 -0.361654
2455342.049950 0.298897 0.242270 -0.513149
2455342.149950 0.398897 0.283526 -0.630354
2455342.249950 0.498897 0.324783 -0.705438
2455342.349950 0.598897 0.366040 -0.733384
2455342.449950 0.698897 0.407297 -0.712324
2455342.549950 0.798897 0.448553 -0.643665
2455342.649950 0.898897 0.489810 -0.531995
2455342.749950 0.998897 0.531067 -0.384777
2455342.849950 1.098897 0.572324 -0.211847
2455342.949950 1.198897 0.613581 -0.024761
2455343.049950 -1.124947 0.654837 0.163979
2455343.149950 -1.024947 0.696094 0.341762
2455343.249950 -0.924947 0.737351 0.496708
2455343.349950 -0.824947 0.778608 0.618463
2455343.449950 -0.724947 0.819864 0.698891
2455343.549950 -0.624947 0.861121 0.732619
2455343.649950 -0.524947 0.902378 0.717391
2455343.749950 -0.424947 0.943635 0.654227
2455343.849950 -0.324947 0.984892 0.547345
2455343.949950 -0.224947 0.026148 0.403890
2455344.049950 -0.124947 0.067405 0.233445
2455344.149950 -0.024947 0.108662 0.047402
2455344.249950 0.075053 0.149919 -0.141809
2455344.349950 0.175053 0.191176 -0.321544
2455344.449950 0.275053 0.232432 -0.479793
2455344.549950 0.375053 0.273689 -0.605982
2455344.649950 0.475053 0.314946 -0.691677
2455344.749950 0.575053 0.356203 -0.731154
2455344.849950 0.675053 0.397459 -0.721774
2455344.949950 0.775053 0.438716 -0.664163
2455345.049950 0.875053 0.479973 -0.562173
2455345.149950 0.975053 0.521230 -0.422616
2455345.249950 1.075053 0.562487 -0.254820
2455345.349950 1.175053 0.603743 -0.069997
2455345.449950 -1.148791 0.645000 0.119504
2455345.549950 -1.048791 0.686257 0.301019
2455345.649950 -0.948791 0.727514 0.462420
2455345.749950 -0.848791 0.768770 0.592921
2455345.849950 -0.748791 0.810027 0.683802
2455345.949950 -0.648791 0.851284 0.728991
2455346.049950 -0.548791 0.892541 0.725467
2455346.149950 -0.448791 0.933798 0.673466
2455346.249950 -0.348791 0.975054 0.576463
2455346.349950 -0.248791 0.016311 0.440940
2455346.449950 -0.148791 0.057568 0.275952
2455346.549950 -0.048791 0.098825 0.092525
2455346.649950 0.051209 0.140081 -0.097084
2455346.749950 0.151209 0.181338 -0.280207
2455346.849950 0.251209 0.222595 -0.444605
2455346.949950 0.351209 0.263852 -0.579295
2455347.049950 0.451209 0.305109 -0.675274
2455347.149950 0.551209 0.346365 -0.726131
2455347.249950 0.651209 0.387622 -0.728467
2455347.349950 0.751209 0.428879 -0.682125
2455347.449950 0.851209 0.470136 -0.590203
2455347.549950 0.951209 0.511392 -0.458842
2455347.649950 1.051209 0.552649 -0.296821
2455347.749950 1.151209 0.593906 -0.114965
2455347.849950 -1.172635 0.635163 0.074572
2455347.949950 -1.072635 0.676420 0.259127
2455348.049950 -0.972635 0.717676 0.426366
2455348.149950 -0.872635 0.758933 0.565115
2455348.249950 -0.772635 0.800190 0.666102
2455348.349950 -0.672635 0.841447 0.722579
2455348.449950 -0.572635 0.882704 0.730772
2455348.549950 -0.472635 0.923960 0.690133
2455348.649950 -0.372635 0.965217 0.603379
2455348.749950 -0.272635 0.006474 0.476306
2455348.849950 -0.172635 0.047731 0.317405
2455348.949950 -0.072635 0.088987 0.137295
2455349.049950 0.027365 0.130244 -0.051989
2455349.149950 0.127365 0.171501 -0.237799
2455349.249950 0.227365 0.212758 -0.407720
2455349.349950 0.327365 0.254015 -0.550395
2455349.449950 0.427365 0.295271 -0.656293
2455349.549950 0.527365 0.336528 -0.718336
2455349.649950 0.627365 0.377785 -0.732378
2455349.749950 0.727365 0.419042 -0.697482
2455349.849950 0.827365 0.460298 -0.615979
2455349.949950 0.927365 0.501555 -0.493315
2455350.049950 1.027365 0.542812 -0.337687
2455350.149950 1.127365 0.584069 -0.159494
2455350.249950 -1.196479 0.625326 0.029356
2455350.349950 -1.096479 0.666582 0.216245
2455350.449950 -0.996479 0.707839 0.388684
2455350.549950 -0.896479 0.749096 0.535150
2455350.649950 -0.796479 0.790353 0.645857
2455350.749950 -0.696479 0.831609 0.713407
2455350.849950 -0.596479 0.872866 0.733285
2455350.949950 -0.496479 0.914123 0.704165
2455351.049950 -0.396479 0.955380 0.627991
2455351.149950 -0.296479 0.996637 0.509853
2455351.249950 -0.196479 0.037893 0.357646
2455351.349950 -0.096479 0.079150 0.181541
2455351.449950 0.003521 0.120407 -0.006695
2455351.549950 0.103521 0.161664 -0.194484
2455351.649950 0.203521 0.202920 -0.369277
2455351.749950 0.303521 0.244177 -0.519394
2455351.849950 0.403521 0.285434 -0.634805
2455351.949950 0.503521 0.326691 -0.707796
2455352.049950 0.603521 0.367948 -0.733492
2455352.149950 0.703521 0.409204 -0.710175
2455352.249950 0.803521 0.450461 -0.639403
2455352.349950 0.903521 0.491718 -0.525904
2455352.449950 1.003521 0.532975 -0.377264
2455352.549950 1.103521 0.574232 -0.203415
2455352.649950 1.203521 0.615488 -0.015973
2455352.749950 -1.120323 0.656745 0.172537
2455352.849950 -1.020323 0.698002 0.349517
2455352.949950 -0.920323 0.739259 0.503142
2455353.049950 -0.820323 0.780515 0.623146
2455353.149950 -0.720323 0.821772 0.701510
2455353.249950 -0.620323 0.863029 0.732999
2455353.349950 -0.520323 0.904286 0.715507
2455353.449950 -0.420323 0.945543 0.650204
2455353.549950 -0.320323 0.986799 0.541453
2455353.649950 -0.220323 0.028056 0.396521
2455353.749950 -0.120323 0.069313 0.225094
2455353.849950 -0.020323 0.110570 0.038625
2455353.949950 0.079677 0.151826 -0.150425
2455354.049950 0.179677 0.193083 -0.329423
2455354.149950 0.279677 0.234340 -0.486409
2455354.249950 0.379677 0.275597 -0.610892
2455354.349950 0.479677 0.316854 -0.694554
2455354.449950 0.579677 0.358110 -0.731805
2455354.549950 0.679677 0.399367 -0.720156
2455354.649950 0.779677 0.440624 -0.660384
2455354.749950 0.879677 0.481881 -0.556485
2455354.849950 0.979677 0.523137 -0.415400
2455354.949950 1.079677 0.564394 -0.246558
2455355.049950 1.179677 0.605651 -0.061240
2455355.149950 -1.144167 0.646908 0.128170
2455355.249950 -1.044167 0.688165 0.309015
2455355.349950 -0.944167 0.729421 0.469212
2455355.449950 -0.844167 0.770678 0.598055
2455355.549950 -0.744167 0.811935 0.686935
2455355.649950 -0.644167 0.853192 0.729913
2455355.749950 -0.544167 0.894448 0.724116
2455355.849950 -0.444167 0.935705 0.669934
2455355.949950 -0.344167 0.976962 0.570985
2455356.049950 -0.244167 0.018219 0.433882
2455356.149950 -0.144167 0.059476 0.267786
2455356.249950 -0.044167 0.100732 0.083797
2455356.349950 0.055833 0.141989 -0.105792
2455356.449950 0.155833 0.183246 -0.288312
2455356.549950 0.255833 0.224503 -0.451566
2455356.649950 0.355833 0.265760 -0.584646
2455356.749950 0.455833 0.307016 -0.678659
2455356.849950 0.555833 0.348273 -0.727323
2455356.949950 0.655833 0.389530 -0.727386
2455357.049950 0.755833 0.430787 -0.678844
2455357.149950 0.855833 0.472043 -0.584940
2455357.249950 0.955833 0.513300 -0.451950
2455357.349950 1.055833 0.554557 -0.288759
2455357.449950 1.155833 0.595814 -0.106274
2455357.549950 -1.168011 0.637071 0.083313
2455357.649950 -1.068011 0.678327 0.267333
2455357.749950 -0.968011 0.719584 0.433490
2455357.849950 -0.868011 0.760841 0.570679
2455357.949950 -0.768011 0.802098 0.669735
2455358.049950 -0.668011 0.843354 0.724039
2455358.149950 -0.568011 0.884611 0.729960
2455358.249950 -0.468011 0.925868 0.687105
2455358.349950 -0.368011 0.967125 0.598336
2455358.449950 -0.268011 0.008382 0.469586
2455358.549950 -0.168011 0.049638 0.309456
2455358.649950 -0.068011 0.090895 0.128649
2455358.749950 0.031989 0.132152 -0.060755
2455358.849950 0.131989 0.173409 -0.246099
2455358.949950 0.231989 0.214665 -0.414999
2455359.049950 0.331989 0.255922 -0.556168
2455359.149950 0.431989 0.297179 -0.660172
2455359.249950 0.531989 0.338436 -0.720063
2455359.349950 0.631989 0.379693 -0.731838
2455359.449950 0.731989 0.420949 -0.694710
2455359.549950 0.831989 0.462206 -0.611161
2455359.649950 0.931989 0.503463 -0.486773
2455359.749950 1.031989 0.544720 -0.329858
2455359.849950 1.131989 0.585976 -0.150901
2455359.949950 -1.191855 0.627233 0.038139
2455360.049950 -1.091855 0.668490 0.224630
2455360.149950 -0.991855 0.709747 0.396112
2455360.249950 -0.891855 0.751004 0.541125
2455360.349950 -0.791855 0.792260 0.649978
2455360.449950 -0.691855 0.833517 0.715400
2455360.549950 -0.591855 0.874774 0.733017
2455360.649950 -0.491855 0.916031 0.701652
2455360.749950 -0.391855 0.957288 0.623402
2455360.849950 -0.291855 0.998544 0.503496
2455360.949950 -0.191855 0.039801 0.349945
2455361.049950 -0.091855 0.081058 0.173010
2455361.149950 0.008145 0.122315 -0.015486
2455361.249950 0.108145 0.163571 -0.202947
2455361.349950 0.208145 0.204828 -0.376847
2455361.449950 0.308145 0.246085 -0.525565
2455361.549950 0.408145 0.287342 -0.639164
2455361.649950 0.508145 0.328599 -0.710053
2455361.749950 0.608145 0.369855 -0.733495
2455361.849950 0.708145 0.411112 -0.707924
2455361.949950 0.808145 0.452369 -0.635048
2455362.049950 0.908145 0.493626 -0.519737
2455362.149950 1.008145 0.534882 -0.369697
2455362.249950 1.108145 0.576139 -0.194953
2455362.349950 1.208145 0.617396 -0.007181
2455362.449950 -1.115699 0.658653 0.181070
2455362.549950 -1.015699 0.699910 0.357221
2455362.649950 -0.915699 0.741166 0.509503
2455362.749950 -0.815699 0.782423 0.627739
2455362.849950 -0.715699 0.823680 0.704028
2455362.949950 -0.615699 0.864937 0.733273
2455363.049950 -0.515699 0.906193 0.713520
2455363.149950 -0.415699 0.947450 0.646088
2455363.249950 -0.315699 0.988707 0.535483
2455363.349950 -0.215699 0.029964 0.389096
2455363.449950 -0.115699 0.071221 0.216710
2455363.549950 -0.015699 0.112477 0.029842
2455363.649950 0.084301 0.153734 -0.159019
2455363.749950 0.184301 0.194991 -0.337255
2455363.849950 0.284301 0.236248 -0.492955
2455363.949950 0.384301 0.277504 -0.615715
2455364.049950 0.484301 0.318761 -0.697331
2455364.149950 0.584301 0.360018 -0.732351
2455364.249950 0.684301 0.401275 -0.718434
2455364.349950 0.784301 0.442532 -0.656510
2455364.449950 0.884301 0.483788 -0.550717
2455364.549950 0.984301 0.525045 -0.408124
2455364.649950 1.084301 0.566302 -0.238260
2455364.749950 1.184301 0.607559 -0.052474
2455364.849950 -1.139543 0.648816 0.136817
2455364.949950 -1.039543 0.690072 0.316967
2455365.049950 -0.939543 0.731329 0.475936
2455365.149950 -0.839543 0.772586 0.603102
2455365.249950 -0.739543 0.813843 0.689968
2455365.349950 -0.639543 0.855099 0.730729
2455365.449950 -0.539543 0.896356 0.722662
2455365.549950 -0.439543 0.937613 0.666305
2455365.649950 -0.339543 0.978870 0.565425
2455365.749950 -0.239543 0.020127 0.426762
2455365.849950 -0.139543 0.061383 0.259582
2455365.949950 -0.039543 0.102640 0.075056
2455366.049950 0.060457 0.143897 -0.114485
2455366.149950 0.160457 0.185154 -0.296376
2455366.249950 0.260457 0.226410 -0.458462
2455366.349950 0.360457 0.267667 -0.589914
2455366.449950 0.460457 0.308924 -0.681946
2455366.549950 0.560457 0.350181 -0.728410
2455366.649950 0.660457 0.391438 -0.726200
2455366.749950 0.760457 0.432694 -0.675464
2455366.849950 0.860457 0.473951 -0.579593
2455366.949950 0.960457 0.515208 -0.444992
2455367.049950 1.060457 0.556465 -0.280657
2455367.149950 1.160457 0.597721 -0.097567
2455367.249950 -1.163387 0.638978 0.092043
2455367.349950 -1.063387 0.680235 0.275501
2455367.449950 -0.963387 0.721492 0.440551
2455367.549950 -0.863387 0.762749 0.576162
2455367.649950 -0.763387 0.804005 0.673273
2455367.749950 -0.663387 0.845262 0.725395
2455367.849950 -0.563387 0.886519 0.729044
2455367.949950 -0.463387 0.927776 0.683978
2455368.049950 -0.363387 0.969032 0.593208
2455368.149950 -0.263387 0.010289 0.462798
2455368.249950 -0.163387 0.051546 0.301463
2455368.349950 -0.063387 0.092803 0.119984
2455368.449950 0.036613 0.134060 -0.069513
2455368.549950 0.136613 0.175316 -0.254364
2455368.649950 0.236613 0.216573 -0.422219
2455368.749950 0.336613 0.257830 -0.561860
2455368.849950 0.436613 0.299087 -0.663957
2455368.949950 0.536613 0.340344 -0.721687
2455369.049950 0.636613 0.381600 -0.731193
2455369.149950 0.736613 0.422857 -0.691839
2455369.249950 0.836613 0.464114 -0.606256
2455369.349950 0.936613 0.505371 -0.480161
2455369.449950 1.036613 0.546627 -0.321982
2455369.549950 1.136613 0.587884 -0.142287
2455369.649950 -1.187231 0.629141 0.046916
2455369.749950 -1.087231 0.670398 0.232984
2455369.849950 -0.987231 0.711655 0.403483
2455369.949950 -0.887231 0.752911 0.547021
2455370.049950 -0.787231 0.794168 0.654006
2455370.149950 -0.687231 0.835425 0.717290
2455370.249950 -0.587231 0.876682 0.732643
2455370.349950 -0.487231 0.917938 0.699039
2455370.449950 -0.387231 0.959195 0.618725
2455370.549950 -0.287231 0.000452 0.497066
2455370.649950 -0.187231 0.041709 0.342193
2455370.749950 -0.087231 0.082966 0.164453
2455370.849950 0.012769 0.124222 -0.024275
2455370.949950 0.112769 0.165479 -0.211381
2455371.049950 0.212769 0.206736 -0.384363
2455371.149950 0.312769 0.247993 -0.531660
2455371.249950 0.412769 0.289249 -0.643431
2455371.349950 0.512769 0.330506 -0.712208
2455371.449950 0.612769 0.371763 -0.733393
2455371.549950 0.712769 0.413020 -0.705571
2455371.649950 0.812769 0.454277 -0.630603
2455371.749950 0.912769 0.495533 -0.513496
2455371.849950 1.012769 0.536790 -0.362077
2455371.949950 1.112769 0.578047 -0.186463
2455372.049950 -1.211075 0.619304 0.001611
2455372.149950 -1.111075 0.660561 0.189577
2455372.249950 -1.011075 0.701817 0.364875
2455372.349950 -0.911075 0.743074 0.515791
2455372.449950 -0.811075 0.784331 0.632242
2455372.549950 -0.711075 0.825588 0.706445
2455372.649950 -0.611075 0.866844 0.733442
2455372.749950 -0.511075 0.908101 0.711430
2455372.849950 -0.411075 0.949358 0.641879
2455372.949950 -0.311075 0.990615 0.529436
2455373.049950 -0.211075 0.031872 0.381615
2455373.149950 -0.111075 0.073128 0.208295
2455373.249950 -0.011075 0.114385 0.021055
2455373.349950 0.088925 0.155642 -0.167591
2455373.449950 0.188925 0.196899 -0.345038
2455373.549950 0.288925 0.238155 -0.499430
2455373.649950 0.388925 0.279412 -0.620449
2455373.749950 0.488925 0.320669 -0.700008
2455373.849950 0.588925 0.361926 -0.732792
2455373.949950 0.688925 0.403183 -0.716609
2455374.049950 0.788925 0.444439 -0.652541
2455374.149950 0.888925 0.485696 -0.544870
2455374.249950 0.988925 0.526953 -0.400789
2455374.349950 1.088925 0.568210 -0.229927
2455374.449950 1.188925 0.609466 -0.043701
2455374.549950 -1.134919 0.650723 0.145445
2455374.649950 -1.034919 0.691980 0.324873
2455374.749950 -0.934919 0.733237 0.482592
2455374.849950 -0.834919 0.774494 0.608063
2455374.949950 -0.734919 0.815750 0.692903
2455375.049950 -0.634919 0.857007 0.731441
2455375.149950 -0.534919 0.898264 0.721104
2455375.249950 -0.434919 0.939521 0.662581
2455375.349950 -0.334919 0.980777 0.559784
2455375.449950 -0.234919 0.022034 0.419581
2455375.549950 -0.134919 0.063291 0.251340
2455375.649950 -0.034919 0.104548 0.066305
2455375.749950 0.065081 0.145805 -0.123161
2455375.849950 0.165081 0.187061 -0.304397
2455375.949950 0.265081 0.228318 -0.465292
2455376.049950 0.365081 0.269575 -0.595096
2455376.149950 0.465081 0.310832 -0.685135
2455376.249950 0.565081 0.352089 -0.729392
2455376.349950 0.665081 0.393345 -0.724910
2455376.449950 0.765081 0.434602 -0.671988
2455376.549950 0.865081 0.475859 -0.574163
2455376.649950 0.965081 0.517116 -0.437971
2455376.749950 1.065081 0.558372 -0.272513
2455376.849950 1.165081 0.599629 -0.088846
2455376.949950 -1.158763 0.640886 0.100758
2455377.049950 -1.058763 0.682143 0.283630
2455377.149950 -0.958763 0.723400 0.447549
2455377.249950 -0.858763 0.764656 0.581562
2455377.349950 -0.758763 0.805913 0.676714
2455377.449950 -0.658763 0.847170 0.726647
2455377.549950 -0.558763 0.888427 0.728024
2455377.649950 -0.458763 0.929683 0.680753
2455377.749950 -0.358763 0.970940 0.587994
2455377.849950 -0.258763 0.012197 0.455943
2455377.949950 -0.158763 0.053454 0.293426
2455378.049950 -0.058763 0.094711 0.111302
2455378.149950 0.041237 0.135967 -0.078260
2455378.249950 0.141237 0.177224 -0.262592
2455378.349950 0.241237 0.218481 -0.429378
2455378.449950 0.341237 0.259738 -0.567471
2455378.549950 0.441237 0.300994 -0.667646
2455378.649950 0.541237 0.342251 -0.723207
2455378.749950 0.641237 0.383508 -0.730442
2455378.849950 0.741237 0.424765 -0.688868
2455378.949950 0.841237 0.466022 -0.601263
2455379.049950 0.941237 0.507278 -0.473480
2455379.149950 1.041237 0.548535 -0.314059
2455379.249950 1.141237 0.589792 -0.133651
2455379.349950 -1.182607 0.631049 0.055687
2455379.449950 -1.082607 0.672305 0.241304
2455379.549950 -0.982607 0.713562 0.410797
2455379.649950 -0.882607 0.754819 0.552839
2455379.749950 -0.782607 0.796076 0.657940
2455379.849950 -0.682607 0.837333 0.719077
2455379.949950 -0.582607 0.878589 0.732163
2455380.049950 -0.482607 0.919846 0.696325
2455380.149950 -0.382607 0.961103 0.613958
2455380.249950 -0.282607 0.002360 0.490565
2455380.349950 -0.182607 0.043617 0.334391
2455380.449950 -0.082607 0.084873 0.155873
2455380.549950 0.017393 0.126130 -0.033060
2455380.649950 0.117393 0.167387 -0.219785
2455380.749950 0.217393 0.208644 -0.391823
2455380.849950 0.317393 0.249900 -0.537679
2455380.949950 0.417393 0.291157 -0.647606
2455381.049950 0.517393 0.332414 -0.714260
2455381.149950 0.617393 0.373671 -0.733185
2455381.249950 0.717393 0.414928 -0.703117
2455381.349950 0.817393 0.456184 -0.626067
2455381.449950 0.917393 0.497441 -0.507181
2455381.549950 1.017393 0.538698 -0.354405
2455381.649950 1.117393 0.579955 -0.177946
2455381.749950 -1.206451 0.621211 0.010402
2455381.849950 -1.106451 0.662468 0.198056
2455381.949950 -1.006451 0.703725 0.372476
2455382.049950 -0.906451 0.744982 0.522005
2455382.149950 -0.806451 0.786239 0.636654
2455382.249950 -0.706451 0.827495 0.708761
2455382.349950 -0.606451 0.868752 0.733506
2455382.449950 -0.506451 0.910009 0.709238
2455382.549950 -0.406451 0.951266 0.637577
2455382.649950 -0.306451 0.992522 0.523313
2455382.749950 -0.206451 0.033779 0.374079
2455382.849950 -0.106451 0.075036 0.199850
2455382.949950 -0.006451 0.116293 0.012265
2455383.049950 0.093549 0.157550 -0.176138
2455383.149950 0.193549 0.198806 -0.352772
2455383.249950 0.293549 0.240063 -0.505833
2455383.349950 0.393549 0.281320 -0.625094
2455383.449950 0.493549 0.322577 -0.702584
2455383.549950 0.593549 0.363833 -0.733127
2455383.649950 0.693549 0.405090 -0.714681
2455383.749950 0.793549 0.446347 -0.648479
2455383.849950 0.893549 0.487604 -0.538945
2455383.949950 0.993549 0.528861 -0.393397
2455384.049950 1.093549 0.570117 -0.221562
2455384.149950 1.193549 0.611374 -0.034922
2455384.249950 -1.130295 0.652631 0.154052
2455384.349950 -1.030295 0.693888 0.332732
2455384.449950 -0.930295 0.735145 0.489178
2455384.549950 -0.830295 0.776401 0.612936
2455384.649950 -0.730295 0.817658 0.695737
2455384.749950 -0.630295 0.858915 0.732048
2455384.849950 -0.530295 0.900172 0.719442
2455384.949950 -0.430295 0.941428 0.658762
2455385.049950 -0.330295 0.982685 0.554062
2455385.149950 -0.230295 0.023942 0.412339
2455385.249950 -0.130295 0.065199 0.243063
2455385.349950 -0.030295 0.106456 0.057544
2455385.449950 0.069705 0.147712 -0.131819
2455385.549950 0.169705 0.188969 -0.312374
2455385.649950 0.269705 0.230226 -0.472056
2455385.749950 0.369705 0.271483 -0.600194
2455385.849950 0.469705 0.312739 -0.688226
2455385.949950 0.569705 0.353996 -0.730270
2455386.049950 0.669705 0.395253 -0.723516
2455386.149950 0.769705 0.436510 -0.668415
2455386.249950 0.869705 0.477767 -0.568650
2455386.349950 0.969705 0.519023 -0.430887
2455386.449950 1.069705 0.560280 -0.264331
2455386.549950 1.169705 0.601537 -0.080112
2455386.649950 -1.154139 0.642794 0.109460
2455386.749950 -1.054139 0.684050 0.291718
2455386.849950 -0.954139 0.725307 0.454482
2455386.949950 -0.854139 0.766564 0.586878
2455387.049950 -0.754139 0.807821 0.680057
2455387.149950 -0.654139 0.849078 0.727794
2455387.249950 -0.554139 0.890334 0.726898
2455387.349950 -0.454139 0.931591 0.677430
2455387.449950 -0.354139 0.972848 0.582695
2455387.549950 -0.254139 0.014105 0.449023
2455387.649950 -0.154139 0.055361 0.285347
2455387.749950 -0.054139 0.096618 0.102604
2455387.849950 0.045861 0.137875 -0.086996
2455387.949950 0.145861 0.179132 -0.270783
2455388.049950 0.245861 0.220389 -0.436475
2455388.149950 0.345861 0.261645 -0.573002
2455388.249950 0.445861 0.302902 -0.671239
2455388.349950 0.545861 0.344159 -0.724623
2455388.449950 0.645861 0.385416 -0.729587
2455388.549950 0.745861 0.426673 -0.685798
2455388.649950 0.845861 0.467929 -0.596184
2455388.749950 0.945861 0.509186 -0.466731
2455388.849950 1.045861 0.550443 -0.306091
2455388.949950 1.145861 0.591700 -0.124997
2455389.049950 -1.177983 0.632956 0.064449
2455389.149950 -1.077983 0.674213 0.249589
2455389.249950 -0.977983 0.715470 0.418051
2455389.349950 -0.877983 0.756727 0.558578
2455389.449950 -0.777983 0.797984 0.661780
2455389.549950 -0.677983 0.839240 0.720760
2455389.649950 -0.577983 0.880497 0.731579
2455389.749950 -0.477983 0.921754 0.693512
2455389.849950 -0.377983 0.963011 0.609103
2455389.949950 -0.277983 0.004267 0.483993
2455390.049950 -0.177983 0.045524 0.326542
2455390.149950 -0.077983 0.086781 0.147271
2455390.249950 0.022017 0.128038 -0.041841
2455390.349950 0.122017 0.169295 -0.228157
2455390.449950 0.222017 0.210551 -0.399228
2455390.549950 0.322017 0.251808 -0.543621
2455390.649950 0.422017 0.293065 -0.651688
2455390.749950 0.522017 0.334322 -0.716209
2455390.849950 0.622017 0.375578 -0.732872
2455390.949950 0.722017 0.416835 -0.700562
2455391.049950 0.822017 0.458092 -0.621441
2455391.149950 0.922017 0.499349 -0.500793
2455391.249950 1.022017 0.540606 -0.346682
2455391.349950 1.122017 0.581862 -0.169404
2455391.449950 -1.201827 0.623119 0.019193
2455391.549950 -1.101827 0.664376 0.206507
2455391.649950 -1.001827 0.705633 0.380023
2455391.749950 -0.901827 0.746889 0.528145
2455391.849950 -0.801827 0.788146 0.640975
2455391.949950 -0.701827 0.829403 0.710974
2455392.049950 -0.601827 0.870660 0.733465
2455392.149950 -0.501827 0.911917 0.706944
2455392.249950 -0.401827 0.953173 0.633185
2455392.349950 -0.301827 0.994430 0.517114
2455392.449950 -0.201827 0.035687 0.366490
2455392.549950 -0.101827 0.076944 0.191376
2455392.649950 -0.001827 0.118201 0.003474
2455392.749950 0.098173 0.159457 -0.184660
2455392.849950 0.198173 0.200714 -0.360455
2455392.949950 0.298173 0.241971 -0.512164
2455393.049950 0.398173 0.283228 -0.629649
2455393.149950 0.498173 0.324484 -0.705060
2455393.249950 0.598173 0.365741 -0.733357
2455393.349950 0.698173 0.406998 -0.712651
2455393.449950 0.798173 0.448255 -0.644324
2455393.549950 0.898173 0.489512 -0.532942
2455393.649950 0.998173 0.530768 -0.385948
2455393.749950 1.098173 0.572025 -0.213165
2455393.849950 1.198173 0.613282 -0.026137
2455393.949950 -1.125671 0.654539 0.162637
2455394.049950 -1.025671 0.695795 0.340543
2455394.149950 -0.925671 0.737052 0.495694
2455394.249950 -0.825671 0.778309 0.617722
2455394.349950 -0.725671 0.819566 0.698472
2455394.449950 -0.625671 0.860823 0.732550
2455394.549950 -0.525671 0.902079 0.717677
2455394.649950 -0.425671 0.943336 0.654848
2455394.749950 -0.325671 0.984593 0.548261
2455394.849950 -0.225671 0.025850 0.405038
2455394.949950 -0.125671 0.067106 0.234750
2455395.049950 -0.025671 0.108363 0.048775
2455395.149950 0.074329 0.149620 -0.140458
2455395.249950 0.174329 0.190877 -0.320306
2455395.349950 0.274329 0.232134 -0.478751
2455395.449950 0.374329 0.273390 -0.605205
2455395.549950 0.474329 0.314647 -0.691218
2455395.649950 0.574329 0.355904 -0.731042
2455395.749950 0.674329 0.397161 -0.722018
2455395.849950 0.774329 0.438418 -0.664746
2455395.949950 0.874329 0.479674 -0.563056
2455396.049950 0.974329 0.520931 -0.423741
2455396.149950 1.074329 0.562188 -0.256111
2455396.249950 1.174329 0.603445 -0.071367
2455396.349950 -1.149515 0.644701 0.118146
2455396.449950 -1.049515 0.685958 0.299763
2455396.549950 -0.949515 0.727215 0.461351
2455396.649950 -0.849515 0.768472 0.592110
2455396.749950 -0.749515 0.809729 0.683303
2455396.849950 -0.649515 0.850985 0.728837
2455396.949950 -0.549515 0.892242 0.725669
2455397.049950 -0.449515 0.933499 0.674010
2455397.149950 -0.349515 0.974756 0.577313
2455397.249950 -0.249515 0.016012 0.442039
2455397.349950 -0.149515 0.057269 0.277227
2455397.449950 -0.049515 0.098526 0.093891
2455397.549950 0.050485 0.139783 -0.095720
2455397.649950 0.150485 0.181040 -0.278934
2455397.749950 0.250485 0.222296 -0.443510
2455397.849950 0.350485 0.263553 -0.578449
2455397.949950 0.450485 0.304810 -0.674736
2455398.049950 0.550485 0.346067 -0.725935
2455398.149950 0.650485 0.387323 -0.728627
2455398.249950 0.750485 0.428580 -0.682630
2455398.349950 0.850485 0.469837 -0.591019
2455398.449950 0.950485 0.511094 -0.459915
2455398.549950 1.050485 0.552351 -0.298079
2455398.649950 1.150485 0.593607 -0.116325
2455398.749950 -1.173359 0.634864 0.073203
2455398.849950 -1.073359 0.676121 0.257839
2455398.949950 -0.973359 0.717378 0.425245
2455399.049950 -0.873359 0.758634 0.564236
2455399.149950 -0.773359 0.799891 0.665524
2455399.249950 -0.673359 0.841148 0.722341
2455399.349950 -0.573359 0.882405 0.730889
2455399.449950 -0.473359 0.923662 0.690598
2455399.549950 -0.373359 0.964918 0.604161
2455399.649950 -0.273359 0.006175 0.477352
2455399.749950 -0.173359 0.047432 0.318646
2455399.849950 -0.073359 0.088689 0.138647
2455399.949950 0.026641 0.129946 -0.050616
2455400.049950 0.126641 0.171202 -0.236497
2455400.149950 0.226641 0.212459 -0.406575
2455400.249950 0.326641 0.253716 -0.549484
2455400.349950 0.426641 0.294973 -0.655677
2455400.449950 0.526641 0.336229 -0.718056
2455400.549950 0.626641 0.377486 -0.732453
2455400.649950 0.726641 0.418743 -0.697907
2455400.749950 0.826641 0.460000 -0.616725
2455400.849950 0.926641 0.501257 -0.494333
2455400.949950 1.026641 0.542513 -0.338909
2455401.049950 1.126641 0.583770 -0.160838
2455401.149950 -1.197203 0.625027 0.027980
2455401.249950 -1.097203 0.666284 0.214929
2455401.349950 -0.997203 0.707540 0.387516
2455401.449950 -0.897203 0.748797 0.534208
2455401.549950 -0.797203 0.790054 0.645203
2455401.649950 -0.697203 0.831311 0.713085
2455401.749950 -0.597203 0.872568 0.733318
2455401.849950 -0.497203 0.913824 0.704549
2455401.949950 -0.397203 0.955081 0.628701
2455402.049950 -0.297203 0.996338 0.510842
2455402.149950 -0.197203 0.037595 0.358848
2455402.249950 -0.097203 0.078851 0.182875
2455402.349950 0.002797 0.120108 -0.005318
2455402.449950 0.102797 0.161365 -0.193156
2455402.549950 0.202797 0.202622 -0.368087
2455402.649950 0.302797 0.243879 -0.518421
2455402.749950 0.402797 0.285135 -0.634114
2455402.849950 0.502797 0.326392 -0.707434
2455402.949950 0.602797 0.367649 -0.733482
2455403.049950 0.702797 0.408906 -0.710518
2455403.149950 0.802797 0.450162 -0.640076
2455403.249950 0.902797 0.491419 -0.526863
2455403.349950 1.002797 0.532676 -0.378444
2455403.449950 1.102797 0.573933 -0.204737
2455403.549950 1.202797 0.615190 -0.017349
2455403.649950 -1.121047 0.656446 0.171199
2455403.749950 -1.021047 0.697703 0.348306
2455403.849950 -0.921047 0.738960 0.502139
2455403.949950 -0.821047 0.780217 0.622419
2455404.049950 -0.721047 0.821474 0.701107
2455404.149950 -0.621047 0.862730 0.732946
2455404.249950 -0.521047 0.903987 0.715809
2455404.349950 -0.421047 0.945244 0.650840
2455404.449950 -0.321047 0.986501 0.542381
2455404.549950 -0.221047 0.027757 0.397679
2455404.649950 -0.121047 0.069014 0.226403
2455404.749950 -0.021047 0.110271 0.039999
2455404.849950 0.078953 0.151528 -0.149078
2455404.949950 0.178953 0.192785 -0.328193
2455405.049950 0.278953 0.234041 -0.485378
2455405.149950 0.378953 0.275298 -0.610129
2455405.249950 0.478953 0.316555 -0.694110
2455405.349950 0.578953 0.357812 -0.731710
2455405.449950 0.678953 0.399068 -0.720416
2455405.549950 0.778953 0.440325 -0.660982
2455405.649950 0.878953 0.481582 -0.557381
2455405.749950 0.978953 0.522839 -0.416534
2455405.849950 1.078953 0.564096 -0.247854
2455405.949950 1.178953 0.605352 -0.062612
2455406.049950 -1.144891 0.646609 0.126814
2455406.149950 -1.044891 0.687866 0.307766
2455406.249950 -0.944891 0.729123 0.468153
2455406.349950 -0.844891 0.770379 0.597257
2455406.449950 -0.744891 0.811636 0.686451
2455406.549950 -0.644891 0.852893 0.729775
2455406.649950 -0.544891 0.894150 0.724335
2455406.749950 -0.444891 0.935407 0.670493
2455406.849950 -0.344891 0.976663 0.571848
2455406.949950 -0.244891 0.017920 0.434991
2455407.049950 -0.144891 0.059177 0.269067
2455407.149950 -0.044891 0.100434 0.085164
2455407.249950 0.055109 0.141690 -0.104430
2455407.349950 0.155109 0.182947 -0.287046
2455407.449950 0.255109 0.224204 -0.450481
2455407.549950 0.355109 0.265461 -0.583814
2455407.649950 0.455109 0.306718 -0.678136
2455407.749950 0.555109 0.347974 -0.727143
2455407.849950 0.655109 0.389231 -0.727562
2455407.949950 0.755109 0.430488 -0.679364
2455408.049950 0.855109 0.471745 -0.585769
2455408.149950 0.955109 0.513002 -0.453033
2455408.249950 1.055109 0.554258 -0.290024
2455408.349950 1.155109 0.595515 -0.107635
2455408.449950 -1.168735 0.636772 0.081946
2455408.549950 -1.068735 0.678029 0.266051
2455408.649950 -0.968735 0.719285 0.432378
2455408.749950 -0.868735 0.760542 0.569814
2455408.849950 -0.768735 0.801799 0.669173
2455408.949950 -0.668735 0.843056 0.723817
2455409.049950 -0.568735 0.884313 0.730094
2455409.149950 -0.468735 0.925569 0.687586
2455409.249950 -0.368735 0.966826 0.599131
2455409.349950 -0.268735 0.008083 0.470642
2455409.449950 -0.168735 0.049340 0.310704
2455409.549950 -0.068735 0.090596 0.130004
2455409.649950 0.031265 0.131853 -0.059383
2455409.749950 0.131265 0.173110 -0.244802
2455409.849950 0.231265 0.214367 -0.413863
2455409.949950 0.331265 0.255624 -0.555269
2455410.049950 0.431265 0.296880 -0.659571
2455410.149950 0.531265 0.338137 -0.719799
2455410.249950 0.631265 0.379394 -0.731930
2455410.349950 0.731265 0.420651 -0.695151
2455410.449950 0.831265 0.461907 -0.611921
2455410.549950 0.931265 0.503164 -0.487802
2455410.649950 1.031265 0.544421 -0.331087
2455410.749950 1.131265 0.585678 -0.152248
2455410.849950 -1.192579 0.626935 0.036764
2455410.949950 -1.092579 0.668191 0.223320
2455411.049950 -0.992579 0.709448 0.394953
2455411.149950 -0.892579 0.750705 0.540194
2455411.249950 -0.792579 0.791962 0.649339
2455411.349950 -0.692579 0.833218 0.715094
2455411.449950 -0.592579 0.874475 0.733066
2455411.549950 -0.492579 0.915732 0.702052
2455411.649950 -0.392579 0.956989 0.624127
2455411.749950 -0.292579 0.998246 0.504496
2455411.849950 -0.192579 0.039502 0.351154
2455411.949950 -0.092579 0.080759 0.174347
2455412.049950 0.007421 0.122016 -0.014110
2455412.149950 0.107421 0.163273 -0.201624
2455412.249950 0.207421 0.204530 -0.375665
2455412.349950 0.307421 0.245786 -0.524604
2455412.449950 0.407421 0.287043 -0.638487
2455412.549950 0.507421 0.328300 -0.709706
2455412.649950 0.607421 0.369557 -0.733502
2455412.749950 0.707421 0.410813 -0.708283
2455412.849950 0.807421 0.452070 -0.635736
2455412.949950 0.907421 0.493327 -0.520708
2455413.049950 1.007421 0.534584 -0.370885
2455413.149950 1.107421 0.575841 -0.196279
2455413.249950 1.207421 0.617097 -0.008558
2455413.349950 -1.116423 0.658354 0.179735
2455413.449950 -1.016423 0.699611 0.356019
2455413.549950 -0.916423 0.740868 0.508512
2455413.649950 -0.816423 0.782124 0.627026
2455413.749950 -0.716423 0.823381 0.703641
2455413.849950 -0.616423 0.864638 0.733237
2455413.949950 -0.516423 0.905895 0.713838
2455414.049950 -0.416423 0.947152 0.646738
2455414.149950 -0.316423 0.988408 0.536423
2455414.249950 -0.216423 0.029665 0.390263
2455414.349950 -0.116423 0.070922 0.218024
2455414.449950 -0.016423 0.112179 0.031218
2455414.549950 0.083577 0.153435 -0.157675
2455414.649950 0.183577 0.194692 -0.336032
2455414.749950 0.283577 0.235949 -0.491935
2455414.849950 0.383577 0.277206 -0.614965
2455414.949950 0.483577 0.318463 -0.696903
2455415.049950 0.583577 0.359719 -0.732272
2455415.149950 0.683577 0.400976 -0.718710
2455415.249950 0.783577 0.442233 -0.657123
2455415.349950 0.883577 0.483490 -0.551625
2455415.449950 0.983577 0.524746 -0.409267
2455415.549950 1.083577 0.566003 -0.239561
2455415.649950 1.183577 0.607260 -0.053847
2455415.749950 -1.140267 0.648517 0.135465
2455415.849950 -1.040267 0.689774 0.315725
2455415.949950 -0.940267 0.731030 0.474888
2455416.049950 -0.840267 0.772287 0.602318
2455416.149950 -0.740267 0.813544 0.689500
2455416.249950 -0.640267 0.854801 0.730608
2455416.349950 -0.540267 0.896058 0.722897
2455416.449950 -0.440267 0.937314 0.666880
2455416.549950 -0.340267 0.978571 0.566301
2455416.649950 -0.240267 0.019828 0.427881
2455416.749950 -0.140267 0.061085 0.260869
2455416.849950 -0.040267 0.102341 0.076426
2455416.949950 0.059733 0.143598 -0.113125
2455417.049950 0.159733 0.184855 -0.295116
2455417.149950 0.259733 0.226112 -0.457387
2455417.249950 0.359733 0.267369 -0.589095
2455417.349950 0.459733 0.308625 -0.681438
2455417.449950 0.559733 0.349882 -0.728247
2455417.549950 0.659733 0.391139 -0.726393
2455417.649950 0.759733 0.432396 -0.676000
2455417.749950 0.859733 0.473652 -0.580436
2455417.849950 0.959733 0.514909 -0.446086
2455417.949950 1.059733 0.556166 -0.281928
2455418.049950 1.159733 0.597423 -0.098931
2455418.149950 -1.164111 0.638680 0.090677
2455418.249950 -1.064111 0.679936 0.274225
2455418.349950 -0.964111 0.721193 0.439449
2455418.449950 -0.864111 0.762450 0.575309
2455418.549950 -0.764111 0.803707 0.672725
2455418.649950 -0.664111 0.844963 0.725189
2455418.749950 -0.564111 0.886220 0.729195
2455418.849950 -0.464111 0.927477 0.684474
2455418.949950 -0.364111 0.968734 0.594016
2455419.049950 -0.264111 0.009991 0.463865
2455419.149950 -0.164111 0.051247 0.302717
2455419.249950 -0.064111 0.092504 0.121342
2455419.349950 0.035889 0.133761 -0.068142
2455419.449950 0.135889 0.175018 -0.253073
2455419.549950 0.235889 0.216275 -0.421092
2455419.649950 0.335889 0.257531 -0.560974
2455419.749950 0.435889 0.298788 -0.663370
2455419.849950 0.535889 0.340045 -0.721439
2455419.949950 0.635889 0.381302 -0.731301
2455420.049950 0.735889 0.422558 -0.692295
2455420.149950 0.835889 0.463815 -0.607029
2455420.249950 0.935889 0.505072 -0.481201
2455420.349950 1.035889 0.546329 -0.323218
2455420.449950 1.135889 0.587586 -0.143637
2455420.549950 -1.187955 0.628842 0.045542
2455420.649950 -1.087955 0.670099 0.231678
2455420.749950 -0.987955 0.711356 0.402333
2455420.849950 -0.887955 0.752613 0.546103
2455420.949950 -0.787955 0.793869 0.653382
2455421.049950 -0.687955 0.835126 0.717001
2455421.149950 -0.587955 0.876383 0.732708
2455421.249950 -0.487955 0.917640 0.699455
2455421.349950 -0.387955 0.958897 0.619463
2455421.449950 -0.287955 0.000153 0.498077
2455421.549950 -0.187955 0.041410 0.343410
2455421.649950 -0.087955 0.082667 0.165795
2455421.749950 0.012045 0.123924 -0.022899
2455421.849950 0.112045 0.165180 -0.210063
2455421.949950 0.212045 0.206437 -0.383189
2455422.049950 0.312045 0.247694 -0.530711
2455422.149950 0.412045 0.288951 -0.642769
2455422.249950 0.512045 0.330208 -0.711877
2455422.349950 0.612045 0.371464 -0.733416
2455422.449950 0.712045 0.412721 -0.705946
2455422.549950 0.812045 0.453978 -0.631305
2455422.649950 0.912045 0.495235 -0.514478
2455422.749950 1.012045 0.536491 -0.363273
2455422.849950 1.112045 0.577748 -0.187794
2455422.949950 -1.211799 0.619005 0.000234
2455423.049950 -1.111799 0.660262 0.188246
2455423.149950 -1.011799 0.701519 0.363680
2455423.249950 -0.911799 0.742775 0.514812
2455423.349950 -0.811799 0.784032 0.631543
2455423.449950 -0.711799 0.825289 0.706073
2455423.549950 -0.611799 0.866546 0.733423
2455423.649950 -0.511799 0.907803 0.711764
2455423.749950 -0.411799 0.949059 0.642544
2455423.849950 -0.311799 0.990316 0.530388
2455423.949950 -0.211799 0.031573 0.382790
2455424.049950 -0.111799 0.072830 0.209614
2455424.149950 -0.011799 0.114086 0.022431
2455424.249950 0.088201 0.155343 -0.166251
2455424.349950 0.188201 0.196600 -0.343823
2455424.449950 0.288201 0.237857 -0.498421
2455424.549950 0.388201 0.279114 -0.619713
2455424.649950 0.488201 0.320370 -0.699596
2455424.749950 0.588201 0.361627 -0.732730
2455424.849950 0.688201 0.402884 -0.716902
2455424.949950 0.788201 0.444141 -0.653169
2455425.049950 0.888201 0.485397 -0.545791
2455425.149950 0.988201 0.526654 -0.401941
2455425.249950 1.088201 0.567911 -0.231234
2455425.349950 1.188201 0.609168 -0.045075
2455425.449950 -1.135643 0.650425 0.144096
2455425.549950 -1.035643 0.691681 0.323638
2455425.649950 -0.935643 0.732938 0.481554
2455425.749950 -0.835643 0.774195 0.607292
2455425.849950 -0.735643 0.815452 0.692450
2455425.949950 -0.635643 0.856708 0.731337
2455426.049950 -0.535643 0.897965 0.721355
2455426.149950 -0.435643 0.939222 0.663171
2455426.249950 -0.335643 0.980479 0.560672
2455426.349950 -0.235643 0.021736 0.420709
2455426.449950 -0.135643 0.062992 0.252633
2455426.549950 -0.035643 0.104249 0.067676
2455426.649950 0.064357 0.145506 -0.121803
2455426.749950 0.164357 0.186763 -0.303144
2455426.849950 0.264357 0.228019 -0.464227
2455426.949950 0.364357 0.269276 -0.594291
2455427.049950 0.464357 0.310533 -0.684642
2455427.149950 0.564357 0.351790 -0.729245
2455427.249950 0.664357 0.393047 -0.725119
2455427.349950 0.764357 0.434303 -0.672539
2455427.449950 0.864357 0.475560 -0.575018
2455427.549950 0.964357 0.516817 -0.439075
2455427.649950 1.064357 0.558074 -0.273791
2455427.749950 1.164357 0.599331 -0.090212
2455427.849950 -1.159487 0.640587 0.099395
2455427.949950 -1.059487 0.681844 0.282360
2455428.049950 -0.959487 0.723101 0.446457
2455428.149950 -0.859487 0.764358 0.580722
2455428.249950 -0.759487 0.805614 0.676181
2455428.349950 -0.659487 0.846871 0.726457
2455428.449950 -0.559487 0.888128 0.728191
2455428.549950 -0.459487 0.929385 0.681265
2455428.649950 -0.359487 0.970642 0.588816
2455428.749950 -0.259487 0.011898 0.457021
2455428.849950 -0.159487 0.053155 0.294687
2455428.949950 -0.059487 0.094412 0.112662
2455429.049950 0.040513 0.135669 -0.076891
2455429.149950 0.140513 0.176925 -0.261306
2455429.249950 0.240513 0.218182 -0.428261
2455429.349950 0.340513 0.259439 -0.566598
2455429.449950 0.440513 0.300696 -0.667075
2455429.549950 0.540513 0.341953 -0.722976
2455429.649950 0.640513 0.383209 -0.730567
2455429.749950 0.740513 0.424466 -0.689340
2455429.849950 0.840513 0.465723 -0.602050
2455429.949950 0.940513 0.506980 -0.474531
2455430.049950 1.040513 0.548236 -0.315302
2455430.149950 1.140513 0.589493 -0.135005
2455430.249950 -1.183331 0.630750 0.054314
2455430.349950 -1.083331 0.672007 0.240004
2455430.449950 -0.983331 0.713264 0.409655
2455430.549950 -0.883331 0.754520 0.551934
2455430.649950 -0.783331 0.795777 0.657331
2455430.749950 -0.683331 0.837034 0.718804
2455430.849950 -0.583331 0.878291 0.732245
2455430.949950 -0.483331 0.919547 0.696757
2455431.049950 -0.383331 0.960804 0.614710
2455431.149950 -0.283331 0.002061 0.491587
2455431.249950 -0.183331 0.043318 0.335616
2455431.349950 -0.083331 0.084575 0.157218
2455431.449950 0.016669 0.125831 -0.031685
2455431.549950 0.116669 0.167088 -0.218471
2455431.649950 0.216669 0.208345 -0.390659
2455431.749950 0.316669 0.249602 -0.536742
2455431.849950 0.416669 0.290859 -0.646959
2455431.949950 0.516669 0.332115 -0.713945
2455432.049950 0.616669 0.373372 -0.733224
2455432.149950 0.716669 0.414629 -0.703508
2455432.249950 0.816669 0.455886 -0.626783
2455432.349950 0.916669 0.497142 -0.508175
2455432.449950 1.016669 0.538399 -0.355609
2455432.549950 1.116669 0.579656 -0.179282
2455432.649950 -1.207175 0.620913 0.009026
2455432.749950 -1.107175 0.662170 0.196730
2455432.849950 -1.007175 0.703426 0.371289
2455432.949950 -0.907175 0.744683 0.521038
2455433.049950 -0.807175 0.785940 0.635969
2455433.149950 -0.707175 0.827197 0.708405
2455433.249950 -0.607175 0.868453 0.733503
2455433.349950 -0.507175 0.909710 0.709588
2455433.449950 -0.407175 0.950967 0.638257
2455433.549950 -0.307175 0.992224 0.524276
2455433.649950 -0.207175 0.033481 0.375263
2455433.749950 -0.107175 0.074737 0.201174
2455433.849950 -0.007175 0.115994 0.013642
2455433.949950 0.092825 0.157251 -0.174802
2455434.049950 0.192825 0.198508 -0.351565
2455434.149950 0.292825 0.239764 -0.504836
2455434.249950 0.392825 0.281021 -0.624372
2455434.349950 0.492825 0.322278 -0.702188
2455434.449950 0.592825 0.363535 -0.733082
2455434.549950 0.692825 0.404792 -0.714990
2455434.649950 0.792825 0.446048 -0.649121
2455434.749950 0.892825 0.487305 -0.539878
2455434.849950 0.992825 0.528562 -0.394558
2455434.949950 1.092825 0.569819 -0.222874
2455435.049950 1.192825 0.611075 -0.036297
2455435.149950 -1.131019 0.652332 0.152706
2455435.249950 -1.031019 0.693589 0.331505
2455435.349950 -0.931019 0.734846 0.488151
2455435.449950 -0.831019 0.776103 0.612179
2455435.549950 -0.731019 0.817359 0.695300
2455435.649950 -0.631019 0.858616 0.731960
2455435.749950 -0.531019 0.899873 0.719709
2455435.849950 -0.431019 0.941130 0.659366
2455435.949950 -0.331019 0.982387 0.554963
2455436.049950 -0.231019 0.023643 0.413477
2455436.149950 -0.131019 0.064900 0.244361
2455436.249950 -0.031019 0.106157 0.058917
2455436.349950 0.068981 0.147414 -0.130465
2455436.449950 0.168981 0.188670 -0.311128
2455436.549950 0.268981 0.229927 -0.471001
2455436.649950 0.368981 0.271184 -0.599401
2455436.749950 0.468981 0.312441 -0.687749
2455436.849950 0.568981 0.353698 -0.730139
2455436.949950 0.668981 0.394954 -0.723741
2455437.049950 0.768981 0.436211 -0.668981
2455437.149950 0.868981 0.477468 -0.569519
2455437.249950 0.968981 0.518725 -0.432000
2455437.349950 1.068981 0.559981 -0.265615
2455437.449950 1.168981 0.601238 -0.081480
2455437.549950 -1.154863 0.642495 0.108099
2455437.649950 -1.054863 0.683752 0.290454
2455437.749950 -0.954863 0.725009 0.453401
2455437.849950 -0.854863 0.766265 0.586051
2455437.949950 -0.754863 0.807522 0.679540
2455438.049950 -0.654863 0.848779 0.727621
2455438.149950 -0.554863 0.890036 0.727082
2455438.249950 -0.454863 0.931292 0.677957
2455438.349950 -0.354863 0.972549 0.583530
2455438.449950 -0.254863 0.013806 0.450111
2455438.549950 -0.154863 0.055063 0.286615
2455438.649950 -0.054863 0.096320 0.103966
2455438.749950 0.045137 0.137576 -0.085629
2455438.849950 0.145137 0.178833 -0.269503
2455438.949950 0.245137 0.220090 -0.435368
2455439.049950 0.345137 0.261347 -0.572141
2455439.149950 0.445137 0.302603 -0.670683
2455439.249950 0.545137 0.343860 -0.724408
2455439.349950 0.645137 0.385117 -0.729728
2455439.449950 0.745137 0.426374 -0.686286
2455439.549950 0.845137 0.467631 -0.596985
2455439.649950 0.945137 0.508887 -0.467792
2455439.749950 1.045137 0.550144 -0.307341
2455439.849950 1.145137 0.591401 -0.126353
2455439.949950 -1.178707 0.632658 0.063078
2455440.049950 -1.078707 0.673915 0.248294
2455440.149950 -0.978707 0.715171 0.416919
2455440.249950 -0.878707 0.756428 0.557685
2455440.349950 -0.778707 0.797685 0.661185
2455440.449950 -0.678707 0.838942 0.720504
2455440.549950 -0.578707 0.880198 0.731677
2455440.649950 -0.478707 0.921455 0.693959
2455440.749950 -0.378707 0.962712 0.609869
2455440.849950 -0.278707 0.003969 0.485027
2455440.949950 -0.178707 0.045226 0.327774
2455441.049950 -0.078707 0.086482 0.148619
2455441.149950 0.021293 0.127739 -0.040467
2455441.249950 0.121293 0.168996 -0.226849
2455441.349950 0.221293 0.210253 -0.398072
2455441.449950 0.321293 0.251509 -0.542696
2455441.549950 0.421293 0.292766 -0.651056
2455441.649950 0.521293 0.334023 -0.715911
2455441.749950 0.621293 0.375280 -0.732928
2455441.849950 0.721293 0.416537 -0.700969
2455441.949950 0.821293 0.457793 -0.622171
2455442.049950 0.921293 0.499050 -0.501798
2455442.149950 1.021293 0.540307 -0.347894
2455442.249950 1.121293 0.581564 -0.170743
2455442.349950 -1.202551 0.622820 0.017817
2455442.449950 -1.102551 0.664077 0.205186
2455442.549950 -1.002551 0.705334 0.378845
2455442.649950 -0.902551 0.746591 0.527188
2455442.749950 -0.802551 0.787848 0.640304
2455442.849950 -0.702551 0.829104 0.710634
2455442.949950 -0.602551 0.870361 0.733478
2455443.049950 -0.502551 0.911618 0.707310
2455443.149950 -0.402551 0.952875 0.633878
2455443.249950 -0.302551 0.994132 0.518090
2455443.349950 -0.202551 0.035388 0.367682
2455443.449950 -0.102551 0.076645 0.192704
2455443.549950 -0.002551 0.117902 0.004850
2455443.649950 0.097449 0.159159 -0.183328
2455443.749950 0.197449 0.200415 -0.359256
2455443.849950 0.297449 0.241672 -0.511178
2455443.949950 0.397449 0.282929 -0.628942
2455444.049950 0.497449 0.324186 -0.704679
2455444.149950 0.597449 0.365443 -0.733328
2455444.249950 0.697449 0.406699 -0.712976
2455444.349950 0.797449 0.447956 -0.644981
2455444.449950 0.897449 0.489213 -0.533887
2455444.549950 0.997449 0.530470 -0.387118
2455444.649950 1.097449 0.571726 -0.214481
2455444.749950 1.197449 0.612983 -0.027513
2455444.849950 -1.126395 0.654240 0.161294
2455444.949950 -1.026395 0.695497 0.339324
2455445.049950 -0.926395 0.736754 0.494679
2455445.149950 -0.826395 0.778010 0.616979
2455445.249950 -0.726395 0.819267 0.698051
2455445.349950 -0.626395 0.860524 0.732478
2455445.449950 -0.526395 0.901781 0.717960
2455445.549950 -0.426395 0.943037 0.655467
2455445.649950 -0.326395 0.984294 0.549174
2455445.749950 -0.226395 0.025551 0.406185
2455445.849950 -0.126395 0.066808 0.236054
2455445.949950 -0.026395 0.108065 0.050149
2455446.049950 0.073605 0.149321 -0.139107
2455446.149950 0.173605 0.190578 -0.319067
2455446.249950 0.273605 0.231835 -0.477707
2455446.349950 0.373605 0.273092 -0.604426
2455446.449950 0.473605 0.314348 -0.690756
2455446.549950 0.573605 0.355605 -0.730928
2455446.649950 0.673605 0.396862 -0.722259
2455446.749950 0.773605 0.438119 -0.665327
2455446.849950 0.873605 0.479376 -0.563937
2455446.949950 0.973605 0.520632 -0.424864
2455447.049950 1.073605 0.561889 -0.257400
2455447.149950 1.173605 0.603146 -0.072737
2455447.249950 -1.150239 0.644403 0.116787
2455447.349950 -1.050239 0.685660 0.298507
2455447.449950 -0.950239 0.726916 0.460280
2455447.549950 -0.850239 0.768173 0.591296
2455447.649950 -0.750239 0.809430 0.682801
2455447.749950 -0.650239 0.850687 0.728681
2455447.849950 -0.550239 0.891943 0.725868
2455447.949950 -0.450239 0.933200 0.674552
2455448.049950 -0.350239 0.974457 0.578161
2455448.149950 -0.250239 0.015714 0.443137
2455448.249950 -0.150239 0.056971 0.278501
2455448.349950 -0.050239 0.098227 0.095256
2455448.449950 0.049761 0.139484 -0.094355
2455448.549950 0.149761 0.180741 -0.277661
2455448.649950 0.249761 0.221998 -0.442413
2455448.749950 0.349761 0.263254 -0.577602
2455448.849950 0.449761 0.304511 -0.674195
2455448.949950 0.549761 0.345768 -0.725737
2455449.049950 0.649761 0.387025 -0.728784
2455449.149950 0.749761 0.428282 -0.683133
2455449.249950 0.849761 0.469538 -0.591833
2455449.349950 0.949761 0.510795 -0.460987
2455449.449950 1.049761 0.552052 -0.299336
2455449.549950 1.149761 0.593309 -0.117683
2455449.649950 -1.174083 0.634565 0.071833
2455449.749950 -1.074083 0.675822 0.256549
2455449.849950 -0.974083 0.717079 0.424123
2455449.949950 -0.874083 0.758336 0.563356
2455450.049950 -0.774083 0.799593 0.664944
2455450.149950 -0.674083 0.840849 0.722100
2455450.249950 -0.574083 0.882106 0.731004
2455450.349950 -0.474083 0.923363 0.691061
2455450.449950 -0.374083 0.964620 0.604940
2455450.549950 -0.274083 0.005876 0.478396
2455450.649950 -0.174083 0.047133 0.319885
2455450.749950 -0.074083 0.088390 0.139999
2455450.849950 0.025917 0.129647 -0.049242
2455450.949950 0.125917 0.170904 -0.235193
2455451.049950 0.225917 0.212160 -0.405428
2455451.149950 0.325917 0.253417 -0.548572
2455451.249950 0.425917 0.294674 -0.655059
2455451.349950 0.525917 0.335931 -0.717774
2455451.449950 0.625917 0.377188 -0.732526
2455451.549950 0.725917 0.418444 -0.698329
2455451.649950 0.825917 0.459701 -0.617469
2455451.749950 0.925917 0.500958 -0.495349
2455451.849950 1.025917 0.542215 -0.340129
2455451.949950 1.125917 0.583471 -0.162181
2455452.049950 -1.197927 0.624728 0.026605
2455452.149950 -1.097927 0.665985 0.213612
2455452.249950 -0.997927 0.707242 0.386346
2455452.349950 -0.897927 0.748499 0.533264
2455452.449950 -0.797927 0.789755 0.644547
2455452.549950 -0.697927 0.831012 0.712762
2455452.649950 -0.597927 0.872269 0.733348
2455452.749950 -0.497927 0.913526 0.704931
2455452.849950 -0.397927 0.954782 0.629409
2455452.949950 -0.297927 0.996039 0.511829
2455453.049950 -0.197927 0.037296 0.360048
2455453.149950 -0.097927 0.078553 0.184207
2455453.249950 0.002073 0.119810 -0.003942
2455453.349950 0.102073 0.161066 -0.191828
2455453.449950 0.202073 0.202323 -0.366895
2455453.549950 0.302073 0.243580 -0.517446
2455453.649950 0.402073 0.284837 -0.633421
2455453.749950 0.502073 0.326093 -0.707069
2455453.849950 0.602073 0.367350 -0.733470
2455453.949950 0.702073 0.408607 -0.710859
2455454.049950 0.802073 0.449864 -0.640747
2455454.149950 0.902073 0.491121 -0.527820
2455454.249950 1.002073 0.532377 -0.379622
2455454.349950 1.102073 0.573634 -0.206058
2455454.449950 1.202073 0.614891 -0.018725
2455454.549950 -1.121771 0.656148 0.169860
2455454.649950 -1.021771 0.697404 0.347094
2455454.749950 -0.921771 0.738661 0.501135
2455454.849950 -0.821771 0.779918 0.621689
2455454.949950 -0.721771 0.821175 0.700701
2455455.049950 -0.621771 0.862432 0.732891
2455455.149950 -0.521771 0.903688 0.716108
2455455.249950 -0.421771 0.944945 0.651473
2455455.349950 -0.321771 0.986202 0.543306
2455455.449950 -0.221771 0.027459 0.398835
2455455.549950 -0.121771 0.068716 0.227712
2455455.649950 -0.021771 0.109972 0.041374
2455455.749950 0.078229 0.151229 -0.147729
2455455.849950 0.178229 0.192486 -0.326961
2455455.949950 0.278229 0.233743 -0.484345
2455456.049950 0.378229 0.274999 -0.609364
2455456.149950 0.478229 0.316256 -0.693664
2455456.249950 0.578229 0.357513 -0.731612
2455456.349950 0.678229 0.398770 -0.720673
2455456.449950 0.778229 0.440027 -0.661578
2455456.549950 0.878229 0.481283 -0.558274
2455456.649950 0.978229 0.522540 -0.417666
2455456.749950 1.078229 0.563797 -0.249149
2455456.849950 1.178229 0.605054 -0.063983
2455456.949950 -1.145615 0.646310 0.125458
2455457.049950 -1.045615 0.687567 0.306516
2455457.149950 -0.945615 0.728824 0.467092
2455457.249950 -0.845615 0.770081 0.596456
2455457.349950 -0.745615 0.811338 0.685964
2455457.449950 -0.645615 0.852594 0.729635
2455457.549950 -0.545615 0.893851 0.724550
2455457.649950 -0.445615 0.935108 0.671050
2455457.749950 -0.345615 0.976365 0.572709
2455457.849950 -0.245615 0.017621 0.436099
2455457.949950 -0.145615 0.058878 0.270348
2455458.049950 -0.045615 0.100135 0.086531
2455458.149950 0.054385 0.141392 -0.103067
2455458.249950 0.154385 0.182649 -0.285778
2455458.349950 0.254385 0.223905 -0.449394
2455458.449950 0.354385 0.265162 -0.582979
2455458.549950 0.454385 0.306419 -0.677610
2455458.649950 0.554385 0.347676 -0.726961
2455458.749950 0.654385 0.388932 -0.727736
2455458.849950 0.754385 0.430189 -0.679882
2455458.949950 0.854385 0.471446 -0.586597
2455459.049950 0.954385 0.512703 -0.454115
2455459.149950 1.054385 0.553960 -0.291288
2455459.249950 1.154385 0.595216 -0.108997
2455459.349950 -1.169459 0.636473 0.080578
2455459.449950 -1.069459 0.677730 0.264768
2455459.549950 -0.969459 0.718987 0.431266
2455459.649950 -0.869459 0.760244 0.568946
2455459.749950 -0.769459 0.801500 0.668608
2455459.849950 -0.669459 0.842757 0.723593
2455459.949950 -0.569459 0.884014 0.730226
2455460.049950 -0.469459 0.925271 0.688064
2455460.149950 -0.369459 0.966527 0.599925
2455460.249950 -0.269459 0.007784 0.471697
2455460.349950 -0.169459 0.049041 0.311950
2455460.449950 -0.069459 0.090298 0.131358
2455460.549950 0.030541 0.131555 -0.058011
2455460.649950 0.130541 0.172811 -0.243504
2455460.749950 0.230541 0.214068 -0.412726
2455460.849950 0.330541 0.255325 -0.554369
2455460.949950 0.430541 0.296582 -0.658968
2455461.049950 0.530541 0.337838 -0.719533
2455461.149950 0.630541 0.379095 -0.732018
2455461.249950 0.730541 0.420352 -0.695589
2455461.349950 0.830541 0.461609 -0.612679
2455461.449950 0.930541 0.502866 -0.488829
2455461.549950 1.030541 0.544122 -0.332315
2455461.649950 1.130541 0.585379 -0.153595
2455461.749950 -1.193303 0.626636 0.035389
2455461.849950 -1.093303 0.667893 0.222008
2455461.949950 -0.993303 0.709149 0.393792
2455462.049950 -0.893303 0.750406 0.539262
2455462.149950 -0.793303 0.791663 0.648698
2455462.249950 -0.693303 0.832920 0.714787
2455462.349950 -0.593303 0.874177 0.733112
2455462.449950 -0.493303 0.915433 0.702450
2455462.549950 -0.393303 0.956690 0.624849
2455462.649950 -0.293303 0.997947 0.505494
2455462.749950 -0.193303 0.039204 0.352362
2455462.849950 -0.093303 0.080460 0.175684
2455462.949950 0.006697 0.121717 -0.012733
2455463.049950 0.106697 0.162974 -0.200300
2455463.149950 0.206697 0.204231 -0.374482
2455463.249950 0.306697 0.245488 -0.523641
2455463.349950 0.406697 0.286744 -0.637809
2455463.449950 0.506697 0.328001 -0.709357
2455463.549950 0.606697 0.369258 -0.733506
2455463.649950 0.706697 0.410515 -0.708640
2455463.749950 0.806697 0.451772 -0.636422
2455463.849950 0.906697 0.493028 -0.521677
2455463.949950 1.006697 0.534285 -0.372072
2455464.049950 1.106697 0.575542 -0.197605
2455464.149950 1.206697 0.616799 -0.009934
2455464.249950 -1.117147 0.658055 0.178401
2455464.349950 -1.017147 0.699312 0.354814
2455464.449950 -0.917147 0.740569 0.507519
2455464.549950 -0.817147 0.781826 0.626310
2455464.649950 -0.717147 0.823083 0.703251
2455464.749950 -0.617147 0.864339 0.733199
2455464.849950 -0.517147 0.905596 0.714153
2455464.949950 -0.417147 0.946853 0.647387
2455465.049950 -0.317147 0.988110 0.537361
2455465.149950 -0.217147 0.029366 0.391427
2455465.249950 -0.117147 0.070623 0.219338
2455465.349950 -0.017147 0.111880 0.032593
2455465.449950 0.082853 0.153137 -0.156331
2455465.549950 0.182853 0.194394 -0.334808
2455465.649950 0.282853 0.235650 -0.490913
2455465.749950 0.382853 0.276907 -0.614214
2455465.849950 0.482853 0.318164 -0.696472
2455465.949950 0.582853 0.359421 -0.732191
2455466.049950 0.682853 0.400677 -0.718984
2455466.149950 0.782853 0.441934 -0.657733
2455466.249950 0.882853 0.483191 -0.552532
2455466.349950 0.982853 0.524448 -0.410409
2455466.449950 1.082853 0.565705 -0.240862
2455466.549950 1.182853 0.606961 -0.055220
2455466.649950 -1.140991 0.648218 0.134112
2455466.749950 -1.040991 0.689475 0.314482
2455466.849950 -0.940991 0.730732 0.473838
2455466.949950 -0.840991 0.771989 0.601531
2455467.049950 -0.740991 0.813245 0.689029
2455467.149950 -0.640991 0.854502 0.730485
2455467.249950 -0.540991 0.895759 0.723129
2455467.349950 -0.440991 0.937016 0.667452
2455467.449950 -0.340991 0.978272 0.567175
2455467.549950 -0.240991 0.019529 0.428998
2455467.649950 -0.140991 0.060786 0.262155
2455467.749950 -0.040991 0.102043 0.077795
2455467.849950 0.059009 0.143300 -0.111764
2455467.949950 0.159009 0.184556 -0.293855
2455468.049950 0.259009 0.225813 -0.456310
2455468.149950 0.359009 0.267070 -0.588273
2455468.249950 0.459009 0.308327 -0.680927
2455468.349950 0.559009 0.349583 -0.728081
2455468.449950 0.659009 0.390840 -0.726583
2455468.549950 0.759009 0.432097 -0.676533
2455468.649950 0.859009 0.473354 -0.581276
2455468.749950 0.959009 0.514611 -0.447178
2455468.849950 1.059009 0.555867 -0.283198
2455468.949950 1.159009 0.597124 -0.100295
2455469.049950 -1.164835 0.638381 0.089311
2455469.149950 -1.064835 0.679638 0.272948
2455469.249950 -0.964835 0.720894 0.438347
2455469.349950 -0.864835 0.762151 0.574454
2455469.449950 -0.764835 0.803408 0.672176
2455469.549950 -0.664835 0.844665 0.724981
2455469.649950 -0.564835 0.885922 0.729343
2455469.749950 -0.464835 0.927178 0.684968
2455469.849950 -0.364835 0.968435 0.594823
2455469.949950 -0.264835 0.009692 0.464930
2455470.049950 -0.164835 0.050949 0.303971
2455470.149950 -0.064835 0.092205 0.122699
2455470.249950 0.035165 0.133462 -0.066771
2455470.349950 0.135165 0.174719 -0.251780
2455470.449950 0.235165 0.215976 -0.419964
2455470.549950 0.335165 0.257233 -0.560086
2455470.649950 0.435165 0.298489 -0.662782
2455470.749950 0.535165 0.339746 -0.721189
2455470.849950 0.635165 0.381003 -0.731406
2455470.949950 0.735165 0.422260 -0.692749
2455471.049950 0.835165 0.463517 -0.607801
2455471.149950 0.935165 0.504773 -0.482239
2455471.249950 1.035165 0.546030 -0.324453
2455471.349950 1.135165 0.587287 -0.144986
2455471.449950 -1.188679 0.628544 0.044168
2455471.549950 -1.088679 0.669800 0.230372
2455471.649950 -0.988679 0.711057 0.401181
2455471.749950 -0.888679 0.752314 0.545183
2455471.849950 -0.788679 0.793571 0.652755
2455471.949950 -0.688679 0.834828 0.716709
2455472.049950 -0.588679 0.876084 0.732771
2455472.149950 -0.488679 0.917341 0.699868
2455472.249950 -0.388679 0.958598 0.620199
2455472.349950 -0.288679 0.999855 0.499087
2455472.449950 -0.188679 0.041111 0.344625
2455472.549950 -0.088679 0.082368 0.167135
2455472.649950 0.011321 0.123625 -0.021523
2455472.749950 0.111321 0.164882 -0.208743
2455472.849950 0.211321 0.206139 -0.382015
2455472.949950 0.311321 0.247395 -0.529760
2455473.049950 0.411321 0.288652 -0.642105
2455473.149950 0.511321 0.329909 -0.711544
2455473.249950 0.611321 0.371166 -0.733436
2455473.349950 0.711321 0.412422 -0.706319
2455473.449950 0.811321 0.453679 -0.632005
2455473.549950 0.911321 0.494936 -0.515458
2455473.649950 1.011321 0.536193 -0.364469
2455473.749950 1.111321 0.577450 -0.189124
2455473.849950 1.211321 0.618706 -0.001142
2455473.949950 -1.112523 0.659963 0.186916
2455474.049950 -1.012523 0.701220 0.362484
2455474.149950 -0.912523 0.742477 0.513830
2455474.249950 -0.812523 0.783733 0.630842
2455474.349950 -0.712523 0.824990 0.705699
2455474.449950 -0.612523 0.866247 0.733401
2455474.549950 -0.512523 0.907504 0.712095
2455474.649950 -0.412523 0.948761 0.643207
2455474.749950 -0.312523 0.990017 0.531338
2455474.849950 -0.212523 0.031274 0.383964
2455474.949950 -0.112523 0.072531 0.210933
2455475.049950 -0.012523 0.113788 0.023807
2455475.149950 0.087477 0.155045 -0.164909
2455475.249950 0.187477 0.196301 -0.342607
2455475.349950 0.287477 0.237558 -0.497410
2455475.449950 0.387477 0.278815 -0.618976
2455475.549950 0.487477 0.320072 -0.699181
2455475.649950 0.587477 0.361328 -0.732665
2455475.749950 0.687477 0.402585 -0.717192
2455475.849950 0.787477 0.443842 -0.653794
2455475.949950 0.887477 0.485099 -0.546709
2455476.049950 0.987477 0.526356 -0.403092
2455476.149950 1.087477 0.567612 -0.232540
2455476.249950 1.187477 0.608869 -0.046449
2455476.349950 -1.136367 0.650126 0.142746
2455476.449950 -1.036367 0.691383 0.322402
2455476.549950 -0.936367 0.732639 0.480515
2455476.649950 -0.836367 0.773896 0.606519
2455476.749950 -0.736367 0.815153 0.691994
2455476.849950 -0.636367 0.856410 0.731230
2455476.949950 -0.536367 0.897667 0.721603
2455477.049950 -0.436367 0.938923 0.663758
2455477.149950 -0.336367 0.980180 0.561559
2455477.249950 -0.236367 0.021437 0.421836
2455477.349950 -0.136367 0.062694 0.253925
2455477.449950 -0.036367 0.103950 0.069047
2455477.549950 0.063633 0.145207 -0.120446
2455477.649950 0.163633 0.186464 -0.301890
2455477.749950 0.263633 0.227721 -0.463161
2455477.849950 0.363633 0.268978 -0.593483
2455477.949950 0.463633 0.310234 -0.684147
2455478.049950 0.563633 0.351491 -0.729096
2455478.149950 0.663633 0.392748 -0.725325
2455478.249950 0.763633 0.434005 -0.673087
2455478.349950 0.863633 0.475261 -0.575872
2455478.449950 0.963633 0.516518 -0.440176
2455478.549950 1.063633 0.557775 -0.275068
2455478.649950 1.163633 0.599032 -0.091578
2455478.749950 -1.160211 0.640289 0.098031
2455478.849950 -1.060211 0.681545 0.281089
2455478.949950 -0.960211 0.722802 0.445364
2455479.049950 -0.860211 0.764059 0.579880
2455479.149950 -0.760211 0.805316 0.675647
2455479.249950 -0.660211 0.846573 0.726266
2455479.349950 -0.560211 0.887829 0.728355
2455479.449950 -0.460211 0.929086 0.681774
2455479.549950 -0.360211 0.970343 0.589635
2455479.649950 -0.260211 0.011600 0.458097
2455479.749950 -0.160211 0.052856 0.295947
2455479.849950 -0.060211 0.094113 0.114022
2455479.949950 0.039789 0.135370 -0.075522
2455480.049950 0.139789 0.176627 -0.260020
2455480.149950 0.239789 0.217884 -0.427143
2455480.249950 0.339789 0.259140 -0.565723
2455480.349950 0.439789 0.300397 -0.666501
2455480.449950 0.539789 0.341654 -0.722742
2455480.549950 0.639789 0.382911 -0.730689
2455480.649950 0.739789 0.424167 -0.689809
2455480.749950 0.839789 0.465424 -0.602836
2455480.849950 0.939789 0.506681 -0.475580
2455480.949950 1.039789 0.547938 -0.316544
2455481.049950 1.139789 0.589195 -0.136357
2455481.149950 -1.184055 0.630451 0.052941
2455481.249950 -1.084055 0.671708 0.238702
2455481.349950 -0.984055 0.712965 0.408513
2455481.449950 -0.884055 0.754222 0.551026
2455481.549950 -0.784055 0.795478 0.656719
2455481.649950 -0.684055 0.836735 0.718528
2455481.749950 -0.584055 0.877992 0.732325
2455481.849950 -0.484055 0.919249 0.697186
2455481.949950 -0.384055 0.960506 0.615460
2455482.049950 -0.284055 0.001762 0.492608
2455482.149950 -0.184055 0.043019 0.336839
2455482.249950 -0.084055 0.084276 0.158562
2455482.349950 0.015945 0.125533 -0.030310
2455482.449950 0.115945 0.166789 -0.217157
2455482.549950 0.215945 0.208046 -0.389493
2455482.649950 0.315945 0.249303 -0.535803
2455482.749950 0.415945 0.290560 -0.646309
2455482.849950 0.515945 0.331817 -0.713628
2455482.949950 0.615945 0.373073 -0.733261
2455483.049950 0.715945 0.414330 -0.703897
2455483.149950 0.815945 0.455587 -0.627497
2455483.249950 0.915945 0.496844 -0.509166
2455483.349950 1.015945 0.538101 -0.356813
2455483.449950 1.115945 0.579357 -0.180616
2455483.549950 -1.207899 0.620614 0.007650
2455483.649950 -1.107899 0.661871 0.195404
2455483.749950 -1.007899 0.703128 0.370101
2455483.849950 -0.907899 0.744384 0.520068
2455483.949950 -0.807899 0.785641 0.635282
2455484.049950 -0.707899 0.826898 0.708046
2455484.149950 -0.607899 0.868155 0.733498
2455484.249950 -0.507899 0.909412 0.709935
2455484.349950 -0.407899 0.950668 0.638934
2455484.449950 -0.307899 0.991925 0.525238
2455484.549950 -0.207899 0.033182 0.376445
2455484.649950 -0.107899 0.074439 0.202497
2455484.749950 -0.007899 0.115695 0.015018
2455484.849950 0.092101 0.156952 -0.173465
2455484.949950 0.192101 0.198209 -0.350356
2455485.049950 0.292101 0.239466 -0.503836
2455485.149950 0.392101 0.280723 -0.623649
2455485.249950 0.492101 0.321979 -0.701789
2455485.349950 0.592101 0.363236 -0.733034
2455485.449950 0.692101 0.404493 -0.715296
2455485.549950 0.792101 0.445750 -0.649761
2455485.649950 0.892101 0.487006 -0.540808
2455485.749950 0.992101 0.528263 -0.395718
2455485.849950 1.092101 0.569520 -0.224185
2455485.949950 1.192101 0.610777 -0.037671
2455486.049950 -1.131743 0.652034 0.151359
2455486.149950 -1.031743 0.693290 0.330276
2455486.249950 -0.931743 0.734547 0.487123
2455486.349950 -0.831743 0.775804 0.611420
2455486.449950 -0.731743 0.817061 0.694861
2455486.549950 -0.631743 0.858317 0.731869
2455486.649950 -0.531743 0.899574 0.719974
2455486.749950 -0.431743 0.940831 0.659968
2455486.849950 -0.331743 0.982088 0.555862
2455486.949950 -0.231743 0.023345 0.414613
2455487.049950 -0.131743 0.064601 0.245658
2455487.149950 -0.031743 0.105858 0.060289
2455487.249950 0.068257 0.147115 -0.129110
2455487.349950 0.168257 0.188372 -0.309881
2455487.449950 0.268257 0.229629 -0.469945
2455487.549950 0.368257 0.270885 -0.598607
2455487.649950 0.468257 0.312142 -0.687269
2455487.749950 0.568257 0.353399 -0.730006
2455487.849950 0.668257 0.394656 -0.723964
2455487.949950 0.768257 0.435912 -0.669544
2455488.049950 0.868257 0.477169 -0.570385
2455488.149950 0.968257 0.518426 -0.433112
2455488.249950 1.068257 0.559683 -0.266897
2455488.349950 1.168257 0.600940 -0.082848
2455488.449950 -1.155587 0.642196 0.106737
2455488.549950 -1.055587 0.683453 0.289190
2455488.649950 -0.955587 0.724710 0.452318
2455488.749950 -0.855587 0.765967 0.585222
2455488.849950 -0.755587 0.807223 0.679021
2455488.949950 -0.655587 0.848480 0.727446
2455489.049950 -0.555587 0.889737 0.727262
2455489.149950 -0.455587 0.930994 0.678481
2455489.249950 -0.355587 0.972251 0.584363
2455489.349950 -0.255587 0.013507 0.451197
2455489.449950 -0.155587 0.054764 0.287881
2455489.549950 -0.055587 0.096021 0.105329
2455489.649950 0.044413 0.137278 -0.084262
2455489.749950 0.144413 0.178534 -0.268222
2455489.849950 0.244413 0.219791 -0.434259
2455489.949950 0.344413 0.261048 -0.571279
2455490.049950 0.444413 0.302305 -0.670124
2455490.149950 0.544413 0.343562 -0.724191
2455490.249950 0.644413 0.384818 -0.729866
2455490.349950 0.744413 0.426075 -0.686770
2455490.449950 0.844413 0.467332 -0.597783
2455490.549950 0.944413 0.508589 -0.468852
2455490.649950 1.044413 0.549846 -0.308591
2455490.749950 1.144413 0.591102 -0.127709
2455490.849950 -1.179431 0.632359 0.061707
2455490.949950 -1.079431 0.673616 0.246999
2455491.049950 -0.979431 0.714873 0.415786
2455491.149950 -0.879431 0.756129 0.556790
2455491.249950 -0.779431 0.797386 0.660588
2455491.349950 -0.679431 0.838643 0.720244
2455491.449950 -0.579431 0.879900 0.731773
2455491.549950 -0.479431 0.921157 0.694403
2455491.649950 -0.379431 0.962413 0.610633
2455491.749950 -0.279431 0.003670 0.486058
2455491.849950 -0.179431 0.044927 0.329005
2455491.949950 -0.079431 0.086184 0.149967
2455492.049950 0.020569 0.127440 -0.039092
2455492.149950 0.120569 0.168697 -0.225539
2455492.249950 0.220569 0.209954 -0.396915
2455492.349950 0.320569 0.251211 -0.541769
2455492.449950 0.420569 0.292468 -0.650420
2455492.549950 0.520569 0.333724 -0.715610
2455492.649950 0.620569 0.374981 -0.732981
2455492.749950 0.720569 0.416238 -0.701373
2455492.849950 0.820569 0.457495 -0.622899
2455492.949950 0.920569 0.498751 -0.502801
2455493.049950 1.020569 0.540008 -0.349105
2455493.149950 1.120569 0.581265 -0.172082
2455493.249950 -1.203275 0.622522 0.016441
2455493.349950 -1.103275 0.663779 0.203864
2455493.449950 -1.003275 0.705035 0.377665
2455493.549950 -0.903275 0.746292 0.526230
2455493.649950 -0.803275 0.787549 0.639632
2455493.749950 -0.703275 0.828806 0.710292
2455493.849950 -0.603275 0.870062 0.733489
2455493.949950 -0.503275 0.911319 0.707673
2455494.049950 -0.403275 0.952576 0.634570
2455494.149950 -0.303275 0.993833 0.519063
2455494.249950 -0.203275 0.035090 0.368872
2455494.349950 -0.103275 0.076346 0.194032
2455494.449950 -0.003275 0.117603 0.006227
2455494.549950 0.096725 0.158860 -0.181995
2455494.649950 0.196725 0.200117 -0.358055
2455494.749950 0.296725 0.241374 -0.510190
2455494.849950 0.396725 0.282630 -0.628232
2455494.949950 0.496725 0.323887 -0.704296
2455495.049950 0.596725 0.365144 -0.733297
2455495.149950 0.696725 0.406401 -0.713298
2455495.249950 0.796725 0.447657 -0.645635
2455495.349950 0.896725 0.488914 -0.534830
2455495.449950 0.996725 0.530171 -0.388287
2455495.549950 1.096725 0.571428 -0.215797
2455495.649950 1.196725 0.612685 -0.028888
2455495.749950 -1.127119 0.653941 0.159951
2455495.849950 -1.027119 0.695198 0.338103
2455495.949950 -0.927119 0.736455 0.493661
2455496.049950 -0.827119 0.777712 0.616233
2455496.149950 -0.727119 0.818968 0.697627
2455496.249950 -0.627119 0.860225 0.732404
2455496.349950 -0.527119 0.901482 0.718241
2455496.449950 -0.427119 0.942739 0.656084
2455496.549950 -0.327119 0.983996 0.550086
2455496.649950 -0.227119 0.025252 0.407330
2455496.749950 -0.127119 0.066509 0.237356
2455496.849950 -0.027119 0.107766 0.051522
2455496.949950 0.072881 0.149023 -0.137755
2455497.049950 0.172881 0.190279 -0.317827
2455497.149950 0.272881 0.231536 -0.476662
2455497.249950 0.372881 0.272793 -0.603645
2455497.349950 0.472881 0.314050 -0.690292
2455497.449950 0.572881 0.355307 -0.730812
2455497.549950 0.672881 0.396563 -0.722498
2455497.649950 0.772881 0.437820 -0.665906
2455497.749950 0.872881 0.479077 -0.564816
2455497.849950 0.972881 0.520334 -0.425985
2455497.949950 1.072881 0.561590 -0.258689
2455498.049950 1.172881 0.602847 -0.074107
2455498.149950 -1.150963 0.644104 0.115428
2455498.249950 -1.050963 0.685361 0.297249
2455498.349950 -0.950963 0.726618 0.459207
2455498.449950 -0.850963 0.767874 0.590481
2455498.549950 -0.750963 0.809131 0.682297
2455498.649950 -0.650963 0.850388 0.728522
2455498.749950 -0.550963 0.891645 0.726065
2455498.849950 -0.450963 0.932902 0.675092
2455498.949950 -0.350963 0.974158 0.579007
2455499.049950 -0.250963 0.015415 0.444233
2455499.149950 -0.150963 0.056672 0.279774
2455499.249950 -0.050963 0.097929 0.096620
2455499.349950 0.049037 0.139185 -0.092990
2455499.449950 0.149037 0.180442 -0.276386
2455499.549950 0.249037 0.221699 -0.441314
2455499.649950 0.349037 0.262956 -0.576752
2455499.749950 0.449037 0.304213 -0.673651
2455499.849950 0.549037 0.345469 -0.725536
2455499.949950 0.649037 0.386726 -0.728939
2455500.049950 0.749037 0.427983 -0.683633
2455500.149950 0.849037 0.469240 -0.592645
2455500.249950 0.949037 0.510496 -0.462057
2455500.349950 1.049037 0.551753 -0.300592
2455500.449950 1.149037 0.593010 -0.119042
2455500.549950 -1.174807 0.634267 0.070463
2455500.649950 -1.074807 0.675524 0.255259
2455500.749950 -0.974807 0.716780 0.422999
2455500.849950 -0.874807 0.758037 0.562473
2455500.949950 -0.774807 0.799294 0.664362
2455501.049950 -0.674807 0.840551 0.721857
2455501.149950 -0.574807 0.881807 0.731116
2455501.249950 -0.474807 0.923064 0.691521
2455501.349950 -0.374807 0.964321 0.605718
2455501.449950 -0.274807 0.005578 0.479439
2455501.549950 -0.174807 0.046835 0.321123
2455501.649950 -0.074807 0.088091 0.141350
2455501.749950 0.025193 0.129348 -0.047869
2455501.849950 0.125193 0.170605 -0.233889
2455501.949950 0.225193 0.211862 -0.404280
2455502.049950 0.325193 0.253118 -0.547657
2455502.149950 0.425193 0.294375 -0.654438
2455502.249950 0.525193 0.335632 -0.717489
2455502.349950 0.625193 0.376889 -0.732596
2455502.449950 0.725193 0.418146 -0.698749
2455502.549950 0.825193 0.459402 -0.618211
2455502.649950 0.925193 0.500659 -0.496363
2455502.749950 1.025193 0.541916 -0.341348
2455502.849950 1.125193 0.583173 -0.163523
2455502.949950 -1.198651 0.624430 0.025229
2455503.049950 -1.098651 0.665686 0.212295
2455503.149950 -0.998651 0.706943 0.385175
2455503.249950 -0.898651 0.748200 0.532317
2455503.349950 -0.798651 0.789457 0.643889
2455503.449950 -0.698651 0.830713 0.712435
2455503.549950 -0.598651 0.871970 0.733375
2455503.649950 -0.498651 0.913227 0.705310
2455503.749950 -0.398651 0.954484 0.630115
2455503.849950 -0.298651 0.995741 0.512814
2455503.949950 -0.198651 0.036997 0.361246
2455504.049950 -0.098651 0.078254 0.185539
2455504.149950 0.001349 0.119511 -0.002565
2455504.249950 0.101349 0.160768 -0.190499
2455504.349950 0.201349 0.202024 -0.365703
2455504.449950 0.301349 0.243281 -0.516470
2455504.549950 0.401349 0.284538 -0.632726
2455504.649950 0.501349 0.325795 -0.706701
2455504.749950 0.601349 0.367052 -0.733455
2455504.849950 0.701349 0.408308 -0.711197
2455504.949950 0.801349 0.449565 -0.641416
2455505.049950 0.901349 0.490822 -0.528775
2455505.149950 1.001349 0.532079 -0.380800
2455505.249950 1.101349 0.573335 -0.207379
2455505.349950 1.201349 0.614592 -0.020101
2455505.449950 -1.122495 0.655849 0.168520
2455505.549950 -1.022495 0.697106 0.345881
2455505.649950 -0.922495 0.738363 0.500129
2455505.749950 -0.822495 0.779619 0.620957
2455505.849950 -0.722495 0.820876 0.700293
2455505.949950 -0.622495 0.862133 0.732833
2455506.049950 -0.522495 0.903390 0.716405
2455506.149950 -0.422495 0.944646 0.652105
2455506.249950 -0.322495 0.985903 0.544230
2455506.349950 -0.222495 0.027160 0.399989
2455506.449950 -0.122495 0.068417 0.229020
2455506.549950 -0.022495 0.109674 0.042748
2455506.649950 0.077505 0.150930 -0.146381
2455506.749950 0.177505 0.192187 -0.325728
2455506.849950 0.277505 0.233444 -0.483310
2455506.949950 0.377505 0.274701 -0.608596
2455507.049950 0.477505 0.315958 -0.693215
2455507.149950 0.577505 0.357214 -0.731512
2455507.249950 0.677505 0.398471 -0.720928
2455507.349950 0.777505 0.439728 -0.662171
2455507.449950 0.877505 0.480985 -0.559166
2455507.549950 0.977505 0.522241 -0.418797
2455507.649950 1.077505 0.563498 -0.250443
2455507.749950 1.177505 0.604755 -0.065354
2455507.849950 -1.146339 0.646012 0.124102
2455507.949950 -1.046339 0.687269 0.305265
2455508.049950 -0.946339 0.728525 0.466030
2455508.149950 -0.846339 0.769782 0.595654
2455508.249950 -0.746339 0.811039 0.685476
2455508.349950 -0.646339 0.852296 0.729493
2455508.449950 -0.546339 0.893552 0.724764
2455508.549950 -0.446339 0.934809 0.671605
2455508.649950 -0.346339 0.976066 0.573568
2455508.749950 -0.246339 0.017323 0.437205
2455508.849950 -0.146339 0.058580 0.271627
2455508.949950 -0.046339 0.099836 0.087898
2455509.049950 0.053661 0.141093 -0.101704
2455509.149950 0.153661 0.182350 -0.284510
2455509.249950 0.253661 0.223607 -0.448305
2455509.349950 0.353661 0.264863 -0.582143
2455509.449950 0.453661 0.306120 -0.677081
2455509.549950 0.553661 0.347377 -0.726776
2455509.649950 0.653661 0.388634 -0.727907
2455509.749950 0.753661 0.429891 -0.680397
2455509.849950 0.853661 0.471147 -0.587422
2455509.949950 0.953661 0.512404 -0.455195
2455510.049950 1.053661 0.553661 -0.292551
2455510.149950 1.153661 0.594918 -0.110358
2455510.249950 -1.170183 0.636174 0.079209
2455510.349950 -1.070183 0.677431 0.263484
2455510.449950 -0.970183 0.718688 0.430151
2455510.549950 -0.870183 0.759945 0.568076
2455510.649950 -0.770183 0.801202 0.668041
2455510.749950 -0.670183 0.842458 0.723366
2455510.849950 -0.570183 0.883715 0.730354
2455510.949950 -0.470183 0.924972 0.688540
2455511.049950 -0.370183 0.966229 0.600716
2455511.149950 -0.270183 0.007486 0.472751
2455511.249950 -0.170183 0.048742 0.313196
2455511.349950 -0.070183 0.089999 0.132713
2455511.449950 0.029817 0.131256 -0.056639
2455511.549950 0.129817 0.172513 -0.242205
2455511.649950 0.229817 0.213769 -0.411587
2455511.749950 0.329817 0.255026 -0.553466
2455511.849950 0.429817 0.296283 -0.658362
2455511.949950 0.529817 0.337540 -0.719265
2455512.049950 0.629817 0.378797 -0.732105
2455512.149950 0.729817 0.420053 -0.696025
2455512.249950 0.829817 0.461310 -0.613435
2455512.349950 0.929817 0.502567 -0.489855
2455512.449950 1.029817 0.543824 -0.333541
2455512.549950 1.129817 0.585080 -0.154940
2455512.649950 -1.194027 0.626337 0.034014
2455512.749950 -1.094027 0.667594 0.220696
2455512.849950 -0.994027 0.708851 0.392630
2455512.949950 -0.894027 0.750108 0.538328
2455513.049950 -0.794027 0.791364 0.648054
2455513.149950 -0.694027 0.832621 0.714476
2455513.249950 -0.594027 0.873878 0.733156
2455513.349950 -0.494027 0.915135 0.702845
2455513.449950 -0.394027 0.956391 0.625569
2455513.549950 -0.294027 0.997648 0.506491
2455513.649950 -0.194027 0.038905 0.353568
2455513.749950 -0.094027 0.080162 0.177020
2455513.849950 0.005973 0.121419 -0.011357
2455513.949950 0.105973 0.162675 -0.198975
2455514.049950 0.205973 0.203932 -0.373298
2455514.149950 0.305973 0.245189 -0.522676
2455514.249950 0.405973 0.286446 -0.637128
2455514.349950 0.505973 0.327703 -0.709006
2455514.449950 0.605973 0.368959 -0.733507
2455514.549950 0.705973 0.410216 -0.708994
2455514.649950 0.805973 0.451473 -0.637105
2455514.749950 0.905973 0.492730 -0.522643
2455514.849950 1.005973 0.533986 -0.373258
2455514.949950 1.105973 0.575243 -0.198931
2455515.049950 1.205973 0.616500 -0.011311
2455515.149950 -1.117871 0.657757 0.177065
2455515.249950 -1.017871 0.699014 0.353609
2455515.349950 -0.917871 0.740270 0.506524
2455515.449950 -0.817871 0.781527 0.625593
2455515.549950 -0.717871 0.822784 0.702858
2455515.649950 -0.617871 0.864041 0.733157
2455515.749950 -0.517871 0.905297 0.714466
2455515.849950 -0.417871 0.946554 0.648033
2455515.949950 -0.317871 0.987811 0.538297
2455516.049950 -0.217871 0.029068 0.392591
2455516.149950 -0.117871 0.070325 0.220652
2455516.249950 -0.017871 0.111581 0.033968
2455516.349950 0.082129 0.152838 -0.154986
2455516.449950 0.182129 0.194095 -0.333583
2455516.549950 0.282129 0.235352 -0.489889
2455516.649950 0.382129 0.276608 -0.613460
2455516.749950 0.482129 0.317865 -0.696039
2455516.849950 0.582129 0.359122 -0.732108
2455516.949950 0.682129 0.400379 -0.719255
2455517.049950 0.782129 0.441636 -0.658341
2455517.149950 0.882129 0.482892 -0.553436
2455517.249950 0.982129 0.524149 -0.411549
2455517.349950 1.082129 0.565406 -0.242162
2455517.449950 1.182129 0.606663 -0.056593
2455517.549950 -1.141715 0.647919 0.132758
2455517.649950 -1.041715 0.689176 0.313238
2455517.749950 -0.941715 0.730433 0.472786
2455517.849950 -0.841715 0.771690 0.600742
2455517.949950 -0.741715 0.812947 0.688556
2455518.049950 -0.641715 0.854203 0.730359
2455518.149950 -0.541715 0.895460 0.723358
2455518.249950 -0.441715 0.936717 0.668022
2455518.349950 -0.341715 0.977974 0.568047
2455518.449950 -0.241715 0.019231 0.430114
2455518.549950 -0.141715 0.060487 0.263440
2455518.649950 -0.041715 0.101744 0.079163
2455518.749950 0.058285 0.143001 -0.110404
2455518.849950 0.158285 0.184258 -0.292593
2455518.949950 0.258285 0.225514 -0.455231
2455519.049950 0.358285 0.266771 -0.587450
2455519.149950 0.458285 0.308028 -0.680414
2455519.249950 0.558285 0.349285 -0.727912
2455519.349950 0.658285 0.390542 -0.726770
2455519.449950 0.758285 0.431798 -0.677064
2455519.549950 0.858285 0.473055 -0.582115
2455519.649950 0.958285 0.514312 -0.448268
2455519.749950 1.058285 0.555569 -0.284467
2455519.849950 1.158285 0.596825 -0.101658
2455519.949950 -1.165559 0.638082 0.087944
2455520.049950 -1.065559 0.679339 0.271670
2455520.149950 -0.965559 0.720596 0.437242
2455520.249950 -0.865559 0.761853 0.573597
2455520.349950 -0.765559 0.803109 0.671623
2455520.449950 -0.665559 0.844366 0.724771
2455520.549950 -0.565559 0.885623 0.729488
2455520.649950 -0.465559 0.926880 0.685459
2455520.749950 -0.365559 0.968136 0.595627
2455520.849950 -0.265559 0.009393 0.465994
2455520.949950 -0.165559 0.050650 0.305223
2455521.049950 -0.065559 0.091907 0.124056
2455521.149950 0.034441 0.133164 -0.065400
2455521.249950 0.134441 0.174420 -0.250487
2455521.349950 0.234441 0.215677 -0.418835
2455521.449950 0.334441 0.256934 -0.559196
2455521.549950 0.434441 0.298191 -0.662191
2455521.649950 0.534441 0.339447 -0.720937
2455521.749950 0.634441 0.380704 -0.731509
2455521.849950 0.734441 0.421961 -0.693200
2455521.949950 0.834441 0.463218 -0.608571
2455522.049950 0.934441 0.504475 -0.483275
2455522.149950 1.034441 0.545731 -0.325687
2455522.249950 1.134441 0.586988 -0.146336
2455522.349950 -1.189403 0.628245 0.042794
2455522.449950 -1.089403 0.669502 0.229064
2455522.549950 -0.989403 0.710759 0.400028
2455522.649950 -0.889403 0.752015 0.544261
2455522.749950 -0.789403 0.793272 0.652126
2455522.849950 -0.689403 0.834529 0.716415
2455522.949950 -0.589403 0.875786 0.732831
2455523.049950 -0.489403 0.917042 0.700279
2455523.149950 -0.389403 0.958299 0.620933
2455523.249950 -0.289403 0.999556 0.500095
2455523.349950 -0.189403 0.040813 0.345840
2455523.449950 -0.089403 0.082070 0.168475
2455523.549950 0.010597 0.123326 -0.020147
2455523.649950 0.110597 0.164583 -0.207423
2455523.749950 0.210597 0.205840 -0.380839
2455523.849950 0.310597 0.247097 -0.528807
2455523.949950 0.410597 0.288353 -0.641438
2455524.049950 0.510597 0.329610 -0.711208
2455524.149950 0.610597 0.370867 -0.733454
2455524.249950 0.710597 0.412124 -0.706689
2455524.349950 0.810597 0.453381 -0.632702
2455524.449950 0.910597 0.494637 -0.516437
2455524.549950 1.010597 0.535894 -0.365663
2455524.649950 1.110597 0.577151 -0.190454
2455524.749950 1.210597 0.618408 -0.002519
2455524.849950 -1.113247 0.659664 0.185584
2455524.949950 -1.013247 0.700921 0.361287
2455525.049950 -0.913247 0.742178 0.512847
2455525.149950 -0.813247 0.783435 0.630138
2455525.249950 -0.713247 0.824692 0.705323
2455525.349950 -0.613247 0.865948 0.733376
2455525.449950 -0.513247 0.907205 0.712424
2455525.549950 -0.413247 0.948462 0.643867
2455525.649950 -0.313247 0.989719 0.532286
2455525.749950 -0.213247 0.030975 0.385136
2455525.849950 -0.113247 0.072232 0.212251
2455525.949950 -0.013247 0.113489 0.025183
2455526.049950 0.086753 0.154746 -0.163568
2455526.149950 0.186753 0.196003 -0.341389
2455526.249950 0.286753 0.237259 -0.496398
2455526.349950 0.386753 0.278516 -0.618236
2455526.449950 0.486753 0.319773 -0.698763
2455526.549950 0.586753 0.361030 -0.732598
2455526.649950 0.686753 0.402287 -0.717479
2455526.749950 0.786753 0.443543 -0.654417
2455526.849950 0.886753 0.484800 -0.547626
2455526.949950 0.986753 0.526057 -0.404242
2455527.049950 1.086753 0.567314 -0.233845
2455527.149950 1.186753 0.608570 -0.047823
2455527.249950 -1.137091 0.649827 0.141395
2455527.349950 -1.037091 0.691084 0.321165
2455527.449950 -0.937091 0.732341 0.479474
2455527.549950 -0.837091 0.773598 0.605744
2455527.649950 -0.737091 0.814854 0.691537
2455527.749950 -0.637091 0.856111 0.731120
2455527.849950 -0.537091 0.897368 0.721849
2455527.949950 -0.437091 0.938625 0.664342
2455528.049950 -0.337091 0.979881 0.562443
2455528.149950 -0.237091 0.021138 0.422961
2455528.249950 -0.137091 0.062395 0.255216
2455528.349950 -0.037091 0.103652 0.070417
2455528.449950 0.062909 0.144909 -0.119088
2455528.549950 0.162909 0.186165 -0.300635
2455528.649950 0.262909 0.227422 -0.462093
2455528.749950 0.362909 0.268679 -0.592673
2455528.849950 0.462909 0.309936 -0.683650
2455528.949950 0.562909 0.351192 -0.728944
2455529.049950 0.662909 0.392449 -0.725529
2455529.149950 0.762909 0.433706 -0.673633
2455529.249950 0.862909 0.474963 -0.576724
2455529.349950 0.962909 0.516220 -0.441277
2455529.449950 1.062909 0.557476 -0.276343
2455529.549950 1.162909 0.598733 -0.092944
2455529.649950 -1.160935 0.639990 0.096666
2455529.749950 -1.060935 0.681247 0.279817
2455529.849950 -0.960935 0.722503 0.444270
2455529.949950 -0.860935 0.763760 0.579036
2455530.049950 -0.760935 0.805017 0.675110
2455530.149950 -0.660935 0.846274 0.726072
2455530.249950 -0.560935 0.887531 0.728516
2455530.349950 -0.460935 0.928787 0.682280
2455530.449950 -0.360935 0.970044 0.590453
2455530.549950 -0.260935 0.011301 0.459171
2455530.649950 -0.160935 0.052558 0.297206
2455530.749950 -0.060935 0.093815 0.115382
2455530.849950 0.039065 0.135071 -0.074153
2455530.949950 0.139065 0.176328 -0.258732
2455531.049950 0.239065 0.217585 -0.426023
2455531.149950 0.339065 0.258842 -0.564846
2455531.249950 0.439065 0.300098 -0.665925
2455531.349950 0.539065 0.341355 -0.722506
2455531.449950 0.639065 0.382612 -0.730808
2455531.549950 0.739065 0.423869 -0.690276
2455531.649950 0.839065 0.465126 -0.603619
2455531.749950 0.939065 0.506382 -0.476627
2455531.849950 1.039065 0.547639 -0.317786
2455531.949950 1.139065 0.588896 -0.137710
2455532.049950 -1.184779 0.630153 0.051568
2455532.149950 -1.084779 0.671409 0.237400
2455532.249950 -0.984779 0.712666 0.407369
2455532.349950 -0.884779 0.753923 0.550116
2455532.449950 -0.784779 0.795180 0.656104
2455532.549950 -0.684779 0.836437 0.718250
2455532.649950 -0.584779 0.877693 0.732401
2455532.749950 -0.484779 0.918950 0.697612
2455532.849950 -0.384779 0.960207 0.616208
2455532.949950 -0.284779 0.001464 0.493627
2455533.049950 -0.184779 0.042720 0.338062
2455533.149950 -0.084779 0.083977 0.159906
2455533.249950 0.015221 0.125234 -0.028934
2455533.349950 0.115221 0.166491 -0.215842
2455533.449950 0.215221 0.207748 -0.388326
2455533.549950 0.315221 0.249004 -0.534862
2455533.649950 0.415221 0.290261 -0.645657
2455533.749950 0.515221 0.331518 -0.713309
2455533.849950 0.615221 0.372775 -0.733296
2455533.949950 0.715221 0.414031 -0.704283
2455534.049950 0.815221 0.455288 -0.628208
2455534.149950 0.915221 0.496545 -0.510156
2455534.249950 1.015221 0.537802 -0.358015
2455534.349950 1.115221 0.579059 -0.181950
2455534.449950 -1.208623 0.620315 0.006273
2455534.549950 -1.108623 0.661572 0.194077
