descriptor BJD mod 
2455326.949950 0.454864 
2455327.049950 0.292164 
2455327.149950 0.109941 
2455327.249950 -0.079629 
2455327.349950 -0.263877 
2455327.449950 -0.430493 
2455327.549950 -0.568343 
2455327.649950 -0.668215 
2455327.749950 -0.723436 
2455327.849950 -0.730315 
2455327.949950 -0.688394 
2455328.049950 -0.600473 
2455328.149950 -0.472428 
2455328.249950 -0.312814 
2455328.349950 -0.132298 
2455328.449950 0.057059 
2455328.549950 0.242603 
2455328.649950 0.411936 
2455328.749950 0.553743 
2455328.849950 0.658548 
2455328.949950 0.719347 
2455329.049950 0.732079 
2455329.149950 0.695891 
2455329.249950 0.613204 
2455329.349950 0.489541 
2455329.449950 0.333166 
2455329.549950 0.154528 
2455329.649950 -0.034435 
2455329.749950 -0.221098 
2455329.849950 -0.392986 
2455329.949950 -0.538615 
2455330.049950 -0.648252 
2455330.149950 -0.714572 
2455330.249950 -0.733143 
2455330.349950 -0.702724 
2455330.449950 -0.625348 
2455330.549950 -0.506186 
2455330.649950 -0.353199 
2455330.749950 -0.176611 
2455330.849950 0.011779 
2455330.949950 0.199381 
2455331.049950 0.373661 
2455331.149950 0.522972 
2455331.249950 0.637337 
2455331.349950 0.709114 
2455331.449950 0.733507 
2455331.549950 0.708886 
2455331.649950 0.636896 
2455331.749950 0.522347 
2455331.849950 0.372895 
2455331.949950 0.198525 
2455332.049950 0.010889 
2455332.149950 -0.177474 
2455332.249950 -0.353979 
2455332.349950 -0.506829 
2455332.449950 -0.625813 
2455332.549950 -0.702979 
2455332.649950 -0.733170 
2455332.749950 -0.714370 
2455332.849950 -0.647835 
2455332.949950 -0.538010 
2455333.049950 -0.392234 
2455333.149950 -0.220249 
2455333.249950 -0.033547 
2455333.349950 0.155398 
2455333.449950 0.333958 
2455333.549950 0.490203 
2455333.649950 0.613692 
2455333.749950 0.696172 
2455333.849950 0.732134 
2455333.949950 0.719173 
2455334.049950 0.658155 
2455334.149950 0.553159 
2455334.249950 0.411200 
2455334.349950 0.241763 
2455334.449950 0.056172 
2455334.549950 -0.133173 
2455334.649950 -0.313619 
2455334.749950 -0.473108 
2455334.849950 -0.600984 
2455334.949950 -0.688701 
2455335.049950 -0.730398 
2455335.149950 -0.723288 
2455335.249950 -0.667847 
2455335.349950 -0.567780 
2455335.449950 -0.429772 
2455335.549950 -0.263047 
2455335.649950 -0.078744 
2455335.749950 0.110821 
2455335.849950 0.292980 
2455335.949950 0.455562 
2455336.049950 0.587703 
2455336.149950 0.680572 
2455336.249950 0.727964 
2455336.349950 0.726713 
2455336.449950 0.676901 
2455336.549950 0.581858 
2455336.649950 0.447934 
2455336.749950 0.284079 
2455336.849950 0.101240 
2455336.949950 -0.088363 
2455337.049950 -0.272062 
2455337.149950 -0.437581 
2455337.249950 -0.573860 
2455337.349950 -0.671793 
2455337.449950 -0.724836 
2455337.549950 -0.729444 
2455337.649950 -0.685309 
2455337.749950 -0.595381 
2455337.849950 -0.465668 
2455337.949950 -0.304839 
2455338.049950 -0.123640 
2455338.149950 0.065821 
2455338.249950 0.250883 
2455338.349950 0.419181 
2455338.449950 0.559469 
2455338.549950 0.662372 
2455338.649950 0.721015 
2455338.749950 0.731478 
2455338.849950 0.693062 
2455338.949950 0.608335 
2455339.049950 0.482958 
2455339.149950 0.325309 
2455339.249950 0.145922 
2455339.349950 -0.043215 
2455339.449950 -0.229465 
2455339.549950 -0.400382 
2455339.649950 -0.544544 
2455339.749950 -0.652319 
2455339.849950 -0.716505 
2455339.949950 -0.732813 
2455340.049950 -0.700153 
2455340.149950 -0.620708 
2455340.249950 -0.499786 
2455340.349950 -0.345468 
2455340.449950 -0.168065 
2455340.549950 0.020569 
2455340.649950 0.207828 
2455340.749950 0.381200 
2455340.849950 0.529099 
2455340.949950 0.641643 
2455341.049950 0.711311 
2455341.149950 0.733449 
2455341.249950 0.706576 
2455341.349950 0.632489 
2455341.449950 0.516137 
2455341.549950 0.365297 
2455341.649950 0.190047 
2455341.749950 0.002097 
2455341.849950 -0.185992 
2455341.949950 -0.361654 
2455342.049950 -0.513149 
2455342.149950 -0.630354 
2455342.249950 -0.705438 
2455342.349950 -0.733384 
2455342.449950 -0.712324 
2455342.549950 -0.643665 
2455342.649950 -0.531995 
2455342.749950 -0.384777 
2455342.849950 -0.211847 
2455342.949950 -0.024761 
2455343.049950 0.163979 
2455343.149950 0.341762 
2455343.249950 0.496708 
2455343.349950 0.618463 
2455343.449950 0.698891 
2455343.549950 0.732619 
2455343.649950 0.717391 
2455343.749950 0.654227 
2455343.849950 0.547345 
2455343.949950 0.403890 
2455344.049950 0.233445 
2455344.149950 0.047402 
2455344.249950 -0.141809 
2455344.349950 -0.321544 
2455344.449950 -0.479793 
2455344.549950 -0.605982 
2455344.649950 -0.691677 
2455344.749950 -0.731154 
2455344.849950 -0.721774 
2455344.949950 -0.664163 
2455345.049950 -0.562173 
2455345.149950 -0.422616 
2455345.249950 -0.254820 
2455345.349950 -0.069997 
2455345.449950 0.119504 
2455345.549950 0.301019 
2455345.649950 0.462420 
2455345.749950 0.592921 
2455345.849950 0.683802 
2455345.949950 0.728991 
2455346.049950 0.725467 
2455346.149950 0.673466 
2455346.249950 0.576463 
2455346.349950 0.440940 
2455346.449950 0.275952 
2455346.549950 0.092525 
2455346.649950 -0.097084 
2455346.749950 -0.280207 
2455346.849950 -0.444605 
2455346.949950 -0.579295 
2455347.049950 -0.675274 
2455347.149950 -0.726131 
2455347.249950 -0.728467 
2455347.349950 -0.682125 
2455347.449950 -0.590203 
2455347.549950 -0.458842 
2455347.649950 -0.296821 
2455347.749950 -0.114965 
2455347.849950 0.074572 
2455347.949950 0.259127 
2455348.049950 0.426366 
2455348.149950 0.565115 
2455348.249950 0.666102 
2455348.349950 0.722579 
2455348.449950 0.730772 
2455348.549950 0.690133 
2455348.649950 0.603379 
2455348.749950 0.476306 
2455348.849950 0.317405 
2455348.949950 0.137295 
2455349.049950 -0.051989 
2455349.149950 -0.237799 
2455349.249950 -0.407720 
2455349.349950 -0.550395 
2455349.449950 -0.656293 
2455349.549950 -0.718336 
2455349.649950 -0.732378 
2455349.749950 -0.697482 
2455349.849950 -0.615979 
2455349.949950 -0.493315 
2455350.049950 -0.337687 
2455350.149950 -0.159494 
2455350.249950 0.029356 
2455350.349950 0.216245 
2455350.449950 0.388684 
2455350.549950 0.535150 
2455350.649950 0.645857 
2455350.749950 0.713407 
2455350.849950 0.733285 
2455350.949950 0.704165 
2455351.049950 0.627991 
2455351.149950 0.509853 
2455351.249950 0.357646 
2455351.349950 0.181541 
2455351.449950 -0.006695 
2455351.549950 -0.194484 
2455351.649950 -0.369277 
2455351.749950 -0.519394 
2455351.849950 -0.634805 
2455351.949950 -0.707796 
2455352.049950 -0.733492 
2455352.149950 -0.710175 
2455352.249950 -0.639403 
2455352.349950 -0.525904 
2455352.449950 -0.377264 
2455352.549950 -0.203415 
2455352.649950 -0.015973 
2455352.749950 0.172537 
2455352.849950 0.349517 
2455352.949950 0.503142 
2455353.049950 0.623146 
2455353.149950 0.701510 
2455353.249950 0.732999 
2455353.349950 0.715507 
2455353.449950 0.650204 
2455353.549950 0.541453 
2455353.649950 0.396521 
2455353.749950 0.225094 
2455353.849950 0.038625 
2455353.949950 -0.150425 
2455354.049950 -0.329423 
2455354.149950 -0.486409 
2455354.249950 -0.610892 
2455354.349950 -0.694554 
2455354.449950 -0.731805 
2455354.549950 -0.720156 
2455354.649950 -0.660384 
2455354.749950 -0.556485 
2455354.849950 -0.415400 
2455354.949950 -0.246558 
2455355.049950 -0.061240 
2455355.149950 0.128170 
2455355.249950 0.309015 
2455355.349950 0.469212 
2455355.449950 0.598055 
2455355.549950 0.686935 
2455355.649950 0.729913 
2455355.749950 0.724116 
2455355.849950 0.669934 
2455355.949950 0.570985 
2455356.049950 0.433882 
2455356.149950 0.267786 
2455356.249950 0.083797 
2455356.349950 -0.105792 
2455356.449950 -0.288312 
2455356.549950 -0.451566 
2455356.649950 -0.584646 
2455356.749950 -0.678659 
2455356.849950 -0.727323 
2455356.949950 -0.727386 
2455357.049950 -0.678844 
2455357.149950 -0.584940 
2455357.249950 -0.451950 
2455357.349950 -0.288759 
2455357.449950 -0.106274 
2455357.549950 0.083313 
2455357.649950 0.267333 
2455357.749950 0.433490 
2455357.849950 0.570679 
2455357.949950 0.669735 
2455358.049950 0.724039 
2455358.149950 0.729960 
2455358.249950 0.687105 
2455358.349950 0.598336 
2455358.449950 0.469586 
2455358.549950 0.309456 
2455358.649950 0.128649 
2455358.749950 -0.060755 
2455358.849950 -0.246099 
2455358.949950 -0.414999 
2455359.049950 -0.556168 
2455359.149950 -0.660172 
2455359.249950 -0.720063 
2455359.349950 -0.731838 
2455359.449950 -0.694710 
2455359.549950 -0.611161 
2455359.649950 -0.486773 
2455359.749950 -0.329858 
2455359.849950 -0.150901 
2455359.949950 0.038139 
2455360.049950 0.224630 
2455360.149950 0.396112 
2455360.249950 0.541125 
2455360.349950 0.649978 
2455360.449950 0.715400 
2455360.549950 0.733017 
2455360.649950 0.701652 
2455360.749950 0.623402 
2455360.849950 0.503496 
2455360.949950 0.349945 
2455361.049950 0.173010 
2455361.149950 -0.015486 
2455361.249950 -0.202947 
2455361.349950 -0.376847 
2455361.449950 -0.525565 
2455361.549950 -0.639164 
2455361.649950 -0.710053 
2455361.749950 -0.733495 
2455361.849950 -0.707924 
2455361.949950 -0.635048 
2455362.049950 -0.519737 
2455362.149950 -0.369697 
2455362.249950 -0.194953 
2455362.349950 -0.007181 
2455362.449950 0.181070 
2455362.549950 0.357221 
2455362.649950 0.509503 
2455362.749950 0.627739 
2455362.849950 0.704028 
2455362.949950 0.733273 
2455363.049950 0.713520 
2455363.149950 0.646088 
2455363.249950 0.535483 
2455363.349950 0.389096 
2455363.449950 0.216710 
2455363.549950 0.029842 
2455363.649950 -0.159019 
2455363.749950 -0.337255 
2455363.849950 -0.492955 
2455363.949950 -0.615715 
2455364.049950 -0.697331 
2455364.149950 -0.732351 
2455364.249950 -0.718434 
2455364.349950 -0.656510 
2455364.449950 -0.550717 
2455364.549950 -0.408124 
2455364.649950 -0.238260 
2455364.749950 -0.052474 
2455364.849950 0.136817 
2455364.949950 0.316967 
2455365.049950 0.475936 
2455365.149950 0.603102 
2455365.249950 0.689968 
2455365.349950 0.730729 
2455365.449950 0.722662 
2455365.549950 0.666305 
2455365.649950 0.565425 
2455365.749950 0.426762 
2455365.849950 0.259582 
2455365.949950 0.075056 
2455366.049950 -0.114485 
2455366.149950 -0.296376 
2455366.249950 -0.458462 
2455366.349950 -0.589914 
2455366.449950 -0.681946 
2455366.549950 -0.728410 
2455366.649950 -0.726200 
2455366.749950 -0.675464 
2455366.849950 -0.579593 
2455366.949950 -0.444992 
2455367.049950 -0.280657 
2455367.149950 -0.097567 
2455367.249950 0.092043 
2455367.349950 0.275501 
2455367.449950 0.440551 
2455367.549950 0.576162 
2455367.649950 0.673273 
2455367.749950 0.725395 
2455367.849950 0.729044 
2455367.949950 0.683978 
2455368.049950 0.593208 
2455368.149950 0.462798 
2455368.249950 0.301463 
2455368.349950 0.119984 
2455368.449950 -0.069513 
2455368.549950 -0.254364 
2455368.649950 -0.422219 
2455368.749950 -0.561860 
2455368.849950 -0.663957 
2455368.949950 -0.721687 
2455369.049950 -0.731193 
2455369.149950 -0.691839 
2455369.249950 -0.606256 
2455369.349950 -0.480161 
2455369.449950 -0.321982 
2455369.549950 -0.142287 
2455369.649950 0.046916 
2455369.749950 0.232984 
2455369.849950 0.403483 
2455369.949950 0.547021 
2455370.049950 0.654006 
2455370.149950 0.717290 
2455370.249950 0.732643 
2455370.349950 0.699039 
2455370.449950 0.618725 
2455370.549950 0.497066 
2455370.649950 0.342193 
2455370.749950 0.164453 
2455370.849950 -0.024275 
2455370.949950 -0.211381 
2455371.049950 -0.384363 
2455371.149950 -0.531660 
2455371.249950 -0.643431 
2455371.349950 -0.712208 
2455371.449950 -0.733393 
2455371.549950 -0.705571 
2455371.649950 -0.630603 
2455371.749950 -0.513496 
2455371.849950 -0.362077 
2455371.949950 -0.186463 
2455372.049950 0.001611 
2455372.149950 0.189577 
2455372.249950 0.364875 
2455372.349950 0.515791 
2455372.449950 0.632242 
2455372.549950 0.706445 
2455372.649950 0.733442 
2455372.749950 0.711430 
2455372.849950 0.641879 
2455372.949950 0.529436 
2455373.049950 0.381615 
2455373.149950 0.208295 
2455373.249950 0.021055 
2455373.349950 -0.167591 
2455373.449950 -0.345038 
2455373.549950 -0.499430 
2455373.649950 -0.620449 
2455373.749950 -0.700008 
2455373.849950 -0.732792 
2455373.949950 -0.716609 
2455374.049950 -0.652541 
2455374.149950 -0.544870 
2455374.249950 -0.400789 
2455374.349950 -0.229927 
2455374.449950 -0.043701 
2455374.549950 0.145445 
2455374.649950 0.324873 
2455374.749950 0.482592 
2455374.849950 0.608063 
2455374.949950 0.692903 
2455375.049950 0.731441 
2455375.149950 0.721104 
2455375.249950 0.662581 
2455375.349950 0.559784 
2455375.449950 0.419581 
2455375.549950 0.251340 
2455375.649950 0.066305 
2455375.749950 -0.123161 
2455375.849950 -0.304397 
2455375.949950 -0.465292 
2455376.049950 -0.595096 
2455376.149950 -0.685135 
2455376.249950 -0.729392 
2455376.349950 -0.724910 
2455376.449950 -0.671988 
2455376.549950 -0.574163 
2455376.649950 -0.437971 
2455376.749950 -0.272513 
2455376.849950 -0.088846 
2455376.949950 0.100758 
2455377.049950 0.283630 
2455377.149950 0.447549 
2455377.249950 0.581562 
2455377.349950 0.676714 
2455377.449950 0.726647 
2455377.549950 0.728024 
2455377.649950 0.680753 
2455377.749950 0.587994 
2455377.849950 0.455943 
2455377.949950 0.293426 
2455378.049950 0.111302 
2455378.149950 -0.078260 
2455378.249950 -0.262592 
2455378.349950 -0.429378 
2455378.449950 -0.567471 
2455378.549950 -0.667646 
2455378.649950 -0.723207 
2455378.749950 -0.730442 
2455378.849950 -0.688868 
2455378.949950 -0.601263 
2455379.049950 -0.473480 
2455379.149950 -0.314059 
2455379.249950 -0.133651 
2455379.349950 0.055687 
2455379.449950 0.241304 
2455379.549950 0.410797 
2455379.649950 0.552839 
2455379.749950 0.657940 
2455379.849950 0.719077 
2455379.949950 0.732163 
2455380.049950 0.696325 
2455380.149950 0.613958 
2455380.249950 0.490565 
2455380.349950 0.334391 
2455380.449950 0.155873 
2455380.549950 -0.033060 
2455380.649950 -0.219785 
2455380.749950 -0.391823 
2455380.849950 -0.537679 
2455380.949950 -0.647606 
2455381.049950 -0.714260 
2455381.149950 -0.733185 
2455381.249950 -0.703117 
2455381.349950 -0.626067 
2455381.449950 -0.507181 
2455381.549950 -0.354405 
2455381.649950 -0.177946 
2455381.749950 0.010402 
2455381.849950 0.198056 
2455381.949950 0.372476 
2455382.049950 0.522005 
2455382.149950 0.636654 
2455382.249950 0.708761 
2455382.349950 0.733506 
2455382.449950 0.709238 
2455382.549950 0.637577 
2455382.649950 0.523313 
2455382.749950 0.374079 
2455382.849950 0.199850 
2455382.949950 0.012265 
2455383.049950 -0.176138 
2455383.149950 -0.352772 
2455383.249950 -0.505833 
2455383.349950 -0.625094 
2455383.449950 -0.702584 
2455383.549950 -0.733127 
2455383.649950 -0.714681 
2455383.749950 -0.648479 
2455383.849950 -0.538945 
2455383.949950 -0.393397 
2455384.049950 -0.221562 
2455384.149950 -0.034922 
2455384.249950 0.154052 
2455384.349950 0.332732 
2455384.449950 0.489178 
2455384.549950 0.612936 
2455384.649950 0.695737 
2455384.749950 0.732048 
2455384.849950 0.719442 
2455384.949950 0.658762 
2455385.049950 0.554062 
2455385.149950 0.412339 
2455385.249950 0.243063 
2455385.349950 0.057544 
2455385.449950 -0.131819 
2455385.549950 -0.312374 
2455385.649950 -0.472056 
2455385.749950 -0.600194 
2455385.849950 -0.688226 
2455385.949950 -0.730270 
2455386.049950 -0.723516 
2455386.149950 -0.668415 
2455386.249950 -0.568650 
2455386.349950 -0.430887 
2455386.449950 -0.264331 
2455386.549950 -0.080112 
2455386.649950 0.109460 
2455386.749950 0.291718 
2455386.849950 0.454482 
2455386.949950 0.586878 
2455387.049950 0.680057 
2455387.149950 0.727794 
2455387.249950 0.726898 
2455387.349950 0.677430 
2455387.449950 0.582695 
2455387.549950 0.449023 
2455387.649950 0.285347 
2455387.749950 0.102604 
2455387.849950 -0.086996 
2455387.949950 -0.270783 
2455388.049950 -0.436475 
2455388.149950 -0.573002 
2455388.249950 -0.671239 
2455388.349950 -0.724623 
2455388.449950 -0.729587 
2455388.549950 -0.685798 
2455388.649950 -0.596184 
2455388.749950 -0.466731 
2455388.849950 -0.306091 
2455388.949950 -0.124997 
2455389.049950 0.064449 
2455389.149950 0.249589 
2455389.249950 0.418051 
2455389.349950 0.558578 
2455389.449950 0.661780 
2455389.549950 0.720760 
2455389.649950 0.731579 
2455389.749950 0.693512 
2455389.849950 0.609103 
2455389.949950 0.483993 
2455390.049950 0.326542 
2455390.149950 0.147271 
2455390.249950 -0.041841 
2455390.349950 -0.228157 
2455390.449950 -0.399228 
2455390.549950 -0.543621 
2455390.649950 -0.651688 
2455390.749950 -0.716209 
2455390.849950 -0.732872 
2455390.949950 -0.700562 
2455391.049950 -0.621441 
2455391.149950 -0.500793 
2455391.249950 -0.346682 
2455391.349950 -0.169404 
2455391.449950 0.019193 
2455391.549950 0.206507 
2455391.649950 0.380023 
2455391.749950 0.528145 
2455391.849950 0.640975 
2455391.949950 0.710974 
2455392.049950 0.733465 
2455392.149950 0.706944 
2455392.249950 0.633185 
2455392.349950 0.517114 
2455392.449950 0.366490 
2455392.549950 0.191376 
2455392.649950 0.003474 
2455392.749950 -0.184660 
2455392.849950 -0.360455 
2455392.949950 -0.512164 
2455393.049950 -0.629649 
2455393.149950 -0.705060 
2455393.249950 -0.733357 
2455393.349950 -0.712651 
2455393.449950 -0.644324 
2455393.549950 -0.532942 
2455393.649950 -0.385948 
2455393.749950 -0.213165 
2455393.849950 -0.026137 
2455393.949950 0.162637 
2455394.049950 0.340543 
2455394.149950 0.495694 
2455394.249950 0.617722 
2455394.349950 0.698472 
2455394.449950 0.732550 
2455394.549950 0.717677 
2455394.649950 0.654848 
2455394.749950 0.548261 
2455394.849950 0.405038 
2455394.949950 0.234750 
2455395.049950 0.048775 
2455395.149950 -0.140458 
2455395.249950 -0.320306 
2455395.349950 -0.478751 
2455395.449950 -0.605205 
2455395.549950 -0.691218 
2455395.649950 -0.731042 
2455395.749950 -0.722018 
2455395.849950 -0.664746 
2455395.949950 -0.563056 
2455396.049950 -0.423741 
2455396.149950 -0.256111 
2455396.249950 -0.071367 
2455396.349950 0.118146 
2455396.449950 0.299763 
2455396.549950 0.461351 
2455396.649950 0.592110 
2455396.749950 0.683303 
2455396.849950 0.728837 
2455396.949950 0.725669 
2455397.049950 0.674010 
2455397.149950 0.577313 
2455397.249950 0.442039 
2455397.349950 0.277227 
2455397.449950 0.093891 
2455397.549950 -0.095720 
2455397.649950 -0.278934 
2455397.749950 -0.443510 
2455397.849950 -0.578449 
2455397.949950 -0.674736 
2455398.049950 -0.725935 
2455398.149950 -0.728627 
2455398.249950 -0.682630 
2455398.349950 -0.591019 
2455398.449950 -0.459915 
2455398.549950 -0.298079 
2455398.649950 -0.116325 
2455398.749950 0.073203 
2455398.849950 0.257839 
2455398.949950 0.425245 
2455399.049950 0.564236 
2455399.149950 0.665524 
2455399.249950 0.722341 
2455399.349950 0.730889 
2455399.449950 0.690598 
2455399.549950 0.604161 
2455399.649950 0.477352 
2455399.749950 0.318646 
2455399.849950 0.138647 
2455399.949950 -0.050616 
2455400.049950 -0.236497 
2455400.149950 -0.406575 
2455400.249950 -0.549484 
2455400.349950 -0.655677 
2455400.449950 -0.718056 
2455400.549950 -0.732453 
2455400.649950 -0.697907 
2455400.749950 -0.616725 
2455400.849950 -0.494333 
2455400.949950 -0.338909 
2455401.049950 -0.160838 
2455401.149950 0.027980 
2455401.249950 0.214929 
2455401.349950 0.387516 
2455401.449950 0.534208 
2455401.549950 0.645203 
2455401.649950 0.713085 
2455401.749950 0.733318 
2455401.849950 0.704549 
2455401.949950 0.628701 
2455402.049950 0.510842 
2455402.149950 0.358848 
2455402.249950 0.182875 
2455402.349950 -0.005318 
2455402.449950 -0.193156 
2455402.549950 -0.368087 
2455402.649950 -0.518421 
2455402.749950 -0.634114 
2455402.849950 -0.707434 
2455402.949950 -0.733482 
2455403.049950 -0.710518 
2455403.149950 -0.640076 
2455403.249950 -0.526863 
2455403.349950 -0.378444 
2455403.449950 -0.204737 
2455403.549950 -0.017349 
2455403.649950 0.171199 
2455403.749950 0.348306 
2455403.849950 0.502139 
2455403.949950 0.622419 
2455404.049950 0.701107 
2455404.149950 0.732946 
2455404.249950 0.715809 
2455404.349950 0.650840 
2455404.449950 0.542381 
2455404.549950 0.397679 
2455404.649950 0.226403 
2455404.749950 0.039999 
2455404.849950 -0.149078 
2455404.949950 -0.328193 
2455405.049950 -0.485378 
2455405.149950 -0.610129 
2455405.249950 -0.694110 
2455405.349950 -0.731710 
2455405.449950 -0.720416 
2455405.549950 -0.660982 
2455405.649950 -0.557381 
2455405.749950 -0.416534 
2455405.849950 -0.247854 
2455405.949950 -0.062612 
2455406.049950 0.126814 
2455406.149950 0.307766 
2455406.249950 0.468153 
2455406.349950 0.597257 
2455406.449950 0.686451 
2455406.549950 0.729775 
2455406.649950 0.724335 
2455406.749950 0.670493 
2455406.849950 0.571848 
2455406.949950 0.434991 
2455407.049950 0.269067 
2455407.149950 0.085164 
2455407.249950 -0.104430 
2455407.349950 -0.287046 
2455407.449950 -0.450481 
2455407.549950 -0.583814 
2455407.649950 -0.678136 
2455407.749950 -0.727143 
2455407.849950 -0.727562 
2455407.949950 -0.679364 
2455408.049950 -0.585769 
2455408.149950 -0.453033 
2455408.249950 -0.290024 
2455408.349950 -0.107635 
2455408.449950 0.081946 
2455408.549950 0.266051 
2455408.649950 0.432378 
2455408.749950 0.569814 
2455408.849950 0.669173 
2455408.949950 0.723817 
2455409.049950 0.730094 
2455409.149950 0.687586 
2455409.249950 0.599131 
2455409.349950 0.470642 
2455409.449950 0.310704 
2455409.549950 0.130004 
2455409.649950 -0.059383 
2455409.749950 -0.244802 
2455409.849950 -0.413863 
2455409.949950 -0.555269 
2455410.049950 -0.659571 
2455410.149950 -0.719799 
2455410.249950 -0.731930 
2455410.349950 -0.695151 
2455410.449950 -0.611921 
2455410.549950 -0.487802 
2455410.649950 -0.331087 
2455410.749950 -0.152248 
2455410.849950 0.036764 
2455410.949950 0.223320 
2455411.049950 0.394953 
2455411.149950 0.540194 
2455411.249950 0.649339 
2455411.349950 0.715094 
2455411.449950 0.733066 
2455411.549950 0.702052 
2455411.649950 0.624127 
2455411.749950 0.504496 
2455411.849950 0.351154 
2455411.949950 0.174347 
2455412.049950 -0.014110 
2455412.149950 -0.201624 
2455412.249950 -0.375665 
2455412.349950 -0.524604 
2455412.449950 -0.638487 
2455412.549950 -0.709706 
2455412.649950 -0.733502 
2455412.749950 -0.708283 
2455412.849950 -0.635736 
2455412.949950 -0.520708 
2455413.049950 -0.370885 
2455413.149950 -0.196279 
2455413.249950 -0.008558 
2455413.349950 0.179735 
2455413.449950 0.356019 
2455413.549950 0.508512 
2455413.649950 0.627026 
2455413.749950 0.703641 
2455413.849950 0.733237 
2455413.949950 0.713838 
2455414.049950 0.646738 
2455414.149950 0.536423 
2455414.249950 0.390263 
2455414.349950 0.218024 
2455414.449950 0.031218 
2455414.549950 -0.157675 
2455414.649950 -0.336032 
2455414.749950 -0.491935 
2455414.849950 -0.614965 
2455414.949950 -0.696903 
2455415.049950 -0.732272 
2455415.149950 -0.718710 
2455415.249950 -0.657123 
2455415.349950 -0.551625 
2455415.449950 -0.409267 
2455415.549950 -0.239561 
2455415.649950 -0.053847 
2455415.749950 0.135465 
2455415.849950 0.315725 
2455415.949950 0.474888 
2455416.049950 0.602318 
2455416.149950 0.689500 
2455416.249950 0.730608 
2455416.349950 0.722897 
2455416.449950 0.666880 
2455416.549950 0.566301 
2455416.649950 0.427881 
2455416.749950 0.260869 
2455416.849950 0.076426 
2455416.949950 -0.113125 
2455417.049950 -0.295116 
2455417.149950 -0.457387 
2455417.249950 -0.589095 
2455417.349950 -0.681438 
2455417.449950 -0.728247 
2455417.549950 -0.726393 
2455417.649950 -0.676000 
2455417.749950 -0.580436 
2455417.849950 -0.446086 
2455417.949950 -0.281928 
2455418.049950 -0.098931 
2455418.149950 0.090677 
2455418.249950 0.274225 
2455418.349950 0.439449 
2455418.449950 0.575309 
2455418.549950 0.672725 
2455418.649950 0.725189 
2455418.749950 0.729195 
2455418.849950 0.684474 
2455418.949950 0.594016 
2455419.049950 0.463865 
2455419.149950 0.302717 
2455419.249950 0.121342 
2455419.349950 -0.068142 
2455419.449950 -0.253073 
2455419.549950 -0.421092 
2455419.649950 -0.560974 
2455419.749950 -0.663370 
2455419.849950 -0.721439 
2455419.949950 -0.731301 
2455420.049950 -0.692295 
2455420.149950 -0.607029 
2455420.249950 -0.481201 
2455420.349950 -0.323218 
2455420.449950 -0.143637 
2455420.549950 0.045542 
2455420.649950 0.231678 
2455420.749950 0.402333 
2455420.849950 0.546103 
2455420.949950 0.653382 
2455421.049950 0.717001 
2455421.149950 0.732708 
2455421.249950 0.699455 
2455421.349950 0.619463 
2455421.449950 0.498077 
2455421.549950 0.343410 
2455421.649950 0.165795 
2455421.749950 -0.022899 
2455421.849950 -0.210063 
2455421.949950 -0.383189 
2455422.049950 -0.530711 
2455422.149950 -0.642769 
2455422.249950 -0.711877 
2455422.349950 -0.733416 
2455422.449950 -0.705946 
2455422.549950 -0.631305 
2455422.649950 -0.514478 
2455422.749950 -0.363273 
2455422.849950 -0.187794 
2455422.949950 0.000234 
2455423.049950 0.188246 
2455423.149950 0.363680 
2455423.249950 0.514812 
2455423.349950 0.631543 
2455423.449950 0.706073 
2455423.549950 0.733423 
2455423.649950 0.711764 
2455423.749950 0.642544 
2455423.849950 0.530388 
2455423.949950 0.382790 
2455424.049950 0.209614 
2455424.149950 0.022431 
2455424.249950 -0.166251 
2455424.349950 -0.343823 
2455424.449950 -0.498421 
2455424.549950 -0.619713 
2455424.649950 -0.699596 
2455424.749950 -0.732730 
2455424.849950 -0.716902 
2455424.949950 -0.653169 
2455425.049950 -0.545791 
2455425.149950 -0.401941 
2455425.249950 -0.231234 
2455425.349950 -0.045075 
2455425.449950 0.144096 
2455425.549950 0.323638 
2455425.649950 0.481554 
2455425.749950 0.607292 
2455425.849950 0.692450 
2455425.949950 0.731337 
2455426.049950 0.721355 
2455426.149950 0.663171 
2455426.249950 0.560672 
2455426.349950 0.420709 
2455426.449950 0.252633 
2455426.549950 0.067676 
2455426.649950 -0.121803 
2455426.749950 -0.303144 
2455426.849950 -0.464227 
2455426.949950 -0.594291 
2455427.049950 -0.684642 
2455427.149950 -0.729245 
2455427.249950 -0.725119 
2455427.349950 -0.672539 
2455427.449950 -0.575018 
2455427.549950 -0.439075 
2455427.649950 -0.273791 
2455427.749950 -0.090212 
2455427.849950 0.099395 
2455427.949950 0.282360 
2455428.049950 0.446457 
2455428.149950 0.580722 
2455428.249950 0.676181 
2455428.349950 0.726457 
2455428.449950 0.728191 
2455428.549950 0.681265 
2455428.649950 0.588816 
2455428.749950 0.457021 
2455428.849950 0.294687 
2455428.949950 0.112662 
2455429.049950 -0.076891 
2455429.149950 -0.261306 
2455429.249950 -0.428261 
2455429.349950 -0.566598 
2455429.449950 -0.667075 
2455429.549950 -0.722976 
2455429.649950 -0.730567 
2455429.749950 -0.689340 
2455429.849950 -0.602050 
2455429.949950 -0.474531 
2455430.049950 -0.315302 
2455430.149950 -0.135005 
2455430.249950 0.054314 
2455430.349950 0.240004 
2455430.449950 0.409655 
2455430.549950 0.551934 
2455430.649950 0.657331 
2455430.749950 0.718804 
2455430.849950 0.732245 
2455430.949950 0.696757 
2455431.049950 0.614710 
2455431.149950 0.491587 
2455431.249950 0.335616 
2455431.349950 0.157218 
2455431.449950 -0.031685 
2455431.549950 -0.218471 
2455431.649950 -0.390659 
2455431.749950 -0.536742 
2455431.849950 -0.646959 
2455431.949950 -0.713945 
2455432.049950 -0.733224 
2455432.149950 -0.703508 
2455432.249950 -0.626783 
2455432.349950 -0.508175 
2455432.449950 -0.355609 
2455432.549950 -0.179282 
2455432.649950 0.009026 
2455432.749950 0.196730 
2455432.849950 0.371289 
2455432.949950 0.521038 
2455433.049950 0.635969 
2455433.149950 0.708405 
2455433.249950 0.733503 
2455433.349950 0.709588 
2455433.449950 0.638257 
2455433.549950 0.524276 
2455433.649950 0.375263 
2455433.749950 0.201174 
2455433.849950 0.013642 
2455433.949950 -0.174802 
2455434.049950 -0.351565 
2455434.149950 -0.504836 
2455434.249950 -0.624372 
2455434.349950 -0.702188 
2455434.449950 -0.733082 
2455434.549950 -0.714990 
2455434.649950 -0.649121 
2455434.749950 -0.539878 
2455434.849950 -0.394558 
2455434.949950 -0.222874 
2455435.049950 -0.036297 
2455435.149950 0.152706 
2455435.249950 0.331505 
2455435.349950 0.488151 
2455435.449950 0.612179 
2455435.549950 0.695300 
2455435.649950 0.731960 
2455435.749950 0.719709 
2455435.849950 0.659366 
2455435.949950 0.554963 
2455436.049950 0.413477 
2455436.149950 0.244361 
2455436.249950 0.058917 
2455436.349950 -0.130465 
2455436.449950 -0.311128 
2455436.549950 -0.471001 
2455436.649950 -0.599401 
2455436.749950 -0.687749 
2455436.849950 -0.730139 
2455436.949950 -0.723741 
2455437.049950 -0.668981 
2455437.149950 -0.569519 
2455437.249950 -0.432000 
2455437.349950 -0.265615 
2455437.449950 -0.081480 
2455437.549950 0.108099 
2455437.649950 0.290454 
2455437.749950 0.453401 
2455437.849950 0.586051 
2455437.949950 0.679540 
2455438.049950 0.727621 
2455438.149950 0.727082 
2455438.249950 0.677957 
2455438.349950 0.583530 
2455438.449950 0.450111 
2455438.549950 0.286615 
2455438.649950 0.103966 
2455438.749950 -0.085629 
2455438.849950 -0.269503 
2455438.949950 -0.435368 
2455439.049950 -0.572141 
2455439.149950 -0.670683 
2455439.249950 -0.724408 
2455439.349950 -0.729728 
2455439.449950 -0.686286 
2455439.549950 -0.596985 
2455439.649950 -0.467792 
2455439.749950 -0.307341 
2455439.849950 -0.126353 
2455439.949950 0.063078 
2455440.049950 0.248294 
2455440.149950 0.416919 
2455440.249950 0.557685 
2455440.349950 0.661185 
2455440.449950 0.720504 
2455440.549950 0.731677 
2455440.649950 0.693959 
2455440.749950 0.609869 
2455440.849950 0.485027 
2455440.949950 0.327774 
2455441.049950 0.148619 
2455441.149950 -0.040467 
2455441.249950 -0.226849 
2455441.349950 -0.398072 
2455441.449950 -0.542696 
2455441.549950 -0.651056 
2455441.649950 -0.715911 
2455441.749950 -0.732928 
2455441.849950 -0.700969 
2455441.949950 -0.622171 
2455442.049950 -0.501798 
2455442.149950 -0.347894 
2455442.249950 -0.170743 
2455442.349950 0.017817 
2455442.449950 0.205186 
2455442.549950 0.378845 
2455442.649950 0.527188 
2455442.749950 0.640304 
2455442.849950 0.710634 
2455442.949950 0.733478 
2455443.049950 0.707310 
2455443.149950 0.633878 
2455443.249950 0.518090 
2455443.349950 0.367682 
2455443.449950 0.192704 
2455443.549950 0.004850 
2455443.649950 -0.183328 
2455443.749950 -0.359256 
2455443.849950 -0.511178 
2455443.949950 -0.628942 
2455444.049950 -0.704679 
2455444.149950 -0.733328 
2455444.249950 -0.712976 
2455444.349950 -0.644981 
2455444.449950 -0.533887 
2455444.549950 -0.387118 
2455444.649950 -0.214481 
2455444.749950 -0.027513 
2455444.849950 0.161294 
2455444.949950 0.339324 
2455445.049950 0.494679 
2455445.149950 0.616979 
2455445.249950 0.698051 
2455445.349950 0.732478 
2455445.449950 0.717960 
2455445.549950 0.655467 
2455445.649950 0.549174 
2455445.749950 0.406185 
2455445.849950 0.236054 
2455445.949950 0.050149 
2455446.049950 -0.139107 
2455446.149950 -0.319067 
2455446.249950 -0.477707 
2455446.349950 -0.604426 
2455446.449950 -0.690756 
2455446.549950 -0.730928 
2455446.649950 -0.722259 
2455446.749950 -0.665327 
2455446.849950 -0.563937 
2455446.949950 -0.424864 
2455447.049950 -0.257400 
2455447.149950 -0.072737 
2455447.249950 0.116787 
2455447.349950 0.298507 
2455447.449950 0.460280 
2455447.549950 0.591296 
2455447.649950 0.682801 
2455447.749950 0.728681 
2455447.849950 0.725868 
2455447.949950 0.674552 
2455448.049950 0.578161 
2455448.149950 0.443137 
2455448.249950 0.278501 
2455448.349950 0.095256 
2455448.449950 -0.094355 
2455448.549950 -0.277661 
2455448.649950 -0.442413 
2455448.749950 -0.577602 
2455448.849950 -0.674195 
2455448.949950 -0.725737 
2455449.049950 -0.728784 
2455449.149950 -0.683133 
2455449.249950 -0.591833 
2455449.349950 -0.460987 
2455449.449950 -0.299336 
2455449.549950 -0.117683 
2455449.649950 0.071833 
2455449.749950 0.256549 
2455449.849950 0.424123 
2455449.949950 0.563356 
2455450.049950 0.664944 
2455450.149950 0.722100 
2455450.249950 0.731004 
2455450.349950 0.691061 
2455450.449950 0.604940 
2455450.549950 0.478396 
2455450.649950 0.319885 
2455450.749950 0.139999 
2455450.849950 -0.049242 
2455450.949950 -0.235193 
2455451.049950 -0.405428 
2455451.149950 -0.548572 
2455451.249950 -0.655059 
2455451.349950 -0.717774 
2455451.449950 -0.732526 
2455451.549950 -0.698329 
2455451.649950 -0.617469 
2455451.749950 -0.495349 
2455451.849950 -0.340129 
2455451.949950 -0.162181 
2455452.049950 0.026605 
2455452.149950 0.213612 
2455452.249950 0.386346 
2455452.349950 0.533264 
2455452.449950 0.644547 
2455452.549950 0.712762 
2455452.649950 0.733348 
2455452.749950 0.704931 
2455452.849950 0.629409 
2455452.949950 0.511829 
2455453.049950 0.360048 
2455453.149950 0.184207 
2455453.249950 -0.003942 
2455453.349950 -0.191828 
2455453.449950 -0.366895 
2455453.549950 -0.517446 
2455453.649950 -0.633421 
2455453.749950 -0.707069 
2455453.849950 -0.733470 
2455453.949950 -0.710859 
2455454.049950 -0.640747 
2455454.149950 -0.527820 
2455454.249950 -0.379622 
2455454.349950 -0.206058 
2455454.449950 -0.018725 
2455454.549950 0.169860 
2455454.649950 0.347094 
2455454.749950 0.501135 
2455454.849950 0.621689 
2455454.949950 0.700701 
2455455.049950 0.732891 
2455455.149950 0.716108 
2455455.249950 0.651473 
2455455.349950 0.543306 
2455455.449950 0.398835 
2455455.549950 0.227712 
2455455.649950 0.041374 
2455455.749950 -0.147729 
2455455.849950 -0.326961 
2455455.949950 -0.484345 
2455456.049950 -0.609364 
2455456.149950 -0.693664 
2455456.249950 -0.731612 
2455456.349950 -0.720673 
2455456.449950 -0.661578 
2455456.549950 -0.558274 
2455456.649950 -0.417666 
2455456.749950 -0.249149 
2455456.849950 -0.063983 
2455456.949950 0.125458 
2455457.049950 0.306516 
2455457.149950 0.467092 
2455457.249950 0.596456 
2455457.349950 0.685964 
2455457.449950 0.729635 
2455457.549950 0.724550 
2455457.649950 0.671050 
2455457.749950 0.572709 
2455457.849950 0.436099 
2455457.949950 0.270348 
2455458.049950 0.086531 
2455458.149950 -0.103067 
2455458.249950 -0.285778 
2455458.349950 -0.449394 
2455458.449950 -0.582979 
2455458.549950 -0.677610 
2455458.649950 -0.726961 
2455458.749950 -0.727736 
2455458.849950 -0.679882 
2455458.949950 -0.586597 
2455459.049950 -0.454115 
2455459.149950 -0.291288 
2455459.249950 -0.108997 
2455459.349950 0.080578 
2455459.449950 0.264768 
2455459.549950 0.431266 
2455459.649950 0.568946 
2455459.749950 0.668608 
2455459.849950 0.723593 
2455459.949950 0.730226 
2455460.049950 0.688064 
2455460.149950 0.599925 
2455460.249950 0.471697 
2455460.349950 0.311950 
2455460.449950 0.131358 
2455460.549950 -0.058011 
2455460.649950 -0.243504 
2455460.749950 -0.412726 
2455460.849950 -0.554369 
2455460.949950 -0.658968 
2455461.049950 -0.719533 
2455461.149950 -0.732018 
2455461.249950 -0.695589 
2455461.349950 -0.612679 
2455461.449950 -0.488829 
2455461.549950 -0.332315 
2455461.649950 -0.153595 
2455461.749950 0.035389 
2455461.849950 0.222008 
2455461.949950 0.393792 
2455462.049950 0.539262 
2455462.149950 0.648698 
2455462.249950 0.714787 
2455462.349950 0.733112 
2455462.449950 0.702450 
2455462.549950 0.624849 
2455462.649950 0.505494 
2455462.749950 0.352362 
2455462.849950 0.175684 
2455462.949950 -0.012733 
2455463.049950 -0.200300 
2455463.149950 -0.374482 
2455463.249950 -0.523641 
2455463.349950 -0.637809 
2455463.449950 -0.709357 
2455463.549950 -0.733506 
2455463.649950 -0.708640 
2455463.749950 -0.636422 
2455463.849950 -0.521677 
2455463.949950 -0.372072 
2455464.049950 -0.197605 
2455464.149950 -0.009934 
2455464.249950 0.178401 
2455464.349950 0.354814 
2455464.449950 0.507519 
2455464.549950 0.626310 
2455464.649950 0.703251 
2455464.749950 0.733199 
2455464.849950 0.714153 
2455464.949950 0.647387 
2455465.049950 0.537361 
2455465.149950 0.391427 
2455465.249950 0.219338 
2455465.349950 0.032593 
2455465.449950 -0.156331 
2455465.549950 -0.334808 
2455465.649950 -0.490913 
2455465.749950 -0.614214 
2455465.849950 -0.696472 
2455465.949950 -0.732191 
2455466.049950 -0.718984 
2455466.149950 -0.657733 
2455466.249950 -0.552532 
2455466.349950 -0.410409 
2455466.449950 -0.240862 
2455466.549950 -0.055220 
2455466.649950 0.134112 
2455466.749950 0.314482 
2455466.849950 0.473838 
2455466.949950 0.601531 
2455467.049950 0.689029 
2455467.149950 0.730485 
2455467.249950 0.723129 
2455467.349950 0.667452 
2455467.449950 0.567175 
2455467.549950 0.428998 
2455467.649950 0.262155 
2455467.749950 0.077795 
2455467.849950 -0.111764 
2455467.949950 -0.293855 
2455468.049950 -0.456310 
2455468.149950 -0.588273 
2455468.249950 -0.680927 
2455468.349950 -0.728081 
2455468.449950 -0.726583 
2455468.549950 -0.676533 
2455468.649950 -0.581276 
2455468.749950 -0.447178 
2455468.849950 -0.283198 
2455468.949950 -0.100295 
2455469.049950 0.089311 
2455469.149950 0.272948 
2455469.249950 0.438347 
2455469.349950 0.574454 
2455469.449950 0.672176 
2455469.549950 0.724981 
2455469.649950 0.729343 
2455469.749950 0.684968 
2455469.849950 0.594823 
2455469.949950 0.464930 
2455470.049950 0.303971 
2455470.149950 0.122699 
2455470.249950 -0.066771 
2455470.349950 -0.251780 
2455470.449950 -0.419964 
2455470.549950 -0.560086 
2455470.649950 -0.662782 
2455470.749950 -0.721189 
2455470.849950 -0.731406 
2455470.949950 -0.692749 
2455471.049950 -0.607801 
2455471.149950 -0.482239 
2455471.249950 -0.324453 
2455471.349950 -0.144986 
2455471.449950 0.044168 
2455471.549950 0.230372 
2455471.649950 0.401181 
2455471.749950 0.545183 
2455471.849950 0.652755 
2455471.949950 0.716709 
2455472.049950 0.732771 
2455472.149950 0.699868 
2455472.249950 0.620199 
2455472.349950 0.499087 
2455472.449950 0.344625 
2455472.549950 0.167135 
2455472.649950 -0.021523 
2455472.749950 -0.208743 
2455472.849950 -0.382015 
2455472.949950 -0.529760 
2455473.049950 -0.642105 
2455473.149950 -0.711544 
2455473.249950 -0.733436 
2455473.349950 -0.706319 
2455473.449950 -0.632005 
2455473.549950 -0.515458 
2455473.649950 -0.364469 
2455473.749950 -0.189124 
2455473.849950 -0.001142 
2455473.949950 0.186916 
2455474.049950 0.362484 
2455474.149950 0.513830 
2455474.249950 0.630842 
2455474.349950 0.705699 
2455474.449950 0.733401 
2455474.549950 0.712095 
2455474.649950 0.643207 
2455474.749950 0.531338 
2455474.849950 0.383964 
2455474.949950 0.210933 
2455475.049950 0.023807 
2455475.149950 -0.164909 
2455475.249950 -0.342607 
2455475.349950 -0.497410 
2455475.449950 -0.618976 
2455475.549950 -0.699181 
2455475.649950 -0.732665 
2455475.749950 -0.717192 
2455475.849950 -0.653794 
2455475.949950 -0.546709 
2455476.049950 -0.403092 
2455476.149950 -0.232540 
2455476.249950 -0.046449 
2455476.349950 0.142746 
2455476.449950 0.322402 
2455476.549950 0.480515 
2455476.649950 0.606519 
2455476.749950 0.691994 
2455476.849950 0.731230 
2455476.949950 0.721603 
2455477.049950 0.663758 
2455477.149950 0.561559 
2455477.249950 0.421836 
2455477.349950 0.253925 
2455477.449950 0.069047 
2455477.549950 -0.120446 
2455477.649950 -0.301890 
2455477.749950 -0.463161 
2455477.849950 -0.593483 
2455477.949950 -0.684147 
2455478.049950 -0.729096 
2455478.149950 -0.725325 
2455478.249950 -0.673087 
2455478.349950 -0.575872 
2455478.449950 -0.440176 
2455478.549950 -0.275068 
2455478.649950 -0.091578 
2455478.749950 0.098031 
2455478.849950 0.281089 
2455478.949950 0.445364 
2455479.049950 0.579880 
2455479.149950 0.675647 
2455479.249950 0.726266 
2455479.349950 0.728355 
2455479.449950 0.681774 
2455479.549950 0.589635 
2455479.649950 0.458097 
2455479.749950 0.295947 
2455479.849950 0.114022 
2455479.949950 -0.075522 
2455480.049950 -0.260020 
2455480.149950 -0.427143 
2455480.249950 -0.565723 
2455480.349950 -0.666501 
2455480.449950 -0.722742 
2455480.549950 -0.730689 
2455480.649950 -0.689809 
2455480.749950 -0.602836 
2455480.849950 -0.475580 
2455480.949950 -0.316544 
2455481.049950 -0.136357 
2455481.149950 0.052941 
2455481.249950 0.238702 
2455481.349950 0.408513 
2455481.449950 0.551026 
2455481.549950 0.656719 
2455481.649950 0.718528 
2455481.749950 0.732325 
2455481.849950 0.697186 
2455481.949950 0.615460 
2455482.049950 0.492608 
2455482.149950 0.336839 
2455482.249950 0.158562 
2455482.349950 -0.030310 
2455482.449950 -0.217157 
2455482.549950 -0.389493 
2455482.649950 -0.535803 
2455482.749950 -0.646309 
2455482.849950 -0.713628 
2455482.949950 -0.733261 
2455483.049950 -0.703897 
2455483.149950 -0.627497 
2455483.249950 -0.509166 
2455483.349950 -0.356813 
2455483.449950 -0.180616 
2455483.549950 0.007650 
2455483.649950 0.195404 
2455483.749950 0.370101 
2455483.849950 0.520068 
2455483.949950 0.635282 
2455484.049950 0.708046 
2455484.149950 0.733498 
2455484.249950 0.709935 
2455484.349950 0.638934 
2455484.449950 0.525238 
2455484.549950 0.376445 
2455484.649950 0.202497 
2455484.749950 0.015018 
2455484.849950 -0.173465 
2455484.949950 -0.350356 
2455485.049950 -0.503836 
2455485.149950 -0.623649 
2455485.249950 -0.701789 
2455485.349950 -0.733034 
2455485.449950 -0.715296 
2455485.549950 -0.649761 
2455485.649950 -0.540808 
2455485.749950 -0.395718 
2455485.849950 -0.224185 
2455485.949950 -0.037671 
2455486.049950 0.151359 
2455486.149950 0.330276 
2455486.249950 0.487123 
2455486.349950 0.611420 
2455486.449950 0.694861 
2455486.549950 0.731869 
2455486.649950 0.719974 
2455486.749950 0.659968 
2455486.849950 0.555862 
2455486.949950 0.414613 
2455487.049950 0.245658 
2455487.149950 0.060289 
2455487.249950 -0.129110 
2455487.349950 -0.309881 
2455487.449950 -0.469945 
2455487.549950 -0.598607 
2455487.649950 -0.687269 
2455487.749950 -0.730006 
2455487.849950 -0.723964 
2455487.949950 -0.669544 
2455488.049950 -0.570385 
2455488.149950 -0.433112 
2455488.249950 -0.266897 
2455488.349950 -0.082848 
2455488.449950 0.106737 
2455488.549950 0.289190 
2455488.649950 0.452318 
2455488.749950 0.585222 
2455488.849950 0.679021 
2455488.949950 0.727446 
2455489.049950 0.727262 
2455489.149950 0.678481 
2455489.249950 0.584363 
2455489.349950 0.451197 
2455489.449950 0.287881 
2455489.549950 0.105329 
2455489.649950 -0.084262 
2455489.749950 -0.268222 
2455489.849950 -0.434259 
2455489.949950 -0.571279 
2455490.049950 -0.670124 
2455490.149950 -0.724191 
2455490.249950 -0.729866 
2455490.349950 -0.686770 
2455490.449950 -0.597783 
2455490.549950 -0.468852 
2455490.649950 -0.308591 
2455490.749950 -0.127709 
2455490.849950 0.061707 
2455490.949950 0.246999 
2455491.049950 0.415786 
2455491.149950 0.556790 
2455491.249950 0.660588 
2455491.349950 0.720244 
2455491.449950 0.731773 
2455491.549950 0.694403 
2455491.649950 0.610633 
2455491.749950 0.486058 
2455491.849950 0.329005 
2455491.949950 0.149967 
2455492.049950 -0.039092 
2455492.149950 -0.225539 
2455492.249950 -0.396915 
2455492.349950 -0.541769 
2455492.449950 -0.650420 
2455492.549950 -0.715610 
2455492.649950 -0.732981 
2455492.749950 -0.701373 
2455492.849950 -0.622899 
2455492.949950 -0.502801 
2455493.049950 -0.349105 
2455493.149950 -0.172082 
2455493.249950 0.016441 
2455493.349950 0.203864 
2455493.449950 0.377665 
2455493.549950 0.526230 
2455493.649950 0.639632 
2455493.749950 0.710292 
2455493.849950 0.733489 
2455493.949950 0.707673 
2455494.049950 0.634570 
2455494.149950 0.519063 
2455494.249950 0.368872 
2455494.349950 0.194032 
2455494.449950 0.006227 
2455494.549950 -0.181995 
2455494.649950 -0.358055 
2455494.749950 -0.510190 
2455494.849950 -0.628232 
2455494.949950 -0.704296 
2455495.049950 -0.733297 
2455495.149950 -0.713298 
2455495.249950 -0.645635 
2455495.349950 -0.534830 
2455495.449950 -0.388287 
2455495.549950 -0.215797 
2455495.649950 -0.028888 
2455495.749950 0.159951 
2455495.849950 0.338103 
2455495.949950 0.493661 
2455496.049950 0.616233 
2455496.149950 0.697627 
2455496.249950 0.732404 
2455496.349950 0.718241 
2455496.449950 0.656084 
2455496.549950 0.550086 
2455496.649950 0.407330 
2455496.749950 0.237356 
2455496.849950 0.051522 
2455496.949950 -0.137755 
2455497.049950 -0.317827 
2455497.149950 -0.476662 
2455497.249950 -0.603645 
2455497.349950 -0.690292 
2455497.449950 -0.730812 
2455497.549950 -0.722498 
2455497.649950 -0.665906 
2455497.749950 -0.564816 
2455497.849950 -0.425985 
2455497.949950 -0.258689 
2455498.049950 -0.074107 
2455498.149950 0.115428 
2455498.249950 0.297249 
2455498.349950 0.459207 
2455498.449950 0.590481 
2455498.549950 0.682297 
2455498.649950 0.728522 
2455498.749950 0.726065 
2455498.849950 0.675092 
2455498.949950 0.579007 
2455499.049950 0.444233 
2455499.149950 0.279774 
2455499.249950 0.096620 
2455499.349950 -0.092990 
2455499.449950 -0.276386 
2455499.549950 -0.441314 
2455499.649950 -0.576752 
2455499.749950 -0.673651 
2455499.849950 -0.725536 
2455499.949950 -0.728939 
2455500.049950 -0.683633 
2455500.149950 -0.592645 
2455500.249950 -0.462057 
2455500.349950 -0.300592 
2455500.449950 -0.119042 
2455500.549950 0.070463 
2455500.649950 0.255259 
2455500.749950 0.422999 
2455500.849950 0.562473 
2455500.949950 0.664362 
2455501.049950 0.721857 
2455501.149950 0.731116 
2455501.249950 0.691521 
2455501.349950 0.605718 
2455501.449950 0.479439 
2455501.549950 0.321123 
2455501.649950 0.141350 
2455501.749950 -0.047869 
2455501.849950 -0.233889 
2455501.949950 -0.404280 
2455502.049950 -0.547657 
2455502.149950 -0.654438 
2455502.249950 -0.717489 
2455502.349950 -0.732596 
2455502.449950 -0.698749 
2455502.549950 -0.618211 
2455502.649950 -0.496363 
2455502.749950 -0.341348 
2455502.849950 -0.163523 
2455502.949950 0.025229 
2455503.049950 0.212295 
2455503.149950 0.385175 
2455503.249950 0.532317 
2455503.349950 0.643889 
2455503.449950 0.712435 
2455503.549950 0.733375 
2455503.649950 0.705310 
2455503.749950 0.630115 
2455503.849950 0.512814 
2455503.949950 0.361246 
2455504.049950 0.185539 
2455504.149950 -0.002565 
2455504.249950 -0.190499 
2455504.349950 -0.365703 
2455504.449950 -0.516470 
2455504.549950 -0.632726 
2455504.649950 -0.706701 
2455504.749950 -0.733455 
2455504.849950 -0.711197 
2455504.949950 -0.641416 
2455505.049950 -0.528775 
2455505.149950 -0.380800 
2455505.249950 -0.207379 
2455505.349950 -0.020101 
2455505.449950 0.168520 
2455505.549950 0.345881 
2455505.649950 0.500129 
2455505.749950 0.620957 
2455505.849950 0.700293 
2455505.949950 0.732833 
2455506.049950 0.716405 
2455506.149950 0.652105 
2455506.249950 0.544230 
2455506.349950 0.399989 
2455506.449950 0.229020 
2455506.549950 0.042748 
2455506.649950 -0.146381 
2455506.749950 -0.325728 
2455506.849950 -0.483310 
2455506.949950 -0.608596 
2455507.049950 -0.693215 
2455507.149950 -0.731512 
2455507.249950 -0.720928 
2455507.349950 -0.662171 
2455507.449950 -0.559166 
2455507.549950 -0.418797 
2455507.649950 -0.250443 
2455507.749950 -0.065354 
2455507.849950 0.124102 
2455507.949950 0.305265 
2455508.049950 0.466030 
2455508.149950 0.595654 
2455508.249950 0.685476 
2455508.349950 0.729493 
2455508.449950 0.724764 
2455508.549950 0.671605 
2455508.649950 0.573568 
2455508.749950 0.437205 
2455508.849950 0.271627 
2455508.949950 0.087898 
2455509.049950 -0.101704 
2455509.149950 -0.284510 
2455509.249950 -0.448305 
2455509.349950 -0.582143 
2455509.449950 -0.677081 
2455509.549950 -0.726776 
2455509.649950 -0.727907 
2455509.749950 -0.680397 
2455509.849950 -0.587422 
2455509.949950 -0.455195 
2455510.049950 -0.292551 
2455510.149950 -0.110358 
2455510.249950 0.079209 
2455510.349950 0.263484 
2455510.449950 0.430151 
2455510.549950 0.568076 
2455510.649950 0.668041 
2455510.749950 0.723366 
2455510.849950 0.730354 
2455510.949950 0.688540 
2455511.049950 0.600716 
2455511.149950 0.472751 
2455511.249950 0.313196 
2455511.349950 0.132713 
2455511.449950 -0.056639 
2455511.549950 -0.242205 
2455511.649950 -0.411587 
2455511.749950 -0.553466 
2455511.849950 -0.658362 
2455511.949950 -0.719265 
2455512.049950 -0.732105 
2455512.149950 -0.696025 
2455512.249950 -0.613435 
2455512.349950 -0.489855 
2455512.449950 -0.333541 
2455512.549950 -0.154940 
2455512.649950 0.034014 
2455512.749950 0.220696 
2455512.849950 0.392630 
2455512.949950 0.538328 
2455513.049950 0.648054 
2455513.149950 0.714476 
2455513.249950 0.733156 
2455513.349950 0.702845 
2455513.449950 0.625569 
2455513.549950 0.506491 
2455513.649950 0.353568 
2455513.749950 0.177020 
2455513.849950 -0.011357 
2455513.949950 -0.198975 
2455514.049950 -0.373298 
2455514.149950 -0.522676 
2455514.249950 -0.637128 
2455514.349950 -0.709006 
2455514.449950 -0.733507 
2455514.549950 -0.708994 
2455514.649950 -0.637105 
2455514.749950 -0.522643 
2455514.849950 -0.373258 
2455514.949950 -0.198931 
2455515.049950 -0.011311 
2455515.149950 0.177065 
2455515.249950 0.353609 
2455515.349950 0.506524 
2455515.449950 0.625593 
2455515.549950 0.702858 
2455515.649950 0.733157 
2455515.749950 0.714466 
2455515.849950 0.648033 
2455515.949950 0.538297 
2455516.049950 0.392591 
2455516.149950 0.220652 
2455516.249950 0.033968 
2455516.349950 -0.154986 
2455516.449950 -0.333583 
2455516.549950 -0.489889 
2455516.649950 -0.613460 
2455516.749950 -0.696039 
2455516.849950 -0.732108 
2455516.949950 -0.719255 
2455517.049950 -0.658341 
2455517.149950 -0.553436 
2455517.249950 -0.411549 
2455517.349950 -0.242162 
2455517.449950 -0.056593 
2455517.549950 0.132758 
2455517.649950 0.313238 
2455517.749950 0.472786 
2455517.849950 0.600742 
2455517.949950 0.688556 
2455518.049950 0.730359 
2455518.149950 0.723358 
2455518.249950 0.668022 
2455518.349950 0.568047 
2455518.449950 0.430114 
2455518.549950 0.263440 
2455518.649950 0.079163 
2455518.749950 -0.110404 
2455518.849950 -0.292593 
2455518.949950 -0.455231 
2455519.049950 -0.587450 
2455519.149950 -0.680414 
2455519.249950 -0.727912 
2455519.349950 -0.726770 
2455519.449950 -0.677064 
2455519.549950 -0.582115 
2455519.649950 -0.448268 
2455519.749950 -0.284467 
2455519.849950 -0.101658 
2455519.949950 0.087944 
2455520.049950 0.271670 
2455520.149950 0.437242 
2455520.249950 0.573597 
2455520.349950 0.671623 
2455520.449950 0.724771 
2455520.549950 0.729488 
2455520.649950 0.685459 
2455520.749950 0.595627 
2455520.849950 0.465994 
2455520.949950 0.305223 
2455521.049950 0.124056 
2455521.149950 -0.065400 
2455521.249950 -0.250487 
2455521.349950 -0.418835 
2455521.449950 -0.559196 
2455521.549950 -0.662191 
2455521.649950 -0.720937 
2455521.749950 -0.731509 
2455521.849950 -0.693200 
2455521.949950 -0.608571 
2455522.049950 -0.483275 
2455522.149950 -0.325687 
2455522.249950 -0.146336 
2455522.349950 0.042794 
2455522.449950 0.229064 
2455522.549950 0.400028 
2455522.649950 0.544261 
2455522.749950 0.652126 
2455522.849950 0.716415 
2455522.949950 0.732831 
2455523.049950 0.700279 
2455523.149950 0.620933 
2455523.249950 0.500095 
2455523.349950 0.345840 
2455523.449950 0.168475 
2455523.549950 -0.020147 
2455523.649950 -0.207423 
2455523.749950 -0.380839 
2455523.849950 -0.528807 
2455523.949950 -0.641438 
2455524.049950 -0.711208 
2455524.149950 -0.733454 
2455524.249950 -0.706689 
2455524.349950 -0.632702 
2455524.449950 -0.516437 
2455524.549950 -0.365663 
2455524.649950 -0.190454 
2455524.749950 -0.002519 
2455524.849950 0.185584 
2455524.949950 0.361287 
2455525.049950 0.512847 
2455525.149950 0.630138 
2455525.249950 0.705323 
2455525.349950 0.733376 
2455525.449950 0.712424 
2455525.549950 0.643867 
2455525.649950 0.532286 
2455525.749950 0.385136 
2455525.849950 0.212251 
2455525.949950 0.025183 
2455526.049950 -0.163568 
2455526.149950 -0.341389 
2455526.249950 -0.496398 
2455526.349950 -0.618236 
2455526.449950 -0.698763 
2455526.549950 -0.732598 
2455526.649950 -0.717479 
2455526.749950 -0.654417 
2455526.849950 -0.547626 
2455526.949950 -0.404242 
2455527.049950 -0.233845 
2455527.149950 -0.047823 
2455527.249950 0.141395 
2455527.349950 0.321165 
2455527.449950 0.479474 
2455527.549950 0.605744 
2455527.649950 0.691537 
2455527.749950 0.731120 
2455527.849950 0.721849 
2455527.949950 0.664342 
2455528.049950 0.562443 
2455528.149950 0.422961 
2455528.249950 0.255216 
2455528.349950 0.070417 
2455528.449950 -0.119088 
2455528.549950 -0.300635 
2455528.649950 -0.462093 
2455528.749950 -0.592673 
2455528.849950 -0.683650 
2455528.949950 -0.728944 
2455529.049950 -0.725529 
2455529.149950 -0.673633 
2455529.249950 -0.576724 
2455529.349950 -0.441277 
2455529.449950 -0.276343 
2455529.549950 -0.092944 
2455529.649950 0.096666 
2455529.749950 0.279817 
2455529.849950 0.444270 
2455529.949950 0.579036 
2455530.049950 0.675110 
2455530.149950 0.726072 
2455530.249950 0.728516 
2455530.349950 0.682280 
2455530.449950 0.590453 
2455530.549950 0.459171 
2455530.649950 0.297206 
2455530.749950 0.115382 
2455530.849950 -0.074153 
2455530.949950 -0.258732 
2455531.049950 -0.426023 
2455531.149950 -0.564846 
2455531.249950 -0.665925 
2455531.349950 -0.722506 
2455531.449950 -0.730808 
2455531.549950 -0.690276 
2455531.649950 -0.603619 
2455531.749950 -0.476627 
2455531.849950 -0.317786 
2455531.949950 -0.137710 
2455532.049950 0.051568 
2455532.149950 0.237400 
2455532.249950 0.407369 
2455532.349950 0.550116 
2455532.449950 0.656104 
2455532.549950 0.718250 
2455532.649950 0.732401 
2455532.749950 0.697612 
2455532.849950 0.616208 
2455532.949950 0.493627 
2455533.049950 0.338062 
2455533.149950 0.159906 
2455533.249950 -0.028934 
2455533.349950 -0.215842 
2455533.449950 -0.388326 
2455533.549950 -0.534862 
2455533.649950 -0.645657 
2455533.749950 -0.713309 
2455533.849950 -0.733296 
2455533.949950 -0.704283 
2455534.049950 -0.628208 
2455534.149950 -0.510156 
2455534.249950 -0.358015 
2455534.349950 -0.181950 
2455534.449950 0.006273 
2455534.549950 0.194077 
