descriptor x_phase m_phase 
-1.500000 -78.747586 
-1.499000 -77.985389 
-1.498000 -77.220114 
-1.497000 -76.451790 
-1.496000 -75.680448 
-1.495000 -74.906118 
-1.494000 -74.128831 
-1.493000 -73.348618 
-1.492000 -72.565508 
-1.491000 -71.779534 
-1.490000 -70.990727 
-1.489000 -70.199117 
-1.488000 -69.404735 
-1.487000 -68.607613 
-1.486000 -67.807783 
-1.485000 -67.005276 
-1.484000 -66.200124 
-1.483000 -65.392358 
-1.482000 -64.582011 
-1.481000 -63.769114 
-1.480000 -62.953700 
-1.479000 -62.135800 
-1.478000 -61.315447 
-1.477000 -60.492674 
-1.476000 -59.667512 
-1.475000 -58.839995 
-1.474000 -58.010155 
-1.473000 -57.178025 
-1.472000 -56.343638 
-1.471000 -55.507026 
-1.470000 -54.668223 
-1.469000 -53.827261 
-1.468000 -52.984175 
-1.467000 -52.138997 
-1.466000 -51.291761 
-1.465000 -50.442499 
-1.464000 -49.591247 
-1.463000 -48.738036 
-1.462000 -47.882902 
-1.461000 -47.025877 
-1.460000 -46.166996 
-1.459000 -45.306292 
-1.458000 -44.443799 
-1.457000 -43.579552 
-1.456000 -42.713584 
-1.455000 -41.845930 
-1.454000 -40.976624 
-1.453000 -40.105701 
-1.452000 -39.233194 
-1.451000 -38.359138 
-1.450000 -37.483568 
-1.449000 -36.606518 
-1.448000 -35.728023 
-1.447000 -34.848118 
-1.446000 -33.966837 
-1.445000 -33.084214 
-1.444000 -32.200286 
-1.443000 -31.315087 
-1.442000 -30.428651 
-1.441000 -29.541014 
-1.440000 -28.652210 
-1.439000 -27.762276 
-1.438000 -26.871246 
-1.437000 -25.979154 
-1.436000 -25.086037 
-1.435000 -24.191930 
-1.434000 -23.296868 
-1.433000 -22.400886 
-1.432000 -21.504020 
-1.431000 -20.606304 
-1.430000 -19.707775 
-1.429000 -18.808469 
-1.428000 -17.908419 
-1.427000 -17.007663 
-1.426000 -16.106235 
-1.425000 -15.204172 
-1.424000 -14.301508 
-1.423000 -13.398279 
-1.422000 -12.494522 
-1.421000 -11.590271 
-1.420000 -10.685563 
-1.419000 -9.780433 
-1.418000 -8.874917 
-1.417000 -7.969050 
-1.416000 -7.062869 
-1.415000 -6.156409 
-1.414000 -5.249706 
-1.413000 -4.342796 
-1.412000 -3.435714 
-1.411000 -2.528496 
-1.410000 -1.621179 
-1.409000 -0.713798 
-1.408000 0.193611 
-1.407000 1.101013 
-1.406000 2.008371 
-1.405000 2.915650 
-1.404000 3.822814 
-1.403000 4.729827 
-1.402000 5.636653 
-1.401000 6.543257 
-1.400000 7.449602 
-1.399000 8.355654 
-1.398000 9.261375 
-1.397000 10.166731 
-1.396000 11.071685 
-1.395000 11.976203 
-1.394000 12.880247 
-1.393000 13.783783 
-1.392000 14.686775 
-1.391000 15.589187 
-1.390000 16.490984 
-1.389000 17.392129 
-1.388000 18.292588 
-1.387000 19.192325 
-1.386000 20.091304 
-1.385000 20.989490 
-1.384000 21.886848 
-1.383000 22.783341 
-1.382000 23.678935 
-1.381000 24.573594 
-1.380000 25.467283 
-1.379000 26.359966 
-1.378000 27.251609 
-1.377000 28.142176 
-1.376000 29.031632 
-1.375000 29.919942 
-1.374000 30.807071 
-1.373000 31.692984 
-1.372000 32.577645 
-1.371000 33.461020 
-1.370000 34.343074 
-1.369000 35.223773 
-1.368000 36.103081 
-1.367000 36.980963 
-1.366000 37.857386 
-1.365000 38.732314 
-1.364000 39.605713 
-1.363000 40.477548 
-1.362000 41.347786 
-1.361000 42.216391 
-1.360000 43.083329 
-1.359000 43.948567 
-1.358000 44.812070 
-1.357000 45.673803 
-1.356000 46.533733 
-1.355000 47.391827 
-1.354000 48.248049 
-1.353000 49.102367 
-1.352000 49.954746 
-1.351000 50.805153 
-1.350000 51.653554 
-1.349000 52.499916 
-1.348000 53.344206 
-1.347000 54.186389 
-1.346000 55.026434 
-1.345000 55.864306 
-1.344000 56.699972 
-1.343000 57.533400 
-1.342000 58.364557 
-1.341000 59.193410 
-1.340000 60.019926 
-1.339000 60.844072 
-1.338000 61.665817 
-1.337000 62.485126 
-1.336000 63.301970 
-1.335000 64.116314 
-1.334000 64.928126 
-1.333000 65.737376 
-1.332000 66.544030 
-1.331000 67.348058 
-1.330000 68.149426 
-1.329000 68.948104 
-1.328000 69.744061 
-1.327000 70.537263 
-1.326000 71.327682 
-1.325000 72.115284 
-1.324000 72.900039 
-1.323000 73.681916 
-1.322000 74.460885 
-1.321000 75.236914 
-1.320000 76.009972 
-1.319000 76.780030 
-1.318000 77.547057 
-1.317000 78.311022 
-1.316000 79.071896 
-1.315000 79.829648 
-1.314000 80.584248 
-1.313000 81.335668 
-1.312000 82.083876 
-1.311000 82.828844 
-1.310000 83.570541 
-1.309000 84.308940 
-1.308000 85.044010 
-1.307000 85.775723 
-1.306000 86.504049 
-1.305000 87.228961 
-1.304000 87.950429 
-1.303000 88.668424 
-1.302000 89.382920 
-1.301000 90.093886 
-1.300000 90.801296 
-1.299000 91.505121 
-1.298000 92.205334 
-1.297000 92.901906 
-1.296000 93.594811 
-1.295000 94.284021 
-1.294000 94.969509 
-1.293000 95.651247 
-1.292000 96.329210 
-1.291000 97.003369 
-1.290000 97.673699 
-1.289000 98.340173 
-1.288000 99.002765 
-1.287000 99.661448 
-1.286000 100.316197 
-1.285000 100.966985 
-1.284000 101.613788 
-1.283000 102.256578 
-1.282000 102.895332 
-1.281000 103.530024 
-1.280000 104.160629 
-1.279000 104.787122 
-1.278000 105.409477 
-1.277000 106.027672 
-1.276000 106.641680 
-1.275000 107.251479 
-1.274000 107.857043 
-1.273000 108.458350 
-1.272000 109.055374 
-1.271000 109.648094 
-1.270000 110.236484 
-1.269000 110.820523 
-1.268000 111.400187 
-1.267000 111.975453 
-1.266000 112.546298 
-1.265000 113.112700 
-1.264000 113.674636 
-1.263000 114.232085 
-1.262000 114.785024 
-1.261000 115.333432 
-1.260000 115.877287 
-1.259000 116.416567 
-1.258000 116.951251 
-1.257000 117.481317 
-1.256000 118.006746 
-1.255000 118.527517 
-1.254000 119.043608 
-1.253000 119.554999 
-1.252000 120.061671 
-1.251000 120.563602 
-1.250000 121.060774 
-1.249000 121.553167 
-1.248000 122.040761 
-1.247000 122.523537 
-1.246000 123.001476 
-1.245000 123.474560 
-1.244000 123.942768 
-1.243000 124.406084 
-1.242000 124.864488 
-1.241000 125.317963 
-1.240000 125.766490 
-1.239000 126.210053 
-1.238000 126.648633 
-1.237000 127.082213 
-1.236000 127.510776 
-1.235000 127.934305 
-1.234000 128.352783 
-1.233000 128.766195 
-1.232000 129.174522 
-1.231000 129.577751 
-1.230000 129.975864 
-1.229000 130.368845 
-1.228000 130.756680 
-1.227000 131.139353 
-1.226000 131.516848 
-1.225000 131.889152 
-1.224000 132.256249 
-1.223000 132.618124 
-1.222000 132.974764 
-1.221000 133.326154 
-1.220000 133.672281 
-1.219000 134.013131 
-1.218000 134.348690 
-1.217000 134.678945 
-1.216000 135.003884 
-1.215000 135.323493 
-1.214000 135.637759 
-1.213000 135.946670 
-1.212000 136.250215 
-1.211000 136.548381 
-1.210000 136.841156 
-1.209000 137.128529 
-1.208000 137.410488 
-1.207000 137.687022 
-1.206000 137.958121 
-1.205000 138.223773 
-1.204000 138.483969 
-1.203000 138.738697 
-1.202000 138.987949 
-1.201000 139.231713 
-1.200000 139.469981 
-1.199000 139.702742 
-1.198000 139.929989 
-1.197000 140.151711 
-1.196000 140.367900 
-1.195000 140.578548 
-1.194000 140.783646 
-1.193000 140.983186 
-1.192000 141.177160 
-1.191000 141.365561 
-1.190000 141.548381 
-1.189000 141.725613 
-1.188000 141.897250 
-1.187000 142.063285 
-1.186000 142.223711 
-1.185000 142.378523 
-1.184000 142.527714 
-1.183000 142.671278 
-1.182000 142.809210 
-1.181000 142.941504 
-1.180000 143.068155 
-1.179000 143.189158 
-1.178000 143.304508 
-1.177000 143.414200 
-1.176000 143.518231 
-1.175000 143.616596 
-1.174000 143.709291 
-1.173000 143.796313 
-1.172000 143.877657 
-1.171000 143.953322 
-1.170000 144.023304 
-1.169000 144.087600 
-1.168000 144.146208 
-1.167000 144.199125 
-1.166000 144.246349 
-1.165000 144.287879 
-1.164000 144.323712 
-1.163000 144.353848 
-1.162000 144.378285 
-1.161000 144.397022 
-1.160000 144.410059 
-1.159000 144.417395 
-1.158000 144.419029 
-1.157000 144.414962 
-1.156000 144.405193 
-1.155000 144.389724 
-1.154000 144.368554 
-1.153000 144.341685 
-1.152000 144.309118 
-1.151000 144.270854 
-1.150000 144.226894 
-1.149000 144.177240 
-1.148000 144.121894 
-1.147000 144.060859 
-1.146000 143.994136 
-1.145000 143.921729 
-1.144000 143.843639 
-1.143000 143.759872 
-1.142000 143.670428 
-1.141000 143.575313 
-1.140000 143.474530 
-1.139000 143.368083 
-1.138000 143.255976 
-1.137000 143.138213 
-1.136000 143.014799 
-1.135000 142.885740 
-1.134000 142.751039 
-1.133000 142.610704 
-1.132000 142.464737 
-1.131000 142.313147 
-1.130000 142.155939 
-1.129000 141.993118 
-1.128000 141.824692 
-1.127000 141.650666 
-1.126000 141.471049 
-1.125000 141.285847 
-1.124000 141.095066 
-1.123000 140.898716 
-1.122000 140.696803 
-1.121000 140.489336 
-1.120000 140.276322 
-1.119000 140.057771 
-1.118000 139.833690 
-1.117000 139.604089 
-1.116000 139.368977 
-1.115000 139.128362 
-1.114000 138.882256 
-1.113000 138.630666 
-1.112000 138.373603 
-1.111000 138.111078 
-1.110000 137.843100 
-1.109000 137.569680 
-1.108000 137.290829 
-1.107000 137.006559 
-1.106000 136.716879 
-1.105000 136.421802 
-1.104000 136.121340 
-1.103000 135.815503 
-1.102000 135.504305 
-1.101000 135.187758 
-1.100000 134.865873 
-1.099000 134.538664 
-1.098000 134.206144 
-1.097000 133.868326 
-1.096000 133.525222 
-1.095000 133.176848 
-1.094000 132.823215 
-1.093000 132.464339 
-1.092000 132.100234 
-1.091000 131.730914 
-1.090000 131.356393 
-1.089000 130.976686 
-1.088000 130.591809 
-1.087000 130.201776 
-1.086000 129.806602 
-1.085000 129.406305 
-1.084000 129.000898 
-1.083000 128.590399 
-1.082000 128.174824 
-1.081000 127.754188 
-1.080000 127.328509 
-1.079000 126.897803 
-1.078000 126.462087 
-1.077000 126.021379 
-1.076000 125.575695 
-1.075000 125.125054 
-1.074000 124.669474 
-1.073000 124.208971 
-1.072000 123.743566 
-1.071000 123.273275 
-1.070000 122.798117 
-1.069000 122.318111 
-1.068000 121.833277 
-1.067000 121.343633 
-1.066000 120.849198 
-1.065000 120.349993 
-1.064000 119.846036 
-1.063000 119.337348 
-1.062000 118.823948 
-1.061000 118.305858 
-1.060000 117.783097 
-1.059000 117.255687 
-1.058000 116.723647 
-1.057000 116.186999 
-1.056000 115.645764 
-1.055000 115.099964 
-1.054000 114.549620 
-1.053000 113.994754 
-1.052000 113.435387 
-1.051000 112.871542 
-1.050000 112.303241 
-1.049000 111.730507 
-1.048000 111.153362 
-1.047000 110.571828 
-1.046000 109.985930 
-1.045000 109.395689 
-1.044000 108.801130 
-1.043000 108.202275 
-1.042000 107.599148 
-1.041000 106.991774 
-1.040000 106.380176 
-1.039000 105.764378 
-1.038000 105.144405 
-1.037000 104.520281 
-1.036000 103.892031 
-1.035000 103.259679 
-1.034000 102.623251 
-1.033000 101.982771 
-1.032000 101.338265 
-1.031000 100.689758 
-1.030000 100.037277 
-1.029000 99.380846 
-1.028000 98.720492 
-1.027000 98.056240 
-1.026000 97.388117 
-1.025000 96.716150 
-1.024000 96.040364 
-1.023000 95.360787 
-1.022000 94.677446 
-1.021000 93.990366 
-1.020000 93.299576 
-1.019000 92.605103 
-1.018000 91.906974 
-1.017000 91.205216 
-1.016000 90.499858 
-1.015000 89.790927 
-1.014000 89.078451 
-1.013000 88.362459 
-1.012000 87.642978 
-1.011000 86.920037 
-1.010000 86.193665 
-1.009000 85.463890 
-1.008000 84.730741 
-1.007000 83.994246 
-1.006000 83.254436 
-1.005000 82.511340 
-1.004000 81.764986 
-1.003000 81.015403 
-1.002000 80.262623 
-1.001000 79.506674 
-1.000000 78.747586 
-0.999000 77.985389 
-0.998000 77.220114 
-0.997000 76.451790 
-0.996000 75.680448 
-0.995000 74.906118 
-0.994000 74.128831 
-0.993000 73.348618 
-0.992000 72.565508 
-0.991000 71.779534 
-0.990000 70.990727 
-0.989000 70.199117 
-0.988000 69.404735 
-0.987000 68.607613 
-0.986000 67.807783 
-0.985000 67.005276 
-0.984000 66.200124 
-0.983000 65.392358 
-0.982000 64.582011 
-0.981000 63.769114 
-0.980000 62.953700 
-0.979000 62.135800 
-0.978000 61.315447 
-0.977000 60.492674 
-0.976000 59.667512 
-0.975000 58.839995 
-0.974000 58.010155 
-0.973000 57.178025 
-0.972000 56.343638 
-0.971000 55.507026 
-0.970000 54.668223 
-0.969000 53.827261 
-0.968000 52.984175 
-0.967000 52.138997 
-0.966000 51.291761 
-0.965000 50.442499 
-0.964000 49.591247 
-0.963000 48.738036 
-0.962000 47.882902 
-0.961000 47.025877 
-0.960000 46.166996 
-0.959000 45.306292 
-0.958000 44.443799 
-0.957000 43.579552 
-0.956000 42.713584 
-0.955000 41.845930 
-0.954000 40.976624 
-0.953000 40.105701 
-0.952000 39.233194 
-0.951000 38.359138 
-0.950000 37.483568 
-0.949000 36.606518 
-0.948000 35.728023 
-0.947000 34.848118 
-0.946000 33.966837 
-0.945000 33.084214 
-0.944000 32.200286 
-0.943000 31.315087 
-0.942000 30.428651 
-0.941000 29.541014 
-0.940000 28.652210 
-0.939000 27.762276 
-0.938000 26.871246 
-0.937000 25.979154 
-0.936000 25.086037 
-0.935000 24.191930 
-0.934000 23.296868 
-0.933000 22.400886 
-0.932000 21.504020 
-0.931000 20.606304 
-0.930000 19.707775 
-0.929000 18.808469 
-0.928000 17.908419 
-0.927000 17.007663 
-0.926000 16.106235 
-0.925000 15.204172 
-0.924000 14.301508 
-0.923000 13.398279 
-0.922000 12.494522 
-0.921000 11.590271 
-0.920000 10.685563 
-0.919000 9.780433 
-0.918000 8.874917 
-0.917000 7.969050 
-0.916000 7.062869 
-0.915000 6.156409 
-0.914000 5.249706 
-0.913000 4.342796 
-0.912000 3.435714 
-0.911000 2.528496 
-0.910000 1.621179 
-0.909000 0.713798 
-0.908000 -0.193611 
-0.907000 -1.101013 
-0.906000 -2.008371 
-0.905000 -2.915650 
-0.904000 -3.822814 
-0.903000 -4.729827 
-0.902000 -5.636653 
-0.901000 -6.543257 
-0.900000 -7.449602 
-0.899000 -8.355654 
-0.898000 -9.261375 
-0.897000 -10.166731 
-0.896000 -11.071685 
-0.895000 -11.976203 
-0.894000 -12.880247 
-0.893000 -13.783783 
-0.892000 -14.686775 
-0.891000 -15.589187 
-0.890000 -16.490984 
-0.889000 -17.392129 
-0.888000 -18.292588 
-0.887000 -19.192325 
-0.886000 -20.091304 
-0.885000 -20.989490 
-0.884000 -21.886848 
-0.883000 -22.783341 
-0.882000 -23.678935 
-0.881000 -24.573594 
-0.880000 -25.467283 
-0.879000 -26.359966 
-0.878000 -27.251609 
-0.877000 -28.142176 
-0.876000 -29.031632 
-0.875000 -29.919942 
-0.874000 -30.807071 
-0.873000 -31.692984 
-0.872000 -32.577645 
-0.871000 -33.461020 
-0.870000 -34.343074 
-0.869000 -35.223773 
-0.868000 -36.103081 
-0.867000 -36.980963 
-0.866000 -37.857386 
-0.865000 -38.732314 
-0.864000 -39.605713 
-0.863000 -40.477548 
-0.862000 -41.347786 
-0.861000 -42.216391 
-0.860000 -43.083329 
-0.859000 -43.948567 
-0.858000 -44.812070 
-0.857000 -45.673803 
-0.856000 -46.533733 
-0.855000 -47.391827 
-0.854000 -48.248049 
-0.853000 -49.102367 
-0.852000 -49.954746 
-0.851000 -50.805153 
-0.850000 -51.653554 
-0.849000 -52.499916 
-0.848000 -53.344206 
-0.847000 -54.186389 
-0.846000 -55.026434 
-0.845000 -55.864306 
-0.844000 -56.699972 
-0.843000 -57.533400 
-0.842000 -58.364557 
-0.841000 -59.193410 
-0.840000 -60.019926 
-0.839000 -60.844072 
-0.838000 -61.665817 
-0.837000 -62.485126 
-0.836000 -63.301970 
-0.835000 -64.116314 
-0.834000 -64.928126 
-0.833000 -65.737376 
-0.832000 -66.544030 
-0.831000 -67.348058 
-0.830000 -68.149426 
-0.829000 -68.948104 
-0.828000 -69.744061 
-0.827000 -70.537263 
-0.826000 -71.327682 
-0.825000 -72.115284 
-0.824000 -72.900039 
-0.823000 -73.681916 
-0.822000 -74.460885 
-0.821000 -75.236914 
-0.820000 -76.009972 
-0.819000 -76.780030 
-0.818000 -77.547057 
-0.817000 -78.311022 
-0.816000 -79.071896 
-0.815000 -79.829648 
-0.814000 -80.584248 
-0.813000 -81.335668 
-0.812000 -82.083876 
-0.811000 -82.828844 
-0.810000 -83.570541 
-0.809000 -84.308940 
-0.808000 -85.044010 
-0.807000 -85.775723 
-0.806000 -86.504049 
-0.805000 -87.228961 
-0.804000 -87.950429 
-0.803000 -88.668424 
-0.802000 -89.382920 
-0.801000 -90.093886 
-0.800000 -90.801296 
-0.799000 -91.505121 
-0.798000 -92.205334 
-0.797000 -92.901906 
-0.796000 -93.594811 
-0.795000 -94.284021 
-0.794000 -94.969509 
-0.793000 -95.651247 
-0.792000 -96.329210 
-0.791000 -97.003369 
-0.790000 -97.673699 
-0.789000 -98.340173 
-0.788000 -99.002765 
-0.787000 -99.661448 
-0.786000 -100.316197 
-0.785000 -100.966985 
-0.784000 -101.613788 
-0.783000 -102.256578 
-0.782000 -102.895332 
-0.781000 -103.530024 
-0.780000 -104.160629 
-0.779000 -104.787122 
-0.778000 -105.409477 
-0.777000 -106.027672 
-0.776000 -106.641680 
-0.775000 -107.251479 
-0.774000 -107.857043 
-0.773000 -108.458350 
-0.772000 -109.055374 
-0.771000 -109.648094 
-0.770000 -110.236484 
-0.769000 -110.820523 
-0.768000 -111.400187 
-0.767000 -111.975453 
-0.766000 -112.546298 
-0.765000 -113.112700 
-0.764000 -113.674636 
-0.763000 -114.232085 
-0.762000 -114.785024 
-0.761000 -115.333432 
-0.760000 -115.877287 
-0.759000 -116.416567 
-0.758000 -116.951251 
-0.757000 -117.481317 
-0.756000 -118.006746 
-0.755000 -118.527517 
-0.754000 -119.043608 
-0.753000 -119.554999 
-0.752000 -120.061671 
-0.751000 -120.563602 
-0.750000 -121.060774 
-0.749000 -121.553167 
-0.748000 -122.040761 
-0.747000 -122.523537 
-0.746000 -123.001476 
-0.745000 -123.474560 
-0.744000 -123.942768 
-0.743000 -124.406084 
-0.742000 -124.864488 
-0.741000 -125.317963 
-0.740000 -125.766490 
-0.739000 -126.210053 
-0.738000 -126.648633 
-0.737000 -127.082213 
-0.736000 -127.510776 
-0.735000 -127.934305 
-0.734000 -128.352783 
-0.733000 -128.766195 
-0.732000 -129.174522 
-0.731000 -129.577751 
-0.730000 -129.975864 
-0.729000 -130.368845 
-0.728000 -130.756680 
-0.727000 -131.139353 
-0.726000 -131.516848 
-0.725000 -131.889152 
-0.724000 -132.256249 
-0.723000 -132.618124 
-0.722000 -132.974764 
-0.721000 -133.326154 
-0.720000 -133.672281 
-0.719000 -134.013131 
-0.718000 -134.348690 
-0.717000 -134.678945 
-0.716000 -135.003884 
-0.715000 -135.323493 
-0.714000 -135.637759 
-0.713000 -135.946670 
-0.712000 -136.250215 
-0.711000 -136.548381 
-0.710000 -136.841156 
-0.709000 -137.128529 
-0.708000 -137.410488 
-0.707000 -137.687022 
-0.706000 -137.958121 
-0.705000 -138.223773 
-0.704000 -138.483969 
-0.703000 -138.738697 
-0.702000 -138.987949 
-0.701000 -139.231713 
-0.700000 -139.469981 
-0.699000 -139.702742 
-0.698000 -139.929989 
-0.697000 -140.151711 
-0.696000 -140.367900 
-0.695000 -140.578548 
-0.694000 -140.783646 
-0.693000 -140.983186 
-0.692000 -141.177160 
-0.691000 -141.365561 
-0.690000 -141.548381 
-0.689000 -141.725613 
-0.688000 -141.897250 
-0.687000 -142.063285 
-0.686000 -142.223711 
-0.685000 -142.378523 
-0.684000 -142.527714 
-0.683000 -142.671278 
-0.682000 -142.809210 
-0.681000 -142.941504 
-0.680000 -143.068155 
-0.679000 -143.189158 
-0.678000 -143.304508 
-0.677000 -143.414200 
-0.676000 -143.518231 
-0.675000 -143.616596 
-0.674000 -143.709291 
-0.673000 -143.796313 
-0.672000 -143.877657 
-0.671000 -143.953322 
-0.670000 -144.023304 
-0.669000 -144.087600 
-0.668000 -144.146208 
-0.667000 -144.199125 
-0.666000 -144.246349 
-0.665000 -144.287879 
-0.664000 -144.323712 
-0.663000 -144.353848 
-0.662000 -144.378285 
-0.661000 -144.397022 
-0.660000 -144.410059 
-0.659000 -144.417395 
-0.658000 -144.419029 
-0.657000 -144.414962 
-0.656000 -144.405193 
-0.655000 -144.389724 
-0.654000 -144.368554 
-0.653000 -144.341685 
-0.652000 -144.309118 
-0.651000 -144.270854 
-0.650000 -144.226894 
-0.649000 -144.177240 
-0.648000 -144.121894 
-0.647000 -144.060859 
-0.646000 -143.994136 
-0.645000 -143.921729 
-0.644000 -143.843639 
-0.643000 -143.759872 
-0.642000 -143.670428 
-0.641000 -143.575313 
-0.640000 -143.474530 
-0.639000 -143.368083 
-0.638000 -143.255976 
-0.637000 -143.138213 
-0.636000 -143.014799 
-0.635000 -142.885740 
-0.634000 -142.751039 
-0.633000 -142.610704 
-0.632000 -142.464737 
-0.631000 -142.313147 
-0.630000 -142.155939 
-0.629000 -141.993118 
-0.628000 -141.824692 
-0.627000 -141.650666 
-0.626000 -141.471049 
-0.625000 -141.285847 
-0.624000 -141.095066 
-0.623000 -140.898716 
-0.622000 -140.696803 
-0.621000 -140.489336 
-0.620000 -140.276322 
-0.619000 -140.057771 
-0.618000 -139.833690 
-0.617000 -139.604089 
-0.616000 -139.368977 
-0.615000 -139.128362 
-0.614000 -138.882256 
-0.613000 -138.630666 
-0.612000 -138.373603 
-0.611000 -138.111078 
-0.610000 -137.843100 
-0.609000 -137.569680 
-0.608000 -137.290829 
-0.607000 -137.006559 
-0.606000 -136.716879 
-0.605000 -136.421802 
-0.604000 -136.121340 
-0.603000 -135.815503 
-0.602000 -135.504305 
-0.601000 -135.187758 
-0.600000 -134.865873 
-0.599000 -134.538664 
-0.598000 -134.206144 
-0.597000 -133.868326 
-0.596000 -133.525222 
-0.595000 -133.176848 
-0.594000 -132.823215 
-0.593000 -132.464339 
-0.592000 -132.100234 
-0.591000 -131.730914 
-0.590000 -131.356393 
-0.589000 -130.976686 
-0.588000 -130.591809 
-0.587000 -130.201776 
-0.586000 -129.806602 
-0.585000 -129.406305 
-0.584000 -129.000898 
-0.583000 -128.590399 
-0.582000 -128.174824 
-0.581000 -127.754188 
-0.580000 -127.328509 
-0.579000 -126.897803 
-0.578000 -126.462087 
-0.577000 -126.021379 
-0.576000 -125.575695 
-0.575000 -125.125054 
-0.574000 -124.669474 
-0.573000 -124.208971 
-0.572000 -123.743566 
-0.571000 -123.273275 
-0.570000 -122.798117 
-0.569000 -122.318111 
-0.568000 -121.833277 
-0.567000 -121.343633 
-0.566000 -120.849198 
-0.565000 -120.349993 
-0.564000 -119.846036 
-0.563000 -119.337348 
-0.562000 -118.823948 
-0.561000 -118.305858 
-0.560000 -117.783097 
-0.559000 -117.255687 
-0.558000 -116.723647 
-0.557000 -116.186999 
-0.556000 -115.645764 
-0.555000 -115.099964 
-0.554000 -114.549620 
-0.553000 -113.994754 
-0.552000 -113.435387 
-0.551000 -112.871542 
-0.550000 -112.303241 
-0.549000 -111.730507 
-0.548000 -111.153362 
-0.547000 -110.571828 
-0.546000 -109.985930 
-0.545000 -109.395689 
-0.544000 -108.801130 
-0.543000 -108.202275 
-0.542000 -107.599148 
-0.541000 -106.991774 
-0.540000 -106.380176 
-0.539000 -105.764378 
-0.538000 -105.144405 
-0.537000 -104.520281 
-0.536000 -103.892031 
-0.535000 -103.259679 
-0.534000 -102.623251 
-0.533000 -101.982771 
-0.532000 -101.338265 
-0.531000 -100.689758 
-0.530000 -100.037277 
-0.529000 -99.380846 
-0.528000 -98.720492 
-0.527000 -98.056240 
-0.526000 -97.388117 
-0.525000 -96.716150 
-0.524000 -96.040364 
-0.523000 -95.360787 
-0.522000 -94.677446 
-0.521000 -93.990366 
-0.520000 -93.299576 
-0.519000 -92.605103 
-0.518000 -91.906974 
-0.517000 -91.205216 
-0.516000 -90.499858 
-0.515000 -89.790927 
-0.514000 -89.078451 
-0.513000 -88.362459 
-0.512000 -87.642978 
-0.511000 -86.920037 
-0.510000 -86.193665 
-0.509000 -85.463890 
-0.508000 -84.730741 
-0.507000 -83.994246 
-0.506000 -83.254436 
-0.505000 -82.511340 
-0.504000 -81.764986 
-0.503000 -81.015403 
-0.502000 -80.262623 
-0.501000 -79.506674 
-0.500000 -78.747586 
-0.499000 -77.985389 
-0.498000 -77.220114 
-0.497000 -76.451790 
-0.496000 -75.680448 
-0.495000 -74.906118 
-0.494000 -74.128831 
-0.493000 -73.348618 
-0.492000 -72.565508 
-0.491000 -71.779534 
-0.490000 -70.990727 
-0.489000 -70.199117 
-0.488000 -69.404735 
-0.487000 -68.607613 
-0.486000 -67.807783 
-0.485000 -67.005276 
-0.484000 -66.200124 
-0.483000 -65.392358 
-0.482000 -64.582011 
-0.481000 -63.769114 
-0.480000 -62.953700 
-0.479000 -62.135800 
-0.478000 -61.315447 
-0.477000 -60.492674 
-0.476000 -59.667512 
-0.475000 -58.839995 
-0.474000 -58.010155 
-0.473000 -57.178025 
-0.472000 -56.343638 
-0.471000 -55.507026 
-0.470000 -54.668223 
-0.469000 -53.827261 
-0.468000 -52.984175 
-0.467000 -52.138997 
-0.466000 -51.291761 
-0.465000 -50.442499 
-0.464000 -49.591247 
-0.463000 -48.738036 
-0.462000 -47.882902 
-0.461000 -47.025877 
-0.460000 -46.166996 
-0.459000 -45.306292 
-0.458000 -44.443799 
-0.457000 -43.579552 
-0.456000 -42.713584 
-0.455000 -41.845930 
-0.454000 -40.976624 
-0.453000 -40.105701 
-0.452000 -39.233194 
-0.451000 -38.359138 
-0.450000 -37.483568 
-0.449000 -36.606518 
-0.448000 -35.728023 
-0.447000 -34.848118 
-0.446000 -33.966837 
-0.445000 -33.084214 
-0.444000 -32.200286 
-0.443000 -31.315087 
-0.442000 -30.428651 
-0.441000 -29.541014 
-0.440000 -28.652210 
-0.439000 -27.762276 
-0.438000 -26.871246 
-0.437000 -25.979154 
-0.436000 -25.086037 
-0.435000 -24.191930 
-0.434000 -23.296868 
-0.433000 -22.400886 
-0.432000 -21.504020 
-0.431000 -20.606304 
-0.430000 -19.707775 
-0.429000 -18.808469 
-0.428000 -17.908419 
-0.427000 -17.007663 
-0.426000 -16.106235 
-0.425000 -15.204172 
-0.424000 -14.301508 
-0.423000 -13.398279 
-0.422000 -12.494522 
-0.421000 -11.590271 
-0.420000 -10.685563 
-0.419000 -9.780433 
-0.418000 -8.874917 
-0.417000 -7.969050 
-0.416000 -7.062869 
-0.415000 -6.156409 
-0.414000 -5.249706 
-0.413000 -4.342796 
-0.412000 -3.435714 
-0.411000 -2.528496 
-0.410000 -1.621179 
-0.409000 -0.713798 
-0.408000 0.193611 
-0.407000 1.101013 
-0.406000 2.008371 
-0.405000 2.915650 
-0.404000 3.822814 
-0.403000 4.729827 
-0.402000 5.636653 
-0.401000 6.543257 
-0.400000 7.449602 
-0.399000 8.355654 
-0.398000 9.261375 
-0.397000 10.166731 
-0.396000 11.071685 
-0.395000 11.976203 
-0.394000 12.880247 
-0.393000 13.783783 
-0.392000 14.686775 
-0.391000 15.589187 
-0.390000 16.490984 
-0.389000 17.392129 
-0.388000 18.292588 
-0.387000 19.192325 
-0.386000 20.091304 
-0.385000 20.989490 
-0.384000 21.886848 
-0.383000 22.783341 
-0.382000 23.678935 
-0.381000 24.573594 
-0.380000 25.467283 
-0.379000 26.359966 
-0.378000 27.251609 
-0.377000 28.142176 
-0.376000 29.031632 
-0.375000 29.919942 
-0.374000 30.807071 
-0.373000 31.692984 
-0.372000 32.577645 
-0.371000 33.461020 
-0.370000 34.343074 
-0.369000 35.223773 
-0.368000 36.103081 
-0.367000 36.980963 
-0.366000 37.857386 
-0.365000 38.732314 
-0.364000 39.605713 
-0.363000 40.477548 
-0.362000 41.347786 
-0.361000 42.216391 
-0.360000 43.083329 
-0.359000 43.948567 
-0.358000 44.812070 
-0.357000 45.673803 
-0.356000 46.533733 
-0.355000 47.391827 
-0.354000 48.248049 
-0.353000 49.102367 
-0.352000 49.954746 
-0.351000 50.805153 
-0.350000 51.653554 
-0.349000 52.499916 
-0.348000 53.344206 
-0.347000 54.186389 
-0.346000 55.026434 
-0.345000 55.864306 
-0.344000 56.699972 
-0.343000 57.533400 
-0.342000 58.364557 
-0.341000 59.193410 
-0.340000 60.019926 
-0.339000 60.844072 
-0.338000 61.665817 
-0.337000 62.485126 
-0.336000 63.301970 
-0.335000 64.116314 
-0.334000 64.928126 
-0.333000 65.737376 
-0.332000 66.544030 
-0.331000 67.348058 
-0.330000 68.149426 
-0.329000 68.948104 
-0.328000 69.744061 
-0.327000 70.537263 
-0.326000 71.327682 
-0.325000 72.115284 
-0.324000 72.900039 
-0.323000 73.681916 
-0.322000 74.460885 
-0.321000 75.236914 
-0.320000 76.009972 
-0.319000 76.780030 
-0.318000 77.547057 
-0.317000 78.311022 
-0.316000 79.071896 
-0.315000 79.829648 
-0.314000 80.584248 
-0.313000 81.335668 
-0.312000 82.083876 
-0.311000 82.828844 
-0.310000 83.570541 
-0.309000 84.308940 
-0.308000 85.044010 
-0.307000 85.775723 
-0.306000 86.504049 
-0.305000 87.228961 
-0.304000 87.950429 
-0.303000 88.668424 
-0.302000 89.382920 
-0.301000 90.093886 
-0.300000 90.801296 
-0.299000 91.505121 
-0.298000 92.205334 
-0.297000 92.901906 
-0.296000 93.594811 
-0.295000 94.284021 
-0.294000 94.969509 
-0.293000 95.651247 
-0.292000 96.329210 
-0.291000 97.003369 
-0.290000 97.673699 
-0.289000 98.340173 
-0.288000 99.002765 
-0.287000 99.661448 
-0.286000 100.316197 
-0.285000 100.966985 
-0.284000 101.613788 
-0.283000 102.256578 
-0.282000 102.895332 
-0.281000 103.530024 
-0.280000 104.160629 
-0.279000 104.787122 
-0.278000 105.409477 
-0.277000 106.027672 
-0.276000 106.641680 
-0.275000 107.251479 
-0.274000 107.857043 
-0.273000 108.458350 
-0.272000 109.055374 
-0.271000 109.648094 
-0.270000 110.236484 
-0.269000 110.820523 
-0.268000 111.400187 
-0.267000 111.975453 
-0.266000 112.546298 
-0.265000 113.112700 
-0.264000 113.674636 
-0.263000 114.232085 
-0.262000 114.785024 
-0.261000 115.333432 
-0.260000 115.877287 
-0.259000 116.416567 
-0.258000 116.951251 
-0.257000 117.481317 
-0.256000 118.006746 
-0.255000 118.527517 
-0.254000 119.043608 
-0.253000 119.554999 
-0.252000 120.061671 
-0.251000 120.563602 
-0.250000 121.060774 
-0.249000 121.553167 
-0.248000 122.040761 
-0.247000 122.523537 
-0.246000 123.001476 
-0.245000 123.474560 
-0.244000 123.942768 
-0.243000 124.406084 
-0.242000 124.864488 
-0.241000 125.317963 
-0.240000 125.766490 
-0.239000 126.210053 
-0.238000 126.648633 
-0.237000 127.082213 
-0.236000 127.510776 
-0.235000 127.934305 
-0.234000 128.352783 
-0.233000 128.766195 
-0.232000 129.174522 
-0.231000 129.577751 
-0.230000 129.975864 
-0.229000 130.368845 
-0.228000 130.756680 
-0.227000 131.139353 
-0.226000 131.516848 
-0.225000 131.889152 
-0.224000 132.256249 
-0.223000 132.618124 
-0.222000 132.974764 
-0.221000 133.326154 
-0.220000 133.672281 
-0.219000 134.013131 
-0.218000 134.348690 
-0.217000 134.678945 
-0.216000 135.003884 
-0.215000 135.323493 
-0.214000 135.637759 
-0.213000 135.946670 
-0.212000 136.250215 
-0.211000 136.548381 
-0.210000 136.841156 
-0.209000 137.128529 
-0.208000 137.410488 
-0.207000 137.687022 
-0.206000 137.958121 
-0.205000 138.223773 
-0.204000 138.483969 
-0.203000 138.738697 
-0.202000 138.987949 
-0.201000 139.231713 
-0.200000 139.469981 
-0.199000 139.702742 
-0.198000 139.929989 
-0.197000 140.151711 
-0.196000 140.367900 
-0.195000 140.578548 
-0.194000 140.783646 
-0.193000 140.983186 
-0.192000 141.177160 
-0.191000 141.365561 
-0.190000 141.548381 
-0.189000 141.725613 
-0.188000 141.897250 
-0.187000 142.063285 
-0.186000 142.223711 
-0.185000 142.378523 
-0.184000 142.527714 
-0.183000 142.671278 
-0.182000 142.809210 
-0.181000 142.941504 
-0.180000 143.068155 
-0.179000 143.189158 
-0.178000 143.304508 
-0.177000 143.414200 
-0.176000 143.518231 
-0.175000 143.616596 
-0.174000 143.709291 
-0.173000 143.796313 
-0.172000 143.877657 
-0.171000 143.953322 
-0.170000 144.023304 
-0.169000 144.087600 
-0.168000 144.146208 
-0.167000 144.199125 
-0.166000 144.246349 
-0.165000 144.287879 
-0.164000 144.323712 
-0.163000 144.353848 
-0.162000 144.378285 
-0.161000 144.397022 
-0.160000 144.410059 
-0.159000 144.417395 
-0.158000 144.419029 
-0.157000 144.414962 
-0.156000 144.405193 
-0.155000 144.389724 
-0.154000 144.368554 
-0.153000 144.341685 
-0.152000 144.309118 
-0.151000 144.270854 
-0.150000 144.226894 
-0.149000 144.177240 
-0.148000 144.121894 
-0.147000 144.060859 
-0.146000 143.994136 
-0.145000 143.921729 
-0.144000 143.843639 
-0.143000 143.759872 
-0.142000 143.670428 
-0.141000 143.575313 
-0.140000 143.474530 
-0.139000 143.368083 
-0.138000 143.255976 
-0.137000 143.138213 
-0.136000 143.014799 
-0.135000 142.885740 
-0.134000 142.751039 
-0.133000 142.610704 
-0.132000 142.464737 
-0.131000 142.313147 
-0.130000 142.155939 
-0.129000 141.993118 
-0.128000 141.824692 
-0.127000 141.650666 
-0.126000 141.471049 
-0.125000 141.285847 
-0.124000 141.095066 
-0.123000 140.898716 
-0.122000 140.696803 
-0.121000 140.489336 
-0.120000 140.276322 
-0.119000 140.057771 
-0.118000 139.833690 
-0.117000 139.604089 
-0.116000 139.368977 
-0.115000 139.128362 
-0.114000 138.882256 
-0.113000 138.630666 
-0.112000 138.373603 
-0.111000 138.111078 
-0.110000 137.843100 
-0.109000 137.569680 
-0.108000 137.290829 
-0.107000 137.006559 
-0.106000 136.716879 
-0.105000 136.421802 
-0.104000 136.121340 
-0.103000 135.815503 
-0.102000 135.504305 
-0.101000 135.187758 
-0.100000 134.865873 
-0.099000 134.538664 
-0.098000 134.206144 
-0.097000 133.868326 
-0.096000 133.525222 
-0.095000 133.176848 
-0.094000 132.823215 
-0.093000 132.464339 
-0.092000 132.100234 
-0.091000 131.730914 
-0.090000 131.356393 
-0.089000 130.976686 
-0.088000 130.591809 
-0.087000 130.201776 
-0.086000 129.806602 
-0.085000 129.406305 
-0.084000 129.000898 
-0.083000 128.590399 
-0.082000 128.174824 
-0.081000 127.754188 
-0.080000 127.328509 
-0.079000 126.897803 
-0.078000 126.462087 
-0.077000 126.021379 
-0.076000 125.575695 
-0.075000 125.125054 
-0.074000 124.669474 
-0.073000 124.208971 
-0.072000 123.743566 
-0.071000 123.273275 
-0.070000 122.798117 
-0.069000 122.318111 
-0.068000 121.833277 
-0.067000 121.343633 
-0.066000 120.849198 
-0.065000 120.349993 
-0.064000 119.846036 
-0.063000 119.337348 
-0.062000 118.823948 
-0.061000 118.305858 
-0.060000 117.783097 
-0.059000 117.255687 
-0.058000 116.723647 
-0.057000 116.186999 
-0.056000 115.645764 
-0.055000 115.099964 
-0.054000 114.549620 
-0.053000 113.994754 
-0.052000 113.435387 
-0.051000 112.871542 
-0.050000 112.303241 
-0.049000 111.730507 
-0.048000 111.153362 
-0.047000 110.571828 
-0.046000 109.985930 
-0.045000 109.395689 
-0.044000 108.801130 
-0.043000 108.202275 
-0.042000 107.599148 
-0.041000 106.991774 
-0.040000 106.380176 
-0.039000 105.764378 
-0.038000 105.144405 
-0.037000 104.520281 
-0.036000 103.892031 
-0.035000 103.259679 
-0.034000 102.623251 
-0.033000 101.982771 
-0.032000 101.338265 
-0.031000 100.689758 
-0.030000 100.037277 
-0.029000 99.380846 
-0.028000 98.720492 
-0.027000 98.056240 
-0.026000 97.388117 
-0.025000 96.716150 
-0.024000 96.040364 
-0.023000 95.360787 
-0.022000 94.677446 
-0.021000 93.990366 
-0.020000 93.299576 
-0.019000 92.605103 
-0.018000 91.906974 
-0.017000 91.205216 
-0.016000 90.499858 
-0.015000 89.790927 
-0.014000 89.078451 
-0.013000 88.362459 
-0.012000 87.642978 
-0.011000 86.920037 
-0.010000 86.193665 
-0.009000 85.463890 
-0.008000 84.730741 
-0.007000 83.994246 
-0.006000 83.254436 
-0.005000 82.511340 
-0.004000 81.764986 
-0.003000 81.015403 
-0.002000 80.262623 
-0.001000 79.506674 
-0.000000 78.747586 
0.001000 77.985389 
0.002000 77.220114 
0.003000 76.451790 
0.004000 75.680448 
0.005000 74.906118 
0.006000 74.128831 
0.007000 73.348618 
0.008000 72.565508 
0.009000 71.779534 
0.010000 70.990727 
0.011000 70.199117 
0.012000 69.404735 
0.013000 68.607613 
0.014000 67.807783 
0.015000 67.005276 
0.016000 66.200124 
0.017000 65.392358 
0.018000 64.582011 
0.019000 63.769114 
0.020000 62.953700 
0.021000 62.135800 
0.022000 61.315447 
0.023000 60.492674 
0.024000 59.667512 
0.025000 58.839995 
0.026000 58.010155 
0.027000 57.178025 
0.028000 56.343638 
0.029000 55.507026 
0.030000 54.668223 
0.031000 53.827261 
0.032000 52.984175 
0.033000 52.138997 
0.034000 51.291761 
0.035000 50.442499 
0.036000 49.591247 
0.037000 48.738036 
0.038000 47.882902 
0.039000 47.025877 
0.040000 46.166996 
0.041000 45.306292 
0.042000 44.443799 
0.043000 43.579552 
0.044000 42.713584 
0.045000 41.845930 
0.046000 40.976624 
0.047000 40.105701 
0.048000 39.233194 
0.049000 38.359138 
0.050000 37.483568 
0.051000 36.606518 
0.052000 35.728023 
0.053000 34.848118 
0.054000 33.966837 
0.055000 33.084214 
0.056000 32.200286 
0.057000 31.315087 
0.058000 30.428651 
0.059000 29.541014 
0.060000 28.652210 
0.061000 27.762276 
0.062000 26.871246 
0.063000 25.979154 
0.064000 25.086037 
0.065000 24.191930 
0.066000 23.296868 
0.067000 22.400886 
0.068000 21.504020 
0.069000 20.606304 
0.070000 19.707775 
0.071000 18.808469 
0.072000 17.908419 
0.073000 17.007663 
0.074000 16.106235 
0.075000 15.204172 
0.076000 14.301508 
0.077000 13.398279 
0.078000 12.494522 
0.079000 11.590271 
0.080000 10.685563 
0.081000 9.780433 
0.082000 8.874917 
0.083000 7.969050 
0.084000 7.062869 
0.085000 6.156409 
0.086000 5.249706 
0.087000 4.342796 
0.088000 3.435714 
0.089000 2.528496 
0.090000 1.621179 
0.091000 0.713798 
0.092000 -0.193611 
0.093000 -1.101013 
0.094000 -2.008371 
0.095000 -2.915650 
0.096000 -3.822814 
0.097000 -4.729827 
0.098000 -5.636653 
0.099000 -6.543257 
0.100000 -7.449602 
0.101000 -8.355654 
0.102000 -9.261375 
0.103000 -10.166731 
0.104000 -11.071685 
0.105000 -11.976203 
0.106000 -12.880247 
0.107000 -13.783783 
0.108000 -14.686775 
0.109000 -15.589187 
0.110000 -16.490984 
0.111000 -17.392129 
0.112000 -18.292588 
0.113000 -19.192325 
0.114000 -20.091304 
0.115000 -20.989490 
0.116000 -21.886848 
0.117000 -22.783341 
0.118000 -23.678935 
0.119000 -24.573594 
0.120000 -25.467283 
0.121000 -26.359966 
0.122000 -27.251609 
0.123000 -28.142176 
0.124000 -29.031632 
0.125000 -29.919942 
0.126000 -30.807071 
0.127000 -31.692984 
0.128000 -32.577645 
0.129000 -33.461020 
0.130000 -34.343074 
0.131000 -35.223773 
0.132000 -36.103081 
0.133000 -36.980963 
0.134000 -37.857386 
0.135000 -38.732314 
0.136000 -39.605713 
0.137000 -40.477548 
0.138000 -41.347786 
0.139000 -42.216391 
0.140000 -43.083329 
0.141000 -43.948567 
0.142000 -44.812070 
0.143000 -45.673803 
0.144000 -46.533733 
0.145000 -47.391827 
0.146000 -48.248049 
0.147000 -49.102367 
0.148000 -49.954746 
0.149000 -50.805153 
0.150000 -51.653554 
0.151000 -52.499916 
0.152000 -53.344206 
0.153000 -54.186389 
0.154000 -55.026434 
0.155000 -55.864306 
0.156000 -56.699972 
0.157000 -57.533400 
0.158000 -58.364557 
0.159000 -59.193410 
0.160000 -60.019926 
0.161000 -60.844072 
0.162000 -61.665817 
0.163000 -62.485126 
0.164000 -63.301970 
0.165000 -64.116314 
0.166000 -64.928126 
0.167000 -65.737376 
0.168000 -66.544030 
0.169000 -67.348058 
0.170000 -68.149426 
0.171000 -68.948104 
0.172000 -69.744061 
0.173000 -70.537263 
0.174000 -71.327682 
0.175000 -72.115284 
0.176000 -72.900039 
0.177000 -73.681916 
0.178000 -74.460885 
0.179000 -75.236914 
0.180000 -76.009972 
0.181000 -76.780030 
0.182000 -77.547057 
0.183000 -78.311022 
0.184000 -79.071896 
0.185000 -79.829648 
0.186000 -80.584248 
0.187000 -81.335668 
0.188000 -82.083876 
0.189000 -82.828844 
0.190000 -83.570541 
0.191000 -84.308940 
0.192000 -85.044010 
0.193000 -85.775723 
0.194000 -86.504049 
0.195000 -87.228961 
0.196000 -87.950429 
0.197000 -88.668424 
0.198000 -89.382920 
0.199000 -90.093886 
0.200000 -90.801296 
0.201000 -91.505121 
0.202000 -92.205334 
0.203000 -92.901906 
0.204000 -93.594811 
0.205000 -94.284021 
0.206000 -94.969509 
0.207000 -95.651247 
0.208000 -96.329210 
0.209000 -97.003369 
0.210000 -97.673699 
0.211000 -98.340173 
0.212000 -99.002765 
0.213000 -99.661448 
0.214000 -100.316197 
0.215000 -100.966985 
0.216000 -101.613788 
0.217000 -102.256578 
0.218000 -102.895332 
0.219000 -103.530024 
0.220000 -104.160629 
0.221000 -104.787122 
0.222000 -105.409477 
0.223000 -106.027672 
0.224000 -106.641680 
0.225000 -107.251479 
0.226000 -107.857043 
0.227000 -108.458350 
0.228000 -109.055374 
0.229000 -109.648094 
0.230000 -110.236484 
0.231000 -110.820523 
0.232000 -111.400187 
0.233000 -111.975453 
0.234000 -112.546298 
0.235000 -113.112700 
0.236000 -113.674636 
0.237000 -114.232085 
0.238000 -114.785024 
0.239000 -115.333432 
0.240000 -115.877287 
0.241000 -116.416567 
0.242000 -116.951251 
0.243000 -117.481317 
0.244000 -118.006746 
0.245000 -118.527517 
0.246000 -119.043608 
0.247000 -119.554999 
0.248000 -120.061671 
0.249000 -120.563602 
0.250000 -121.060774 
0.251000 -121.553167 
0.252000 -122.040761 
0.253000 -122.523537 
0.254000 -123.001476 
0.255000 -123.474560 
0.256000 -123.942768 
0.257000 -124.406084 
0.258000 -124.864488 
0.259000 -125.317963 
0.260000 -125.766490 
0.261000 -126.210053 
0.262000 -126.648633 
0.263000 -127.082213 
0.264000 -127.510776 
0.265000 -127.934305 
0.266000 -128.352783 
0.267000 -128.766195 
0.268000 -129.174522 
0.269000 -129.577751 
0.270000 -129.975864 
0.271000 -130.368845 
0.272000 -130.756680 
0.273000 -131.139353 
0.274000 -131.516848 
0.275000 -131.889152 
0.276000 -132.256249 
0.277000 -132.618124 
0.278000 -132.974764 
0.279000 -133.326154 
0.280000 -133.672281 
0.281000 -134.013131 
0.282000 -134.348690 
0.283000 -134.678945 
0.284000 -135.003884 
0.285000 -135.323493 
0.286000 -135.637759 
0.287000 -135.946670 
0.288000 -136.250215 
0.289000 -136.548381 
0.290000 -136.841156 
0.291000 -137.128529 
0.292000 -137.410488 
0.293000 -137.687022 
0.294000 -137.958121 
0.295000 -138.223773 
0.296000 -138.483969 
0.297000 -138.738697 
0.298000 -138.987949 
0.299000 -139.231713 
0.300000 -139.469981 
0.301000 -139.702742 
0.302000 -139.929989 
0.303000 -140.151711 
0.304000 -140.367900 
0.305000 -140.578548 
0.306000 -140.783646 
0.307000 -140.983186 
0.308000 -141.177160 
0.309000 -141.365561 
0.310000 -141.548381 
0.311000 -141.725613 
0.312000 -141.897250 
0.313000 -142.063285 
0.314000 -142.223711 
0.315000 -142.378523 
0.316000 -142.527714 
0.317000 -142.671278 
0.318000 -142.809210 
0.319000 -142.941504 
0.320000 -143.068155 
0.321000 -143.189158 
0.322000 -143.304508 
0.323000 -143.414200 
0.324000 -143.518231 
0.325000 -143.616596 
0.326000 -143.709291 
0.327000 -143.796313 
0.328000 -143.877657 
0.329000 -143.953322 
0.330000 -144.023304 
0.331000 -144.087600 
0.332000 -144.146208 
0.333000 -144.199125 
0.334000 -144.246349 
0.335000 -144.287879 
0.336000 -144.323712 
0.337000 -144.353848 
0.338000 -144.378285 
0.339000 -144.397022 
0.340000 -144.410059 
0.341000 -144.417395 
0.342000 -144.419029 
0.343000 -144.414962 
0.344000 -144.405193 
0.345000 -144.389724 
0.346000 -144.368554 
0.347000 -144.341685 
0.348000 -144.309118 
0.349000 -144.270854 
0.350000 -144.226894 
0.351000 -144.177240 
0.352000 -144.121894 
0.353000 -144.060859 
0.354000 -143.994136 
0.355000 -143.921729 
0.356000 -143.843639 
0.357000 -143.759872 
0.358000 -143.670428 
0.359000 -143.575313 
0.360000 -143.474530 
0.361000 -143.368083 
0.362000 -143.255976 
0.363000 -143.138213 
0.364000 -143.014799 
0.365000 -142.885740 
0.366000 -142.751039 
0.367000 -142.610704 
0.368000 -142.464737 
0.369000 -142.313147 
0.370000 -142.155939 
0.371000 -141.993118 
0.372000 -141.824692 
0.373000 -141.650666 
0.374000 -141.471049 
0.375000 -141.285847 
0.376000 -141.095066 
0.377000 -140.898716 
0.378000 -140.696803 
0.379000 -140.489336 
0.380000 -140.276322 
0.381000 -140.057771 
0.382000 -139.833690 
0.383000 -139.604089 
0.384000 -139.368977 
0.385000 -139.128362 
0.386000 -138.882256 
0.387000 -138.630666 
0.388000 -138.373603 
0.389000 -138.111078 
0.390000 -137.843100 
0.391000 -137.569680 
0.392000 -137.290829 
0.393000 -137.006559 
0.394000 -136.716879 
0.395000 -136.421802 
0.396000 -136.121340 
0.397000 -135.815503 
0.398000 -135.504305 
0.399000 -135.187758 
0.400000 -134.865873 
0.401000 -134.538664 
0.402000 -134.206144 
0.403000 -133.868326 
0.404000 -133.525222 
0.405000 -133.176848 
0.406000 -132.823215 
0.407000 -132.464339 
0.408000 -132.100234 
0.409000 -131.730914 
0.410000 -131.356393 
0.411000 -130.976686 
0.412000 -130.591809 
0.413000 -130.201776 
0.414000 -129.806602 
0.415000 -129.406305 
0.416000 -129.000898 
0.417000 -128.590399 
0.418000 -128.174824 
0.419000 -127.754188 
0.420000 -127.328509 
0.421000 -126.897803 
0.422000 -126.462087 
0.423000 -126.021379 
0.424000 -125.575695 
0.425000 -125.125054 
0.426000 -124.669474 
0.427000 -124.208971 
0.428000 -123.743566 
0.429000 -123.273275 
0.430000 -122.798117 
0.431000 -122.318111 
0.432000 -121.833277 
0.433000 -121.343633 
0.434000 -120.849198 
0.435000 -120.349993 
0.436000 -119.846036 
0.437000 -119.337348 
0.438000 -118.823948 
0.439000 -118.305858 
0.440000 -117.783097 
0.441000 -117.255687 
0.442000 -116.723647 
0.443000 -116.186999 
0.444000 -115.645764 
0.445000 -115.099964 
0.446000 -114.549620 
0.447000 -113.994754 
0.448000 -113.435387 
0.449000 -112.871542 
0.450000 -112.303241 
0.451000 -111.730507 
0.452000 -111.153362 
0.453000 -110.571828 
0.454000 -109.985930 
0.455000 -109.395689 
0.456000 -108.801130 
0.457000 -108.202275 
0.458000 -107.599148 
0.459000 -106.991774 
0.460000 -106.380176 
0.461000 -105.764378 
0.462000 -105.144405 
0.463000 -104.520281 
0.464000 -103.892031 
0.465000 -103.259679 
0.466000 -102.623251 
0.467000 -101.982771 
0.468000 -101.338265 
0.469000 -100.689758 
0.470000 -100.037277 
0.471000 -99.380846 
0.472000 -98.720492 
0.473000 -98.056240 
0.474000 -97.388117 
0.475000 -96.716150 
0.476000 -96.040364 
0.477000 -95.360787 
0.478000 -94.677446 
0.479000 -93.990366 
0.480000 -93.299576 
0.481000 -92.605103 
0.482000 -91.906974 
0.483000 -91.205216 
0.484000 -90.499858 
0.485000 -89.790927 
0.486000 -89.078451 
0.487000 -88.362459 
0.488000 -87.642978 
0.489000 -86.920037 
0.490000 -86.193665 
0.491000 -85.463890 
0.492000 -84.730741 
0.493000 -83.994246 
0.494000 -83.254436 
0.495000 -82.511340 
0.496000 -81.764986 
0.497000 -81.015403 
0.498000 -80.262623 
0.499000 -79.506674 
0.500000 -78.747586 
0.501000 -77.985389 
0.502000 -77.220114 
0.503000 -76.451790 
0.504000 -75.680448 
0.505000 -74.906118 
0.506000 -74.128831 
0.507000 -73.348618 
0.508000 -72.565508 
0.509000 -71.779534 
0.510000 -70.990727 
0.511000 -70.199117 
0.512000 -69.404735 
0.513000 -68.607613 
0.514000 -67.807783 
0.515000 -67.005276 
0.516000 -66.200124 
0.517000 -65.392358 
0.518000 -64.582011 
0.519000 -63.769114 
0.520000 -62.953700 
0.521000 -62.135800 
0.522000 -61.315447 
0.523000 -60.492674 
0.524000 -59.667512 
0.525000 -58.839995 
0.526000 -58.010155 
0.527000 -57.178025 
0.528000 -56.343638 
0.529000 -55.507026 
0.530000 -54.668223 
0.531000 -53.827261 
0.532000 -52.984175 
0.533000 -52.138997 
0.534000 -51.291761 
0.535000 -50.442499 
0.536000 -49.591247 
0.537000 -48.738036 
0.538000 -47.882902 
0.539000 -47.025877 
0.540000 -46.166996 
0.541000 -45.306292 
0.542000 -44.443799 
0.543000 -43.579552 
0.544000 -42.713584 
0.545000 -41.845930 
0.546000 -40.976624 
0.547000 -40.105701 
0.548000 -39.233194 
0.549000 -38.359138 
0.550000 -37.483568 
0.551000 -36.606518 
0.552000 -35.728023 
0.553000 -34.848118 
0.554000 -33.966837 
0.555000 -33.084214 
0.556000 -32.200286 
0.557000 -31.315087 
0.558000 -30.428651 
0.559000 -29.541014 
0.560000 -28.652210 
0.561000 -27.762276 
0.562000 -26.871246 
0.563000 -25.979154 
0.564000 -25.086037 
0.565000 -24.191930 
0.566000 -23.296868 
0.567000 -22.400886 
0.568000 -21.504020 
0.569000 -20.606304 
0.570000 -19.707775 
0.571000 -18.808469 
0.572000 -17.908419 
0.573000 -17.007663 
0.574000 -16.106235 
0.575000 -15.204172 
0.576000 -14.301508 
0.577000 -13.398279 
0.578000 -12.494522 
0.579000 -11.590271 
0.580000 -10.685563 
0.581000 -9.780433 
0.582000 -8.874917 
0.583000 -7.969050 
0.584000 -7.062869 
0.585000 -6.156409 
0.586000 -5.249706 
0.587000 -4.342796 
0.588000 -3.435714 
0.589000 -2.528496 
0.590000 -1.621179 
0.591000 -0.713798 
0.592000 0.193611 
0.593000 1.101013 
0.594000 2.008371 
0.595000 2.915650 
0.596000 3.822814 
0.597000 4.729827 
0.598000 5.636653 
0.599000 6.543257 
0.600000 7.449602 
0.601000 8.355654 
0.602000 9.261375 
0.603000 10.166731 
0.604000 11.071685 
0.605000 11.976203 
0.606000 12.880247 
0.607000 13.783783 
0.608000 14.686775 
0.609000 15.589187 
0.610000 16.490984 
0.611000 17.392129 
0.612000 18.292588 
0.613000 19.192325 
0.614000 20.091304 
0.615000 20.989490 
0.616000 21.886848 
0.617000 22.783341 
0.618000 23.678935 
0.619000 24.573594 
0.620000 25.467283 
0.621000 26.359966 
0.622000 27.251609 
0.623000 28.142176 
0.624000 29.031632 
0.625000 29.919942 
0.626000 30.807071 
0.627000 31.692984 
0.628000 32.577645 
0.629000 33.461020 
0.630000 34.343074 
0.631000 35.223773 
0.632000 36.103081 
0.633000 36.980963 
0.634000 37.857386 
0.635000 38.732314 
0.636000 39.605713 
0.637000 40.477548 
0.638000 41.347786 
0.639000 42.216391 
0.640000 43.083329 
0.641000 43.948567 
0.642000 44.812070 
0.643000 45.673803 
0.644000 46.533733 
0.645000 47.391827 
0.646000 48.248049 
0.647000 49.102367 
0.648000 49.954746 
0.649000 50.805153 
0.650000 51.653554 
0.651000 52.499916 
0.652000 53.344206 
0.653000 54.186389 
0.654000 55.026434 
0.655000 55.864306 
0.656000 56.699972 
0.657000 57.533400 
0.658000 58.364557 
0.659000 59.193410 
0.660000 60.019926 
0.661000 60.844072 
0.662000 61.665817 
0.663000 62.485126 
0.664000 63.301970 
0.665000 64.116314 
0.666000 64.928126 
0.667000 65.737376 
0.668000 66.544030 
0.669000 67.348058 
0.670000 68.149426 
0.671000 68.948104 
0.672000 69.744061 
0.673000 70.537263 
0.674000 71.327682 
0.675000 72.115284 
0.676000 72.900039 
0.677000 73.681916 
0.678000 74.460885 
0.679000 75.236914 
0.680000 76.009972 
0.681000 76.780030 
0.682000 77.547057 
0.683000 78.311022 
0.684000 79.071896 
0.685000 79.829648 
0.686000 80.584248 
0.687000 81.335668 
0.688000 82.083876 
0.689000 82.828844 
0.690000 83.570541 
0.691000 84.308940 
0.692000 85.044010 
0.693000 85.775723 
0.694000 86.504049 
0.695000 87.228961 
0.696000 87.950429 
0.697000 88.668424 
0.698000 89.382920 
0.699000 90.093886 
0.700000 90.801296 
0.701000 91.505121 
0.702000 92.205334 
0.703000 92.901906 
0.704000 93.594811 
0.705000 94.284021 
0.706000 94.969509 
0.707000 95.651247 
0.708000 96.329210 
0.709000 97.003369 
0.710000 97.673699 
0.711000 98.340173 
0.712000 99.002765 
0.713000 99.661448 
0.714000 100.316197 
0.715000 100.966985 
0.716000 101.613788 
0.717000 102.256578 
0.718000 102.895332 
0.719000 103.530024 
0.720000 104.160629 
0.721000 104.787122 
0.722000 105.409477 
0.723000 106.027672 
0.724000 106.641680 
0.725000 107.251479 
0.726000 107.857043 
0.727000 108.458350 
0.728000 109.055374 
0.729000 109.648094 
0.730000 110.236484 
0.731000 110.820523 
0.732000 111.400187 
0.733000 111.975453 
0.734000 112.546298 
0.735000 113.112700 
0.736000 113.674636 
0.737000 114.232085 
0.738000 114.785024 
0.739000 115.333432 
0.740000 115.877287 
0.741000 116.416567 
0.742000 116.951251 
0.743000 117.481317 
0.744000 118.006746 
0.745000 118.527517 
0.746000 119.043608 
0.747000 119.554999 
0.748000 120.061671 
0.749000 120.563602 
0.750000 121.060774 
0.751000 121.553167 
0.752000 122.040761 
0.753000 122.523537 
0.754000 123.001476 
0.755000 123.474560 
0.756000 123.942768 
0.757000 124.406084 
0.758000 124.864488 
0.759000 125.317963 
0.760000 125.766490 
0.761000 126.210053 
0.762000 126.648633 
0.763000 127.082213 
0.764000 127.510776 
0.765000 127.934305 
0.766000 128.352783 
0.767000 128.766195 
0.768000 129.174522 
0.769000 129.577751 
0.770000 129.975864 
0.771000 130.368845 
0.772000 130.756680 
0.773000 131.139353 
0.774000 131.516848 
0.775000 131.889152 
0.776000 132.256249 
0.777000 132.618124 
0.778000 132.974764 
0.779000 133.326154 
0.780000 133.672281 
0.781000 134.013131 
0.782000 134.348690 
0.783000 134.678945 
0.784000 135.003884 
0.785000 135.323493 
0.786000 135.637759 
0.787000 135.946670 
0.788000 136.250215 
0.789000 136.548381 
0.790000 136.841156 
0.791000 137.128529 
0.792000 137.410488 
0.793000 137.687022 
0.794000 137.958121 
0.795000 138.223773 
0.796000 138.483969 
0.797000 138.738697 
0.798000 138.987949 
0.799000 139.231713 
0.800000 139.469981 
0.801000 139.702742 
0.802000 139.929989 
0.803000 140.151711 
0.804000 140.367900 
0.805000 140.578548 
0.806000 140.783646 
0.807000 140.983186 
0.808000 141.177160 
0.809000 141.365561 
0.810000 141.548381 
0.811000 141.725613 
0.812000 141.897250 
0.813000 142.063285 
0.814000 142.223711 
0.815000 142.378523 
0.816000 142.527714 
0.817000 142.671278 
0.818000 142.809210 
0.819000 142.941504 
0.820000 143.068155 
0.821000 143.189158 
0.822000 143.304508 
0.823000 143.414200 
0.824000 143.518231 
0.825000 143.616596 
0.826000 143.709291 
0.827000 143.796313 
0.828000 143.877657 
0.829000 143.953322 
0.830000 144.023304 
0.831000 144.087600 
0.832000 144.146208 
0.833000 144.199125 
0.834000 144.246349 
0.835000 144.287879 
0.836000 144.323712 
0.837000 144.353848 
0.838000 144.378285 
0.839000 144.397022 
0.840000 144.410059 
0.841000 144.417395 
0.842000 144.419029 
0.843000 144.414962 
0.844000 144.405193 
0.845000 144.389724 
0.846000 144.368554 
0.847000 144.341685 
0.848000 144.309118 
0.849000 144.270854 
0.850000 144.226894 
0.851000 144.177240 
0.852000 144.121894 
0.853000 144.060859 
0.854000 143.994136 
0.855000 143.921729 
0.856000 143.843639 
0.857000 143.759872 
0.858000 143.670428 
0.859000 143.575313 
0.860000 143.474530 
0.861000 143.368083 
0.862000 143.255976 
0.863000 143.138213 
0.864000 143.014799 
0.865000 142.885740 
0.866000 142.751039 
0.867000 142.610704 
0.868000 142.464737 
0.869000 142.313147 
0.870000 142.155939 
0.871000 141.993118 
0.872000 141.824692 
0.873000 141.650666 
0.874000 141.471049 
0.875000 141.285847 
0.876000 141.095066 
0.877000 140.898716 
0.878000 140.696803 
0.879000 140.489336 
0.880000 140.276322 
0.881000 140.057771 
0.882000 139.833690 
0.883000 139.604089 
0.884000 139.368977 
0.885000 139.128362 
0.886000 138.882256 
0.887000 138.630666 
0.888000 138.373603 
0.889000 138.111078 
0.890000 137.843100 
0.891000 137.569680 
0.892000 137.290829 
0.893000 137.006559 
0.894000 136.716879 
0.895000 136.421802 
0.896000 136.121340 
0.897000 135.815503 
0.898000 135.504305 
0.899000 135.187758 
0.900000 134.865873 
0.901000 134.538664 
0.902000 134.206144 
0.903000 133.868326 
0.904000 133.525222 
0.905000 133.176848 
0.906000 132.823215 
0.907000 132.464339 
0.908000 132.100234 
0.909000 131.730914 
0.910000 131.356393 
0.911000 130.976686 
0.912000 130.591809 
0.913000 130.201776 
0.914000 129.806602 
0.915000 129.406305 
0.916000 129.000898 
0.917000 128.590399 
0.918000 128.174824 
0.919000 127.754188 
0.920000 127.328509 
0.921000 126.897803 
0.922000 126.462087 
0.923000 126.021379 
0.924000 125.575695 
0.925000 125.125054 
0.926000 124.669474 
0.927000 124.208971 
0.928000 123.743566 
0.929000 123.273275 
0.930000 122.798117 
0.931000 122.318111 
0.932000 121.833277 
0.933000 121.343633 
0.934000 120.849198 
0.935000 120.349993 
0.936000 119.846036 
0.937000 119.337348 
0.938000 118.823948 
0.939000 118.305858 
0.940000 117.783097 
0.941000 117.255687 
0.942000 116.723647 
0.943000 116.186999 
0.944000 115.645764 
0.945000 115.099964 
0.946000 114.549620 
0.947000 113.994754 
0.948000 113.435387 
0.949000 112.871542 
0.950000 112.303241 
0.951000 111.730507 
0.952000 111.153362 
0.953000 110.571828 
0.954000 109.985930 
0.955000 109.395689 
0.956000 108.801130 
0.957000 108.202275 
0.958000 107.599148 
0.959000 106.991774 
0.960000 106.380176 
0.961000 105.764378 
0.962000 105.144405 
0.963000 104.520281 
0.964000 103.892031 
0.965000 103.259679 
0.966000 102.623251 
0.967000 101.982771 
0.968000 101.338265 
0.969000 100.689758 
0.970000 100.037277 
0.971000 99.380846 
0.972000 98.720492 
0.973000 98.056240 
0.974000 97.388117 
0.975000 96.716150 
0.976000 96.040364 
0.977000 95.360787 
0.978000 94.677446 
0.979000 93.990366 
0.980000 93.299576 
0.981000 92.605103 
0.982000 91.906974 
0.983000 91.205216 
0.984000 90.499858 
0.985000 89.790927 
0.986000 89.078451 
0.987000 88.362459 
0.988000 87.642978 
0.989000 86.920037 
0.990000 86.193665 
0.991000 85.463890 
0.992000 84.730741 
0.993000 83.994246 
0.994000 83.254436 
0.995000 82.511340 
0.996000 81.764986 
0.997000 81.015403 
0.998000 80.262623 
0.999000 79.506674 
1.000000 78.747586 
1.001000 77.985389 
1.002000 77.220114 
1.003000 76.451790 
1.004000 75.680448 
1.005000 74.906118 
1.006000 74.128831 
1.007000 73.348618 
1.008000 72.565508 
1.009000 71.779534 
1.010000 70.990727 
1.011000 70.199117 
1.012000 69.404735 
1.013000 68.607613 
1.014000 67.807783 
1.015000 67.005276 
1.016000 66.200124 
1.017000 65.392358 
1.018000 64.582011 
1.019000 63.769114 
1.020000 62.953700 
1.021000 62.135800 
1.022000 61.315447 
1.023000 60.492674 
1.024000 59.667512 
1.025000 58.839995 
1.026000 58.010155 
1.027000 57.178025 
1.028000 56.343638 
1.029000 55.507026 
1.030000 54.668223 
1.031000 53.827261 
1.032000 52.984175 
1.033000 52.138997 
1.034000 51.291761 
1.035000 50.442499 
1.036000 49.591247 
1.037000 48.738036 
1.038000 47.882902 
1.039000 47.025877 
1.040000 46.166996 
1.041000 45.306292 
1.042000 44.443799 
1.043000 43.579552 
1.044000 42.713584 
1.045000 41.845930 
1.046000 40.976624 
1.047000 40.105701 
1.048000 39.233194 
1.049000 38.359138 
1.050000 37.483568 
1.051000 36.606518 
1.052000 35.728023 
1.053000 34.848118 
1.054000 33.966837 
1.055000 33.084214 
1.056000 32.200286 
1.057000 31.315087 
1.058000 30.428651 
1.059000 29.541014 
1.060000 28.652210 
1.061000 27.762276 
1.062000 26.871246 
1.063000 25.979154 
1.064000 25.086037 
1.065000 24.191930 
1.066000 23.296868 
1.067000 22.400886 
1.068000 21.504020 
1.069000 20.606304 
1.070000 19.707775 
1.071000 18.808469 
1.072000 17.908419 
1.073000 17.007663 
1.074000 16.106235 
1.075000 15.204172 
1.076000 14.301508 
1.077000 13.398279 
1.078000 12.494522 
1.079000 11.590271 
1.080000 10.685563 
1.081000 9.780433 
1.082000 8.874917 
1.083000 7.969050 
1.084000 7.062869 
1.085000 6.156409 
1.086000 5.249706 
1.087000 4.342796 
1.088000 3.435714 
1.089000 2.528496 
1.090000 1.621179 
1.091000 0.713798 
1.092000 -0.193611 
1.093000 -1.101013 
1.094000 -2.008371 
1.095000 -2.915650 
1.096000 -3.822814 
1.097000 -4.729827 
1.098000 -5.636653 
1.099000 -6.543257 
1.100000 -7.449602 
1.101000 -8.355654 
1.102000 -9.261375 
1.103000 -10.166731 
1.104000 -11.071685 
1.105000 -11.976203 
1.106000 -12.880247 
1.107000 -13.783783 
1.108000 -14.686775 
1.109000 -15.589187 
1.110000 -16.490984 
1.111000 -17.392129 
1.112000 -18.292588 
1.113000 -19.192325 
1.114000 -20.091304 
1.115000 -20.989490 
1.116000 -21.886848 
1.117000 -22.783341 
1.118000 -23.678935 
1.119000 -24.573594 
1.120000 -25.467283 
1.121000 -26.359966 
1.122000 -27.251609 
1.123000 -28.142176 
1.124000 -29.031632 
1.125000 -29.919942 
1.126000 -30.807071 
1.127000 -31.692984 
1.128000 -32.577645 
1.129000 -33.461020 
1.130000 -34.343074 
1.131000 -35.223773 
1.132000 -36.103081 
1.133000 -36.980963 
1.134000 -37.857386 
1.135000 -38.732314 
1.136000 -39.605713 
1.137000 -40.477548 
1.138000 -41.347786 
1.139000 -42.216391 
1.140000 -43.083329 
1.141000 -43.948567 
1.142000 -44.812070 
1.143000 -45.673803 
1.144000 -46.533733 
1.145000 -47.391827 
1.146000 -48.248049 
1.147000 -49.102367 
1.148000 -49.954746 
1.149000 -50.805153 
1.150000 -51.653554 
1.151000 -52.499916 
1.152000 -53.344206 
1.153000 -54.186389 
1.154000 -55.026434 
1.155000 -55.864306 
1.156000 -56.699972 
1.157000 -57.533400 
1.158000 -58.364557 
1.159000 -59.193410 
1.160000 -60.019926 
1.161000 -60.844072 
1.162000 -61.665817 
1.163000 -62.485126 
1.164000 -63.301970 
1.165000 -64.116314 
1.166000 -64.928126 
1.167000 -65.737376 
1.168000 -66.544030 
1.169000 -67.348058 
1.170000 -68.149426 
1.171000 -68.948104 
1.172000 -69.744061 
1.173000 -70.537263 
1.174000 -71.327682 
1.175000 -72.115284 
1.176000 -72.900039 
1.177000 -73.681916 
1.178000 -74.460885 
1.179000 -75.236914 
1.180000 -76.009972 
1.181000 -76.780030 
1.182000 -77.547057 
1.183000 -78.311022 
1.184000 -79.071896 
1.185000 -79.829648 
1.186000 -80.584248 
1.187000 -81.335668 
1.188000 -82.083876 
1.189000 -82.828844 
1.190000 -83.570541 
1.191000 -84.308940 
1.192000 -85.044010 
1.193000 -85.775723 
1.194000 -86.504049 
1.195000 -87.228961 
1.196000 -87.950429 
1.197000 -88.668424 
1.198000 -89.382920 
1.199000 -90.093886 
1.200000 -90.801296 
1.201000 -91.505121 
1.202000 -92.205334 
1.203000 -92.901906 
1.204000 -93.594811 
1.205000 -94.284021 
1.206000 -94.969509 
1.207000 -95.651247 
1.208000 -96.329210 
1.209000 -97.003369 
1.210000 -97.673699 
1.211000 -98.340173 
1.212000 -99.002765 
1.213000 -99.661448 
1.214000 -100.316197 
1.215000 -100.966985 
1.216000 -101.613788 
1.217000 -102.256578 
1.218000 -102.895332 
1.219000 -103.530024 
1.220000 -104.160629 
1.221000 -104.787122 
1.222000 -105.409477 
1.223000 -106.027672 
1.224000 -106.641680 
1.225000 -107.251479 
1.226000 -107.857043 
1.227000 -108.458350 
1.228000 -109.055374 
1.229000 -109.648094 
1.230000 -110.236484 
1.231000 -110.820523 
1.232000 -111.400187 
1.233000 -111.975453 
1.234000 -112.546298 
1.235000 -113.112700 
1.236000 -113.674636 
1.237000 -114.232085 
1.238000 -114.785024 
1.239000 -115.333432 
1.240000 -115.877287 
1.241000 -116.416567 
1.242000 -116.951251 
1.243000 -117.481317 
1.244000 -118.006746 
1.245000 -118.527517 
1.246000 -119.043608 
1.247000 -119.554999 
1.248000 -120.061671 
1.249000 -120.563602 
1.250000 -121.060774 
1.251000 -121.553167 
1.252000 -122.040761 
1.253000 -122.523537 
1.254000 -123.001476 
1.255000 -123.474560 
1.256000 -123.942768 
1.257000 -124.406084 
1.258000 -124.864488 
1.259000 -125.317963 
1.260000 -125.766490 
1.261000 -126.210053 
1.262000 -126.648633 
1.263000 -127.082213 
1.264000 -127.510776 
1.265000 -127.934305 
1.266000 -128.352783 
1.267000 -128.766195 
1.268000 -129.174522 
1.269000 -129.577751 
1.270000 -129.975864 
1.271000 -130.368845 
1.272000 -130.756680 
1.273000 -131.139353 
1.274000 -131.516848 
1.275000 -131.889152 
1.276000 -132.256249 
1.277000 -132.618124 
1.278000 -132.974764 
1.279000 -133.326154 
1.280000 -133.672281 
1.281000 -134.013131 
1.282000 -134.348690 
1.283000 -134.678945 
1.284000 -135.003884 
1.285000 -135.323493 
1.286000 -135.637759 
1.287000 -135.946670 
1.288000 -136.250215 
1.289000 -136.548381 
1.290000 -136.841156 
1.291000 -137.128529 
1.292000 -137.410488 
1.293000 -137.687022 
1.294000 -137.958121 
1.295000 -138.223773 
1.296000 -138.483969 
1.297000 -138.738697 
1.298000 -138.987949 
1.299000 -139.231713 
1.300000 -139.469981 
1.301000 -139.702742 
1.302000 -139.929989 
1.303000 -140.151711 
1.304000 -140.367900 
1.305000 -140.578548 
1.306000 -140.783646 
1.307000 -140.983186 
1.308000 -141.177160 
1.309000 -141.365561 
1.310000 -141.548381 
1.311000 -141.725613 
1.312000 -141.897250 
1.313000 -142.063285 
1.314000 -142.223711 
1.315000 -142.378523 
1.316000 -142.527714 
1.317000 -142.671278 
1.318000 -142.809210 
1.319000 -142.941504 
1.320000 -143.068155 
1.321000 -143.189158 
1.322000 -143.304508 
1.323000 -143.414200 
1.324000 -143.518231 
1.325000 -143.616596 
1.326000 -143.709291 
1.327000 -143.796313 
1.328000 -143.877657 
1.329000 -143.953322 
1.330000 -144.023304 
1.331000 -144.087600 
1.332000 -144.146208 
1.333000 -144.199125 
1.334000 -144.246349 
1.335000 -144.287879 
1.336000 -144.323712 
1.337000 -144.353848 
1.338000 -144.378285 
1.339000 -144.397022 
1.340000 -144.410059 
1.341000 -144.417395 
1.342000 -144.419029 
1.343000 -144.414962 
1.344000 -144.405193 
1.345000 -144.389724 
1.346000 -144.368554 
1.347000 -144.341685 
1.348000 -144.309118 
1.349000 -144.270854 
1.350000 -144.226894 
1.351000 -144.177240 
1.352000 -144.121894 
1.353000 -144.060859 
1.354000 -143.994136 
1.355000 -143.921729 
1.356000 -143.843639 
1.357000 -143.759872 
1.358000 -143.670428 
1.359000 -143.575313 
1.360000 -143.474530 
1.361000 -143.368083 
1.362000 -143.255976 
1.363000 -143.138213 
1.364000 -143.014799 
1.365000 -142.885740 
1.366000 -142.751039 
1.367000 -142.610704 
1.368000 -142.464737 
1.369000 -142.313147 
1.370000 -142.155939 
1.371000 -141.993118 
1.372000 -141.824692 
1.373000 -141.650666 
1.374000 -141.471049 
1.375000 -141.285847 
1.376000 -141.095066 
1.377000 -140.898716 
1.378000 -140.696803 
1.379000 -140.489336 
1.380000 -140.276322 
1.381000 -140.057771 
1.382000 -139.833690 
1.383000 -139.604089 
1.384000 -139.368977 
1.385000 -139.128362 
1.386000 -138.882256 
1.387000 -138.630666 
1.388000 -138.373603 
1.389000 -138.111078 
1.390000 -137.843100 
1.391000 -137.569680 
1.392000 -137.290829 
1.393000 -137.006559 
1.394000 -136.716879 
1.395000 -136.421802 
1.396000 -136.121340 
1.397000 -135.815503 
1.398000 -135.504305 
1.399000 -135.187758 
1.400000 -134.865873 
1.401000 -134.538664 
1.402000 -134.206144 
1.403000 -133.868326 
1.404000 -133.525222 
1.405000 -133.176848 
1.406000 -132.823215 
1.407000 -132.464339 
1.408000 -132.100234 
1.409000 -131.730914 
1.410000 -131.356393 
1.411000 -130.976686 
1.412000 -130.591809 
1.413000 -130.201776 
1.414000 -129.806602 
1.415000 -129.406305 
1.416000 -129.000898 
1.417000 -128.590399 
1.418000 -128.174824 
1.419000 -127.754188 
1.420000 -127.328509 
1.421000 -126.897803 
1.422000 -126.462087 
1.423000 -126.021379 
1.424000 -125.575695 
1.425000 -125.125054 
1.426000 -124.669474 
1.427000 -124.208971 
1.428000 -123.743566 
1.429000 -123.273275 
1.430000 -122.798117 
1.431000 -122.318111 
1.432000 -121.833277 
1.433000 -121.343633 
1.434000 -120.849198 
1.435000 -120.349993 
1.436000 -119.846036 
1.437000 -119.337348 
1.438000 -118.823948 
1.439000 -118.305858 
1.440000 -117.783097 
1.441000 -117.255687 
1.442000 -116.723647 
1.443000 -116.186999 
1.444000 -115.645764 
1.445000 -115.099964 
1.446000 -114.549620 
1.447000 -113.994754 
1.448000 -113.435387 
1.449000 -112.871542 
1.450000 -112.303241 
1.451000 -111.730507 
1.452000 -111.153362 
1.453000 -110.571828 
1.454000 -109.985930 
1.455000 -109.395689 
1.456000 -108.801130 
1.457000 -108.202275 
1.458000 -107.599148 
1.459000 -106.991774 
1.460000 -106.380176 
1.461000 -105.764378 
1.462000 -105.144405 
1.463000 -104.520281 
1.464000 -103.892031 
1.465000 -103.259679 
1.466000 -102.623251 
1.467000 -101.982771 
1.468000 -101.338265 
1.469000 -100.689758 
1.470000 -100.037277 
1.471000 -99.380846 
1.472000 -98.720492 
1.473000 -98.056240 
1.474000 -97.388117 
1.475000 -96.716150 
1.476000 -96.040364 
1.477000 -95.360787 
1.478000 -94.677446 
1.479000 -93.990366 
1.480000 -93.299576 
1.481000 -92.605103 
1.482000 -91.906974 
1.483000 -91.205216 
1.484000 -90.499858 
1.485000 -89.790927 
1.486000 -89.078451 
1.487000 -88.362459 
1.488000 -87.642978 
1.489000 -86.920037 
1.490000 -86.193665 
1.491000 -85.463890 
1.492000 -84.730741 
1.493000 -83.994246 
1.494000 -83.254436 
1.495000 -82.511340 
1.496000 -81.764986 
1.497000 -81.015403 
1.498000 -80.262623 
1.499000 -79.506674 
