descriptor Tc_phase m_phase 
-1.500000 -0.000000 
-1.499000 0.907406 
-1.498000 1.814777 
-1.497000 2.722076 
-1.496000 3.629267 
-1.495000 4.536315 
-1.494000 5.443184 
-1.493000 6.349839 
-1.492000 7.256242 
-1.491000 8.162359 
-1.490000 9.068154 
-1.489000 9.973591 
-1.488000 10.878634 
-1.487000 11.783247 
-1.486000 12.687396 
-1.485000 13.591044 
-1.484000 14.494154 
-1.483000 15.396693 
-1.482000 16.298624 
-1.481000 17.199912 
-1.480000 18.100520 
-1.479000 19.000414 
-1.478000 19.899558 
-1.477000 20.797916 
-1.476000 21.695453 
-1.475000 22.592134 
-1.474000 23.487923 
-1.473000 24.382784 
-1.472000 25.276683 
-1.471000 26.169584 
-1.470000 27.061452 
-1.469000 27.952251 
-1.468000 28.841947 
-1.467000 29.730505 
-1.466000 30.617888 
-1.465000 31.504063 
-1.464000 32.388995 
-1.463000 33.272647 
-1.462000 34.154986 
-1.461000 35.035977 
-1.460000 35.915584 
-1.459000 36.793774 
-1.458000 37.670511 
-1.457000 38.545761 
-1.456000 39.419489 
-1.455000 40.291661 
-1.454000 41.162242 
-1.453000 42.031198 
-1.452000 42.898495 
-1.451000 43.764099 
-1.450000 44.627974 
-1.449000 45.490088 
-1.448000 46.350406 
-1.447000 47.208894 
-1.446000 48.065519 
-1.445000 48.920245 
-1.444000 49.773041 
-1.443000 50.623872 
-1.442000 51.472704 
-1.441000 52.319504 
-1.440000 53.164238 
-1.439000 54.006874 
-1.438000 54.847377 
-1.437000 55.685716 
-1.436000 56.521856 
-1.435000 57.355764 
-1.434000 58.187408 
-1.433000 59.016756 
-1.432000 59.843773 
-1.431000 60.668427 
-1.430000 61.490687 
-1.429000 62.310519 
-1.428000 63.127891 
-1.427000 63.942771 
-1.426000 64.755127 
-1.425000 65.564926 
-1.424000 66.372137 
-1.423000 67.176727 
-1.422000 67.978666 
-1.421000 68.777921 
-1.420000 69.574460 
-1.419000 70.368253 
-1.418000 71.159268 
-1.417000 71.947474 
-1.416000 72.732839 
-1.415000 73.515333 
-1.414000 74.294925 
-1.413000 75.071583 
-1.412000 75.845278 
-1.411000 76.615979 
-1.410000 77.383655 
-1.409000 78.148276 
-1.408000 78.909812 
-1.407000 79.668233 
-1.406000 80.423508 
-1.405000 81.175608 
-1.404000 81.924504 
-1.403000 82.670166 
-1.402000 83.412564 
-1.401000 84.151669 
-1.400000 84.887452 
-1.399000 85.619883 
-1.398000 86.348935 
-1.397000 87.074577 
-1.396000 87.796782 
-1.395000 88.515521 
-1.394000 89.230766 
-1.393000 89.942487 
-1.392000 90.650658 
-1.391000 91.355251 
-1.390000 92.056236 
-1.389000 92.753588 
-1.388000 93.447278 
-1.387000 94.137278 
-1.386000 94.823562 
-1.385000 95.506103 
-1.384000 96.184874 
-1.383000 96.859847 
-1.382000 97.530996 
-1.381000 98.198295 
-1.380000 98.861717 
-1.379000 99.521236 
-1.378000 100.176827 
-1.377000 100.828462 
-1.376000 101.476117 
-1.375000 102.119766 
-1.374000 102.759384 
-1.373000 103.394944 
-1.372000 104.026423 
-1.371000 104.653795 
-1.370000 105.277036 
-1.369000 105.896120 
-1.368000 106.511024 
-1.367000 107.121723 
-1.366000 107.728193 
-1.365000 108.330410 
-1.364000 108.928350 
-1.363000 109.521990 
-1.362000 110.111306 
-1.361000 110.696275 
-1.360000 111.276874 
-1.359000 111.853080 
-1.358000 112.424871 
-1.357000 112.992223 
-1.356000 113.555114 
-1.355000 114.113522 
-1.354000 114.667425 
-1.353000 115.216802 
-1.352000 115.761630 
-1.351000 116.301887 
-1.350000 116.837554 
-1.349000 117.368607 
-1.348000 117.895028 
-1.347000 118.416794 
-1.346000 118.933885 
-1.345000 119.446281 
-1.344000 119.953961 
-1.343000 120.456906 
-1.342000 120.955095 
-1.341000 121.448509 
-1.340000 121.937129 
-1.339000 122.420934 
-1.338000 122.899907 
-1.337000 123.374028 
-1.336000 123.843278 
-1.335000 124.307639 
-1.334000 124.767093 
-1.333000 125.221621 
-1.332000 125.671206 
-1.331000 126.115829 
-1.330000 126.555473 
-1.329000 126.990122 
-1.328000 127.419757 
-1.327000 127.844361 
-1.326000 128.263919 
-1.325000 128.678413 
-1.324000 129.087826 
-1.323000 129.492144 
-1.322000 129.891350 
-1.321000 130.285427 
-1.320000 130.674362 
-1.319000 131.058137 
-1.318000 131.436739 
-1.317000 131.810151 
-1.316000 132.178360 
-1.315000 132.541351 
-1.314000 132.899109 
-1.313000 133.251621 
-1.312000 133.598872 
-1.311000 133.940849 
-1.310000 134.277538 
-1.309000 134.608926 
-1.308000 134.935000 
-1.307000 135.255747 
-1.306000 135.571154 
-1.305000 135.881209 
-1.304000 136.185900 
-1.303000 136.485214 
-1.302000 136.779140 
-1.301000 137.067667 
-1.300000 137.350782 
-1.299000 137.628475 
-1.298000 137.900734 
-1.297000 138.167550 
-1.296000 138.428910 
-1.295000 138.684806 
-1.294000 138.935227 
-1.293000 139.180163 
-1.292000 139.419604 
-1.291000 139.653541 
-1.290000 139.881965 
-1.289000 140.104867 
-1.288000 140.322237 
-1.287000 140.534068 
-1.286000 140.740351 
-1.285000 140.941078 
-1.284000 141.136240 
-1.283000 141.325831 
-1.282000 141.509842 
-1.281000 141.688267 
-1.280000 141.861098 
-1.279000 142.028329 
-1.278000 142.189953 
-1.277000 142.345963 
-1.276000 142.496354 
-1.275000 142.641119 
-1.274000 142.780253 
-1.273000 142.913750 
-1.272000 143.041606 
-1.271000 143.163814 
-1.270000 143.280370 
-1.269000 143.391270 
-1.268000 143.496510 
-1.267000 143.596084 
-1.266000 143.689989 
-1.265000 143.778221 
-1.264000 143.860778 
-1.263000 143.937655 
-1.262000 144.008849 
-1.261000 144.074359 
-1.260000 144.134180 
-1.259000 144.188312 
-1.258000 144.236751 
-1.257000 144.279496 
-1.256000 144.316545 
-1.255000 144.347897 
-1.254000 144.373550 
-1.253000 144.393503 
-1.252000 144.407756 
-1.251000 144.416308 
-1.250000 144.419159 
-1.249000 144.416308 
-1.248000 144.407756 
-1.247000 144.393503 
-1.246000 144.373550 
-1.245000 144.347897 
-1.244000 144.316545 
-1.243000 144.279496 
-1.242000 144.236751 
-1.241000 144.188312 
-1.240000 144.134180 
-1.239000 144.074359 
-1.238000 144.008849 
-1.237000 143.937655 
-1.236000 143.860778 
-1.235000 143.778221 
-1.234000 143.689989 
-1.233000 143.596084 
-1.232000 143.496509 
-1.231000 143.391270 
-1.230000 143.280370 
-1.229000 143.163814 
-1.228000 143.041606 
-1.227000 142.913750 
-1.226000 142.780253 
-1.225000 142.641119 
-1.224000 142.496354 
-1.223000 142.345963 
-1.222000 142.189953 
-1.221000 142.028329 
-1.220000 141.861098 
-1.219000 141.688267 
-1.218000 141.509842 
-1.217000 141.325831 
-1.216000 141.136240 
-1.215000 140.941078 
-1.214000 140.740351 
-1.213000 140.534068 
-1.212000 140.322237 
-1.211000 140.104867 
-1.210000 139.881965 
-1.209000 139.653541 
-1.208000 139.419604 
-1.207000 139.180163 
-1.206000 138.935227 
-1.205000 138.684806 
-1.204000 138.428910 
-1.203000 138.167550 
-1.202000 137.900734 
-1.201000 137.628475 
-1.200000 137.350782 
-1.199000 137.067667 
-1.198000 136.779140 
-1.197000 136.485214 
-1.196000 136.185900 
-1.195000 135.881209 
-1.194000 135.571154 
-1.193000 135.255747 
-1.192000 134.935000 
-1.191000 134.608926 
-1.190000 134.277538 
-1.189000 133.940849 
-1.188000 133.598872 
-1.187000 133.251621 
-1.186000 132.899109 
-1.185000 132.541351 
-1.184000 132.178360 
-1.183000 131.810151 
-1.182000 131.436739 
-1.181000 131.058137 
-1.180000 130.674362 
-1.179000 130.285427 
-1.178000 129.891350 
-1.177000 129.492144 
-1.176000 129.087826 
-1.175000 128.678413 
-1.174000 128.263919 
-1.173000 127.844361 
-1.172000 127.419757 
-1.171000 126.990122 
-1.170000 126.555473 
-1.169000 126.115829 
-1.168000 125.671206 
-1.167000 125.221621 
-1.166000 124.767093 
-1.165000 124.307639 
-1.164000 123.843278 
-1.163000 123.374028 
-1.162000 122.899907 
-1.161000 122.420934 
-1.160000 121.937129 
-1.159000 121.448509 
-1.158000 120.955095 
-1.157000 120.456906 
-1.156000 119.953961 
-1.155000 119.446281 
-1.154000 118.933885 
-1.153000 118.416794 
-1.152000 117.895028 
-1.151000 117.368607 
-1.150000 116.837554 
-1.149000 116.301887 
-1.148000 115.761630 
-1.147000 115.216802 
-1.146000 114.667425 
-1.145000 114.113522 
-1.144000 113.555114 
-1.143000 112.992223 
-1.142000 112.424871 
-1.141000 111.853080 
-1.140000 111.276874 
-1.139000 110.696275 
-1.138000 110.111306 
-1.137000 109.521990 
-1.136000 108.928350 
-1.135000 108.330410 
-1.134000 107.728193 
-1.133000 107.121723 
-1.132000 106.511024 
-1.131000 105.896120 
-1.130000 105.277036 
-1.129000 104.653795 
-1.128000 104.026423 
-1.127000 103.394944 
-1.126000 102.759384 
-1.125000 102.119766 
-1.124000 101.476117 
-1.123000 100.828462 
-1.122000 100.176827 
-1.121000 99.521236 
-1.120000 98.861717 
-1.119000 98.198295 
-1.118000 97.530996 
-1.117000 96.859847 
-1.116000 96.184874 
-1.115000 95.506103 
-1.114000 94.823562 
-1.113000 94.137278 
-1.112000 93.447278 
-1.111000 92.753588 
-1.110000 92.056236 
-1.109000 91.355251 
-1.108000 90.650658 
-1.107000 89.942487 
-1.106000 89.230766 
-1.105000 88.515521 
-1.104000 87.796782 
-1.103000 87.074577 
-1.102000 86.348935 
-1.101000 85.619883 
-1.100000 84.887452 
-1.099000 84.151669 
-1.098000 83.412564 
-1.097000 82.670166 
-1.096000 81.924504 
-1.095000 81.175609 
-1.094000 80.423508 
-1.093000 79.668233 
-1.092000 78.909812 
-1.091000 78.148276 
-1.090000 77.383655 
-1.089000 76.615979 
-1.088000 75.845278 
-1.087000 75.071583 
-1.086000 74.294925 
-1.085000 73.515333 
-1.084000 72.732839 
-1.083000 71.947474 
-1.082000 71.159268 
-1.081000 70.368253 
-1.080000 69.574460 
-1.079000 68.777921 
-1.078000 67.978666 
-1.077000 67.176727 
-1.076000 66.372137 
-1.075000 65.564926 
-1.074000 64.755127 
-1.073000 63.942771 
-1.072000 63.127891 
-1.071000 62.310519 
-1.070000 61.490687 
-1.069000 60.668427 
-1.068000 59.843773 
-1.067000 59.016756 
-1.066000 58.187408 
-1.065000 57.355764 
-1.064000 56.521856 
-1.063000 55.685716 
-1.062000 54.847377 
-1.061000 54.006874 
-1.060000 53.164238 
-1.059000 52.319504 
-1.058000 51.472704 
-1.057000 50.623872 
-1.056000 49.773041 
-1.055000 48.920245 
-1.054000 48.065519 
-1.053000 47.208894 
-1.052000 46.350406 
-1.051000 45.490088 
-1.050000 44.627974 
-1.049000 43.764099 
-1.048000 42.898495 
-1.047000 42.031198 
-1.046000 41.162242 
-1.045000 40.291661 
-1.044000 39.419489 
-1.043000 38.545761 
-1.042000 37.670511 
-1.041000 36.793774 
-1.040000 35.915584 
-1.039000 35.035977 
-1.038000 34.154986 
-1.037000 33.272647 
-1.036000 32.388995 
-1.035000 31.504063 
-1.034000 30.617889 
-1.033000 29.730505 
-1.032000 28.841947 
-1.031000 27.952251 
-1.030000 27.061452 
-1.029000 26.169584 
-1.028000 25.276683 
-1.027000 24.382784 
-1.026000 23.487923 
-1.025000 22.592134 
-1.024000 21.695453 
-1.023000 20.797916 
-1.022000 19.899558 
-1.021000 19.000414 
-1.020000 18.100520 
-1.019000 17.199912 
-1.018000 16.298624 
-1.017000 15.396693 
-1.016000 14.494154 
-1.015000 13.591043 
-1.014000 12.687396 
-1.013000 11.783247 
-1.012000 10.878634 
-1.011000 9.973591 
-1.010000 9.068154 
-1.009000 8.162359 
-1.008000 7.256242 
-1.007000 6.349839 
-1.006000 5.443184 
-1.005000 4.536315 
-1.004000 3.629267 
-1.003000 2.722076 
-1.002000 1.814777 
-1.001000 0.907406 
-1.000000 0.000000 
-0.999000 -0.907406 
-0.998000 -1.814777 
-0.997000 -2.722076 
-0.996000 -3.629267 
-0.995000 -4.536315 
-0.994000 -5.443184 
-0.993000 -6.349839 
-0.992000 -7.256242 
-0.991000 -8.162359 
-0.990000 -9.068154 
-0.989000 -9.973591 
-0.988000 -10.878634 
-0.987000 -11.783247 
-0.986000 -12.687396 
-0.985000 -13.591044 
-0.984000 -14.494154 
-0.983000 -15.396693 
-0.982000 -16.298624 
-0.981000 -17.199912 
-0.980000 -18.100520 
-0.979000 -19.000414 
-0.978000 -19.899558 
-0.977000 -20.797916 
-0.976000 -21.695453 
-0.975000 -22.592134 
-0.974000 -23.487923 
-0.973000 -24.382784 
-0.972000 -25.276683 
-0.971000 -26.169584 
-0.970000 -27.061452 
-0.969000 -27.952251 
-0.968000 -28.841947 
-0.967000 -29.730505 
-0.966000 -30.617888 
-0.965000 -31.504063 
-0.964000 -32.388995 
-0.963000 -33.272647 
-0.962000 -34.154986 
-0.961000 -35.035977 
-0.960000 -35.915584 
-0.959000 -36.793774 
-0.958000 -37.670511 
-0.957000 -38.545761 
-0.956000 -39.419489 
-0.955000 -40.291661 
-0.954000 -41.162242 
-0.953000 -42.031198 
-0.952000 -42.898495 
-0.951000 -43.764099 
-0.950000 -44.627974 
-0.949000 -45.490088 
-0.948000 -46.350406 
-0.947000 -47.208894 
-0.946000 -48.065519 
-0.945000 -48.920245 
-0.944000 -49.773041 
-0.943000 -50.623872 
-0.942000 -51.472704 
-0.941000 -52.319504 
-0.940000 -53.164238 
-0.939000 -54.006874 
-0.938000 -54.847377 
-0.937000 -55.685716 
-0.936000 -56.521856 
-0.935000 -57.355764 
-0.934000 -58.187408 
-0.933000 -59.016756 
-0.932000 -59.843773 
-0.931000 -60.668427 
-0.930000 -61.490687 
-0.929000 -62.310519 
-0.928000 -63.127891 
-0.927000 -63.942771 
-0.926000 -64.755127 
-0.925000 -65.564926 
-0.924000 -66.372137 
-0.923000 -67.176727 
-0.922000 -67.978666 
-0.921000 -68.777921 
-0.920000 -69.574460 
-0.919000 -70.368253 
-0.918000 -71.159268 
-0.917000 -71.947474 
-0.916000 -72.732839 
-0.915000 -73.515333 
-0.914000 -74.294925 
-0.913000 -75.071583 
-0.912000 -75.845278 
-0.911000 -76.615979 
-0.910000 -77.383655 
-0.909000 -78.148276 
-0.908000 -78.909812 
-0.907000 -79.668233 
-0.906000 -80.423508 
-0.905000 -81.175608 
-0.904000 -81.924504 
-0.903000 -82.670166 
-0.902000 -83.412564 
-0.901000 -84.151669 
-0.900000 -84.887452 
-0.899000 -85.619883 
-0.898000 -86.348935 
-0.897000 -87.074577 
-0.896000 -87.796782 
-0.895000 -88.515521 
-0.894000 -89.230766 
-0.893000 -89.942487 
-0.892000 -90.650658 
-0.891000 -91.355251 
-0.890000 -92.056236 
-0.889000 -92.753588 
-0.888000 -93.447278 
-0.887000 -94.137278 
-0.886000 -94.823562 
-0.885000 -95.506103 
-0.884000 -96.184874 
-0.883000 -96.859847 
-0.882000 -97.530996 
-0.881000 -98.198295 
-0.880000 -98.861717 
-0.879000 -99.521236 
-0.878000 -100.176827 
-0.877000 -100.828462 
-0.876000 -101.476117 
-0.875000 -102.119766 
-0.874000 -102.759384 
-0.873000 -103.394944 
-0.872000 -104.026423 
-0.871000 -104.653795 
-0.870000 -105.277036 
-0.869000 -105.896120 
-0.868000 -106.511024 
-0.867000 -107.121723 
-0.866000 -107.728193 
-0.865000 -108.330410 
-0.864000 -108.928350 
-0.863000 -109.521990 
-0.862000 -110.111306 
-0.861000 -110.696275 
-0.860000 -111.276874 
-0.859000 -111.853080 
-0.858000 -112.424871 
-0.857000 -112.992223 
-0.856000 -113.555114 
-0.855000 -114.113522 
-0.854000 -114.667425 
-0.853000 -115.216802 
-0.852000 -115.761630 
-0.851000 -116.301887 
-0.850000 -116.837554 
-0.849000 -117.368607 
-0.848000 -117.895028 
-0.847000 -118.416794 
-0.846000 -118.933885 
-0.845000 -119.446281 
-0.844000 -119.953961 
-0.843000 -120.456906 
-0.842000 -120.955095 
-0.841000 -121.448509 
-0.840000 -121.937129 
-0.839000 -122.420934 
-0.838000 -122.899907 
-0.837000 -123.374028 
-0.836000 -123.843278 
-0.835000 -124.307639 
-0.834000 -124.767093 
-0.833000 -125.221621 
-0.832000 -125.671206 
-0.831000 -126.115829 
-0.830000 -126.555473 
-0.829000 -126.990122 
-0.828000 -127.419757 
-0.827000 -127.844361 
-0.826000 -128.263919 
-0.825000 -128.678413 
-0.824000 -129.087826 
-0.823000 -129.492144 
-0.822000 -129.891350 
-0.821000 -130.285427 
-0.820000 -130.674362 
-0.819000 -131.058137 
-0.818000 -131.436739 
-0.817000 -131.810151 
-0.816000 -132.178360 
-0.815000 -132.541351 
-0.814000 -132.899109 
-0.813000 -133.251621 
-0.812000 -133.598872 
-0.811000 -133.940849 
-0.810000 -134.277538 
-0.809000 -134.608926 
-0.808000 -134.935000 
-0.807000 -135.255747 
-0.806000 -135.571154 
-0.805000 -135.881209 
-0.804000 -136.185900 
-0.803000 -136.485214 
-0.802000 -136.779140 
-0.801000 -137.067667 
-0.800000 -137.350782 
-0.799000 -137.628475 
-0.798000 -137.900734 
-0.797000 -138.167550 
-0.796000 -138.428910 
-0.795000 -138.684806 
-0.794000 -138.935227 
-0.793000 -139.180163 
-0.792000 -139.419604 
-0.791000 -139.653541 
-0.790000 -139.881965 
-0.789000 -140.104867 
-0.788000 -140.322237 
-0.787000 -140.534068 
-0.786000 -140.740351 
-0.785000 -140.941078 
-0.784000 -141.136240 
-0.783000 -141.325831 
-0.782000 -141.509842 
-0.781000 -141.688267 
-0.780000 -141.861098 
-0.779000 -142.028329 
-0.778000 -142.189953 
-0.777000 -142.345963 
-0.776000 -142.496354 
-0.775000 -142.641119 
-0.774000 -142.780253 
-0.773000 -142.913750 
-0.772000 -143.041606 
-0.771000 -143.163814 
-0.770000 -143.280370 
-0.769000 -143.391270 
-0.768000 -143.496510 
-0.767000 -143.596084 
-0.766000 -143.689989 
-0.765000 -143.778221 
-0.764000 -143.860778 
-0.763000 -143.937655 
-0.762000 -144.008849 
-0.761000 -144.074359 
-0.760000 -144.134180 
-0.759000 -144.188312 
-0.758000 -144.236751 
-0.757000 -144.279496 
-0.756000 -144.316545 
-0.755000 -144.347897 
-0.754000 -144.373550 
-0.753000 -144.393503 
-0.752000 -144.407756 
-0.751000 -144.416308 
-0.750000 -144.419159 
-0.749000 -144.416308 
-0.748000 -144.407756 
-0.747000 -144.393503 
-0.746000 -144.373550 
-0.745000 -144.347897 
-0.744000 -144.316545 
-0.743000 -144.279496 
-0.742000 -144.236751 
-0.741000 -144.188312 
-0.740000 -144.134180 
-0.739000 -144.074359 
-0.738000 -144.008849 
-0.737000 -143.937655 
-0.736000 -143.860778 
-0.735000 -143.778221 
-0.734000 -143.689989 
-0.733000 -143.596084 
-0.732000 -143.496509 
-0.731000 -143.391270 
-0.730000 -143.280370 
-0.729000 -143.163814 
-0.728000 -143.041606 
-0.727000 -142.913750 
-0.726000 -142.780253 
-0.725000 -142.641119 
-0.724000 -142.496354 
-0.723000 -142.345963 
-0.722000 -142.189953 
-0.721000 -142.028329 
-0.720000 -141.861098 
-0.719000 -141.688267 
-0.718000 -141.509842 
-0.717000 -141.325831 
-0.716000 -141.136240 
-0.715000 -140.941078 
-0.714000 -140.740351 
-0.713000 -140.534068 
-0.712000 -140.322237 
-0.711000 -140.104867 
-0.710000 -139.881965 
-0.709000 -139.653541 
-0.708000 -139.419604 
-0.707000 -139.180163 
-0.706000 -138.935227 
-0.705000 -138.684806 
-0.704000 -138.428910 
-0.703000 -138.167550 
-0.702000 -137.900734 
-0.701000 -137.628475 
-0.700000 -137.350782 
-0.699000 -137.067667 
-0.698000 -136.779140 
-0.697000 -136.485214 
-0.696000 -136.185900 
-0.695000 -135.881209 
-0.694000 -135.571154 
-0.693000 -135.255747 
-0.692000 -134.935000 
-0.691000 -134.608926 
-0.690000 -134.277538 
-0.689000 -133.940849 
-0.688000 -133.598872 
-0.687000 -133.251621 
-0.686000 -132.899109 
-0.685000 -132.541351 
-0.684000 -132.178360 
-0.683000 -131.810151 
-0.682000 -131.436739 
-0.681000 -131.058137 
-0.680000 -130.674362 
-0.679000 -130.285427 
-0.678000 -129.891350 
-0.677000 -129.492144 
-0.676000 -129.087826 
-0.675000 -128.678413 
-0.674000 -128.263919 
-0.673000 -127.844361 
-0.672000 -127.419757 
-0.671000 -126.990122 
-0.670000 -126.555473 
-0.669000 -126.115829 
-0.668000 -125.671206 
-0.667000 -125.221621 
-0.666000 -124.767093 
-0.665000 -124.307639 
-0.664000 -123.843278 
-0.663000 -123.374028 
-0.662000 -122.899907 
-0.661000 -122.420934 
-0.660000 -121.937129 
-0.659000 -121.448509 
-0.658000 -120.955095 
-0.657000 -120.456906 
-0.656000 -119.953961 
-0.655000 -119.446281 
-0.654000 -118.933885 
-0.653000 -118.416794 
-0.652000 -117.895028 
-0.651000 -117.368607 
-0.650000 -116.837554 
-0.649000 -116.301887 
-0.648000 -115.761630 
-0.647000 -115.216802 
-0.646000 -114.667425 
-0.645000 -114.113522 
-0.644000 -113.555114 
-0.643000 -112.992223 
-0.642000 -112.424871 
-0.641000 -111.853080 
-0.640000 -111.276874 
-0.639000 -110.696275 
-0.638000 -110.111306 
-0.637000 -109.521990 
-0.636000 -108.928350 
-0.635000 -108.330410 
-0.634000 -107.728193 
-0.633000 -107.121723 
-0.632000 -106.511024 
-0.631000 -105.896120 
-0.630000 -105.277036 
-0.629000 -104.653795 
-0.628000 -104.026423 
-0.627000 -103.394944 
-0.626000 -102.759384 
-0.625000 -102.119766 
-0.624000 -101.476117 
-0.623000 -100.828462 
-0.622000 -100.176827 
-0.621000 -99.521236 
-0.620000 -98.861717 
-0.619000 -98.198295 
-0.618000 -97.530996 
-0.617000 -96.859847 
-0.616000 -96.184874 
-0.615000 -95.506103 
-0.614000 -94.823562 
-0.613000 -94.137278 
-0.612000 -93.447278 
-0.611000 -92.753588 
-0.610000 -92.056236 
-0.609000 -91.355251 
-0.608000 -90.650658 
-0.607000 -89.942487 
-0.606000 -89.230766 
-0.605000 -88.515521 
-0.604000 -87.796782 
-0.603000 -87.074577 
-0.602000 -86.348935 
-0.601000 -85.619883 
-0.600000 -84.887452 
-0.599000 -84.151669 
-0.598000 -83.412564 
-0.597000 -82.670166 
-0.596000 -81.924504 
-0.595000 -81.175609 
-0.594000 -80.423508 
-0.593000 -79.668233 
-0.592000 -78.909812 
-0.591000 -78.148276 
-0.590000 -77.383655 
-0.589000 -76.615979 
-0.588000 -75.845278 
-0.587000 -75.071583 
-0.586000 -74.294925 
-0.585000 -73.515333 
-0.584000 -72.732839 
-0.583000 -71.947474 
-0.582000 -71.159268 
-0.581000 -70.368253 
-0.580000 -69.574460 
-0.579000 -68.777921 
-0.578000 -67.978666 
-0.577000 -67.176727 
-0.576000 -66.372137 
-0.575000 -65.564926 
-0.574000 -64.755127 
-0.573000 -63.942771 
-0.572000 -63.127891 
-0.571000 -62.310519 
-0.570000 -61.490687 
-0.569000 -60.668427 
-0.568000 -59.843773 
-0.567000 -59.016756 
-0.566000 -58.187408 
-0.565000 -57.355764 
-0.564000 -56.521856 
-0.563000 -55.685716 
-0.562000 -54.847377 
-0.561000 -54.006874 
-0.560000 -53.164238 
-0.559000 -52.319504 
-0.558000 -51.472704 
-0.557000 -50.623872 
-0.556000 -49.773041 
-0.555000 -48.920245 
-0.554000 -48.065519 
-0.553000 -47.208894 
-0.552000 -46.350406 
-0.551000 -45.490088 
-0.550000 -44.627974 
-0.549000 -43.764099 
-0.548000 -42.898495 
-0.547000 -42.031198 
-0.546000 -41.162242 
-0.545000 -40.291661 
-0.544000 -39.419489 
-0.543000 -38.545761 
-0.542000 -37.670511 
-0.541000 -36.793774 
-0.540000 -35.915584 
-0.539000 -35.035977 
-0.538000 -34.154986 
-0.537000 -33.272647 
-0.536000 -32.388995 
-0.535000 -31.504063 
-0.534000 -30.617889 
-0.533000 -29.730505 
-0.532000 -28.841947 
-0.531000 -27.952251 
-0.530000 -27.061452 
-0.529000 -26.169584 
-0.528000 -25.276683 
-0.527000 -24.382784 
-0.526000 -23.487923 
-0.525000 -22.592134 
-0.524000 -21.695453 
-0.523000 -20.797916 
-0.522000 -19.899558 
-0.521000 -19.000414 
-0.520000 -18.100520 
-0.519000 -17.199912 
-0.518000 -16.298624 
-0.517000 -15.396693 
-0.516000 -14.494154 
-0.515000 -13.591043 
-0.514000 -12.687396 
-0.513000 -11.783247 
-0.512000 -10.878634 
-0.511000 -9.973591 
-0.510000 -9.068154 
-0.509000 -8.162359 
-0.508000 -7.256242 
-0.507000 -6.349839 
-0.506000 -5.443184 
-0.505000 -4.536315 
-0.504000 -3.629267 
-0.503000 -2.722076 
-0.502000 -1.814777 
-0.501000 -0.907406 
-0.500000 -0.000000 
-0.499000 0.907406 
-0.498000 1.814777 
-0.497000 2.722076 
-0.496000 3.629267 
-0.495000 4.536315 
-0.494000 5.443184 
-0.493000 6.349839 
-0.492000 7.256242 
-0.491000 8.162359 
-0.490000 9.068154 
-0.489000 9.973591 
-0.488000 10.878634 
-0.487000 11.783247 
-0.486000 12.687396 
-0.485000 13.591043 
-0.484000 14.494154 
-0.483000 15.396693 
-0.482000 16.298624 
-0.481000 17.199912 
-0.480000 18.100520 
-0.479000 19.000414 
-0.478000 19.899558 
-0.477000 20.797916 
-0.476000 21.695453 
-0.475000 22.592134 
-0.474000 23.487923 
-0.473000 24.382784 
-0.472000 25.276683 
-0.471000 26.169584 
-0.470000 27.061452 
-0.469000 27.952251 
-0.468000 28.841947 
-0.467000 29.730505 
-0.466000 30.617888 
-0.465000 31.504063 
-0.464000 32.388995 
-0.463000 33.272647 
-0.462000 34.154986 
-0.461000 35.035977 
-0.460000 35.915584 
-0.459000 36.793774 
-0.458000 37.670511 
-0.457000 38.545761 
-0.456000 39.419489 
-0.455000 40.291661 
-0.454000 41.162242 
-0.453000 42.031198 
-0.452000 42.898495 
-0.451000 43.764099 
-0.450000 44.627974 
-0.449000 45.490088 
-0.448000 46.350406 
-0.447000 47.208894 
-0.446000 48.065519 
-0.445000 48.920245 
-0.444000 49.773041 
-0.443000 50.623872 
-0.442000 51.472704 
-0.441000 52.319504 
-0.440000 53.164238 
-0.439000 54.006874 
-0.438000 54.847377 
-0.437000 55.685716 
-0.436000 56.521856 
-0.435000 57.355764 
-0.434000 58.187408 
-0.433000 59.016756 
-0.432000 59.843773 
-0.431000 60.668427 
-0.430000 61.490687 
-0.429000 62.310519 
-0.428000 63.127891 
-0.427000 63.942771 
-0.426000 64.755127 
-0.425000 65.564926 
-0.424000 66.372137 
-0.423000 67.176727 
-0.422000 67.978666 
-0.421000 68.777921 
-0.420000 69.574460 
-0.419000 70.368253 
-0.418000 71.159268 
-0.417000 71.947474 
-0.416000 72.732839 
-0.415000 73.515333 
-0.414000 74.294925 
-0.413000 75.071583 
-0.412000 75.845278 
-0.411000 76.615979 
-0.410000 77.383655 
-0.409000 78.148276 
-0.408000 78.909812 
-0.407000 79.668233 
-0.406000 80.423508 
-0.405000 81.175609 
-0.404000 81.924504 
-0.403000 82.670166 
-0.402000 83.412564 
-0.401000 84.151669 
-0.400000 84.887452 
-0.399000 85.619883 
-0.398000 86.348935 
-0.397000 87.074577 
-0.396000 87.796782 
-0.395000 88.515521 
-0.394000 89.230766 
-0.393000 89.942487 
-0.392000 90.650658 
-0.391000 91.355251 
-0.390000 92.056236 
-0.389000 92.753588 
-0.388000 93.447278 
-0.387000 94.137278 
-0.386000 94.823562 
-0.385000 95.506103 
-0.384000 96.184874 
-0.383000 96.859847 
-0.382000 97.530996 
-0.381000 98.198295 
-0.380000 98.861717 
-0.379000 99.521236 
-0.378000 100.176827 
-0.377000 100.828462 
-0.376000 101.476117 
-0.375000 102.119766 
-0.374000 102.759384 
-0.373000 103.394944 
-0.372000 104.026423 
-0.371000 104.653795 
-0.370000 105.277036 
-0.369000 105.896120 
-0.368000 106.511024 
-0.367000 107.121723 
-0.366000 107.728193 
-0.365000 108.330410 
-0.364000 108.928350 
-0.363000 109.521990 
-0.362000 110.111306 
-0.361000 110.696275 
-0.360000 111.276874 
-0.359000 111.853080 
-0.358000 112.424871 
-0.357000 112.992223 
-0.356000 113.555114 
-0.355000 114.113522 
-0.354000 114.667425 
-0.353000 115.216802 
-0.352000 115.761630 
-0.351000 116.301887 
-0.350000 116.837554 
-0.349000 117.368607 
-0.348000 117.895028 
-0.347000 118.416794 
-0.346000 118.933885 
-0.345000 119.446281 
-0.344000 119.953961 
-0.343000 120.456906 
-0.342000 120.955095 
-0.341000 121.448509 
-0.340000 121.937129 
-0.339000 122.420934 
-0.338000 122.899907 
-0.337000 123.374028 
-0.336000 123.843278 
-0.335000 124.307639 
-0.334000 124.767093 
-0.333000 125.221621 
-0.332000 125.671206 
-0.331000 126.115829 
-0.330000 126.555473 
-0.329000 126.990122 
-0.328000 127.419757 
-0.327000 127.844361 
-0.326000 128.263919 
-0.325000 128.678413 
-0.324000 129.087826 
-0.323000 129.492144 
-0.322000 129.891350 
-0.321000 130.285427 
-0.320000 130.674362 
-0.319000 131.058137 
-0.318000 131.436739 
-0.317000 131.810151 
-0.316000 132.178360 
-0.315000 132.541351 
-0.314000 132.899109 
-0.313000 133.251621 
-0.312000 133.598872 
-0.311000 133.940849 
-0.310000 134.277538 
-0.309000 134.608926 
-0.308000 134.935000 
-0.307000 135.255747 
-0.306000 135.571154 
-0.305000 135.881209 
-0.304000 136.185900 
-0.303000 136.485214 
-0.302000 136.779140 
-0.301000 137.067667 
-0.300000 137.350782 
-0.299000 137.628475 
-0.298000 137.900734 
-0.297000 138.167550 
-0.296000 138.428910 
-0.295000 138.684806 
-0.294000 138.935227 
-0.293000 139.180163 
-0.292000 139.419604 
-0.291000 139.653541 
-0.290000 139.881965 
-0.289000 140.104867 
-0.288000 140.322237 
-0.287000 140.534068 
-0.286000 140.740351 
-0.285000 140.941078 
-0.284000 141.136240 
-0.283000 141.325831 
-0.282000 141.509842 
-0.281000 141.688267 
-0.280000 141.861098 
-0.279000 142.028329 
-0.278000 142.189953 
-0.277000 142.345963 
-0.276000 142.496354 
-0.275000 142.641119 
-0.274000 142.780253 
-0.273000 142.913750 
-0.272000 143.041606 
-0.271000 143.163814 
-0.270000 143.280370 
-0.269000 143.391270 
-0.268000 143.496509 
-0.267000 143.596084 
-0.266000 143.689989 
-0.265000 143.778221 
-0.264000 143.860778 
-0.263000 143.937655 
-0.262000 144.008849 
-0.261000 144.074359 
-0.260000 144.134180 
-0.259000 144.188312 
-0.258000 144.236751 
-0.257000 144.279496 
-0.256000 144.316545 
-0.255000 144.347897 
-0.254000 144.373550 
-0.253000 144.393503 
-0.252000 144.407756 
-0.251000 144.416308 
-0.250000 144.419159 
-0.249000 144.416308 
-0.248000 144.407756 
-0.247000 144.393503 
-0.246000 144.373550 
-0.245000 144.347897 
-0.244000 144.316545 
-0.243000 144.279496 
-0.242000 144.236751 
-0.241000 144.188312 
-0.240000 144.134180 
-0.239000 144.074359 
-0.238000 144.008849 
-0.237000 143.937655 
-0.236000 143.860778 
-0.235000 143.778221 
-0.234000 143.689989 
-0.233000 143.596084 
-0.232000 143.496509 
-0.231000 143.391270 
-0.230000 143.280370 
-0.229000 143.163814 
-0.228000 143.041606 
-0.227000 142.913750 
-0.226000 142.780253 
-0.225000 142.641119 
-0.224000 142.496354 
-0.223000 142.345963 
-0.222000 142.189953 
-0.221000 142.028329 
-0.220000 141.861098 
-0.219000 141.688267 
-0.218000 141.509842 
-0.217000 141.325831 
-0.216000 141.136240 
-0.215000 140.941078 
-0.214000 140.740351 
-0.213000 140.534068 
-0.212000 140.322237 
-0.211000 140.104867 
-0.210000 139.881965 
-0.209000 139.653541 
-0.208000 139.419604 
-0.207000 139.180163 
-0.206000 138.935227 
-0.205000 138.684806 
-0.204000 138.428910 
-0.203000 138.167550 
-0.202000 137.900734 
-0.201000 137.628475 
-0.200000 137.350782 
-0.199000 137.067667 
-0.198000 136.779140 
-0.197000 136.485214 
-0.196000 136.185900 
-0.195000 135.881209 
-0.194000 135.571154 
-0.193000 135.255747 
-0.192000 134.935000 
-0.191000 134.608926 
-0.190000 134.277538 
-0.189000 133.940849 
-0.188000 133.598872 
-0.187000 133.251621 
-0.186000 132.899109 
-0.185000 132.541351 
-0.184000 132.178360 
-0.183000 131.810151 
-0.182000 131.436739 
-0.181000 131.058137 
-0.180000 130.674362 
-0.179000 130.285427 
-0.178000 129.891350 
-0.177000 129.492144 
-0.176000 129.087826 
-0.175000 128.678413 
-0.174000 128.263919 
-0.173000 127.844361 
-0.172000 127.419757 
-0.171000 126.990122 
-0.170000 126.555473 
-0.169000 126.115829 
-0.168000 125.671206 
-0.167000 125.221621 
-0.166000 124.767093 
-0.165000 124.307639 
-0.164000 123.843278 
-0.163000 123.374028 
-0.162000 122.899907 
-0.161000 122.420934 
-0.160000 121.937129 
-0.159000 121.448509 
-0.158000 120.955095 
-0.157000 120.456906 
-0.156000 119.953961 
-0.155000 119.446281 
-0.154000 118.933885 
-0.153000 118.416794 
-0.152000 117.895028 
-0.151000 117.368607 
-0.150000 116.837554 
-0.149000 116.301887 
-0.148000 115.761630 
-0.147000 115.216802 
-0.146000 114.667425 
-0.145000 114.113522 
-0.144000 113.555114 
-0.143000 112.992223 
-0.142000 112.424871 
-0.141000 111.853080 
-0.140000 111.276874 
-0.139000 110.696275 
-0.138000 110.111306 
-0.137000 109.521990 
-0.136000 108.928350 
-0.135000 108.330410 
-0.134000 107.728193 
-0.133000 107.121723 
-0.132000 106.511024 
-0.131000 105.896120 
-0.130000 105.277036 
-0.129000 104.653795 
-0.128000 104.026423 
-0.127000 103.394944 
-0.126000 102.759384 
-0.125000 102.119766 
-0.124000 101.476117 
-0.123000 100.828462 
-0.122000 100.176827 
-0.121000 99.521236 
-0.120000 98.861717 
-0.119000 98.198295 
-0.118000 97.530996 
-0.117000 96.859847 
-0.116000 96.184874 
-0.115000 95.506103 
-0.114000 94.823562 
-0.113000 94.137278 
-0.112000 93.447278 
-0.111000 92.753588 
-0.110000 92.056236 
-0.109000 91.355251 
-0.108000 90.650658 
-0.107000 89.942487 
-0.106000 89.230766 
-0.105000 88.515521 
-0.104000 87.796782 
-0.103000 87.074577 
-0.102000 86.348935 
-0.101000 85.619883 
-0.100000 84.887452 
-0.099000 84.151669 
-0.098000 83.412564 
-0.097000 82.670166 
-0.096000 81.924504 
-0.095000 81.175609 
-0.094000 80.423508 
-0.093000 79.668233 
-0.092000 78.909812 
-0.091000 78.148276 
-0.090000 77.383655 
-0.089000 76.615979 
-0.088000 75.845278 
-0.087000 75.071583 
-0.086000 74.294925 
-0.085000 73.515333 
-0.084000 72.732839 
-0.083000 71.947474 
-0.082000 71.159268 
-0.081000 70.368253 
-0.080000 69.574460 
-0.079000 68.777921 
-0.078000 67.978666 
-0.077000 67.176727 
-0.076000 66.372137 
-0.075000 65.564926 
-0.074000 64.755127 
-0.073000 63.942771 
-0.072000 63.127891 
-0.071000 62.310519 
-0.070000 61.490687 
-0.069000 60.668427 
-0.068000 59.843773 
-0.067000 59.016756 
-0.066000 58.187408 
-0.065000 57.355764 
-0.064000 56.521856 
-0.063000 55.685716 
-0.062000 54.847377 
-0.061000 54.006874 
-0.060000 53.164238 
-0.059000 52.319504 
-0.058000 51.472704 
-0.057000 50.623872 
-0.056000 49.773041 
-0.055000 48.920245 
-0.054000 48.065519 
-0.053000 47.208894 
-0.052000 46.350406 
-0.051000 45.490088 
-0.050000 44.627974 
-0.049000 43.764099 
-0.048000 42.898495 
-0.047000 42.031198 
-0.046000 41.162242 
-0.045000 40.291661 
-0.044000 39.419489 
-0.043000 38.545761 
-0.042000 37.670511 
-0.041000 36.793774 
-0.040000 35.915584 
-0.039000 35.035977 
-0.038000 34.154986 
-0.037000 33.272647 
-0.036000 32.388995 
-0.035000 31.504063 
-0.034000 30.617889 
-0.033000 29.730505 
-0.032000 28.841947 
-0.031000 27.952251 
-0.030000 27.061452 
-0.029000 26.169584 
-0.028000 25.276683 
-0.027000 24.382784 
-0.026000 23.487923 
-0.025000 22.592134 
-0.024000 21.695453 
-0.023000 20.797916 
-0.022000 19.899558 
-0.021000 19.000414 
-0.020000 18.100520 
-0.019000 17.199912 
-0.018000 16.298624 
-0.017000 15.396693 
-0.016000 14.494154 
-0.015000 13.591043 
-0.014000 12.687396 
-0.013000 11.783247 
-0.012000 10.878634 
-0.011000 9.973591 
-0.010000 9.068154 
-0.009000 8.162359 
-0.008000 7.256242 
-0.007000 6.349839 
-0.006000 5.443184 
-0.005000 4.536315 
-0.004000 3.629267 
-0.003000 2.722076 
-0.002000 1.814777 
-0.001000 0.907406 
-0.000000 -0.000000 
0.001000 -0.907406 
0.002000 -1.814777 
0.003000 -2.722076 
0.004000 -3.629267 
0.005000 -4.536315 
0.006000 -5.443184 
0.007000 -6.349839 
0.008000 -7.256242 
0.009000 -8.162359 
0.010000 -9.068154 
0.011000 -9.973591 
0.012000 -10.878634 
0.013000 -11.783247 
0.014000 -12.687396 
0.015000 -13.591043 
0.016000 -14.494154 
0.017000 -15.396693 
0.018000 -16.298624 
0.019000 -17.199912 
0.020000 -18.100520 
0.021000 -19.000414 
0.022000 -19.899558 
0.023000 -20.797916 
0.024000 -21.695453 
0.025000 -22.592134 
0.026000 -23.487923 
0.027000 -24.382784 
0.028000 -25.276683 
0.029000 -26.169584 
0.030000 -27.061452 
0.031000 -27.952251 
0.032000 -28.841947 
0.033000 -29.730505 
0.034000 -30.617889 
0.035000 -31.504063 
0.036000 -32.388995 
0.037000 -33.272647 
0.038000 -34.154986 
0.039000 -35.035977 
0.040000 -35.915584 
0.041000 -36.793774 
0.042000 -37.670511 
0.043000 -38.545761 
0.044000 -39.419489 
0.045000 -40.291661 
0.046000 -41.162242 
0.047000 -42.031198 
0.048000 -42.898495 
0.049000 -43.764099 
0.050000 -44.627974 
0.051000 -45.490088 
0.052000 -46.350406 
0.053000 -47.208894 
0.054000 -48.065519 
0.055000 -48.920245 
0.056000 -49.773041 
0.057000 -50.623872 
0.058000 -51.472704 
0.059000 -52.319504 
0.060000 -53.164238 
0.061000 -54.006874 
0.062000 -54.847377 
0.063000 -55.685716 
0.064000 -56.521856 
0.065000 -57.355764 
0.066000 -58.187408 
0.067000 -59.016756 
0.068000 -59.843773 
0.069000 -60.668427 
0.070000 -61.490687 
0.071000 -62.310519 
0.072000 -63.127891 
0.073000 -63.942771 
0.074000 -64.755127 
0.075000 -65.564926 
0.076000 -66.372137 
0.077000 -67.176727 
0.078000 -67.978666 
0.079000 -68.777921 
0.080000 -69.574460 
0.081000 -70.368253 
0.082000 -71.159268 
0.083000 -71.947474 
0.084000 -72.732839 
0.085000 -73.515333 
0.086000 -74.294925 
0.087000 -75.071583 
0.088000 -75.845278 
0.089000 -76.615979 
0.090000 -77.383655 
0.091000 -78.148276 
0.092000 -78.909812 
0.093000 -79.668233 
0.094000 -80.423508 
0.095000 -81.175609 
0.096000 -81.924504 
0.097000 -82.670166 
0.098000 -83.412564 
0.099000 -84.151669 
0.100000 -84.887452 
0.101000 -85.619883 
0.102000 -86.348935 
0.103000 -87.074577 
0.104000 -87.796782 
0.105000 -88.515521 
0.106000 -89.230766 
0.107000 -89.942487 
0.108000 -90.650658 
0.109000 -91.355251 
0.110000 -92.056236 
0.111000 -92.753588 
0.112000 -93.447278 
0.113000 -94.137278 
0.114000 -94.823562 
0.115000 -95.506103 
0.116000 -96.184874 
0.117000 -96.859847 
0.118000 -97.530996 
0.119000 -98.198295 
0.120000 -98.861717 
0.121000 -99.521236 
0.122000 -100.176827 
0.123000 -100.828462 
0.124000 -101.476117 
0.125000 -102.119766 
0.126000 -102.759384 
0.127000 -103.394944 
0.128000 -104.026423 
0.129000 -104.653795 
0.130000 -105.277036 
0.131000 -105.896120 
0.132000 -106.511024 
0.133000 -107.121723 
0.134000 -107.728193 
0.135000 -108.330410 
0.136000 -108.928350 
0.137000 -109.521990 
0.138000 -110.111306 
0.139000 -110.696275 
0.140000 -111.276874 
0.141000 -111.853080 
0.142000 -112.424871 
0.143000 -112.992223 
0.144000 -113.555114 
0.145000 -114.113522 
0.146000 -114.667425 
0.147000 -115.216802 
0.148000 -115.761630 
0.149000 -116.301887 
0.150000 -116.837554 
0.151000 -117.368607 
0.152000 -117.895028 
0.153000 -118.416794 
0.154000 -118.933885 
0.155000 -119.446281 
0.156000 -119.953961 
0.157000 -120.456906 
0.158000 -120.955095 
0.159000 -121.448509 
0.160000 -121.937129 
0.161000 -122.420934 
0.162000 -122.899907 
0.163000 -123.374028 
0.164000 -123.843278 
0.165000 -124.307639 
0.166000 -124.767093 
0.167000 -125.221621 
0.168000 -125.671206 
0.169000 -126.115829 
0.170000 -126.555473 
0.171000 -126.990122 
0.172000 -127.419757 
0.173000 -127.844361 
0.174000 -128.263919 
0.175000 -128.678413 
0.176000 -129.087826 
0.177000 -129.492144 
0.178000 -129.891350 
0.179000 -130.285427 
0.180000 -130.674362 
0.181000 -131.058137 
0.182000 -131.436739 
0.183000 -131.810151 
0.184000 -132.178360 
0.185000 -132.541351 
0.186000 -132.899109 
0.187000 -133.251621 
0.188000 -133.598872 
0.189000 -133.940849 
0.190000 -134.277538 
0.191000 -134.608926 
0.192000 -134.935000 
0.193000 -135.255747 
0.194000 -135.571154 
0.195000 -135.881209 
0.196000 -136.185900 
0.197000 -136.485214 
0.198000 -136.779140 
0.199000 -137.067667 
0.200000 -137.350782 
0.201000 -137.628475 
0.202000 -137.900734 
0.203000 -138.167550 
0.204000 -138.428910 
0.205000 -138.684806 
0.206000 -138.935227 
0.207000 -139.180163 
0.208000 -139.419604 
0.209000 -139.653541 
0.210000 -139.881965 
0.211000 -140.104867 
0.212000 -140.322237 
0.213000 -140.534068 
0.214000 -140.740351 
0.215000 -140.941078 
0.216000 -141.136240 
0.217000 -141.325831 
0.218000 -141.509842 
0.219000 -141.688267 
0.220000 -141.861098 
0.221000 -142.028329 
0.222000 -142.189953 
0.223000 -142.345963 
0.224000 -142.496354 
0.225000 -142.641119 
0.226000 -142.780253 
0.227000 -142.913750 
0.228000 -143.041606 
0.229000 -143.163814 
0.230000 -143.280370 
0.231000 -143.391270 
0.232000 -143.496509 
0.233000 -143.596084 
0.234000 -143.689989 
0.235000 -143.778221 
0.236000 -143.860778 
0.237000 -143.937655 
0.238000 -144.008849 
0.239000 -144.074359 
0.240000 -144.134180 
0.241000 -144.188312 
0.242000 -144.236751 
0.243000 -144.279496 
0.244000 -144.316545 
0.245000 -144.347897 
0.246000 -144.373550 
0.247000 -144.393503 
0.248000 -144.407756 
0.249000 -144.416308 
0.250000 -144.419159 
0.251000 -144.416308 
0.252000 -144.407756 
0.253000 -144.393503 
0.254000 -144.373550 
0.255000 -144.347897 
0.256000 -144.316545 
0.257000 -144.279496 
0.258000 -144.236751 
0.259000 -144.188312 
0.260000 -144.134180 
0.261000 -144.074359 
0.262000 -144.008849 
0.263000 -143.937655 
0.264000 -143.860778 
0.265000 -143.778221 
0.266000 -143.689989 
0.267000 -143.596084 
0.268000 -143.496509 
0.269000 -143.391270 
0.270000 -143.280370 
0.271000 -143.163814 
0.272000 -143.041606 
0.273000 -142.913750 
0.274000 -142.780253 
0.275000 -142.641119 
0.276000 -142.496354 
0.277000 -142.345963 
0.278000 -142.189953 
0.279000 -142.028329 
0.280000 -141.861098 
0.281000 -141.688267 
0.282000 -141.509842 
0.283000 -141.325831 
0.284000 -141.136240 
0.285000 -140.941078 
0.286000 -140.740351 
0.287000 -140.534068 
0.288000 -140.322237 
0.289000 -140.104867 
0.290000 -139.881965 
0.291000 -139.653541 
0.292000 -139.419604 
0.293000 -139.180163 
0.294000 -138.935227 
0.295000 -138.684806 
0.296000 -138.428910 
0.297000 -138.167550 
0.298000 -137.900734 
0.299000 -137.628475 
0.300000 -137.350782 
0.301000 -137.067667 
0.302000 -136.779140 
0.303000 -136.485214 
0.304000 -136.185900 
0.305000 -135.881209 
0.306000 -135.571154 
0.307000 -135.255747 
0.308000 -134.935000 
0.309000 -134.608926 
0.310000 -134.277538 
0.311000 -133.940849 
0.312000 -133.598872 
0.313000 -133.251621 
0.314000 -132.899109 
0.315000 -132.541351 
0.316000 -132.178360 
0.317000 -131.810151 
0.318000 -131.436739 
0.319000 -131.058137 
0.320000 -130.674362 
0.321000 -130.285427 
0.322000 -129.891350 
0.323000 -129.492144 
0.324000 -129.087826 
0.325000 -128.678413 
0.326000 -128.263919 
0.327000 -127.844361 
0.328000 -127.419757 
0.329000 -126.990122 
0.330000 -126.555473 
0.331000 -126.115829 
0.332000 -125.671206 
0.333000 -125.221621 
0.334000 -124.767093 
0.335000 -124.307639 
0.336000 -123.843278 
0.337000 -123.374028 
0.338000 -122.899907 
0.339000 -122.420934 
0.340000 -121.937129 
0.341000 -121.448509 
0.342000 -120.955095 
0.343000 -120.456906 
0.344000 -119.953961 
0.345000 -119.446281 
0.346000 -118.933885 
0.347000 -118.416794 
0.348000 -117.895028 
0.349000 -117.368607 
0.350000 -116.837554 
0.351000 -116.301887 
0.352000 -115.761630 
0.353000 -115.216802 
0.354000 -114.667425 
0.355000 -114.113522 
0.356000 -113.555114 
0.357000 -112.992223 
0.358000 -112.424871 
0.359000 -111.853080 
0.360000 -111.276874 
0.361000 -110.696275 
0.362000 -110.111306 
0.363000 -109.521990 
0.364000 -108.928350 
0.365000 -108.330410 
0.366000 -107.728193 
0.367000 -107.121723 
0.368000 -106.511024 
0.369000 -105.896120 
0.370000 -105.277036 
0.371000 -104.653795 
0.372000 -104.026423 
0.373000 -103.394944 
0.374000 -102.759384 
0.375000 -102.119766 
0.376000 -101.476117 
0.377000 -100.828462 
0.378000 -100.176827 
0.379000 -99.521236 
0.380000 -98.861717 
0.381000 -98.198295 
0.382000 -97.530996 
0.383000 -96.859847 
0.384000 -96.184874 
0.385000 -95.506103 
0.386000 -94.823562 
0.387000 -94.137278 
0.388000 -93.447278 
0.389000 -92.753588 
0.390000 -92.056236 
0.391000 -91.355251 
0.392000 -90.650658 
0.393000 -89.942487 
0.394000 -89.230766 
0.395000 -88.515521 
0.396000 -87.796782 
0.397000 -87.074577 
0.398000 -86.348935 
0.399000 -85.619883 
0.400000 -84.887452 
0.401000 -84.151669 
0.402000 -83.412564 
0.403000 -82.670166 
0.404000 -81.924504 
0.405000 -81.175608 
0.406000 -80.423508 
0.407000 -79.668233 
0.408000 -78.909812 
0.409000 -78.148276 
0.410000 -77.383655 
0.411000 -76.615979 
0.412000 -75.845278 
0.413000 -75.071583 
0.414000 -74.294925 
0.415000 -73.515333 
0.416000 -72.732839 
0.417000 -71.947474 
0.418000 -71.159268 
0.419000 -70.368253 
0.420000 -69.574460 
0.421000 -68.777921 
0.422000 -67.978666 
0.423000 -67.176727 
0.424000 -66.372137 
0.425000 -65.564926 
0.426000 -64.755127 
0.427000 -63.942771 
0.428000 -63.127891 
0.429000 -62.310519 
0.430000 -61.490687 
0.431000 -60.668427 
0.432000 -59.843773 
0.433000 -59.016756 
0.434000 -58.187408 
0.435000 -57.355764 
0.436000 -56.521856 
0.437000 -55.685716 
0.438000 -54.847377 
0.439000 -54.006874 
0.440000 -53.164238 
0.441000 -52.319504 
0.442000 -51.472704 
0.443000 -50.623872 
0.444000 -49.773041 
0.445000 -48.920245 
0.446000 -48.065519 
0.447000 -47.208894 
0.448000 -46.350406 
0.449000 -45.490088 
0.450000 -44.627974 
0.451000 -43.764099 
0.452000 -42.898495 
0.453000 -42.031198 
0.454000 -41.162242 
0.455000 -40.291661 
0.456000 -39.419489 
0.457000 -38.545761 
0.458000 -37.670511 
0.459000 -36.793774 
0.460000 -35.915584 
0.461000 -35.035977 
0.462000 -34.154986 
0.463000 -33.272647 
0.464000 -32.388995 
0.465000 -31.504063 
0.466000 -30.617888 
0.467000 -29.730505 
0.468000 -28.841947 
0.469000 -27.952251 
0.470000 -27.061452 
0.471000 -26.169584 
0.472000 -25.276683 
0.473000 -24.382784 
0.474000 -23.487923 
0.475000 -22.592134 
0.476000 -21.695453 
0.477000 -20.797916 
0.478000 -19.899558 
0.479000 -19.000414 
0.480000 -18.100520 
0.481000 -17.199912 
0.482000 -16.298624 
0.483000 -15.396693 
0.484000 -14.494154 
0.485000 -13.591043 
0.486000 -12.687396 
0.487000 -11.783247 
0.488000 -10.878634 
0.489000 -9.973591 
0.490000 -9.068154 
0.491000 -8.162359 
0.492000 -7.256242 
0.493000 -6.349839 
0.494000 -5.443184 
0.495000 -4.536315 
0.496000 -3.629267 
0.497000 -2.722076 
0.498000 -1.814777 
0.499000 -0.907406 
0.500000 0.000000 
0.501000 0.907406 
0.502000 1.814777 
0.503000 2.722076 
0.504000 3.629267 
0.505000 4.536315 
0.506000 5.443184 
0.507000 6.349839 
0.508000 7.256242 
0.509000 8.162359 
0.510000 9.068154 
0.511000 9.973591 
0.512000 10.878634 
0.513000 11.783247 
0.514000 12.687396 
0.515000 13.591043 
0.516000 14.494154 
0.517000 15.396693 
0.518000 16.298624 
0.519000 17.199912 
0.520000 18.100520 
0.521000 19.000414 
0.522000 19.899558 
0.523000 20.797916 
0.524000 21.695453 
0.525000 22.592134 
0.526000 23.487923 
0.527000 24.382784 
0.528000 25.276683 
0.529000 26.169584 
0.530000 27.061452 
0.531000 27.952251 
0.532000 28.841947 
0.533000 29.730505 
0.534000 30.617889 
0.535000 31.504063 
0.536000 32.388995 
0.537000 33.272647 
0.538000 34.154986 
0.539000 35.035977 
0.540000 35.915584 
0.541000 36.793774 
0.542000 37.670511 
0.543000 38.545761 
0.544000 39.419489 
0.545000 40.291661 
0.546000 41.162242 
0.547000 42.031198 
0.548000 42.898495 
0.549000 43.764099 
0.550000 44.627974 
0.551000 45.490088 
0.552000 46.350406 
0.553000 47.208894 
0.554000 48.065519 
0.555000 48.920245 
0.556000 49.773041 
0.557000 50.623872 
0.558000 51.472704 
0.559000 52.319504 
0.560000 53.164238 
0.561000 54.006874 
0.562000 54.847377 
0.563000 55.685716 
0.564000 56.521856 
0.565000 57.355764 
0.566000 58.187408 
0.567000 59.016756 
0.568000 59.843773 
0.569000 60.668427 
0.570000 61.490687 
0.571000 62.310519 
0.572000 63.127891 
0.573000 63.942771 
0.574000 64.755127 
0.575000 65.564926 
0.576000 66.372137 
0.577000 67.176727 
0.578000 67.978666 
0.579000 68.777921 
0.580000 69.574460 
0.581000 70.368253 
0.582000 71.159268 
0.583000 71.947474 
0.584000 72.732839 
0.585000 73.515333 
0.586000 74.294925 
0.587000 75.071583 
0.588000 75.845278 
0.589000 76.615979 
0.590000 77.383655 
0.591000 78.148276 
0.592000 78.909812 
0.593000 79.668233 
0.594000 80.423508 
0.595000 81.175609 
0.596000 81.924504 
0.597000 82.670166 
0.598000 83.412564 
0.599000 84.151669 
0.600000 84.887452 
0.601000 85.619883 
0.602000 86.348935 
0.603000 87.074577 
0.604000 87.796782 
0.605000 88.515521 
0.606000 89.230766 
0.607000 89.942487 
0.608000 90.650658 
0.609000 91.355251 
0.610000 92.056236 
0.611000 92.753588 
0.612000 93.447278 
0.613000 94.137278 
0.614000 94.823562 
0.615000 95.506103 
0.616000 96.184874 
0.617000 96.859847 
0.618000 97.530996 
0.619000 98.198295 
0.620000 98.861717 
0.621000 99.521236 
0.622000 100.176827 
0.623000 100.828462 
0.624000 101.476117 
0.625000 102.119766 
0.626000 102.759384 
0.627000 103.394944 
0.628000 104.026423 
0.629000 104.653795 
0.630000 105.277036 
0.631000 105.896120 
0.632000 106.511024 
0.633000 107.121723 
0.634000 107.728193 
0.635000 108.330410 
0.636000 108.928350 
0.637000 109.521990 
0.638000 110.111306 
0.639000 110.696275 
0.640000 111.276874 
0.641000 111.853080 
0.642000 112.424871 
0.643000 112.992223 
0.644000 113.555114 
0.645000 114.113522 
0.646000 114.667425 
0.647000 115.216802 
0.648000 115.761630 
0.649000 116.301887 
0.650000 116.837554 
0.651000 117.368607 
0.652000 117.895028 
0.653000 118.416794 
0.654000 118.933885 
0.655000 119.446281 
0.656000 119.953961 
0.657000 120.456906 
0.658000 120.955095 
0.659000 121.448509 
0.660000 121.937129 
0.661000 122.420934 
0.662000 122.899907 
0.663000 123.374028 
0.664000 123.843278 
0.665000 124.307639 
0.666000 124.767093 
0.667000 125.221621 
0.668000 125.671206 
0.669000 126.115829 
0.670000 126.555473 
0.671000 126.990122 
0.672000 127.419757 
0.673000 127.844361 
0.674000 128.263919 
0.675000 128.678413 
0.676000 129.087826 
0.677000 129.492144 
0.678000 129.891350 
0.679000 130.285427 
0.680000 130.674362 
0.681000 131.058137 
0.682000 131.436739 
0.683000 131.810151 
0.684000 132.178360 
0.685000 132.541351 
0.686000 132.899109 
0.687000 133.251621 
0.688000 133.598872 
0.689000 133.940849 
0.690000 134.277538 
0.691000 134.608926 
0.692000 134.935000 
0.693000 135.255747 
0.694000 135.571154 
0.695000 135.881209 
0.696000 136.185900 
0.697000 136.485214 
0.698000 136.779140 
0.699000 137.067667 
0.700000 137.350782 
0.701000 137.628475 
0.702000 137.900734 
0.703000 138.167550 
0.704000 138.428910 
0.705000 138.684806 
0.706000 138.935227 
0.707000 139.180163 
0.708000 139.419604 
0.709000 139.653541 
0.710000 139.881965 
0.711000 140.104867 
0.712000 140.322237 
0.713000 140.534068 
0.714000 140.740351 
0.715000 140.941078 
0.716000 141.136240 
0.717000 141.325831 
0.718000 141.509842 
0.719000 141.688267 
0.720000 141.861098 
0.721000 142.028329 
0.722000 142.189953 
0.723000 142.345963 
0.724000 142.496354 
0.725000 142.641119 
0.726000 142.780253 
0.727000 142.913750 
0.728000 143.041606 
0.729000 143.163814 
0.730000 143.280370 
0.731000 143.391270 
0.732000 143.496509 
0.733000 143.596084 
0.734000 143.689989 
0.735000 143.778221 
0.736000 143.860778 
0.737000 143.937655 
0.738000 144.008849 
0.739000 144.074359 
0.740000 144.134180 
0.741000 144.188312 
0.742000 144.236751 
0.743000 144.279496 
0.744000 144.316545 
0.745000 144.347897 
0.746000 144.373550 
0.747000 144.393503 
0.748000 144.407756 
0.749000 144.416308 
0.750000 144.419159 
0.751000 144.416308 
0.752000 144.407756 
0.753000 144.393503 
0.754000 144.373550 
0.755000 144.347897 
0.756000 144.316545 
0.757000 144.279496 
0.758000 144.236751 
0.759000 144.188312 
0.760000 144.134180 
0.761000 144.074359 
0.762000 144.008849 
0.763000 143.937655 
0.764000 143.860778 
0.765000 143.778221 
0.766000 143.689989 
0.767000 143.596084 
0.768000 143.496510 
0.769000 143.391270 
0.770000 143.280370 
0.771000 143.163814 
0.772000 143.041606 
0.773000 142.913750 
0.774000 142.780253 
0.775000 142.641119 
0.776000 142.496354 
0.777000 142.345963 
0.778000 142.189953 
0.779000 142.028329 
0.780000 141.861098 
0.781000 141.688267 
0.782000 141.509842 
0.783000 141.325831 
0.784000 141.136240 
0.785000 140.941078 
0.786000 140.740351 
0.787000 140.534068 
0.788000 140.322237 
0.789000 140.104867 
0.790000 139.881965 
0.791000 139.653541 
0.792000 139.419604 
0.793000 139.180163 
0.794000 138.935227 
0.795000 138.684806 
0.796000 138.428910 
0.797000 138.167550 
0.798000 137.900734 
0.799000 137.628475 
0.800000 137.350782 
0.801000 137.067667 
0.802000 136.779140 
0.803000 136.485214 
0.804000 136.185900 
0.805000 135.881209 
0.806000 135.571154 
0.807000 135.255747 
0.808000 134.935000 
0.809000 134.608926 
0.810000 134.277538 
0.811000 133.940849 
0.812000 133.598872 
0.813000 133.251621 
0.814000 132.899109 
0.815000 132.541351 
0.816000 132.178360 
0.817000 131.810151 
0.818000 131.436739 
0.819000 131.058137 
0.820000 130.674362 
0.821000 130.285427 
0.822000 129.891350 
0.823000 129.492144 
0.824000 129.087826 
0.825000 128.678413 
0.826000 128.263919 
0.827000 127.844361 
0.828000 127.419757 
0.829000 126.990122 
0.830000 126.555473 
0.831000 126.115829 
0.832000 125.671206 
0.833000 125.221621 
0.834000 124.767093 
0.835000 124.307639 
0.836000 123.843278 
0.837000 123.374028 
0.838000 122.899907 
0.839000 122.420934 
0.840000 121.937129 
0.841000 121.448509 
0.842000 120.955095 
0.843000 120.456906 
0.844000 119.953961 
0.845000 119.446281 
0.846000 118.933885 
0.847000 118.416794 
0.848000 117.895028 
0.849000 117.368607 
0.850000 116.837554 
0.851000 116.301887 
0.852000 115.761630 
0.853000 115.216802 
0.854000 114.667425 
0.855000 114.113522 
0.856000 113.555114 
0.857000 112.992223 
0.858000 112.424871 
0.859000 111.853080 
0.860000 111.276874 
0.861000 110.696275 
0.862000 110.111306 
0.863000 109.521990 
0.864000 108.928350 
0.865000 108.330410 
0.866000 107.728193 
0.867000 107.121723 
0.868000 106.511024 
0.869000 105.896120 
0.870000 105.277036 
0.871000 104.653795 
0.872000 104.026423 
0.873000 103.394944 
0.874000 102.759384 
0.875000 102.119766 
0.876000 101.476117 
0.877000 100.828462 
0.878000 100.176827 
0.879000 99.521236 
0.880000 98.861717 
0.881000 98.198295 
0.882000 97.530996 
0.883000 96.859847 
0.884000 96.184874 
0.885000 95.506103 
0.886000 94.823562 
0.887000 94.137278 
0.888000 93.447278 
0.889000 92.753588 
0.890000 92.056236 
0.891000 91.355251 
0.892000 90.650658 
0.893000 89.942487 
0.894000 89.230766 
0.895000 88.515521 
0.896000 87.796782 
0.897000 87.074577 
0.898000 86.348935 
0.899000 85.619883 
0.900000 84.887452 
0.901000 84.151669 
0.902000 83.412564 
0.903000 82.670166 
0.904000 81.924504 
0.905000 81.175608 
0.906000 80.423508 
0.907000 79.668233 
0.908000 78.909812 
0.909000 78.148276 
0.910000 77.383655 
0.911000 76.615979 
0.912000 75.845278 
0.913000 75.071583 
0.914000 74.294925 
0.915000 73.515333 
0.916000 72.732839 
0.917000 71.947474 
0.918000 71.159268 
0.919000 70.368253 
0.920000 69.574460 
0.921000 68.777921 
0.922000 67.978666 
0.923000 67.176727 
0.924000 66.372137 
0.925000 65.564926 
0.926000 64.755127 
0.927000 63.942771 
0.928000 63.127891 
0.929000 62.310519 
0.930000 61.490687 
0.931000 60.668427 
0.932000 59.843773 
0.933000 59.016756 
0.934000 58.187408 
0.935000 57.355764 
0.936000 56.521856 
0.937000 55.685716 
0.938000 54.847377 
0.939000 54.006874 
0.940000 53.164238 
0.941000 52.319504 
0.942000 51.472704 
0.943000 50.623872 
0.944000 49.773041 
0.945000 48.920245 
0.946000 48.065519 
0.947000 47.208894 
0.948000 46.350406 
0.949000 45.490088 
0.950000 44.627974 
0.951000 43.764099 
0.952000 42.898495 
0.953000 42.031198 
0.954000 41.162242 
0.955000 40.291661 
0.956000 39.419489 
0.957000 38.545761 
0.958000 37.670511 
0.959000 36.793774 
0.960000 35.915584 
0.961000 35.035977 
0.962000 34.154986 
0.963000 33.272647 
0.964000 32.388995 
0.965000 31.504063 
0.966000 30.617888 
0.967000 29.730505 
0.968000 28.841947 
0.969000 27.952251 
0.970000 27.061452 
0.971000 26.169584 
0.972000 25.276683 
0.973000 24.382784 
0.974000 23.487923 
0.975000 22.592134 
0.976000 21.695453 
0.977000 20.797916 
0.978000 19.899558 
0.979000 19.000414 
0.980000 18.100520 
0.981000 17.199912 
0.982000 16.298624 
0.983000 15.396693 
0.984000 14.494154 
0.985000 13.591044 
0.986000 12.687396 
0.987000 11.783247 
0.988000 10.878634 
0.989000 9.973591 
0.990000 9.068154 
0.991000 8.162359 
0.992000 7.256242 
0.993000 6.349839 
0.994000 5.443184 
0.995000 4.536315 
0.996000 3.629267 
0.997000 2.722076 
0.998000 1.814777 
0.999000 0.907406 
1.000000 -0.000000 
1.001000 -0.907406 
1.002000 -1.814777 
1.003000 -2.722076 
1.004000 -3.629267 
1.005000 -4.536315 
1.006000 -5.443184 
1.007000 -6.349839 
1.008000 -7.256242 
1.009000 -8.162359 
1.010000 -9.068154 
1.011000 -9.973591 
1.012000 -10.878634 
1.013000 -11.783247 
1.014000 -12.687396 
1.015000 -13.591043 
1.016000 -14.494154 
1.017000 -15.396693 
1.018000 -16.298624 
1.019000 -17.199912 
1.020000 -18.100520 
1.021000 -19.000414 
1.022000 -19.899558 
1.023000 -20.797916 
1.024000 -21.695453 
1.025000 -22.592134 
1.026000 -23.487923 
1.027000 -24.382784 
1.028000 -25.276683 
1.029000 -26.169584 
1.030000 -27.061452 
1.031000 -27.952251 
1.032000 -28.841947 
1.033000 -29.730505 
1.034000 -30.617889 
1.035000 -31.504063 
1.036000 -32.388995 
1.037000 -33.272647 
1.038000 -34.154986 
1.039000 -35.035977 
1.040000 -35.915584 
1.041000 -36.793774 
1.042000 -37.670511 
1.043000 -38.545761 
1.044000 -39.419489 
1.045000 -40.291661 
1.046000 -41.162242 
1.047000 -42.031198 
1.048000 -42.898495 
1.049000 -43.764099 
1.050000 -44.627974 
1.051000 -45.490088 
1.052000 -46.350406 
1.053000 -47.208894 
1.054000 -48.065519 
1.055000 -48.920245 
1.056000 -49.773041 
1.057000 -50.623872 
1.058000 -51.472704 
1.059000 -52.319504 
1.060000 -53.164238 
1.061000 -54.006874 
1.062000 -54.847377 
1.063000 -55.685716 
1.064000 -56.521856 
1.065000 -57.355764 
1.066000 -58.187408 
1.067000 -59.016756 
1.068000 -59.843773 
1.069000 -60.668427 
1.070000 -61.490687 
1.071000 -62.310519 
1.072000 -63.127891 
1.073000 -63.942771 
1.074000 -64.755127 
1.075000 -65.564926 
1.076000 -66.372137 
1.077000 -67.176727 
1.078000 -67.978666 
1.079000 -68.777921 
1.080000 -69.574460 
1.081000 -70.368253 
1.082000 -71.159268 
1.083000 -71.947474 
1.084000 -72.732839 
1.085000 -73.515333 
1.086000 -74.294925 
1.087000 -75.071583 
1.088000 -75.845278 
1.089000 -76.615979 
1.090000 -77.383655 
1.091000 -78.148276 
1.092000 -78.909812 
1.093000 -79.668233 
1.094000 -80.423508 
1.095000 -81.175609 
1.096000 -81.924504 
1.097000 -82.670166 
1.098000 -83.412564 
1.099000 -84.151669 
1.100000 -84.887452 
1.101000 -85.619883 
1.102000 -86.348935 
1.103000 -87.074577 
1.104000 -87.796782 
1.105000 -88.515521 
1.106000 -89.230766 
1.107000 -89.942487 
1.108000 -90.650658 
1.109000 -91.355251 
1.110000 -92.056236 
1.111000 -92.753588 
1.112000 -93.447278 
1.113000 -94.137278 
1.114000 -94.823562 
1.115000 -95.506103 
1.116000 -96.184874 
1.117000 -96.859847 
1.118000 -97.530996 
1.119000 -98.198295 
1.120000 -98.861717 
1.121000 -99.521236 
1.122000 -100.176827 
1.123000 -100.828462 
1.124000 -101.476117 
1.125000 -102.119766 
1.126000 -102.759384 
1.127000 -103.394944 
1.128000 -104.026423 
1.129000 -104.653795 
1.130000 -105.277036 
1.131000 -105.896120 
1.132000 -106.511024 
1.133000 -107.121723 
1.134000 -107.728193 
1.135000 -108.330410 
1.136000 -108.928350 
1.137000 -109.521990 
1.138000 -110.111306 
1.139000 -110.696275 
1.140000 -111.276874 
1.141000 -111.853080 
1.142000 -112.424871 
1.143000 -112.992223 
1.144000 -113.555114 
1.145000 -114.113522 
1.146000 -114.667425 
1.147000 -115.216802 
1.148000 -115.761630 
1.149000 -116.301887 
1.150000 -116.837554 
1.151000 -117.368607 
1.152000 -117.895028 
1.153000 -118.416794 
1.154000 -118.933885 
1.155000 -119.446281 
1.156000 -119.953961 
1.157000 -120.456906 
1.158000 -120.955095 
1.159000 -121.448509 
1.160000 -121.937129 
1.161000 -122.420934 
1.162000 -122.899907 
1.163000 -123.374028 
1.164000 -123.843278 
1.165000 -124.307639 
1.166000 -124.767093 
1.167000 -125.221621 
1.168000 -125.671206 
1.169000 -126.115829 
1.170000 -126.555473 
1.171000 -126.990122 
1.172000 -127.419757 
1.173000 -127.844361 
1.174000 -128.263919 
1.175000 -128.678413 
1.176000 -129.087826 
1.177000 -129.492144 
1.178000 -129.891350 
1.179000 -130.285427 
1.180000 -130.674362 
1.181000 -131.058137 
1.182000 -131.436739 
1.183000 -131.810151 
1.184000 -132.178360 
1.185000 -132.541351 
1.186000 -132.899109 
1.187000 -133.251621 
1.188000 -133.598872 
1.189000 -133.940849 
1.190000 -134.277538 
1.191000 -134.608926 
1.192000 -134.935000 
1.193000 -135.255747 
1.194000 -135.571154 
1.195000 -135.881209 
1.196000 -136.185900 
1.197000 -136.485214 
1.198000 -136.779140 
1.199000 -137.067667 
1.200000 -137.350782 
1.201000 -137.628475 
1.202000 -137.900734 
1.203000 -138.167550 
1.204000 -138.428910 
1.205000 -138.684806 
1.206000 -138.935227 
1.207000 -139.180163 
1.208000 -139.419604 
1.209000 -139.653541 
1.210000 -139.881965 
1.211000 -140.104867 
1.212000 -140.322237 
1.213000 -140.534068 
1.214000 -140.740351 
1.215000 -140.941078 
1.216000 -141.136240 
1.217000 -141.325831 
1.218000 -141.509842 
1.219000 -141.688267 
1.220000 -141.861098 
1.221000 -142.028329 
1.222000 -142.189953 
1.223000 -142.345963 
1.224000 -142.496354 
1.225000 -142.641119 
1.226000 -142.780253 
1.227000 -142.913750 
1.228000 -143.041606 
1.229000 -143.163814 
1.230000 -143.280370 
1.231000 -143.391270 
1.232000 -143.496509 
1.233000 -143.596084 
1.234000 -143.689989 
1.235000 -143.778221 
1.236000 -143.860778 
1.237000 -143.937655 
1.238000 -144.008849 
1.239000 -144.074359 
1.240000 -144.134180 
1.241000 -144.188312 
1.242000 -144.236751 
1.243000 -144.279496 
1.244000 -144.316545 
1.245000 -144.347897 
1.246000 -144.373550 
1.247000 -144.393503 
1.248000 -144.407756 
1.249000 -144.416308 
1.250000 -144.419159 
1.251000 -144.416308 
1.252000 -144.407756 
1.253000 -144.393503 
1.254000 -144.373550 
1.255000 -144.347897 
1.256000 -144.316545 
1.257000 -144.279496 
1.258000 -144.236751 
1.259000 -144.188312 
1.260000 -144.134180 
1.261000 -144.074359 
1.262000 -144.008849 
1.263000 -143.937655 
1.264000 -143.860778 
1.265000 -143.778221 
1.266000 -143.689989 
1.267000 -143.596084 
1.268000 -143.496510 
1.269000 -143.391270 
1.270000 -143.280370 
1.271000 -143.163814 
1.272000 -143.041606 
1.273000 -142.913750 
1.274000 -142.780253 
1.275000 -142.641119 
1.276000 -142.496354 
1.277000 -142.345963 
1.278000 -142.189953 
1.279000 -142.028329 
1.280000 -141.861098 
1.281000 -141.688267 
1.282000 -141.509842 
1.283000 -141.325831 
1.284000 -141.136240 
1.285000 -140.941078 
1.286000 -140.740351 
1.287000 -140.534068 
1.288000 -140.322237 
1.289000 -140.104867 
1.290000 -139.881965 
1.291000 -139.653541 
1.292000 -139.419604 
1.293000 -139.180163 
1.294000 -138.935227 
1.295000 -138.684806 
1.296000 -138.428910 
1.297000 -138.167550 
1.298000 -137.900734 
1.299000 -137.628475 
1.300000 -137.350782 
1.301000 -137.067667 
1.302000 -136.779140 
1.303000 -136.485214 
1.304000 -136.185900 
1.305000 -135.881209 
1.306000 -135.571154 
1.307000 -135.255747 
1.308000 -134.935000 
1.309000 -134.608926 
1.310000 -134.277538 
1.311000 -133.940849 
1.312000 -133.598872 
1.313000 -133.251621 
1.314000 -132.899109 
1.315000 -132.541351 
1.316000 -132.178360 
1.317000 -131.810151 
1.318000 -131.436739 
1.319000 -131.058137 
1.320000 -130.674362 
1.321000 -130.285427 
1.322000 -129.891350 
1.323000 -129.492144 
1.324000 -129.087826 
1.325000 -128.678413 
1.326000 -128.263919 
1.327000 -127.844361 
1.328000 -127.419757 
1.329000 -126.990122 
1.330000 -126.555473 
1.331000 -126.115829 
1.332000 -125.671206 
1.333000 -125.221621 
1.334000 -124.767093 
1.335000 -124.307639 
1.336000 -123.843278 
1.337000 -123.374028 
1.338000 -122.899907 
1.339000 -122.420934 
1.340000 -121.937129 
1.341000 -121.448509 
1.342000 -120.955095 
1.343000 -120.456906 
1.344000 -119.953961 
1.345000 -119.446281 
1.346000 -118.933885 
1.347000 -118.416794 
1.348000 -117.895028 
1.349000 -117.368607 
1.350000 -116.837554 
1.351000 -116.301887 
1.352000 -115.761630 
1.353000 -115.216802 
1.354000 -114.667425 
1.355000 -114.113522 
1.356000 -113.555114 
1.357000 -112.992223 
1.358000 -112.424871 
1.359000 -111.853080 
1.360000 -111.276874 
1.361000 -110.696275 
1.362000 -110.111306 
1.363000 -109.521990 
1.364000 -108.928350 
1.365000 -108.330410 
1.366000 -107.728193 
1.367000 -107.121723 
1.368000 -106.511024 
1.369000 -105.896120 
1.370000 -105.277036 
1.371000 -104.653795 
1.372000 -104.026423 
1.373000 -103.394944 
1.374000 -102.759384 
1.375000 -102.119766 
1.376000 -101.476117 
1.377000 -100.828462 
1.378000 -100.176827 
1.379000 -99.521236 
1.380000 -98.861717 
1.381000 -98.198295 
1.382000 -97.530996 
1.383000 -96.859847 
1.384000 -96.184874 
1.385000 -95.506103 
1.386000 -94.823562 
1.387000 -94.137278 
1.388000 -93.447278 
1.389000 -92.753588 
1.390000 -92.056236 
1.391000 -91.355251 
1.392000 -90.650658 
1.393000 -89.942487 
1.394000 -89.230766 
1.395000 -88.515521 
1.396000 -87.796782 
1.397000 -87.074577 
1.398000 -86.348935 
1.399000 -85.619883 
1.400000 -84.887452 
1.401000 -84.151669 
1.402000 -83.412564 
1.403000 -82.670166 
1.404000 -81.924504 
1.405000 -81.175608 
1.406000 -80.423508 
1.407000 -79.668233 
1.408000 -78.909812 
1.409000 -78.148276 
1.410000 -77.383655 
1.411000 -76.615979 
1.412000 -75.845278 
1.413000 -75.071583 
1.414000 -74.294925 
1.415000 -73.515333 
1.416000 -72.732839 
1.417000 -71.947474 
1.418000 -71.159268 
1.419000 -70.368253 
1.420000 -69.574460 
1.421000 -68.777921 
1.422000 -67.978666 
1.423000 -67.176727 
1.424000 -66.372137 
1.425000 -65.564926 
1.426000 -64.755127 
1.427000 -63.942771 
1.428000 -63.127891 
1.429000 -62.310519 
1.430000 -61.490687 
1.431000 -60.668427 
1.432000 -59.843773 
1.433000 -59.016756 
1.434000 -58.187408 
1.435000 -57.355764 
1.436000 -56.521856 
1.437000 -55.685716 
1.438000 -54.847377 
1.439000 -54.006874 
1.440000 -53.164238 
1.441000 -52.319504 
1.442000 -51.472704 
1.443000 -50.623872 
1.444000 -49.773041 
1.445000 -48.920245 
1.446000 -48.065519 
1.447000 -47.208894 
1.448000 -46.350406 
1.449000 -45.490088 
1.450000 -44.627974 
1.451000 -43.764099 
1.452000 -42.898495 
1.453000 -42.031198 
1.454000 -41.162242 
1.455000 -40.291661 
1.456000 -39.419489 
1.457000 -38.545761 
1.458000 -37.670511 
1.459000 -36.793774 
1.460000 -35.915584 
1.461000 -35.035977 
1.462000 -34.154986 
1.463000 -33.272647 
1.464000 -32.388995 
1.465000 -31.504063 
1.466000 -30.617888 
1.467000 -29.730505 
1.468000 -28.841947 
1.469000 -27.952251 
1.470000 -27.061452 
1.471000 -26.169584 
1.472000 -25.276683 
1.473000 -24.382784 
1.474000 -23.487923 
1.475000 -22.592134 
1.476000 -21.695453 
1.477000 -20.797916 
1.478000 -19.899558 
1.479000 -19.000414 
1.480000 -18.100520 
1.481000 -17.199912 
1.482000 -16.298624 
1.483000 -15.396693 
1.484000 -14.494154 
1.485000 -13.591044 
1.486000 -12.687396 
1.487000 -11.783247 
1.488000 -10.878634 
1.489000 -9.973591 
1.490000 -9.068154 
1.491000 -8.162359 
1.492000 -7.256242 
1.493000 -6.349839 
1.494000 -5.443184 
1.495000 -4.536315 
1.496000 -3.629267 
1.497000 -2.722076 
1.498000 -1.814777 
1.499000 -0.907406 
