descriptor BJD Tc_folded phase mod 
2455326.949950 0.000000 0.000000 6.979176
2455327.049950 0.000000 0.000000 1.452980
2455327.149950 0.000000 0.000000 -4.719313
2455327.249950 0.000000 0.000000 -9.891856
2455327.349950 0.000000 0.000000 -12.665471
2455327.449950 0.000000 0.000000 -12.258007
2455327.549950 0.000000 0.000000 -8.713457
2455327.649950 0.000000 0.000000 -2.894605
2455327.749950 0.000000 0.000000 3.739121
2455327.849950 0.000000 0.000000 9.510522
2455327.949950 0.000000 0.000000 12.960980
2455328.049950 0.000000 0.000000 13.229901
2455328.149950 0.000000 0.000000 10.277790
2455328.249950 0.000000 0.000000 4.894552
2455328.349950 0.000000 0.000000 -1.509042
2455328.449950 0.000000 0.000000 -7.271837
2455328.549950 0.000000 0.000000 -10.917402
2455328.649950 0.000000 0.000000 -11.539487
2455328.749950 0.000000 0.000000 -9.036733
2455328.849950 0.000000 0.000000 -4.135151
2455328.949950 0.000000 0.000000 1.807233
2455329.049950 0.000000 0.000000 7.161936
2455329.149950 0.000000 0.000000 10.462453
2455329.249950 0.000000 0.000000 10.793612
2455329.349950 0.000000 0.000000 8.035279
2455329.449950 0.000000 0.000000 2.896136
2455329.549950 0.000000 0.000000 -3.271471
2455329.649950 0.000000 0.000000 -8.827054
2455329.749950 0.000000 0.000000 -12.274413
2455329.849950 0.000000 0.000000 -12.657255
2455329.949950 0.000000 0.000000 -9.813875
2455330.049950 0.000000 0.000000 -4.423728
2455330.149950 0.000000 0.000000 2.166597
2455330.249950 0.000000 0.000000 8.292592
2455330.349950 0.000000 0.000000 12.404754
2455330.449950 0.000000 0.000000 13.471762
2455330.549950 0.000000 0.000000 11.248209
2455330.649950 0.000000 0.000000 6.336754
2455330.749950 0.000000 0.000000 0.028525
2455330.849950 0.000000 0.000000 -6.036220
2455330.949950 0.000000 0.000000 -10.297983
2455331.049950 0.000000 0.000000 -11.685562
2455331.149950 0.000000 0.000000 -9.894313
2455331.249950 0.000000 0.000000 -5.462191
2455331.349950 0.000000 0.000000 0.376108
2455331.449950 0.000000 0.000000 6.018302
2455331.549950 0.000000 0.000000 9.920144
2455331.649950 0.000000 0.000000 11.005359
2455331.749950 0.000000 0.000000 8.951887
2455331.849950 0.000000 0.000000 4.278986
2455331.949950 0.000000 0.000000 -1.787869
2455332.049950 0.000000 0.000000 -7.638870
2455332.149950 0.000000 0.000000 -11.703962
2455332.249950 0.000000 0.000000 -12.867623
2455332.349950 0.000000 0.000000 -10.765177
2455332.449950 0.000000 0.000000 -5.882564
2455332.549950 0.000000 0.000000 0.566917
2455332.649950 0.000000 0.000000 6.956793
2455332.749950 0.000000 0.000000 11.670286
2455332.849950 0.000000 0.000000 13.521023
2455332.949950 0.000000 0.000000 12.061321
2455333.049950 0.000000 0.000000 7.697253
2455333.149950 0.000000 0.000000 1.580429
2455333.249950 0.000000 0.000000 -4.694961
2455333.349950 0.000000 0.000000 -9.510212
2455333.449950 0.000000 0.000000 -11.645466
2455333.549950 0.000000 0.000000 -10.597242
2455333.649950 0.000000 0.000000 -6.706901
2455333.749950 0.000000 0.000000 -1.066530
2455333.849950 0.000000 0.000000 4.772711
2455333.949950 0.000000 0.000000 9.212840
2455334.049950 0.000000 0.000000 11.033241
2455334.149950 0.000000 0.000000 9.715031
2455334.249950 0.000000 0.000000 5.580128
2455334.349950 0.000000 0.000000 -0.291708
2455334.449950 0.000000 0.000000 -6.346181
2455334.549950 0.000000 0.000000 -10.963672
2455334.649950 0.000000 0.000000 -12.886779
2455334.749950 0.000000 0.000000 -11.553700
2455334.849950 0.000000 0.000000 -7.249644
2455334.949950 0.000000 0.000000 -1.036225
2455335.049950 0.000000 0.000000 5.522881
2455335.149950 0.000000 0.000000 10.768253
2455335.249950 0.000000 0.000000 13.376516
2455335.349950 0.000000 0.000000 12.704451
2455335.449950 0.000000 0.000000 8.955203
2455335.549950 0.000000 0.000000 3.123128
2455335.649950 0.000000 0.000000 -3.268132
2455335.749950 0.000000 0.000000 -8.565457
2455335.849950 0.000000 0.000000 -11.418922
2455335.949950 0.000000 0.000000 -11.133733
2455336.049950 0.000000 0.000000 -7.849141
2455336.149950 0.000000 0.000000 -2.497549
2455336.249950 0.000000 0.000000 3.445149
2455336.349950 0.000000 0.000000 8.352076
2455336.449950 0.000000 0.000000 10.877266
2455336.549950 0.000000 0.000000 10.313159
2455336.649950 0.000000 0.000000 6.779478
2455336.749950 0.000000 0.000000 1.193677
2455336.849950 0.000000 0.000000 -4.969422
2455336.949950 0.000000 0.000000 -10.065670
2455337.049950 0.000000 0.000000 -12.715309
2455337.149950 0.000000 0.000000 -12.168278
2455337.249950 0.000000 0.000000 -8.504920
2455337.349950 0.000000 0.000000 -2.619102
2455337.449950 0.000000 0.000000 4.012087
2455337.549950 0.000000 0.000000 9.711863
2455337.649950 0.000000 0.000000 13.040003
2455337.749950 0.000000 0.000000 13.167477
2455337.849950 0.000000 0.000000 10.091277
2455337.949950 0.000000 0.000000 4.633166
2455338.049950 0.000000 0.000000 -1.777173
2455338.149950 0.000000 0.000000 -7.477540
2455338.249950 0.000000 0.000000 -11.008549
2455338.349950 0.000000 0.000000 -11.494570
2455338.449950 0.000000 0.000000 -8.870347
2455338.549950 0.000000 0.000000 -3.893976
2455338.649950 0.000000 0.000000 2.056896
2455338.749950 0.000000 0.000000 7.351789
2455338.849950 0.000000 0.000000 10.540324
2455338.949950 0.000000 0.000000 10.737321
2455339.049950 0.000000 0.000000 7.858581
2455339.149950 0.000000 0.000000 2.645175
2455339.249950 0.000000 0.000000 -3.530269
2455339.349950 0.000000 0.000000 -9.024469
2455339.449950 0.000000 0.000000 -12.356702
2455339.549950 0.000000 0.000000 -12.600403
2455339.649950 0.000000 0.000000 -9.630062
2455339.749950 0.000000 0.000000 -4.158316
2455339.849950 0.000000 0.000000 2.446792
2455339.949950 0.000000 0.000000 8.516659
2455340.049950 0.000000 0.000000 12.516145
2455340.149950 0.000000 0.000000 13.442992
2455340.249950 0.000000 0.000000 11.087963
2455340.349950 0.000000 0.000000 6.087529
2455340.449950 0.000000 0.000000 -0.244565
2455340.549950 0.000000 0.000000 -6.262532
2455340.649950 0.000000 0.000000 -10.419829
2455340.749950 0.000000 0.000000 -11.673257
2455340.849950 0.000000 0.000000 -9.753815
2455340.949950 0.000000 0.000000 -5.233356
2455341.049950 0.000000 0.000000 0.630196
2455341.149950 0.000000 0.000000 6.228109
2455341.249950 0.000000 0.000000 10.028141
2455341.349950 0.000000 0.000000 10.981303
2455341.449950 0.000000 0.000000 8.800891
2455341.549950 0.000000 0.000000 4.040257
2455341.649950 0.000000 0.000000 -2.051302
2455341.749950 0.000000 0.000000 -7.856739
2455341.849950 0.000000 0.000000 -11.817296
2455341.949950 0.000000 0.000000 -12.844361
2455342.049950 0.000000 0.000000 -10.608744
2455342.149950 0.000000 0.000000 -5.631153
2455342.249950 0.000000 0.000000 0.850189
2455342.349950 0.000000 0.000000 7.200275
2455342.449950 0.000000 0.000000 11.812435
2455342.549950 0.000000 0.000000 13.526415
2455342.649950 0.000000 0.000000 11.929831
2455342.749950 0.000000 0.000000 7.464001
2455342.849950 0.000000 0.000000 1.306515
2455342.949950 0.000000 0.000000 -4.938503
2455343.049950 0.000000 0.000000 -9.661019
2455343.149950 0.000000 0.000000 -11.666123
2455343.249950 0.000000 0.000000 -10.484968
2455343.349950 0.000000 0.000000 -6.494101
2455343.449950 0.000000 0.000000 -0.812090
2455343.549950 0.000000 0.000000 4.999103
2455343.649950 0.000000 0.000000 9.349193
2455343.749950 0.000000 0.000000 11.041719
2455343.849950 0.000000 0.000000 9.592032
2455343.949950 0.000000 0.000000 5.357322
2455344.049950 0.000000 0.000000 -0.555661
2455344.149950 0.000000 0.000000 -6.581050
2455344.249950 0.000000 0.000000 -11.106172
2455344.349950 0.000000 0.000000 -12.897306
2455344.449950 0.000000 0.000000 -11.426883
2455344.549950 0.000000 0.000000 -7.015929
2455344.649950 0.000000 0.000000 -0.754070
2455344.749950 0.000000 0.000000 5.782176
2455344.849950 0.000000 0.000000 10.939087
2455344.949950 0.000000 0.000000 13.416064
2455345.049950 0.000000 0.000000 12.603773
2455345.149950 0.000000 0.000000 8.741503
2455345.249950 0.000000 0.000000 2.852550
2455345.349950 0.000000 0.000000 -3.525254
2455345.449950 0.000000 0.000000 -8.743035
2455345.549950 0.000000 0.000000 -11.472379
2455345.649950 0.000000 0.000000 -11.051580
2455345.749950 0.000000 0.000000 -7.655826
2455345.849950 0.000000 0.000000 -2.246839
2455345.949950 0.000000 0.000000 3.684495
2455346.049950 0.000000 0.000000 8.514567
2455346.149950 0.000000 0.000000 10.918067
2455346.249950 0.000000 0.000000 10.220012
2455346.349950 0.000000 0.000000 6.576029
2455346.449950 0.000000 0.000000 0.933316
2455346.549950 0.000000 0.000000 -5.217586
2455346.649950 0.000000 0.000000 -10.235017
2455346.749950 0.000000 0.000000 -12.759310
2455346.849950 0.000000 0.000000 -12.072858
2455346.949950 0.000000 0.000000 -8.292323
2455347.049950 0.000000 0.000000 -2.342238
2455347.149950 0.000000 0.000000 4.283353
2455347.249950 0.000000 0.000000 9.908876
2455347.349950 0.000000 0.000000 13.113183
2455347.449950 0.000000 0.000000 13.099205
2455347.549950 0.000000 0.000000 9.900417
2455347.649950 0.000000 0.000000 4.370043
2455347.749950 0.000000 0.000000 -2.044005
2455347.849950 0.000000 0.000000 -7.679279
2455347.949950 0.000000 0.000000 -11.094134
2455348.049950 0.000000 0.000000 -11.443971
2455348.149950 0.000000 0.000000 -8.699664
2455348.249950 0.000000 0.000000 -3.651022
2455348.349950 0.000000 0.000000 2.305361
2455348.449950 0.000000 0.000000 7.537793
2455348.549950 0.000000 0.000000 10.612729
2455348.649950 0.000000 0.000000 10.675410
2455348.749950 0.000000 0.000000 7.677616
2455348.849950 0.000000 0.000000 2.392454
2455348.949950 0.000000 0.000000 -3.787825
2455349.049950 0.000000 0.000000 -9.217937
2455349.149950 0.000000 0.000000 -12.433352
2455349.249950 0.000000 0.000000 -12.537682
2455349.349950 0.000000 0.000000 -9.441682
2455349.449950 0.000000 0.000000 -3.890833
2455349.549950 0.000000 0.000000 2.726010
2455349.649950 0.000000 0.000000 8.736947
2455349.749950 0.000000 0.000000 12.621926
2455349.849950 0.000000 0.000000 13.408231
2455349.949950 0.000000 0.000000 10.922889
2455350.049950 0.000000 0.000000 5.835875
2455350.149950 0.000000 0.000000 -0.517079
2455350.249950 0.000000 0.000000 -6.485442
2455350.349950 0.000000 0.000000 -10.536370
2455350.449950 0.000000 0.000000 -11.655156
2455350.549950 0.000000 0.000000 -9.608566
2455350.649950 0.000000 0.000000 -5.002069
2455350.749950 0.000000 0.000000 0.883798
2455350.849950 0.000000 0.000000 6.434631
2455350.949950 0.000000 0.000000 10.130937
2455351.049950 0.000000 0.000000 10.951521
2455351.149950 0.000000 0.000000 8.645180
2455351.249950 0.000000 0.000000 3.799094
2455351.349950 0.000000 0.000000 -2.314215
2455351.449950 0.000000 0.000000 -8.071240
2455351.549950 0.000000 0.000000 -11.925274
2455351.649950 0.000000 0.000000 -12.815140
2455351.749950 0.000000 0.000000 -10.447304
2455351.849950 0.000000 0.000000 -5.376995
2455351.949950 0.000000 0.000000 1.133223
2455352.049950 0.000000 0.000000 7.440585
2455352.149950 0.000000 0.000000 11.949293
2455352.249950 0.000000 0.000000 13.525763
2455352.349950 0.000000 0.000000 11.793104
2455352.449950 0.000000 0.000000 7.227664
2455352.549950 0.000000 0.000000 1.032445
2455352.649950 0.000000 0.000000 -5.179263
2455352.749950 0.000000 0.000000 -9.806861
2455352.849950 0.000000 0.000000 -11.680959
2455352.949950 0.000000 0.000000 -10.367561
2455353.049950 0.000000 0.000000 -6.278213
2455353.149950 0.000000 0.000000 -0.557415
2455353.249950 0.000000 0.000000 5.222824
2455353.349950 0.000000 0.000000 9.480690
2455353.449950 0.000000 0.000000 11.044456
2455353.549950 0.000000 0.000000 9.463944
2455353.649950 0.000000 0.000000 5.131447
2455353.749950 0.000000 0.000000 -0.819822
2455353.849950 0.000000 0.000000 -6.813182
2455353.949950 0.000000 0.000000 -11.243681
2455354.049950 0.000000 0.000000 -12.901877
2455354.149950 0.000000 0.000000 -11.294696
2455354.249950 0.000000 0.000000 -6.778834
2455354.349950 0.000000 0.000000 -0.471413
2455354.449950 0.000000 0.000000 6.038952
2455354.549950 0.000000 0.000000 11.105029
2455354.649950 0.000000 0.000000 13.449606
2455354.749950 0.000000 0.000000 12.497528
2455354.849950 0.000000 0.000000 8.524105
2455354.949950 0.000000 0.000000 2.581083
2455355.049950 0.000000 0.000000 -3.780255
2455355.149950 0.000000 0.000000 -8.916065
2455355.249950 0.000000 0.000000 -11.520080
2455355.349950 0.000000 0.000000 -10.963993
2455355.449950 0.000000 0.000000 -7.458833
2455355.549950 0.000000 0.000000 -1.995175
2455355.649950 0.000000 0.000000 3.921828
2455355.749950 0.000000 0.000000 8.672625
2455355.849950 0.000000 0.000000 10.953201
2455355.949950 0.000000 0.000000 10.121482
2455356.049950 0.000000 0.000000 6.368927
2455356.149950 0.000000 0.000000 0.672025
2455356.249950 0.000000 0.000000 -5.463681
2455356.349950 0.000000 0.000000 -10.399812
2455356.449950 0.000000 0.000000 -12.797448
2455356.549950 0.000000 0.000000 -11.971787
2455356.649950 0.000000 0.000000 -8.075764
2455356.749950 0.000000 0.000000 -2.064140
2455356.849950 0.000000 0.000000 4.552793
2455356.949950 0.000000 0.000000 10.101468
2455357.049950 0.000000 0.000000 13.180487
2455357.149950 0.000000 0.000000 13.025119
2455357.249950 0.000000 0.000000 9.705301
2455357.349950 0.000000 0.000000 4.105309
2455357.449950 0.000000 0.000000 -2.309413
2455357.549950 0.000000 0.000000 -7.876960
2455357.649950 0.000000 0.000000 -11.174119
2455357.749950 0.000000 0.000000 -11.387720
2455357.849950 0.000000 0.000000 -8.524773
2455357.949950 0.000000 0.000000 -3.406411
2455358.049950 0.000000 0.000000 2.552501
2455358.149950 0.000000 0.000000 7.719855
2455358.249950 0.000000 0.000000 10.679630
2455358.349950 0.000000 0.000000 10.607907
2455358.449950 0.000000 0.000000 7.492471
2455358.549950 0.000000 0.000000 2.138096
2455358.649950 0.000000 0.000000 -4.044014
2455358.749950 0.000000 0.000000 -9.407363
2455358.849950 0.000000 0.000000 -12.504322
2455358.949950 0.000000 0.000000 -12.469117
2455359.049950 0.000000 0.000000 -9.248817
2455359.149950 0.000000 0.000000 -3.621403
2455359.249950 0.000000 0.000000 3.004123
2455359.349950 0.000000 0.000000 8.953353
2455359.449950 0.000000 0.000000 12.722049
2455359.549950 0.000000 0.000000 13.367497
2455359.649950 0.000000 0.000000 10.753065
2455359.749950 0.000000 0.000000 5.581911
2455359.849950 0.000000 0.000000 -0.788889
2455359.949950 0.000000 0.000000 -6.704849
2455360.049950 0.000000 0.000000 -10.647553
2455360.149950 0.000000 0.000000 -11.631272
2455360.249950 0.000000 0.000000 -9.458642
2455360.349950 0.000000 0.000000 -4.768446
2455360.449950 0.000000 0.000000 1.136787
2455360.549950 0.000000 0.000000 6.637764
2455360.649950 0.000000 0.000000 10.228479
2455360.749950 0.000000 0.000000 10.916026
2455360.849950 0.000000 0.000000 8.484827
2455360.949950 0.000000 0.000000 3.555614
2455361.049950 0.000000 0.000000 -2.576480
2455361.149950 0.000000 0.000000 -8.282269
2455361.249950 0.000000 0.000000 -12.027840
2455361.349950 0.000000 0.000000 -12.779972
2455361.449950 0.000000 0.000000 -10.280928
2455361.549950 0.000000 0.000000 -5.120207
2455361.649950 0.000000 0.000000 1.415887
2455361.749950 0.000000 0.000000 7.677611
2455361.849950 0.000000 0.000000 12.080798
2455361.949950 0.000000 0.000000 13.519070
2455362.049950 0.000000 0.000000 11.651205
2455362.149950 0.000000 0.000000 6.988352
2455362.249950 0.000000 0.000000 0.758346
2455362.349950 0.000000 0.000000 -5.417126
2455362.449950 0.000000 0.000000 -9.947672
2455362.549950 0.000000 0.000000 -11.689972
2455362.649950 0.000000 0.000000 -10.245083
2455362.749950 0.000000 0.000000 -6.059346
2455362.849950 0.000000 0.000000 -0.302632
2455362.949950 0.000000 0.000000 5.443764
2455363.049950 0.000000 0.000000 9.607264
2455363.149950 0.000000 0.000000 11.041448
2455363.249950 0.000000 0.000000 9.330827
2455363.349950 0.000000 0.000000 4.902613
2455363.449950 0.000000 0.000000 -1.084063
2455363.549950 0.000000 0.000000 -7.042461
2455363.649950 0.000000 0.000000 -11.376128
2455363.749950 0.000000 0.000000 -12.900486
2455363.849950 0.000000 0.000000 -11.157196
2455363.949950 0.000000 0.000000 -6.538466
2455364.049950 0.000000 0.000000 -0.188384
2455364.149950 0.000000 0.000000 6.293092
2455364.249950 0.000000 0.000000 11.266002
2455364.349950 0.000000 0.000000 13.477130
2455364.449950 0.000000 0.000000 12.385768
2455364.549950 0.000000 0.000000 8.303112
2455364.649950 0.000000 0.000000 2.308855
2455364.749950 0.000000 0.000000 -4.033015
2455364.849950 0.000000 0.000000 -9.084470
2455364.949950 0.000000 0.000000 -11.562009
2455365.049950 0.000000 0.000000 -10.871019
2455365.149950 0.000000 0.000000 -7.258264
2455365.249950 0.000000 0.000000 -1.742684
2455365.349950 0.000000 0.000000 4.157030
2455365.449950 0.000000 0.000000 8.826169
2455365.549950 0.000000 0.000000 10.982648
2455365.649950 0.000000 0.000000 10.017615
2455365.749950 0.000000 0.000000 6.158271
2455365.849950 0.000000 0.000000 0.409930
2455365.949950 0.000000 0.000000 -5.707589
2455366.049950 0.000000 0.000000 -10.559973
2455366.149950 0.000000 0.000000 -12.829701
2455366.249950 0.000000 0.000000 -11.865110
2455366.349950 0.000000 0.000000 -7.855342
2455366.449950 0.000000 0.000000 -1.784935
2455366.549950 0.000000 0.000000 4.820284
2455366.649950 0.000000 0.000000 10.289551
2455366.749950 0.000000 0.000000 13.241886
2455366.849950 0.000000 0.000000 12.945257
2455366.949950 0.000000 0.000000 9.506023
2455367.049950 0.000000 0.000000 3.839090
2455367.149950 0.000000 0.000000 -2.573271
2455367.249950 0.000000 0.000000 -8.070493
2455367.349950 0.000000 0.000000 -11.248471
2455367.449950 0.000000 0.000000 -11.325849
2455367.549950 0.000000 0.000000 -8.345763
2455367.649950 0.000000 0.000000 -3.160265
2455367.749950 0.000000 0.000000 2.798195
2455367.849950 0.000000 0.000000 7.897883
2455367.949950 0.000000 0.000000 10.740992
2455368.049950 0.000000 0.000000 10.534842
2455368.149950 0.000000 0.000000 7.303233
2455368.249950 0.000000 0.000000 1.882223
2455368.349950 0.000000 0.000000 -4.298710
2455368.449950 0.000000 0.000000 -9.592651
2455368.549950 0.000000 0.000000 -12.569573
2455368.649950 0.000000 0.000000 -12.394736
2455368.749950 0.000000 0.000000 -9.051557
2455368.849950 0.000000 0.000000 -3.350150
2455368.949950 0.000000 0.000000 3.281002
2455369.049950 0.000000 0.000000 9.165779
2455369.149950 0.000000 0.000000 12.816471
2455369.249950 0.000000 0.000000 13.320811
2455369.349950 0.000000 0.000000 10.578575
2455369.449950 0.000000 0.000000 5.325759
2455369.549950 0.000000 0.000000 -1.059865
2455369.649950 0.000000 0.000000 -6.920649
2455369.749950 0.000000 0.000000 -10.753331
2455369.849950 0.000000 0.000000 -11.601623
2455369.949950 0.000000 0.000000 -9.304119
2455370.049950 0.000000 0.000000 -4.532604
2455370.149950 0.000000 0.000000 1.389036
2455370.249950 0.000000 0.000000 6.837406
2455370.349950 0.000000 0.000000 10.320716
2455370.449950 0.000000 0.000000 10.874833
2455370.549950 0.000000 0.000000 8.319909
2455370.649950 0.000000 0.000000 3.309935
2455370.749950 0.000000 0.000000 -2.837969
2455370.849950 0.000000 0.000000 -8.489719
2455370.949950 0.000000 0.000000 -12.124940
2455371.049950 0.000000 0.000000 -12.738866
2455371.149950 0.000000 0.000000 -10.109692
2455371.249950 0.000000 0.000000 -4.860907
2455371.349950 0.000000 0.000000 1.698051
2455371.449950 0.000000 0.000000 7.911245
2455371.549950 0.000000 0.000000 12.206890
2455371.649950 0.000000 0.000000 13.506342
2455371.749950 0.000000 0.000000 11.504205
2455371.849950 0.000000 0.000000 6.746181
2455371.949950 0.000000 0.000000 0.484351
2455372.049950 0.000000 0.000000 -5.651983
2455372.149950 0.000000 0.000000 -10.083389
2455372.249950 0.000000 0.000000 -11.693163
2455372.349950 0.000000 0.000000 -10.117600
2455372.449950 0.000000 0.000000 -5.837610
2455372.549950 0.000000 0.000000 -0.047869
2455372.649950 0.000000 0.000000 5.661811
2455372.749950 0.000000 0.000000 9.728851
2455372.849950 0.000000 0.000000 11.032693
2455372.949950 0.000000 0.000000 9.192744
2455373.049950 0.000000 0.000000 4.670930
2455373.149950 0.000000 0.000000 -1.348254
2455373.249950 0.000000 0.000000 -7.268776
2455373.349950 0.000000 0.000000 -11.503447
2455373.449950 0.000000 0.000000 -12.893129
2455373.549950 0.000000 0.000000 -11.014446
2455373.649950 0.000000 0.000000 -6.294937
2455373.749950 0.000000 0.000000 0.094886
2455373.849950 0.000000 0.000000 6.544479
2455373.949950 0.000000 0.000000 11.421933
2455374.049950 0.000000 0.000000 13.498625
2455374.149950 0.000000 0.000000 12.268546
2455374.249950 0.000000 0.000000 8.078631
2455374.349950 0.000000 0.000000 2.035994
2455374.449950 0.000000 0.000000 -4.283416
2455374.549950 0.000000 0.000000 -9.248172
2455374.649950 0.000000 0.000000 -11.598150
2455374.749950 0.000000 0.000000 -10.772708
2455374.849950 0.000000 0.000000 -7.054219
2455374.949950 0.000000 0.000000 -1.489492
2455375.049950 0.000000 0.000000 4.389983
2455375.149950 0.000000 0.000000 8.975121
2455375.249950 0.000000 0.000000 11.006391
2455375.349950 0.000000 0.000000 9.908458
2455375.449950 0.000000 0.000000 5.944163
2455375.549950 0.000000 0.000000 0.147157
2455375.649950 0.000000 0.000000 -5.949188
2455375.749950 0.000000 0.000000 -10.715420
2455375.849950 0.000000 0.000000 -12.856049
2455375.949950 0.000000 0.000000 -11.752872
2455376.049950 0.000000 0.000000 -7.631156
2455376.149950 0.000000 0.000000 -1.504753
2455376.249950 0.000000 0.000000 5.085702
2455376.349950 0.000000 0.000000 10.473039
2455376.449950 0.000000 0.000000 13.297354
2455376.549950 0.000000 0.000000 12.859657
2455376.649950 0.000000 0.000000 9.302679
2455376.749950 0.000000 0.000000 3.571512
2455376.849950 0.000000 0.000000 -2.835454
2455376.949950 0.000000 0.000000 -8.259787
2455377.049950 0.000000 0.000000 -11.317159
2455377.149950 0.000000 0.000000 -11.258393
2455377.249950 0.000000 0.000000 -8.162724
2455377.349950 0.000000 0.000000 -2.912708
2455377.449950 0.000000 0.000000 3.042319
2455377.549950 0.000000 0.000000 8.071788
2455377.649950 0.000000 0.000000 10.796783
2455377.749950 0.000000 0.000000 10.456249
2455377.849950 0.000000 0.000000 7.109995
2455377.949950 0.000000 0.000000 1.624959
2455378.049950 0.000000 0.000000 -4.551788
2455378.149950 0.000000 0.000000 -9.773710
2455378.249950 0.000000 0.000000 -12.629069
2455378.349950 0.000000 0.000000 -12.314569
2455378.449950 0.000000 0.000000 -8.849990
2455378.549950 0.000000 0.000000 -3.077197
2455378.649950 0.000000 0.000000 3.556518
2455378.749950 0.000000 0.000000 9.374127
2455378.849950 0.000000 0.000000 12.905149
2455378.949950 0.000000 0.000000 13.268199
2455379.049950 0.000000 0.000000 10.399503
2455379.149950 0.000000 0.000000 5.067541
2455379.249950 0.000000 0.000000 -1.329880
2455379.349950 0.000000 0.000000 -7.132743
2455379.449950 0.000000 0.000000 -10.853657
2455379.549950 0.000000 0.000000 -11.566227
2455379.649950 0.000000 0.000000 -9.145077
2455379.749950 0.000000 0.000000 -4.294662
2455379.849950 0.000000 0.000000 1.640420
2455379.949950 0.000000 0.000000 7.033458
2455380.049950 0.000000 0.000000 10.407601
2455380.149950 0.000000 0.000000 10.827958
2455380.249950 0.000000 0.000000 8.150505
2455380.349950 0.000000 0.000000 3.062174
2455380.449950 0.000000 0.000000 -3.098554
2455380.549950 0.000000 0.000000 -8.693489
2455380.649950 0.000000 0.000000 -12.216525
2455380.749950 0.000000 0.000000 -12.691838
2455380.849950 0.000000 0.000000 -9.933671
2455380.949950 0.000000 0.000000 -4.599214
2455381.049950 0.000000 0.000000 1.979585
2455381.149950 0.000000 0.000000 8.141378
2455381.249950 0.000000 0.000000 12.327512
2455381.349950 0.000000 0.000000 13.487586
2455381.449950 0.000000 0.000000 11.352174
2455381.549950 0.000000 0.000000 6.501266
2455381.649950 0.000000 0.000000 0.210587
2455381.749950 0.000000 0.000000 -5.883724
2455381.849950 0.000000 0.000000 -10.213951
2455381.949950 0.000000 0.000000 -11.690535
2455382.049950 0.000000 0.000000 -9.985176
2455382.149950 0.000000 0.000000 -5.613116
2455382.249950 0.000000 0.000000 0.206747
2455382.349950 0.000000 0.000000 5.876857
2455382.449950 0.000000 0.000000 9.845389
2455382.549950 0.000000 0.000000 11.018194
2455382.649950 0.000000 0.000000 9.049760
2455382.749950 0.000000 0.000000 4.436510
2455382.849950 0.000000 0.000000 -1.612268
2455382.949950 0.000000 0.000000 -7.492014
2455383.049950 0.000000 0.000000 -11.625571
2455383.149950 0.000000 0.000000 -12.879803
2455383.249950 0.000000 0.000000 -10.866508
2455383.349950 0.000000 0.000000 -6.048356
2455383.449950 0.000000 0.000000 0.378265
2455383.549950 0.000000 0.000000 6.792996
2455383.649950 0.000000 0.000000 11.572751
2455383.749950 0.000000 0.000000 13.514082
2455383.849950 0.000000 0.000000 12.145922
2455383.949950 0.000000 0.000000 7.850769
2455384.049950 0.000000 0.000000 1.762630
2455384.149950 0.000000 0.000000 -4.531340
2455384.249950 0.000000 0.000000 -9.407096
2455384.349950 0.000000 0.000000 -11.628489
2455384.449950 0.000000 0.000000 -10.669112
2455384.549950 0.000000 0.000000 -6.846803
2455384.649950 0.000000 0.000000 -1.235726
2455384.749950 0.000000 0.000000 4.620570
2455384.849950 0.000000 0.000000 9.119408
2455384.949950 0.000000 0.000000 11.024417
2455385.049950 0.000000 0.000000 9.794064
2455385.149950 0.000000 0.000000 5.726704
2455385.249950 0.000000 0.000000 -0.116165
2455385.349950 0.000000 0.000000 -6.188360
2455385.449950 0.000000 0.000000 -10.866073
2455385.549950 0.000000 0.000000 -12.876473
2455385.649950 0.000000 0.000000 -11.635122
2455385.749950 0.000000 0.000000 -7.403308
2455385.849950 0.000000 0.000000 -1.223723
2455385.949950 0.000000 0.000000 5.348924
2455386.049950 0.000000 0.000000 10.651849
2455386.149950 0.000000 0.000000 13.346867
2455386.249950 0.000000 0.000000 12.768363
2455386.349950 0.000000 0.000000 9.095368
2455386.449950 0.000000 0.000000 3.302703
2455386.549950 0.000000 0.000000 -3.095841
2455386.649950 0.000000 0.000000 -8.444757
2455386.749950 0.000000 0.000000 -11.380153
2455386.849950 0.000000 0.000000 -11.185390
2455386.949950 0.000000 0.000000 -7.975750
2455387.049950 0.000000 0.000000 -2.663865
2455387.149950 0.000000 0.000000 3.284752
2455387.249950 0.000000 0.000000 8.241482
2455387.349950 0.000000 0.000000 10.846973
2455387.449950 0.000000 0.000000 10.372164
2455387.549950 0.000000 0.000000 6.912847
2455387.649950 0.000000 0.000000 1.366429
2455387.749950 0.000000 0.000000 -4.803125
2455387.849950 0.000000 0.000000 -9.950448
2455387.949950 0.000000 0.000000 -12.682778
2455388.049950 0.000000 0.000000 -12.228649
2455388.149950 0.000000 0.000000 -8.644207
2455388.249950 0.000000 0.000000 -2.802672
2455388.349950 0.000000 0.000000 3.830546
2455388.449950 0.000000 0.000000 9.578300
2455388.549950 0.000000 0.000000 12.988043
2455388.649950 0.000000 0.000000 13.209687
2455388.749950 0.000000 0.000000 10.215934
2455388.849950 0.000000 0.000000 4.807380
2455388.949950 0.000000 0.000000 -1.598806
2455389.049950 0.000000 0.000000 -7.341032
2455389.149950 0.000000 0.000000 -10.948486
2455389.249950 0.000000 0.000000 -11.525107
2455389.349950 0.000000 0.000000 -8.981599
2455389.449950 0.000000 0.000000 -4.054739
2455389.549950 0.000000 0.000000 1.890813
2455389.649950 0.000000 0.000000 7.225820
2455389.749950 0.000000 0.000000 10.489088
2455389.849950 0.000000 0.000000 10.775423
2455389.949950 0.000000 0.000000 7.976694
2455390.049950 0.000000 0.000000 2.812451
2455390.149950 0.000000 0.000000 -3.358109
2455390.249950 0.000000 0.000000 -8.893476
2455390.349950 0.000000 0.000000 -12.302544
2455390.449950 0.000000 0.000000 -12.638906
2455390.549950 0.000000 0.000000 -9.752946
2455390.649950 0.000000 0.000000 -4.335247
2455390.749950 0.000000 0.000000 2.260358
2455390.849950 0.000000 0.000000 8.367904
2455390.949950 0.000000 0.000000 12.442610
2455391.049950 0.000000 0.000000 13.462813
2455391.149950 0.000000 0.000000 11.195186
2455391.249950 0.000000 0.000000 6.253724
2455391.349950 0.000000 0.000000 -0.062816
2455391.449950 0.000000 0.000000 -6.112241
2455391.549950 0.000000 0.000000 -10.339299
2455391.649950 0.000000 0.000000 -11.682095
2455391.749950 0.000000 0.000000 -9.847882
2455391.849950 0.000000 0.000000 -5.385979
2455391.949950 0.000000 0.000000 0.461088
2455392.049950 0.000000 0.000000 6.088793
2455392.149950 0.000000 0.000000 9.956819
2455392.249950 0.000000 0.000000 10.997955
2455392.349950 0.000000 0.000000 8.901943
2455392.449950 0.000000 0.000000 4.199465
2455392.549950 0.000000 0.000000 -1.875976
2455392.649950 0.000000 0.000000 -7.712064
2455392.749950 0.000000 0.000000 -11.742438
2455392.849950 0.000000 0.000000 -12.860510
2455392.949950 0.000000 0.000000 -10.713448
2455393.049950 0.000000 0.000000 -5.798838
2455393.149950 0.000000 0.000000 0.661624
2455393.249950 0.000000 0.000000 7.038528
2455393.349950 0.000000 0.000000 11.718387
2455393.449950 0.000000 0.000000 13.523498
2455393.549950 0.000000 0.000000 12.017955
2455393.649950 0.000000 0.000000 7.619635
2455393.749950 0.000000 0.000000 1.488894
2455393.849950 0.000000 0.000000 -4.776672
2455393.949950 0.000000 0.000000 -9.561171
2455394.049950 0.000000 0.000000 -11.653019
2455394.149950 0.000000 0.000000 -10.560287
2455394.249950 0.000000 0.000000 -6.636119
2455394.349950 0.000000 0.000000 -0.981513
2455394.449950 0.000000 0.000000 4.848677
2455394.549950 0.000000 0.000000 9.258955
2455394.649950 0.000000 0.000000 11.036714
2455394.749950 0.000000 0.000000 9.674486
2455394.849950 0.000000 0.000000 5.505999
2455394.949950 0.000000 0.000000 -0.379908
2455395.049950 0.000000 0.000000 -6.424988
2455395.149950 0.000000 0.000000 -11.011856
2455395.249950 0.000000 0.000000 -12.890960
2455395.349950 0.000000 0.000000 -11.511910
2455395.449950 0.000000 0.000000 -7.171903
2455395.549950 0.000000 0.000000 -0.941974
2455395.649950 0.000000 0.000000 5.609828
2455395.749950 0.000000 0.000000 10.825897
2455395.849950 0.000000 0.000000 13.390403
2455395.949950 0.000000 0.000000 12.671420
2455396.049950 0.000000 0.000000 8.884188
2455396.149950 0.000000 0.000000 3.032789
2455396.249950 0.000000 0.000000 -3.354308
2455396.349950 0.000000 0.000000 -8.625317
2455396.449950 0.000000 0.000000 -11.437430
2455396.549950 0.000000 0.000000 -11.106879
2455396.649950 0.000000 0.000000 -7.784937
2455396.749950 0.000000 0.000000 -2.413858
2455396.849950 0.000000 0.000000 3.525371
2455396.949950 0.000000 0.000000 8.406880
2455397.049950 0.000000 0.000000 10.891534
2455397.149950 0.000000 0.000000 10.282625
2455397.249950 0.000000 0.000000 6.711884
2455397.349950 0.000000 0.000000 1.106758
2455397.449950 0.000000 0.000000 -5.052598
2455397.549950 0.000000 0.000000 -10.122778
2455397.649950 0.000000 0.000000 -12.730668
2455397.749950 0.000000 0.000000 -12.137013
2455397.849950 0.000000 0.000000 -8.434302
2455397.949950 0.000000 0.000000 -2.526701
2455398.049950 0.000000 0.000000 4.102958
2455398.149950 0.000000 0.000000 9.778205
2455398.249950 0.000000 0.000000 13.065116
2455398.349950 0.000000 0.000000 13.145305
2455398.449950 0.000000 0.000000 10.027958
2455398.549950 0.000000 0.000000 4.545399
2455398.649950 0.000000 0.000000 -1.866517
2455398.749950 0.000000 0.000000 -7.545421
2455398.849950 0.000000 0.000000 -11.037778
2455398.949950 0.000000 0.000000 -11.478287
2455399.049950 0.000000 0.000000 -8.813767
2455399.149950 0.000000 0.000000 -3.812956
2455399.249950 0.000000 0.000000 2.140090
2455399.349950 0.000000 0.000000 7.414397
2455399.449950 0.000000 0.000000 10.565137
2455399.549950 0.000000 0.000000 10.717250
2455399.649950 0.000000 0.000000 7.798560
2455399.749950 0.000000 0.000000 2.560888
2455399.849950 0.000000 0.000000 -3.616506
2455399.949950 0.000000 0.000000 -9.089583
2455400.049950 0.000000 0.000000 -12.382953
2455400.149950 0.000000 0.000000 -12.580090
2455400.249950 0.000000 0.000000 -9.567597
2455400.349950 0.000000 0.000000 -4.069129
2455400.449950 0.000000 0.000000 2.540240
2455400.549950 0.000000 0.000000 8.590720
2455400.649950 0.000000 0.000000 12.552130
2455400.749950 0.000000 0.000000 13.432038
2455400.849950 0.000000 0.000000 11.033317
2455400.949950 0.000000 0.000000 6.003674
2455401.049950 0.000000 0.000000 -0.335729
2455401.149950 0.000000 0.000000 -6.337427
2455401.249950 0.000000 0.000000 -10.459378
2455401.349950 0.000000 0.000000 -11.667851
2455401.449950 0.000000 0.000000 -9.705788
2455401.549950 0.000000 0.000000 -5.156312
2455401.649950 0.000000 0.000000 0.715028
2455401.749950 0.000000 0.000000 6.297513
2455401.849950 0.000000 0.000000 10.063084
2455401.949950 0.000000 0.000000 10.971985
2455402.049950 0.000000 0.000000 8.749363
2455402.149950 0.000000 0.000000 3.959909
2455402.249950 0.000000 0.000000 -2.139250
2455402.349950 0.000000 0.000000 -7.928820
2455402.449950 0.000000 0.000000 -11.853988
2455402.549950 0.000000 0.000000 -12.835256
2455402.649950 0.000000 0.000000 -10.555333
2455402.749950 0.000000 0.000000 -5.546496
2455402.849950 0.000000 0.000000 0.944831
2455402.949950 0.000000 0.000000 7.280962
2455403.049950 0.000000 0.000000 11.858774
2455403.149950 0.000000 0.000000 13.526870
2455403.249950 0.000000 0.000000 11.884707
2455403.349950 0.000000 0.000000 7.385339
2455403.449950 0.000000 0.000000 1.214913
2455403.549950 0.000000 0.000000 -5.019297
2455403.649950 0.000000 0.000000 -9.710325
2455403.749950 0.000000 0.000000 -11.671730
2455403.849950 0.000000 0.000000 -10.446290
2455403.949950 0.000000 0.000000 -6.422275
2455404.049950 0.000000 0.000000 -0.726980
2455404.149950 0.000000 0.000000 5.074188
2455404.249950 0.000000 0.000000 9.393692
2455404.349950 0.000000 0.000000 11.043273
2455404.449950 0.000000 0.000000 9.549780
2455404.549950 0.000000 0.000000 5.282155
2455404.649950 0.000000 0.000000 -0.643945
2455404.749950 0.000000 0.000000 -6.658955
2455404.849950 0.000000 0.000000 -11.152696
2455404.949950 0.000000 0.000000 -12.899497
2455405.049950 0.000000 0.000000 -11.383292
2455405.149950 0.000000 0.000000 -6.937047
2455405.249950 0.000000 0.000000 -0.659636
2455405.349950 0.000000 0.000000 5.868294
2455405.449950 0.000000 0.000000 10.995104
2455405.549950 0.000000 0.000000 13.427945
2455405.649950 0.000000 0.000000 12.568876
2455405.749950 0.000000 0.000000 8.669240
2455405.849950 0.000000 0.000000 2.761900
2455405.949950 0.000000 0.000000 -3.610735
2455406.049950 0.000000 0.000000 -8.801383
2455406.149950 0.000000 0.000000 -11.488965
2455406.249950 0.000000 0.000000 -11.022905
2455406.349950 0.000000 0.000000 -7.590382
2455406.449950 0.000000 0.000000 -2.162815
2455406.549950 0.000000 0.000000 3.764058
2455406.649950 0.000000 0.000000 8.567898
2455406.749950 0.000000 0.000000 10.930443
2455406.849950 0.000000 0.000000 10.187673
2455406.949950 0.000000 0.000000 6.507203
2455407.049950 0.000000 0.000000 0.846072
2455407.149950 0.000000 0.000000 -5.300084
2455407.249950 0.000000 0.000000 -10.290613
2455407.349950 0.000000 0.000000 -12.772712
2455407.449950 0.000000 0.000000 -12.039700
2455407.549950 0.000000 0.000000 -8.220371
2455407.649950 0.000000 0.000000 -2.249410
2455407.749950 0.000000 0.000000 4.373627
2455407.849950 0.000000 0.000000 9.973749
2455407.949950 0.000000 0.000000 13.136336
2455408.049950 0.000000 0.000000 13.075086
2455408.149950 0.000000 0.000000 9.835665
2455408.249950 0.000000 0.000000 4.281724
2455408.349950 0.000000 0.000000 -2.132887
2455408.449950 0.000000 0.000000 -7.745814
2455408.549950 0.000000 0.000000 -11.121495
2455408.649950 0.000000 0.000000 -11.425795
2455408.749950 0.000000 0.000000 -8.641668
2455408.849950 0.000000 0.000000 -3.569435
2455408.949950 0.000000 0.000000 2.388125
2455409.049950 0.000000 0.000000 7.599094
2455409.149950 0.000000 0.000000 10.635706
2455409.249950 0.000000 0.000000 10.653467
2455409.349950 0.000000 0.000000 7.616188
2455409.449950 0.000000 0.000000 2.307606
2455409.549950 0.000000 0.000000 -3.873619
2455409.649950 0.000000 0.000000 -9.281710
2455409.749950 0.000000 0.000000 -12.457709
2455409.849950 0.000000 0.000000 -12.515412
2455409.949950 0.000000 0.000000 -9.377708
2455410.049950 0.000000 0.000000 -3.800982
2455410.149950 0.000000 0.000000 2.819104
2455410.249950 0.000000 0.000000 8.809721
2455410.349950 0.000000 0.000000 12.656025
2455410.449950 0.000000 0.000000 13.395278
2455410.549950 0.000000 0.000000 10.866647
2455410.649950 0.000000 0.000000 5.751234
2455410.749950 0.000000 0.000000 -0.608021
2455410.849950 0.000000 0.000000 -6.559178
2455410.949950 0.000000 0.000000 -10.574133
2455411.049950 0.000000 0.000000 -11.647815
2455411.149950 0.000000 0.000000 -9.558968
2455411.249950 0.000000 0.000000 -4.924231
2455411.349950 0.000000 0.000000 0.968439
2455411.449950 0.000000 0.000000 6.502914
2455411.549950 0.000000 0.000000 10.164129
2455411.649950 0.000000 0.000000 10.940292
2455411.749950 0.000000 0.000000 8.592092
2455411.849950 0.000000 0.000000 3.717959
2455411.949950 0.000000 0.000000 -2.401960
2455412.049950 0.000000 0.000000 -8.142172
2455412.149950 0.000000 0.000000 -11.960163
2455412.249950 0.000000 0.000000 -12.804046
2455412.349950 0.000000 0.000000 -10.392235
2455412.449950 0.000000 0.000000 -5.291446
2455412.549950 0.000000 0.000000 1.227756
2455412.649950 0.000000 0.000000 7.520186
2455412.749950 0.000000 0.000000 11.993850
2455412.849950 0.000000 0.000000 13.524198
2455412.949950 0.000000 0.000000 11.746244
2455413.049950 0.000000 0.000000 7.147995
2455413.149950 0.000000 0.000000 0.940819
2455413.249950 0.000000 0.000000 -5.259101
2455413.349950 0.000000 0.000000 -9.854493
2455413.449950 0.000000 0.000000 -11.684620
2455413.549950 0.000000 0.000000 -10.327182
2455413.649950 0.000000 0.000000 -6.205379
2455413.749950 0.000000 0.000000 -0.472255
2455413.849950 0.000000 0.000000 5.296993
2455413.949950 0.000000 0.000000 9.523550
2455414.049950 0.000000 0.000000 11.044090
2455414.149950 0.000000 0.000000 9.420004
2455414.249950 0.000000 0.000000 5.055279
2455414.349950 0.000000 0.000000 -0.908147
2455414.449950 0.000000 0.000000 -6.890146
2455414.549950 0.000000 0.000000 -11.288520
2455414.649950 0.000000 0.000000 -12.902076
2455414.749950 0.000000 0.000000 -11.249322
2455414.849950 0.000000 0.000000 -6.698845
2455414.949950 0.000000 0.000000 -0.376840
2455415.049950 0.000000 0.000000 6.124202
2455415.149950 0.000000 0.000000 11.159393
2455415.249950 0.000000 0.000000 13.459477
2455415.349950 0.000000 0.000000 12.460781
2455415.449950 0.000000 0.000000 8.450629
2455415.549950 0.000000 0.000000 2.490164
2455415.649950 0.000000 0.000000 -3.865000
2455415.749950 0.000000 0.000000 -8.972876
2455415.849950 0.000000 0.000000 -11.534739
2455415.949950 0.000000 0.000000 -10.933512
2455416.049950 0.000000 0.000000 -7.392182
2455416.149950 0.000000 0.000000 -1.910861
2455416.249950 0.000000 0.000000 4.000691
2455416.349950 0.000000 0.000000 8.724456
2455416.449950 0.000000 0.000000 10.963677
2455416.549950 0.000000 0.000000 10.087354
2455416.649950 0.000000 0.000000 6.298902
2455416.749950 0.000000 0.000000 0.584498
2455416.849950 0.000000 0.000000 -5.545461
2455416.949950 0.000000 0.000000 -10.453869
2455417.049950 0.000000 0.000000 -12.808885
2455417.149950 0.000000 0.000000 -11.936750
2455417.249950 0.000000 0.000000 -8.002509
2455417.349950 0.000000 0.000000 -1.970927
2455417.449950 0.000000 0.000000 4.642430
2455417.549950 0.000000 0.000000 10.164844
2455417.649950 0.000000 0.000000 13.201669
2455417.749950 0.000000 0.000000 12.999065
2455417.849950 0.000000 0.000000 9.639147
2455417.949950 0.000000 0.000000 4.016480
2455418.049950 0.000000 0.000000 -2.397791
2455418.149950 0.000000 0.000000 -7.942118
2455418.249950 0.000000 0.000000 -11.199601
2455418.349950 0.000000 0.000000 -11.367662
2455418.449950 0.000000 0.000000 -8.465389
2455418.549950 0.000000 0.000000 -3.324297
2455418.649950 0.000000 0.000000 2.634796
2455418.749950 0.000000 0.000000 7.779817
2455418.849950 0.000000 0.000000 10.700760
2455418.949950 0.000000 0.000000 10.584101
2455419.049950 0.000000 0.000000 7.429665
2455419.149950 0.000000 0.000000 2.052728
2455419.249950 0.000000 0.000000 -4.129323
2455419.349950 0.000000 0.000000 -9.469763
2455419.449950 0.000000 0.000000 -12.526772
2455419.549950 0.000000 0.000000 -12.444900
2455419.649950 0.000000 0.000000 -9.183364
2455419.749950 0.000000 0.000000 -3.530929
2455419.849950 0.000000 0.000000 3.096818
2455419.949950 0.000000 0.000000 9.024808
2455420.049950 0.000000 0.000000 12.754248
2455420.149950 0.000000 0.000000 13.352552
2455420.249950 0.000000 0.000000 10.695254
2455420.349950 0.000000 0.000000 5.496525
2455420.449950 0.000000 0.000000 -0.879566
2455420.549950 0.000000 0.000000 -6.777390
2455420.649950 0.000000 0.000000 -10.683515
2455420.749950 0.000000 0.000000 -11.622002
2455420.849950 0.000000 0.000000 -9.407497
2455420.949950 0.000000 0.000000 -4.689853
2455421.049950 0.000000 0.000000 1.221194
2455421.149950 0.000000 0.000000 6.704891
2455421.249950 0.000000 0.000000 10.259903
2455421.349950 0.000000 0.000000 10.902890
2455421.449950 0.000000 0.000000 8.430204
2455421.549950 0.000000 0.000000 3.473730
2455421.649950 0.000000 0.000000 -2.663980
2455421.749950 0.000000 0.000000 -8.352016
2455421.849950 0.000000 0.000000 -12.060908
2455421.949950 0.000000 0.000000 -12.766891
2455422.049950 0.000000 0.000000 -10.224226
2455422.149950 0.000000 0.000000 -5.033805
2455422.249950 0.000000 0.000000 1.510267
2455422.349950 0.000000 0.000000 7.756091
2455422.449950 0.000000 0.000000 12.123552
2455422.549950 0.000000 0.000000 13.515487
2455422.649950 0.000000 0.000000 11.602632
2455422.749950 0.000000 0.000000 6.907714
2455422.849950 0.000000 0.000000 0.666741
2455422.949950 0.000000 0.000000 -5.495971
2455423.049950 0.000000 0.000000 -9.993608
2455423.149950 0.000000 0.000000 -11.691687
2455423.249950 0.000000 0.000000 -10.203024
2455423.349950 0.000000 0.000000 -5.985540
2455423.449950 0.000000 0.000000 -0.217465
2455423.549950 0.000000 0.000000 5.516978
2455423.649950 0.000000 0.000000 9.648464
2455423.749950 0.000000 0.000000 11.039161
2455423.849950 0.000000 0.000000 9.285220
2455423.949950 0.000000 0.000000 4.825481
2455424.049950 0.000000 0.000000 -1.172385
2455424.149950 0.000000 0.000000 -7.118447
2455424.249950 0.000000 0.000000 -11.419261
2455424.349950 0.000000 0.000000 -12.898691
2455424.449950 0.000000 0.000000 -11.110061
2455424.549950 0.000000 0.000000 -6.457409
2455424.649950 0.000000 0.000000 -0.093716
2455424.749950 0.000000 0.000000 6.377435
2455424.849950 0.000000 0.000000 11.318689
2455424.949950 0.000000 0.000000 13.484986
2455425.049950 0.000000 0.000000 12.347189
2455425.149950 0.000000 0.000000 8.228458
2455425.249950 0.000000 0.000000 2.217710
2455425.349950 0.000000 0.000000 -4.116984
2455425.449950 0.000000 0.000000 -9.139717
2455425.549950 0.000000 0.000000 -11.574735
2455425.649950 0.000000 0.000000 -10.838748
2455425.749950 0.000000 0.000000 -7.190440
2455425.849950 0.000000 0.000000 -1.658121
2455425.949950 0.000000 0.000000 4.235154
2455426.049950 0.000000 0.000000 8.876473
2455426.149950 0.000000 0.000000 10.991220
2455426.249950 0.000000 0.000000 9.981713
2455426.349950 0.000000 0.000000 6.087081
2455426.449950 0.000000 0.000000 0.322162
2455426.549950 0.000000 0.000000 -5.788610
2455426.649950 0.000000 0.000000 -10.612463
2455426.749950 0.000000 0.000000 -12.839167
2455426.849950 0.000000 0.000000 -11.828209
2455426.949950 0.000000 0.000000 -7.780817
2455427.049950 0.000000 0.000000 -1.691382
2455427.149950 0.000000 0.000000 4.909242
2455427.249950 0.000000 0.000000 10.351401
2455427.349950 0.000000 0.000000 13.261089
2455427.449950 0.000000 0.000000 12.917280
2455427.549950 0.000000 0.000000 9.438499
2455427.649950 0.000000 0.000000 3.749792
2455427.749950 0.000000 0.000000 -2.661103
2455427.849950 0.000000 0.000000 -8.134244
2455427.949950 0.000000 0.000000 -11.272063
2455428.049950 0.000000 0.000000 -11.303920
2455428.149950 0.000000 0.000000 -8.285022
2455428.249950 0.000000 0.000000 -3.077666
2455428.349950 0.000000 0.000000 2.879979
2455428.449950 0.000000 0.000000 7.956477
2455428.549950 0.000000 0.000000 10.760263
2455428.649950 0.000000 0.000000 10.509185
2455428.749950 0.000000 0.000000 7.239080
2455428.849950 0.000000 0.000000 1.796376
2455428.949950 0.000000 0.000000 -4.383492
2455429.049950 0.000000 0.000000 -9.653648
2455429.149950 0.000000 0.000000 -12.590103
2455429.249950 0.000000 0.000000 -12.368581
2455429.349950 0.000000 0.000000 -8.984654
2455429.449950 0.000000 0.000000 -3.259093
2455429.549950 0.000000 0.000000 3.373256
2455429.649950 0.000000 0.000000 9.235882
2455429.749950 0.000000 0.000000 12.846754
2455429.849950 0.000000 0.000000 13.303883
2455429.949950 0.000000 0.000000 10.519223
2455430.049950 0.000000 0.000000 5.239669
2455430.149950 0.000000 0.000000 -1.150235
2455430.249950 0.000000 0.000000 -6.991963
2455430.349950 0.000000 0.000000 -10.787476
2455430.449950 0.000000 0.000000 -11.590429
2455430.549950 0.000000 0.000000 -9.251455
2455430.649950 0.000000 0.000000 -4.453295
2455430.749950 0.000000 0.000000 1.473168
2455430.849950 0.000000 0.000000 6.903344
2455430.949950 0.000000 0.000000 10.350356
2455431.049950 0.000000 0.000000 10.859795
2455431.149950 0.000000 0.000000 8.263778
2455431.249950 0.000000 0.000000 3.227342
2455431.349950 0.000000 0.000000 -2.925181
2455431.449950 0.000000 0.000000 -8.558247
2455431.549950 0.000000 0.000000 -12.156170
2455431.649950 0.000000 0.000000 -12.723804
2455431.749950 0.000000 0.000000 -10.051382
2455431.849950 0.000000 0.000000 -4.773692
2455431.949950 0.000000 0.000000 1.792235
2455432.049950 0.000000 0.000000 7.988566
2455432.149950 0.000000 0.000000 12.247822
2455432.249950 0.000000 0.000000 13.500742
2455432.349950 0.000000 0.000000 11.453942
2455432.449950 0.000000 0.000000 6.664613
2455432.549950 0.000000 0.000000 0.392808
2455432.649950 0.000000 0.000000 -5.729799
2455432.749950 0.000000 0.000000 -10.127608
2455432.849950 0.000000 0.000000 -11.692932
2455432.949950 0.000000 0.000000 -10.073881
2455433.049950 0.000000 0.000000 -5.762870
2455433.149950 0.000000 0.000000 0.037263
2455433.249950 0.000000 0.000000 5.734033
2455433.349950 0.000000 0.000000 9.768371
2455433.449950 0.000000 0.000000 11.028485
2455433.549950 0.000000 0.000000 9.145491
2455433.649950 0.000000 0.000000 4.592870
2455433.749950 0.000000 0.000000 -1.436532
2455433.849950 0.000000 0.000000 -7.343745
2455433.949950 0.000000 0.000000 -11.544850
2455434.049950 0.000000 0.000000 -12.889338
2455434.149950 0.000000 0.000000 -10.965569
2455434.249950 0.000000 0.000000 -6.212847
2455434.349950 0.000000 0.000000 0.189605
2455434.449950 0.000000 0.000000 6.627875
2455434.549950 0.000000 0.000000 11.472919
2455434.649950 0.000000 0.000000 13.504464
2455434.749950 0.000000 0.000000 12.228155
2455434.849950 0.000000 0.000000 8.002835
2455434.949950 0.000000 0.000000 1.944667
2455435.049950 0.000000 0.000000 -4.366570
2455435.149950 0.000000 0.000000 -9.301830
2455435.249950 0.000000 0.000000 -11.608937
2455435.349950 0.000000 0.000000 -10.738664
2455435.449950 0.000000 0.000000 -6.985256
2455435.549950 0.000000 0.000000 -1.404724
2455435.649950 0.000000 0.000000 4.467330
2455435.749950 0.000000 0.000000 9.023875
2455435.849950 0.000000 0.000000 11.013053
2455435.949950 0.000000 0.000000 9.870800
2455436.049950 0.000000 0.000000 5.871841
2455436.149950 0.000000 0.000000 0.059192
2455436.249950 0.000000 0.000000 -6.029411
2455436.349950 0.000000 0.000000 -10.766315
2455436.449950 0.000000 0.000000 -12.863536
2455436.549950 0.000000 0.000000 -11.714123
2455436.649950 0.000000 0.000000 -7.555396
2455436.749950 0.000000 0.000000 -1.410902
2455436.849950 0.000000 0.000000 5.173939
2455436.949950 0.000000 0.000000 10.533334
2455437.049950 0.000000 0.000000 13.314568
2455437.149950 0.000000 0.000000 12.829772
2455437.249950 0.000000 0.000000 9.233818
2455437.349950 0.000000 0.000000 3.481788
2455437.449950 0.000000 0.000000 -2.922699
2455437.549950 0.000000 0.000000 -8.322102
2455437.649950 0.000000 0.000000 -11.338851
2455437.749950 0.000000 0.000000 -11.234606
2455437.849950 0.000000 0.000000 -8.100658
2455437.949950 0.000000 0.000000 -2.829665
2455438.049950 0.000000 0.000000 3.123551
2455438.149950 0.000000 0.000000 8.128984
2455438.249950 0.000000 0.000000 10.814185
2455438.349950 0.000000 0.000000 10.428751
2455438.449950 0.000000 0.000000 7.044525
2455438.549950 0.000000 0.000000 1.538675
2455438.649950 0.000000 0.000000 -4.636002
2455438.749950 0.000000 0.000000 -9.833273
2455438.849950 0.000000 0.000000 -12.647668
2455438.949950 0.000000 0.000000 -12.286487
2455439.049950 0.000000 0.000000 -8.781668
2455439.149950 0.000000 0.000000 -2.985601
2455439.249950 0.000000 0.000000 3.648289
2455439.349950 0.000000 0.000000 9.442844
2455439.449950 0.000000 0.000000 12.933503
2455439.549950 0.000000 0.000000 13.249295
2455439.649950 0.000000 0.000000 10.338638
2455439.749950 0.000000 0.000000 4.980788
2455439.849950 0.000000 0.000000 -1.419901
2455439.949950 0.000000 0.000000 -7.202796
2455440.049950 0.000000 0.000000 -10.885969
2455440.149950 0.000000 0.000000 -11.553118
2455440.249950 0.000000 0.000000 -9.090921
2455440.349950 0.000000 0.000000 -4.214678
2455440.449950 0.000000 0.000000 1.724235
2455440.549950 0.000000 0.000000 7.098174
2455440.649950 0.000000 0.000000 10.435442
2455440.749950 0.000000 0.000000 10.811026
2455440.849950 0.000000 0.000000 8.092892
2455440.949950 0.000000 0.000000 2.978912
2455441.049950 0.000000 0.000000 -3.185436
2455441.149950 0.000000 0.000000 -8.760764
2455441.249950 0.000000 0.000000 -12.245900
2455441.349950 0.000000 0.000000 -12.674801
2455441.449950 0.000000 0.000000 -9.873780
2455441.549950 0.000000 0.000000 -4.511225
2455441.649950 0.000000 0.000000 2.073529
2455441.749950 0.000000 0.000000 8.217505
2455441.849950 0.000000 0.000000 12.366603
2455441.949950 0.000000 0.000000 13.479974
2455442.049950 0.000000 0.000000 11.300246
2455442.149950 0.000000 0.000000 6.418807
2455442.249950 0.000000 0.000000 0.119150
2455442.349950 0.000000 0.000000 -5.960474
2455442.449950 0.000000 0.000000 -10.256434
2455442.549950 0.000000 0.000000 -11.688360
2455442.649950 0.000000 0.000000 -9.939822
2455442.749950 0.000000 0.000000 -5.537480
2455442.849950 0.000000 0.000000 0.291802
2455442.949950 0.000000 0.000000 5.948051
2455443.049950 0.000000 0.000000 9.883208
2455443.149950 0.000000 0.000000 11.012067
2455443.249950 0.000000 0.000000 9.000884
2455443.349950 0.000000 0.000000 4.357560
2455443.449950 0.000000 0.000000 -1.700458
2455443.549950 0.000000 0.000000 -7.565930
2455443.649950 0.000000 0.000000 -11.665224
2455443.749950 0.000000 0.000000 -12.874018
2455443.849950 0.000000 0.000000 -10.815912
2455443.949950 0.000000 0.000000 -5.965271
2455444.049950 0.000000 0.000000 0.472992
2455444.149950 0.000000 0.000000 6.875407
2455444.249950 0.000000 0.000000 11.622012
2455444.349950 0.000000 0.000000 13.517902
2455444.449950 0.000000 0.000000 12.103738
2455444.549950 0.000000 0.000000 7.773867
2455444.649950 0.000000 0.000000 1.671164
2455444.749950 0.000000 0.000000 -4.613641
2455444.849950 0.000000 0.000000 -9.459141
2455444.949950 0.000000 0.000000 -11.637336
2455445.049950 0.000000 0.000000 -10.633315
2455445.149950 0.000000 0.000000 -6.776736
2455445.249950 0.000000 0.000000 -1.150794
2455445.349950 0.000000 0.000000 4.697100
2455445.449950 0.000000 0.000000 9.166585
2455445.549950 0.000000 0.000000 11.029165
2455445.649950 0.000000 0.000000 9.754667
2455445.749950 0.000000 0.000000 5.653285
2455445.849950 0.000000 0.000000 -0.204285
2455445.949950 0.000000 0.000000 -6.267746
2455446.049950 0.000000 0.000000 -10.915349
2455446.149950 0.000000 0.000000 -12.881977
2455446.249950 0.000000 0.000000 -11.594541
2455446.349950 0.000000 0.000000 -7.326348
2455446.449950 0.000000 0.000000 -1.129616
2455446.549950 0.000000 0.000000 5.436400
2455446.649950 0.000000 0.000000 10.710561
2455446.749950 0.000000 0.000000 13.362085
2455446.849950 0.000000 0.000000 12.736584
2455446.949950 0.000000 0.000000 9.025202
2455447.049950 0.000000 0.000000 3.212596
2455447.149950 0.000000 0.000000 -3.182458
2455447.249950 0.000000 0.000000 -8.505607
2455447.349950 0.000000 0.000000 -11.399937
2455447.449950 0.000000 0.000000 -11.159757
2455447.549950 0.000000 0.000000 -7.912390
2455447.649950 0.000000 0.000000 -2.580419
2455447.749950 0.000000 0.000000 3.365391
2455447.849950 0.000000 0.000000 8.297251
2455447.949950 0.000000 0.000000 10.862496
2455448.049950 0.000000 0.000000 10.342838
2455448.149950 0.000000 0.000000 6.846091
2455448.249950 0.000000 0.000000 1.279750
2455448.349950 0.000000 0.000000 -4.886730
2455448.449950 0.000000 0.000000 -10.008548
2455448.549950 0.000000 0.000000 -12.699434
2455448.649950 0.000000 0.000000 -12.198652
2455448.749950 0.000000 0.000000 -8.574497
2455448.849950 0.000000 0.000000 -2.710579
2455448.949950 0.000000 0.000000 3.921791
2455449.049950 0.000000 0.000000 9.645601
2455449.149950 0.000000 0.000000 13.014455
2455449.249950 0.000000 0.000000 13.188818
2455449.349950 0.000000 0.000000 10.153586
2455449.449950 0.000000 0.000000 4.720004
2455449.549950 0.000000 0.000000 -1.688435
2455449.649950 0.000000 0.000000 -7.409792
2455449.749950 0.000000 0.000000 -10.978952
2455449.849950 0.000000 0.000000 -11.510089
2455449.949950 0.000000 0.000000 -8.925978
2455450.049950 0.000000 0.000000 -3.974120
2455450.149950 0.000000 0.000000 1.974269
2455450.249950 0.000000 0.000000 7.289281
2455450.349950 0.000000 0.000000 10.515116
2455450.449950 0.000000 0.000000 10.756604
2455450.549950 0.000000 0.000000 7.917627
2455450.649950 0.000000 0.000000 2.728561
2455450.749950 0.000000 0.000000 -3.444618
2455450.849950 0.000000 0.000000 -8.959465
2455450.949950 0.000000 0.000000 -12.330049
2455451.049950 0.000000 0.000000 -12.619899
2455451.149950 0.000000 0.000000 -9.691500
2455451.249950 0.000000 0.000000 -4.246526
2455451.349950 0.000000 0.000000 2.354019
2455451.449950 0.000000 0.000000 8.442802
2455451.549950 0.000000 0.000000 12.479842
2455451.649950 0.000000 0.000000 13.453193
2455451.749950 0.000000 0.000000 11.141618
2455451.849950 0.000000 0.000000 6.170413
2455451.949950 0.000000 0.000000 -0.154103
2455452.049950 0.000000 0.000000 -6.187889
2455452.149950 0.000000 0.000000 -10.380027
2455452.249950 0.000000 0.000000 -11.677979
2455452.349950 0.000000 0.000000 -9.800915
2455452.449950 0.000000 0.000000 -5.309484
2455452.549950 0.000000 0.000000 0.546023
2455452.649950 0.000000 0.000000 6.158924
2455452.749950 0.000000 0.000000 9.992918
2455452.849950 0.000000 0.000000 10.989912
2455452.949950 0.000000 0.000000 8.851467
2455453.049950 0.000000 0.000000 4.119663
2455453.149950 0.000000 0.000000 -1.964035
2455453.249950 0.000000 0.000000 -7.784891
2455453.349950 0.000000 0.000000 -11.780320
2455453.449950 0.000000 0.000000 -12.852732
2455453.549950 0.000000 0.000000 -10.661154
2455453.649950 0.000000 0.000000 -5.714796
2455453.749950 0.000000 0.000000 0.756315
2455453.849950 0.000000 0.000000 7.119916
2455453.949950 0.000000 0.000000 11.765901
2455454.049950 0.000000 0.000000 13.525298
2455454.149950 0.000000 0.000000 11.973999
2455454.249950 0.000000 0.000000 7.541663
2455454.349950 0.000000 0.000000 1.397331
2455454.449950 0.000000 0.000000 -4.858081
2455454.549950 0.000000 0.000000 -9.611579
2455454.649950 0.000000 0.000000 -11.659921
2455454.749950 0.000000 0.000000 -10.522754
2455454.849950 0.000000 0.000000 -6.564984
2455454.949950 0.000000 0.000000 -0.896460
2455455.049950 0.000000 0.000000 4.924352
2455455.149950 0.000000 0.000000 9.304532
2455455.249950 0.000000 0.000000 11.039545
2455455.349950 0.000000 0.000000 9.633368
2455455.449950 0.000000 0.000000 5.431519
2455455.549950 0.000000 0.000000 -0.468141
2455455.649950 0.000000 0.000000 -6.503497
2455455.749950 0.000000 0.000000 -11.059488
2455455.849950 0.000000 0.000000 -12.894476
2455455.949950 0.000000 0.000000 -11.469516
2455456.049950 0.000000 0.000000 -7.093777
2455456.149950 0.000000 0.000000 -0.847656
2455456.249950 0.000000 0.000000 5.696502
2455456.349950 0.000000 0.000000 10.883000
2455456.449950 0.000000 0.000000 13.403620
2455456.549950 0.000000 0.000000 12.637764
2455456.649950 0.000000 0.000000 8.812752
2455456.749950 0.000000 0.000000 2.942342
2455456.849950 0.000000 0.000000 -3.440256
2455456.949950 0.000000 0.000000 -8.684674
2455457.049950 0.000000 0.000000 -11.455296
2455457.149950 0.000000 0.000000 -11.079415
2455457.249950 0.000000 0.000000 -7.720315
2455457.349950 0.000000 0.000000 -2.330052
2455457.449950 0.000000 0.000000 3.605378
2455457.549950 0.000000 0.000000 8.461194
2455457.649950 0.000000 0.000000 10.905170
2455457.749950 0.000000 0.000000 10.251485
2455457.849950 0.000000 0.000000 6.643875
2455457.949950 0.000000 0.000000 1.019726
2455458.049950 0.000000 0.000000 -5.135552
2455458.149950 0.000000 0.000000 -10.179384
2455458.249950 0.000000 0.000000 -12.745373
2455458.349950 0.000000 0.000000 -12.105114
2455458.449950 0.000000 0.000000 -8.363235
2455458.549950 0.000000 0.000000 -2.434152
2455458.649950 0.000000 0.000000 4.193634
2455458.749950 0.000000 0.000000 9.844059
2455458.849950 0.000000 0.000000 13.089576
2455458.949950 0.000000 0.000000 13.122481
2455459.049950 0.000000 0.000000 9.964156
2455459.149950 0.000000 0.000000 4.457443
2455459.249950 0.000000 0.000000 -1.955712
2455459.349950 0.000000 0.000000 -7.612855
2455459.449950 0.000000 0.000000 -11.066385
2455459.549950 0.000000 0.000000 -11.461370
2455459.649950 0.000000 0.000000 -8.756710
2455459.749950 0.000000 0.000000 -3.731742
2455459.849950 0.000000 0.000000 2.223144
2455459.949950 0.000000 0.000000 7.476572
2455460.049950 0.000000 0.000000 10.589337
2455460.149950 0.000000 0.000000 10.696553
2455460.249950 0.000000 0.000000 7.738067
2455460.349950 0.000000 0.000000 2.476410
2455460.449950 0.000000 0.000000 -3.702600
2455460.549950 0.000000 0.000000 -9.154252
2455460.649950 0.000000 0.000000 -12.408573
2455460.749950 0.000000 0.000000 -12.559121
2455460.849950 0.000000 0.000000 -9.504624
2455460.949950 0.000000 0.000000 -3.979716
2455461.049950 0.000000 0.000000 2.633575
2455461.149950 0.000000 0.000000 8.664354
2455461.249950 0.000000 0.000000 12.587488
2455461.349950 0.000000 0.000000 13.420416
2455461.449950 0.000000 0.000000 10.978135
2455461.549950 0.000000 0.000000 5.919551
2455461.649950 0.000000 0.000000 -0.426823
2455461.749950 0.000000 0.000000 -6.411939
2455461.849950 0.000000 0.000000 -10.498332
2455461.949950 0.000000 0.000000 -11.661797
2455462.049950 0.000000 0.000000 -9.657233
2455462.149950 0.000000 0.000000 -5.078997
2455462.249950 0.000000 0.000000 0.799800
2455462.349950 0.000000 0.000000 6.366547
2455462.449950 0.000000 0.000000 10.097444
2455462.549950 0.000000 0.000000 10.962027
2455462.649950 0.000000 0.000000 8.697310
2455462.749950 0.000000 0.000000 3.879294
2455462.849950 0.000000 0.000000 -2.227134
2455462.949950 0.000000 0.000000 -8.000520
2455463.049950 0.000000 0.000000 -11.890080
2455463.149950 0.000000 0.000000 -12.825485
2455463.249950 0.000000 0.000000 -10.501366
2455463.349950 0.000000 0.000000 -5.461536
2455463.449950 0.000000 0.000000 1.039442
2455463.549950 0.000000 0.000000 7.361290
2455463.649950 0.000000 0.000000 11.904520
2455463.749950 0.000000 0.000000 13.526649
2455463.849950 0.000000 0.000000 11.839000
2455463.949950 0.000000 0.000000 7.306336
2455464.049950 0.000000 0.000000 1.123298
2455464.149950 0.000000 0.000000 -5.099775
2455464.249950 0.000000 0.000000 -9.759074
2455464.349950 0.000000 0.000000 -11.676686
2455464.449950 0.000000 0.000000 -10.407042
2455464.549950 0.000000 0.000000 -6.350108
2455464.649950 0.000000 0.000000 -0.641849
2455464.749950 0.000000 0.000000 5.148972
2455464.849950 0.000000 0.000000 9.437645
2455464.949950 0.000000 0.000000 11.044185
2455465.049950 0.000000 0.000000 9.506961
2455465.149950 0.000000 0.000000 5.206650
2455465.249950 0.000000 0.000000 -0.732247
2455465.349950 0.000000 0.000000 -6.736549
2455465.449950 0.000000 0.000000 -11.198659
2455465.549950 0.000000 0.000000 -12.901022
2455465.649950 0.000000 0.000000 -11.339102
2455465.749950 0.000000 0.000000 -6.857790
2455465.849950 0.000000 0.000000 -0.565151
2455465.949950 0.000000 0.000000 5.954126
2455466.049950 0.000000 0.000000 11.050572
2455466.149950 0.000000 0.000000 13.439154
2455466.249950 0.000000 0.000000 12.533358
2455466.349950 0.000000 0.000000 8.596568
2455466.449950 0.000000 0.000000 2.671156
2455466.549950 0.000000 0.000000 -3.695974
2455466.649950 0.000000 0.000000 -8.859221
2455466.749950 0.000000 0.000000 -11.504908
2455466.849950 0.000000 0.000000 -10.993624
2455466.949950 0.000000 0.000000 -7.524530
2455467.049950 0.000000 0.000000 -2.078690
2455467.149950 0.000000 0.000000 3.843391
2455467.249950 0.000000 0.000000 8.620730
2455467.349950 0.000000 0.000000 10.942184
2455467.449950 0.000000 0.000000 10.154735
2455467.549950 0.000000 0.000000 6.437973
2455467.649950 0.000000 0.000000 0.758729
2455467.749950 0.000000 0.000000 -5.382346
2455467.849950 0.000000 0.000000 -10.345698
2455467.949950 0.000000 0.000000 -12.785458
2455468.049950 0.000000 0.000000 -12.005912
2455468.149950 0.000000 0.000000 -8.147979
2455468.249950 0.000000 0.000000 -2.156448
2455468.349950 0.000000 0.000000 4.463693
2455468.449950 0.000000 0.000000 10.038126
2455468.549950 0.000000 0.000000 13.158831
2455468.649950 0.000000 0.000000 13.050318
2455468.749950 0.000000 0.000000 9.770440
2455468.849950 0.000000 0.000000 4.193230
2455468.949950 0.000000 0.000000 -2.221605
2455469.049950 0.000000 0.000000 -7.811891
2455469.149950 0.000000 0.000000 -11.148230
2455469.249950 0.000000 0.000000 -11.406989
2455469.349950 0.000000 0.000000 -8.583204
2455469.449950 0.000000 0.000000 -3.487667
2455469.549950 0.000000 0.000000 2.470737
2455469.649950 0.000000 0.000000 7.659950
2455469.749950 0.000000 0.000000 10.658067
2455469.849950 0.000000 0.000000 10.630900
2455469.949950 0.000000 0.000000 7.554297
2455470.049950 0.000000 0.000000 2.222580
2455470.149950 0.000000 0.000000 -3.959256
2455470.249950 0.000000 0.000000 -9.345029
2455470.349950 0.000000 0.000000 -12.481430
2455470.449950 0.000000 0.000000 -12.492490
2455470.549950 0.000000 0.000000 -9.313236
2455470.649950 0.000000 0.000000 -3.710918
2455470.749950 0.000000 0.000000 2.912069
2455470.849950 0.000000 0.000000 8.882059
2455470.949950 0.000000 0.000000 12.689492
2455471.049950 0.000000 0.000000 13.381659
2455471.149950 0.000000 0.000000 10.809877
2455471.249950 0.000000 0.000000 5.666339
2455471.349950 0.000000 0.000000 -0.698880
2455471.449950 0.000000 0.000000 -6.632518
2455471.549950 0.000000 0.000000 -10.611297
2455471.649950 0.000000 0.000000 -11.639828
2455471.749950 0.000000 0.000000 -9.508850
2455471.849950 0.000000 0.000000 -4.846135
2455471.949950 0.000000 0.000000 1.053006
2455472.049950 0.000000 0.000000 6.570814
2455472.149950 0.000000 0.000000 10.196733
2455472.249950 0.000000 0.000000 10.928424
2455472.349950 0.000000 0.000000 8.538488
2455472.449950 0.000000 0.000000 3.636569
2455472.549950 0.000000 0.000000 -2.489628
2455472.649950 0.000000 0.000000 -8.212712
2455472.749950 0.000000 0.000000 -11.994446
2455472.849950 0.000000 0.000000 -12.792287
2455472.949950 0.000000 0.000000 -10.336618
2455473.049950 0.000000 0.000000 -5.205607
2455473.149950 0.000000 0.000000 1.322243
2455473.249950 0.000000 0.000000 7.599416
2455473.349950 0.000000 0.000000 12.037806
2455473.449950 0.000000 0.000000 13.521958
2455473.549950 0.000000 0.000000 11.698808
2455473.649950 0.000000 0.000000 7.067997
2455473.749950 0.000000 0.000000 0.849195
2455473.849950 0.000000 0.000000 -5.338611
2455473.949950 0.000000 0.000000 -9.901560
2455474.049950 0.000000 0.000000 -11.687630
2455474.149950 0.000000 0.000000 -10.286238
2455474.249950 0.000000 0.000000 -6.132216
2455474.349950 0.000000 0.000000 -0.387088
2455474.449950 0.000000 0.000000 5.370846
2455474.549950 0.000000 0.000000 9.565858
2455474.649950 0.000000 0.000000 11.043082
2455474.749950 0.000000 0.000000 9.375504
2455474.849950 0.000000 0.000000 4.978785
2455474.949950 0.000000 0.000000 -0.996476
2455475.049950 0.000000 0.000000 -6.966787
2455475.149950 0.000000 0.000000 -11.332792
2455475.249950 0.000000 0.000000 -12.901608
2455475.349950 0.000000 0.000000 -11.203357
2455475.449950 0.000000 0.000000 -6.618495
2455475.549950 0.000000 0.000000 -0.282231
2455475.649950 0.000000 0.000000 6.209154
2455475.749950 0.000000 0.000000 11.213200
2455475.849950 0.000000 0.000000 13.468674
2455475.949950 0.000000 0.000000 12.423420
2455476.049950 0.000000 0.000000 8.376755
2455476.149950 0.000000 0.000000 2.399165
2455476.249950 0.000000 0.000000 -3.949490
2455476.349950 0.000000 0.000000 -9.029167
2455476.449950 0.000000 0.000000 -11.548752
2455476.549950 0.000000 0.000000 -10.902430
2455476.649950 0.000000 0.000000 -7.325135
2455476.749950 0.000000 0.000000 -1.826459
2455476.849950 0.000000 0.000000 4.079312
2455476.949950 0.000000 0.000000 8.775779
2455477.049950 0.000000 0.000000 10.973518
2455477.149950 0.000000 0.000000 10.052631
2455477.249950 0.000000 0.000000 6.228484
2455477.349950 0.000000 0.000000 0.496886
2455477.449950 0.000000 0.000000 -5.626992
2455477.549950 0.000000 0.000000 -10.507404
2455477.649950 0.000000 0.000000 -12.819664
2455477.749950 0.000000 0.000000 -11.901088
2455477.849950 0.000000 0.000000 -7.928826
2455477.949950 0.000000 0.000000 -1.877596
2455478.049950 0.000000 0.000000 4.731845
2455478.149950 0.000000 0.000000 10.227713
2455478.249950 0.000000 0.000000 13.222190
2455478.349950 0.000000 0.000000 12.972366
2455478.449950 0.000000 0.000000 9.572532
2455478.549950 0.000000 0.000000 3.927489
2455478.649950 0.000000 0.000000 -2.485991
2455478.749950 0.000000 0.000000 -8.006809
2455478.849950 0.000000 0.000000 -11.224452
2455478.949950 0.000000 0.000000 -11.346977
2455479.049950 0.000000 0.000000 -8.405549
2455479.149950 0.000000 0.000000 -3.242016
2455479.249950 0.000000 0.000000 2.716925
2455479.349950 0.000000 0.000000 7.839326
2455479.449950 0.000000 0.000000 10.721269
2455479.549950 0.000000 0.000000 10.559675
2455479.649950 0.000000 0.000000 7.366406
2455479.749950 0.000000 0.000000 1.967195
2455479.849950 0.000000 0.000000 -4.214460
2455479.949950 0.000000 0.000000 -9.531699
2455480.049950 0.000000 0.000000 -12.548581
2455480.149950 0.000000 0.000000 -12.420033
2455480.249950 0.000000 0.000000 -9.117423
2455480.349950 0.000000 0.000000 -3.440255
2455480.449950 0.000000 0.000000 3.189371
2455480.549950 0.000000 0.000000 9.095815
2455480.649950 0.000000 0.000000 12.785808
2455480.749950 0.000000 0.000000 13.336944
2455480.849950 0.000000 0.000000 10.636924
2455480.949950 0.000000 0.000000 5.410899
2455481.049950 0.000000 0.000000 -0.970146
2455481.149950 0.000000 0.000000 -6.849525
2455481.249950 0.000000 0.000000 -10.718871
2455481.349950 0.000000 0.000000 -11.612088
2455481.449950 0.000000 0.000000 -9.355842
2455481.549950 0.000000 0.000000 -4.611016
2455481.649950 0.000000 0.000000 1.305514
2455481.749950 0.000000 0.000000 6.771625
2455481.849950 0.000000 0.000000 10.290733
2455481.949950 0.000000 0.000000 10.889117
2455482.049950 0.000000 0.000000 8.375075
2455482.149950 0.000000 0.000000 3.391605
2455482.249950 0.000000 0.000000 -2.751389
2455482.349950 0.000000 0.000000 -8.421359
2455482.449950 0.000000 0.000000 -12.093364
2455482.549950 0.000000 0.000000 -12.753148
2455482.649950 0.000000 0.000000 -10.166984
2455482.749950 0.000000 0.000000 -4.947127
2455482.849950 0.000000 0.000000 1.604587
2455482.949950 0.000000 0.000000 7.834187
2455483.049950 0.000000 0.000000 12.165699
2455483.149950 0.000000 0.000000 13.511229
2455483.249950 0.000000 0.000000 11.553491
2455483.349950 0.000000 0.000000 6.826761
2455483.449950 0.000000 0.000000 0.575151
2455483.549950 0.000000 0.000000 -5.574477
2455483.649950 0.000000 0.000000 -10.038972
2455483.749950 0.000000 0.000000 -11.692750
2455483.849950 0.000000 0.000000 -10.160407
2455483.949950 0.000000 0.000000 -5.911418
2455484.049950 0.000000 0.000000 -0.132304
2455484.149950 0.000000 0.000000 5.589864
2455484.249950 0.000000 0.000000 9.689106
2455484.349950 0.000000 0.000000 11.036232
2455484.449950 0.000000 0.000000 9.239060
2455484.549950 0.000000 0.000000 4.748034
2455484.649950 0.000000 0.000000 -1.260698
2455484.749950 0.000000 0.000000 -7.194096
2455484.849950 0.000000 0.000000 -11.461818
2455484.949950 0.000000 0.000000 -12.896229
2455485.049950 0.000000 0.000000 -11.062341
2455485.149950 0.000000 0.000000 -6.376002
2455485.249950 0.000000 0.000000 0.000973
2455485.349950 0.000000 0.000000 6.461466
2455485.449950 0.000000 0.000000 11.370810
2455485.549950 0.000000 0.000000 13.492168
2455485.649950 0.000000 0.000000 12.308003
2455485.749950 0.000000 0.000000 8.153418
2455485.849950 0.000000 0.000000 2.126499
2455485.949950 0.000000 0.000000 -4.200686
2455486.049950 0.000000 0.000000 -9.194436
2455486.149950 0.000000 0.000000 -11.586813
2455486.249950 0.000000 0.000000 -10.805882
2455486.349950 0.000000 0.000000 -7.122231
2455486.449950 0.000000 0.000000 -1.573486
2455486.549950 0.000000 0.000000 4.313024
2455486.649950 0.000000 0.000000 8.926262
2455486.749950 0.000000 0.000000 10.999154
2455486.849950 0.000000 0.000000 9.945223
2455486.949950 0.000000 0.000000 6.015508
2455487.049950 0.000000 0.000000 0.234324
2455487.149950 0.000000 0.000000 -5.869370
2455487.249950 0.000000 0.000000 -10.664422
2455487.349950 0.000000 0.000000 -12.847971
2455487.449950 0.000000 0.000000 -11.790688
2455487.549950 0.000000 0.000000 -7.705876
2455487.649950 0.000000 0.000000 -1.597724
2455487.749950 0.000000 0.000000 4.997963
2455487.849950 0.000000 0.000000 10.412734
2455487.949950 0.000000 0.000000 13.279627
2455488.049950 0.000000 0.000000 12.888663
2455488.149950 0.000000 0.000000 9.370525
2455488.249950 0.000000 0.000000 3.660347
2455488.349950 0.000000 0.000000 -2.748743
2455488.449950 0.000000 0.000000 -8.197518
2455488.549950 0.000000 0.000000 -11.295021
2455488.649950 0.000000 0.000000 -11.281369
2455488.749950 0.000000 0.000000 -8.223835
2455488.849950 0.000000 0.000000 -2.994913
2455488.949950 0.000000 0.000000 2.961583
2455489.049950 0.000000 0.000000 8.014607
2455489.149950 0.000000 0.000000 10.778910
2455489.249950 0.000000 0.000000 10.482910
2455489.349950 0.000000 0.000000 7.174484
2455489.449950 0.000000 0.000000 1.710379
2455489.549950 0.000000 0.000000 -4.468089
2455489.649950 0.000000 0.000000 -9.714170
2455489.749950 0.000000 0.000000 -12.609988
2455489.849950 0.000000 0.000000 -12.341780
2455489.949950 0.000000 0.000000 -8.917274
2455490.049950 0.000000 0.000000 -3.167852
2455490.149950 0.000000 0.000000 3.465353
2455490.249950 0.000000 0.000000 9.305525
2455490.349950 0.000000 0.000000 12.876394
2455490.449950 0.000000 0.000000 13.286293
2455490.549950 0.000000 0.000000 10.459361
2455490.649950 0.000000 0.000000 5.153352
2455490.749950 0.000000 0.000000 -1.240494
2455490.849950 0.000000 0.000000 -7.062858
2455490.949950 0.000000 0.000000 -10.821009
2455491.049950 0.000000 0.000000 -11.578595
2455491.149950 0.000000 0.000000 -9.198290
2455491.249950 0.000000 0.000000 -4.373756
2455491.349950 0.000000 0.000000 1.557199
2455491.449950 0.000000 0.000000 6.968877
2455491.549950 0.000000 0.000000 10.379397
2455491.649950 0.000000 0.000000 10.844123
2455491.749950 0.000000 0.000000 8.207148
2455491.849950 0.000000 0.000000 3.144521
2455491.949950 0.000000 0.000000 -3.012288
2455492.049950 0.000000 0.000000 -8.626360
2455492.149950 0.000000 0.000000 -12.186782
2455492.249950 0.000000 0.000000 -12.708081
2455492.349950 0.000000 0.000000 -9.992541
2455492.449950 0.000000 0.000000 -4.686213
2455492.549950 0.000000 0.000000 1.886344
2455492.649950 0.000000 0.000000 8.065492
2455492.749950 0.000000 0.000000 12.288140
2455492.849950 0.000000 0.000000 13.494470
2455492.949950 0.000000 0.000000 11.403119
2455493.049950 0.000000 0.000000 6.582743
2455493.149950 0.000000 0.000000 0.301296
2455493.249950 0.000000 0.000000 -5.807262
2455493.349950 0.000000 0.000000 -10.171249
2455493.449950 0.000000 0.000000 -11.692051
2455493.549950 0.000000 0.000000 -10.029613
2455493.649950 0.000000 0.000000 -5.687826
2455493.749950 0.000000 0.000000 0.122375
2455493.849950 0.000000 0.000000 5.805916
2455493.949950 0.000000 0.000000 9.807324
2455494.049950 0.000000 0.000000 11.023636
2455494.149950 0.000000 0.000000 9.097693
2455494.249950 0.000000 0.000000 4.514508
2455494.349950 0.000000 0.000000 -1.524785
2455494.449950 0.000000 0.000000 -7.418366
2455494.549950 0.000000 0.000000 -11.585670
2455494.649950 0.000000 0.000000 -12.884881
2455494.749950 0.000000 0.000000 -10.916115
2455494.849950 0.000000 0.000000 -6.130420
2455494.949950 0.000000 0.000000 0.284331
2455495.049950 0.000000 0.000000 6.710946
2455495.149950 0.000000 0.000000 11.523331
2455495.249950 0.000000 0.000000 13.509628
2455495.349950 0.000000 0.000000 12.187163
2455495.449950 0.000000 0.000000 7.926665
2455495.549950 0.000000 0.000000 1.853288
2455495.649950 0.000000 0.000000 -4.449444
2455495.749950 0.000000 0.000000 -9.354952
2455495.849950 0.000000 0.000000 -11.619076
2455495.949950 0.000000 0.000000 -10.704033
2455496.049950 0.000000 0.000000 -6.915921
2455496.149950 0.000000 0.000000 -1.319896
2455496.249950 0.000000 0.000000 4.544408
2455496.349950 0.000000 0.000000 9.072104
2455496.449950 0.000000 0.000000 11.019076
2455496.549950 0.000000 0.000000 9.832559
2455496.649950 0.000000 0.000000 5.799148
2455496.749950 0.000000 0.000000 -0.028830
2455496.849950 0.000000 0.000000 -6.109359
2455496.949950 0.000000 0.000000 -10.816672
2455497.049950 0.000000 0.000000 -12.870360
2455497.149950 0.000000 0.000000 -11.674759
2455497.249950 0.000000 0.000000 -7.479231
2455497.349950 0.000000 0.000000 -1.316960
2455497.449950 0.000000 0.000000 5.261926
2455497.549950 0.000000 0.000000 10.593103
2455497.649950 0.000000 0.000000 13.331116
2455497.749950 0.000000 0.000000 12.799252
2455497.849950 0.000000 0.000000 9.164518
2455497.949950 0.000000 0.000000 3.391932
2455498.049950 0.000000 0.000000 -3.009739
2455498.149950 0.000000 0.000000 -8.383931
2455498.249950 0.000000 0.000000 -11.359905
2455498.349950 0.000000 0.000000 -11.210200
2455498.449950 0.000000 0.000000 -8.038155
2455498.549950 0.000000 0.000000 -2.746482
2455498.649950 0.000000 0.000000 3.204589
2455498.749950 0.000000 0.000000 8.185706
2455498.849950 0.000000 0.000000 10.830959
2455498.949950 0.000000 0.000000 10.400641
2455499.049950 0.000000 0.000000 6.978621
2455499.149950 0.000000 0.000000 1.452255
2455499.249950 0.000000 0.000000 -4.720017
2455499.349950 0.000000 0.000000 -9.892350
2455499.449950 0.000000 0.000000 -12.665618
2455499.549950 0.000000 0.000000 -12.257763
2455499.649950 0.000000 0.000000 -8.712878
2455499.749950 0.000000 0.000000 -2.893834
2455499.849950 0.000000 0.000000 3.739889
2455499.949950 0.000000 0.000000 9.511092
2455500.049950 0.000000 0.000000 12.961210
2455500.149950 0.000000 0.000000 13.229734
2455500.249950 0.000000 0.000000 10.277273
2455500.349950 0.000000 0.000000 4.893822
2455500.449950 0.000000 0.000000 -1.509795
2455500.549950 0.000000 0.000000 -7.272420
2455500.649950 0.000000 0.000000 -10.917665
2455500.749950 0.000000 0.000000 -11.539369
2455500.849950 0.000000 0.000000 -9.036272
2455500.949950 0.000000 0.000000 -4.134477
2455501.049950 0.000000 0.000000 1.807934
2455501.149950 0.000000 0.000000 7.162474
2455501.249950 0.000000 0.000000 10.462679
2455501.349950 0.000000 0.000000 10.793462
2455501.449950 0.000000 0.000000 8.034789
2455501.549950 0.000000 0.000000 2.895435
2455501.649950 0.000000 0.000000 -3.272198
2455501.749950 0.000000 0.000000 -8.827613
2455501.849950 0.000000 0.000000 -12.274651
2455501.949950 0.000000 0.000000 -12.657104
2455502.049950 0.000000 0.000000 -9.813366
2455502.149950 0.000000 0.000000 -4.422987
2455502.249950 0.000000 0.000000 2.167384
2455502.349950 0.000000 0.000000 8.293225
2455502.449950 0.000000 0.000000 12.405074
2455502.549950 0.000000 0.000000 13.471690
2455502.649950 0.000000 0.000000 11.247766
2455502.749950 0.000000 0.000000 6.336059
2455502.849950 0.000000 0.000000 0.027759
2455502.949950 0.000000 0.000000 -6.036860
2455503.049950 0.000000 0.000000 -10.298332
2455503.149950 0.000000 0.000000 -11.685536
2455503.249950 0.000000 0.000000 -9.893925
2455503.349950 0.000000 0.000000 -5.461552
2455503.449950 0.000000 0.000000 0.376821
2455503.549950 0.000000 0.000000 6.018895
2455503.649950 0.000000 0.000000 9.920454
2455503.749950 0.000000 0.000000 11.005299
2455503.849950 0.000000 0.000000 8.951471
2455503.949950 0.000000 0.000000 4.278320
2455504.049950 0.000000 0.000000 -1.788608
2455504.149950 0.000000 0.000000 -7.639485
2455504.249950 0.000000 0.000000 -11.704287
2455504.349950 0.000000 0.000000 -12.867566
2455504.449950 0.000000 0.000000 -10.764745
2455504.549950 0.000000 0.000000 -5.881863
2455504.649950 0.000000 0.000000 0.567711
2455504.749950 0.000000 0.000000 6.957480
2455504.849950 0.000000 0.000000 11.670692
2455504.949950 0.000000 0.000000 13.521047
2455505.049950 0.000000 0.000000 12.060960
2455505.149950 0.000000 0.000000 7.696603
2455505.249950 0.000000 0.000000 1.579661
2455505.349950 0.000000 0.000000 -4.695648
2455505.449950 0.000000 0.000000 -9.510642
2455505.549950 0.000000 0.000000 -11.645532
2455505.649950 0.000000 0.000000 -10.596935
2455505.749950 0.000000 0.000000 -6.706308
2455505.849950 0.000000 0.000000 -1.065817
2455505.949950 0.000000 0.000000 4.773349
2455506.049950 0.000000 0.000000 9.213230
2455506.149950 0.000000 0.000000 11.033273
2455506.249950 0.000000 0.000000 9.714693
2455506.349950 0.000000 0.000000 5.579508
2455506.449950 0.000000 0.000000 -0.292448
2455506.549950 0.000000 0.000000 -6.346844
2455506.649950 0.000000 0.000000 -10.964078
2455506.749950 0.000000 0.000000 -12.886816
2455506.849950 0.000000 0.000000 -11.553352
2455506.949950 0.000000 0.000000 -7.248993
2455507.049950 0.000000 0.000000 -1.035435
2455507.149950 0.000000 0.000000 5.523612
2455507.249950 0.000000 0.000000 10.768739
2455507.349950 0.000000 0.000000 13.376636
2455507.449950 0.000000 0.000000 12.704176
2455507.549950 0.000000 0.000000 8.954609
2455507.649950 0.000000 0.000000 3.122370
2455507.749950 0.000000 0.000000 -3.268856
2455507.849950 0.000000 0.000000 -8.565961
2455507.949950 0.000000 0.000000 -11.419080
2455508.049950 0.000000 0.000000 -11.133510
2455508.149950 0.000000 0.000000 -7.848604
2455508.249950 0.000000 0.000000 -2.496847
2455508.349950 0.000000 0.000000 3.445823
2455508.449950 0.000000 0.000000 8.352538
2455508.549950 0.000000 0.000000 10.877389
2455508.649950 0.000000 0.000000 10.312905
2455508.749950 0.000000 0.000000 6.778913
2455508.849950 0.000000 0.000000 1.192948
2455508.949950 0.000000 0.000000 -4.970121
2455509.049950 0.000000 0.000000 -10.066151
2455509.149950 0.000000 0.000000 -12.715440
2455509.249950 0.000000 0.000000 -12.168018
2455509.349950 0.000000 0.000000 -8.504329
2455509.449950 0.000000 0.000000 -2.618328
2455509.549950 0.000000 0.000000 4.012850
2455509.649950 0.000000 0.000000 9.712422
2455509.749950 0.000000 0.000000 13.040216
2455509.849950 0.000000 0.000000 13.167294
2455509.949950 0.000000 0.000000 10.090748
2455510.049950 0.000000 0.000000 4.632430
2455510.149950 0.000000 0.000000 -1.777923
2455510.249950 0.000000 0.000000 -7.478112
2455510.349950 0.000000 0.000000 -11.008797
2455510.449950 0.000000 0.000000 -11.494436
2455510.549950 0.000000 0.000000 -8.869874
2455510.649950 0.000000 0.000000 -3.893297
2455510.749950 0.000000 0.000000 2.057595
2455510.849950 0.000000 0.000000 7.352316
2455510.949950 0.000000 0.000000 10.540535
2455511.049950 0.000000 0.000000 10.737156
2455511.149950 0.000000 0.000000 7.858079
2455511.249950 0.000000 0.000000 2.644469
2455511.349950 0.000000 0.000000 -3.530993
2455511.449950 0.000000 0.000000 -9.025017
2455511.549950 0.000000 0.000000 -12.356925
2455511.649950 0.000000 0.000000 -12.600236
2455511.749950 0.000000 0.000000 -9.629541
2455511.849950 0.000000 0.000000 -4.157569
2455511.949950 0.000000 0.000000 2.447576
2455512.049950 0.000000 0.000000 8.517282
2455512.149950 0.000000 0.000000 12.516449
2455512.249950 0.000000 0.000000 13.442903
2455512.349950 0.000000 0.000000 11.087507
2455512.449950 0.000000 0.000000 6.086827
2455512.549950 0.000000 0.000000 -0.245330
2455512.649950 0.000000 0.000000 -6.263162
2455512.749950 0.000000 0.000000 -10.420163
2455512.849950 0.000000 0.000000 -11.673214
2455512.949950 0.000000 0.000000 -9.753414
2455513.049950 0.000000 0.000000 -5.232711
2455513.149950 0.000000 0.000000 0.630908
2455513.249950 0.000000 0.000000 6.228693
2455513.349950 0.000000 0.000000 10.028437
2455513.449950 0.000000 0.000000 10.981227
2455513.549950 0.000000 0.000000 8.800461
2455513.649950 0.000000 0.000000 4.039584
2455513.749950 0.000000 0.000000 -2.052040
2455513.849950 0.000000 0.000000 -7.857345
2455513.949950 0.000000 0.000000 -11.817606
2455514.049950 0.000000 0.000000 -12.844287
2455514.149950 0.000000 0.000000 -10.608298
2455514.249950 0.000000 0.000000 -5.630444
2455514.349950 0.000000 0.000000 0.850983
2455514.449950 0.000000 0.000000 7.200954
2455514.549950 0.000000 0.000000 11.812827
2455514.649950 0.000000 0.000000 13.526422
2455514.749950 0.000000 0.000000 11.929455
2455514.849950 0.000000 0.000000 7.463343
2455514.949950 0.000000 0.000000 1.305747
2455515.049950 0.000000 0.000000 -4.939182
2455515.149950 0.000000 0.000000 -9.661435
2455515.249950 0.000000 0.000000 -11.666173
2455515.349950 0.000000 0.000000 -10.484646
2455515.449950 0.000000 0.000000 -6.493500
2455515.549950 0.000000 0.000000 -0.811376
2455515.649950 0.000000 0.000000 4.999734
2455515.749950 0.000000 0.000000 9.349569
2455515.849950 0.000000 0.000000 11.041735
2455515.949950 0.000000 0.000000 9.591680
2455516.049950 0.000000 0.000000 5.356693
2455516.149950 0.000000 0.000000 -0.556402
2455516.249950 0.000000 0.000000 -6.581705
2455516.349950 0.000000 0.000000 -11.106564
2455516.449950 0.000000 0.000000 -12.897327
2455516.549950 0.000000 0.000000 -11.426520
2455516.649950 0.000000 0.000000 -7.015269
2455516.749950 0.000000 0.000000 -0.753278
2455516.849950 0.000000 0.000000 5.782899
2455516.949950 0.000000 0.000000 10.939559
2455517.049950 0.000000 0.000000 13.416166
2455517.149950 0.000000 0.000000 12.603483
2455517.249950 0.000000 0.000000 8.740899
2455517.349950 0.000000 0.000000 2.851790
2455517.449950 0.000000 0.000000 -3.525972
2455517.549950 0.000000 0.000000 -8.743526
2455517.649950 0.000000 0.000000 -11.472520
2455517.749950 0.000000 0.000000 -11.051342
2455517.849950 0.000000 0.000000 -7.655278
2455517.949950 0.000000 0.000000 -2.246134
2455518.049950 0.000000 0.000000 3.685163
2455518.149950 0.000000 0.000000 8.515017
2455518.249950 0.000000 0.000000 10.918173
2455518.349950 0.000000 0.000000 10.219743
2455518.449950 0.000000 0.000000 6.575454
2455518.549950 0.000000 0.000000 0.932585
2455518.649950 0.000000 0.000000 -5.218279
2455518.749950 0.000000 0.000000 -10.235485
2455518.849950 0.000000 0.000000 -12.759425
2455518.949950 0.000000 0.000000 -12.072582
2455519.049950 0.000000 0.000000 -8.291721
2455519.149950 0.000000 0.000000 -2.341460
2455519.249950 0.000000 0.000000 4.284111
2455519.349950 0.000000 0.000000 9.909422
2455519.449950 0.000000 0.000000 13.113380
2455519.549950 0.000000 0.000000 13.099006
2455519.649950 0.000000 0.000000 9.899876
2455519.749950 0.000000 0.000000 4.369303
2455519.849950 0.000000 0.000000 -2.044752
2455519.949950 0.000000 0.000000 -7.679839
2455520.049950 0.000000 0.000000 -11.094366
2455520.149950 0.000000 0.000000 -11.443821
2455520.249950 0.000000 0.000000 -8.699180
2455520.349950 0.000000 0.000000 -3.650339
2455520.449950 0.000000 0.000000 2.306056
2455520.549950 0.000000 0.000000 7.538309
2455520.649950 0.000000 0.000000 10.612924
2455520.749950 0.000000 0.000000 10.675229
2455520.849950 0.000000 0.000000 7.677102
2455520.949950 0.000000 0.000000 2.391743
2455521.049950 0.000000 0.000000 -3.788545
2455521.149950 0.000000 0.000000 -9.218474
2455521.249950 0.000000 0.000000 -12.433559
2455521.349950 0.000000 0.000000 -12.537498
2455521.449950 0.000000 0.000000 -9.441147
2455521.549950 0.000000 0.000000 -3.890080
2455521.649950 0.000000 0.000000 2.726791
2455521.749950 0.000000 0.000000 8.737559
2455521.849950 0.000000 0.000000 12.622214
2455521.949950 0.000000 0.000000 13.408125
2455522.049950 0.000000 0.000000 10.922419
2455522.149950 0.000000 0.000000 5.835166
2455522.249950 0.000000 0.000000 -0.517843
2455522.349950 0.000000 0.000000 -6.486063
2455522.449950 0.000000 0.000000 -10.536689
2455522.549950 0.000000 0.000000 -11.655097
2455522.649950 0.000000 0.000000 -9.608152
2455522.749950 0.000000 0.000000 -5.001417
2455522.849950 0.000000 0.000000 0.884508
2455522.949950 0.000000 0.000000 6.435205
2455523.049950 0.000000 0.000000 10.131218
2455523.149950 0.000000 0.000000 10.951430
2455523.249950 0.000000 0.000000 8.644737
2455523.349950 0.000000 0.000000 3.798415
2455523.449950 0.000000 0.000000 -2.314952
2455523.549950 0.000000 0.000000 -8.071837
2455523.649950 0.000000 0.000000 -11.925569
2455523.749950 0.000000 0.000000 -12.815050
2455523.849950 0.000000 0.000000 -10.446844
2455523.949950 0.000000 0.000000 -5.376279
2455524.049950 0.000000 0.000000 1.134016
2455524.149950 0.000000 0.000000 7.441255
2455524.249950 0.000000 0.000000 11.949670
2455524.349950 0.000000 0.000000 13.525753
2455524.449950 0.000000 0.000000 11.792713
2455524.549950 0.000000 0.000000 7.226997
2455524.649950 0.000000 0.000000 1.031676
2455524.749950 0.000000 0.000000 -5.179934
2455524.849950 0.000000 0.000000 -9.807263
2455524.949950 0.000000 0.000000 -11.680992
2455525.049950 0.000000 0.000000 -10.367224
2455525.149950 0.000000 0.000000 -6.277604
2455525.249950 0.000000 0.000000 -0.556701
2455525.349950 0.000000 0.000000 5.223448
2455525.449950 0.000000 0.000000 9.481052
2455525.549950 0.000000 0.000000 11.044456
2455525.649950 0.000000 0.000000 9.463578
2455525.749950 0.000000 0.000000 5.130810
2455525.849950 0.000000 0.000000 -0.820563
2455525.949950 0.000000 0.000000 -6.813829
2455526.049950 0.000000 0.000000 -11.244059
2455526.149950 0.000000 0.000000 -12.901882
2455526.249950 0.000000 0.000000 -11.294317
2455526.349950 0.000000 0.000000 -6.778164
2455526.449950 0.000000 0.000000 -0.470619
2455526.549950 0.000000 0.000000 6.039669
2455526.649950 0.000000 0.000000 11.105487
2455526.749950 0.000000 0.000000 13.449692
2455526.849950 0.000000 0.000000 12.497222
2455526.949950 0.000000 0.000000 8.523490
2455527.049950 0.000000 0.000000 2.580321
2455527.149950 0.000000 0.000000 -3.780967
2455527.249950 0.000000 0.000000 -8.916544
2455527.349950 0.000000 0.000000 -11.520206
2455527.449950 0.000000 0.000000 -10.963740
2455527.549950 0.000000 0.000000 -7.458276
2455527.649950 0.000000 0.000000 -1.994468
2455527.749950 0.000000 0.000000 3.922491
2455527.849950 0.000000 0.000000 8.673062
2455527.949950 0.000000 0.000000 10.953291
2455528.049950 0.000000 0.000000 10.121198
2455528.149950 0.000000 0.000000 6.368342
2455528.249950 0.000000 0.000000 0.671291
2455528.349950 0.000000 0.000000 -5.464369
2455528.449950 0.000000 0.000000 -10.400268
2455528.549950 0.000000 0.000000 -12.797547
2455528.649950 0.000000 0.000000 -11.971496
2455528.749950 0.000000 0.000000 -8.075152
2455528.849950 0.000000 0.000000 -2.063358
2455528.949950 0.000000 0.000000 4.553546
2455529.049950 0.000000 0.000000 10.102001
2455529.149950 0.000000 0.000000 13.180667
2455529.249950 0.000000 0.000000 13.024904
2455529.349950 0.000000 0.000000 9.704748
2455529.449950 0.000000 0.000000 4.104565
2455529.549950 0.000000 0.000000 -2.310155
2455529.649950 0.000000 0.000000 -7.877509
2455529.749950 0.000000 0.000000 -11.174336
2455529.849950 0.000000 0.000000 -11.387554
2455529.949950 0.000000 0.000000 -8.524277
2455530.049950 0.000000 0.000000 -3.405723
2455530.149950 0.000000 0.000000 2.553193
2455530.249950 0.000000 0.000000 7.720360
2455530.349950 0.000000 0.000000 10.679810
2455530.449950 0.000000 0.000000 10.607710
2455530.549950 0.000000 0.000000 7.491946
2455530.649950 0.000000 0.000000 2.137380
2455530.749950 0.000000 0.000000 -4.044730
2455530.849950 0.000000 0.000000 -9.407888
2455530.949950 0.000000 0.000000 -12.504513
2455531.049950 0.000000 0.000000 -12.468917
2455531.149950 0.000000 0.000000 -9.248270
2455531.249950 0.000000 0.000000 -3.620645
2455531.349950 0.000000 0.000000 3.004901
2455531.449950 0.000000 0.000000 8.953955
2455531.549950 0.000000 0.000000 12.722322
2455531.649950 0.000000 0.000000 13.367374
2455531.749950 0.000000 0.000000 10.752583
2455531.849950 0.000000 0.000000 5.581196
2455531.949950 0.000000 0.000000 -0.789650
2455532.049950 0.000000 0.000000 -6.705459
2455532.149950 0.000000 0.000000 -10.647858
2455532.249950 0.000000 0.000000 -11.631197
2455532.349950 0.000000 0.000000 -9.458215
2455532.449950 0.000000 0.000000 -4.767788
2455532.549950 0.000000 0.000000 1.137495
2455532.649950 0.000000 0.000000 6.638328
2455532.749950 0.000000 0.000000 10.228745
2455532.849950 0.000000 0.000000 10.915919
2455532.949950 0.000000 0.000000 8.484371
2455533.049950 0.000000 0.000000 3.554928
2455533.149950 0.000000 0.000000 -2.577214
2455533.249950 0.000000 0.000000 -8.282855
2455533.349950 0.000000 0.000000 -12.028120
2455533.449950 0.000000 0.000000 -12.779865
2455533.549950 0.000000 0.000000 -10.280455
2455533.649950 0.000000 0.000000 -5.119484
2455533.749950 0.000000 0.000000 1.416679
2455533.849950 0.000000 0.000000 7.678271
2455533.949950 0.000000 0.000000 12.081159
2455534.049950 0.000000 0.000000 13.519043
2455534.149950 0.000000 0.000000 11.650800
2455534.249950 0.000000 0.000000 6.987677
2455534.349950 0.000000 0.000000 0.757578
2455534.449950 0.000000 0.000000 -5.417789
2455534.549950 0.000000 0.000000 -9.948060
