descriptor BJD mod 
2455326.949950 134.113662 
2455327.049950 143.254216 
2455327.149950 142.375475 
2455327.249950 132.351767 
2455327.349950 114.571513 
2455327.449950 90.655589 
2455327.549950 62.235286 
2455327.649950 30.834595 
2455327.749950 -2.133039 
2455327.849950 -35.279169 
2455327.949950 -67.119050 
2455328.049950 -95.978945 
2455328.149950 -119.988670 
2455328.249950 -137.191237 
2455328.349950 -145.766281 
2455328.449950 -144.328009 
2455328.549950 -132.231411 
2455328.649950 -109.810137 
2455328.749950 -78.478959 
2455328.849950 -40.661176 
2455328.949950 0.459951 
2455329.049950 41.326357 
2455329.149950 78.455864 
2455329.249950 108.872332 
2455329.349950 130.434631 
2455329.449950 142.008255 
2455329.549950 143.460616 
2455329.649950 135.501492 
2455329.749950 119.423548 
2455329.849950 96.816012 
2455329.949950 69.323161 
2455330.049950 38.499355 
2455330.149950 5.779488 
2455330.249950 -27.452665 
2455330.349950 -59.745963 
2455330.449950 -89.476614 
2455330.549950 -114.816302 
2455330.649950 -133.812725 
2455330.749950 -144.588129 
2455330.849950 -145.624667 
2455330.949950 -136.075496 
2455331.049950 -116.025724 
2455331.149950 -86.632062 
2455331.249950 -50.093646 
2455331.349950 -9.443338 
2455331.449950 31.810323 
2455331.549950 70.125755 
2455331.649950 102.371269 
2455331.749950 126.184480 
2455331.849950 140.184739 
2455331.949950 144.010033 
2455332.049950 138.190441 
2455332.149950 123.906219 
2455332.249950 102.700952 
2455332.349950 76.223589 
2455332.449950 46.057303 
2455332.549950 13.662617 
2455332.649950 -19.574251 
2455332.749950 -52.229412 
2455332.849950 -82.726965 
2455332.949950 -109.284971 
2455333.049950 -129.967243 
2455333.149950 -142.855168 
2455333.249950 -146.316929 
2455333.349950 -139.319068 
2455333.449950 -121.706359 
2455333.549950 -94.375874 
2455333.649950 -59.290591 
2455333.749950 -19.312311 
2455333.849950 22.125527 
2455333.949950 61.447525 
2455334.049950 95.387173 
2455334.149950 121.373027 
2455334.249950 137.780302 
2455334.349950 144.010089 
2455334.449950 140.398629 
2455334.549950 127.997070 
2455334.649950 108.288393 
2455334.749950 82.916363 
2455334.849950 53.489813 
2455334.949950 21.497903 
2455335.049950 -11.663971 
2455335.149950 -44.592298 
2455335.249950 -75.755708 
2455335.349950 -103.421475 
2455335.449950 -125.679386 
2455335.549950 -140.585550 
2455335.649950 -146.412276 
2455335.749950 -141.955799 
2455335.849950 -126.830758 
2455335.949950 -101.675488 
2455336.049950 -68.207234 
2455336.149950 -29.097860 
2455336.249950 12.319114 
2455336.349950 52.460521 
2455336.449950 87.947318 
2455336.549950 116.013471 
2455336.649950 134.794518 
2455336.749950 143.449258 
2455336.849950 142.107210 
2455336.949950 131.673917 
2455337.049950 113.556018 
2455337.149950 89.380800 
2455337.249950 60.777970 
2455337.349950 29.267017 
2455337.449950 -3.741341 
2455337.549950 -36.856780 
2455337.649950 -68.587970 
2455337.749950 -97.252595 
2455337.849950 -120.974636 
2455337.949950 -137.799363 
2455338.049950 -145.921074 
2455338.149950 -143.982843 
2455338.249950 -131.381177 
2455338.349950 -108.498991 
2455338.449950 -76.800699 
2455338.549950 -38.751347 
2455338.649950 2.439263 
2455338.749950 43.206412 
2455338.849950 80.082132 
2455338.949950 110.122413 
2455339.049950 131.230042 
2455339.149950 142.318346 
2455339.249950 143.298705 
2455339.349950 134.915029 
2455339.449950 118.481317 
2455339.549950 95.595756 
2455339.649950 67.902505 
2455339.749950 36.951645 
2455339.849950 4.174567 
2455339.949950 -29.044303 
2455340.049950 -61.248219 
2455340.149950 -90.804922 
2455340.249950 -115.879118 
2455340.349950 -134.518378 
2455340.449950 -144.856372 
2455340.549950 -145.400737 
2455340.649950 -135.343454 
2455340.749950 -114.817646 
2455340.849950 -85.030316 
2455340.949950 -48.224962 
2455341.049950 -7.465159 
2455341.149950 33.728918 
2455341.249950 71.825049 
2455341.349950 103.719854 
2455341.449950 127.092738 
2455341.549950 140.610696 
2455341.649950 143.957243 
2455341.749950 137.699335 
2455341.849950 123.041706 
2455341.949950 101.539644 
2455342.049950 74.843733 
2455342.149950 44.533381 
2455342.249950 12.065028 
2455342.349950 -21.175633 
2455342.449950 -53.760216 
2455342.549950 -84.104712 
2455342.649950 -110.419380 
2455342.749950 -130.765793 
2455342.849950 -143.233676 
2455342.949950 -146.213272 
2455343.049950 -138.707016 
2455343.149950 -120.606043 
2455343.249950 -92.857895 
2455343.349950 -57.472076 
2455343.449950 -17.344959 
2455343.549950 24.073511 
2455343.649950 63.212328 
2455343.749950 96.829159 
2455343.849950 122.391776 
2455343.949950 138.322384 
2455344.049950 144.068786 
2455344.149950 140.006633 
2455344.249950 127.214670 
2455344.349950 107.190490 
2455344.449950 81.581517 
2455344.549950 51.993633 
2455344.649950 19.911562 
2455344.749950 -13.270919 
2455344.849950 -46.146986 
2455344.949950 -77.177756 
2455345.049950 -104.622179 
2455345.149950 -126.565987 
2455345.249950 -141.070722 
2455345.349950 -146.427341 
2455345.449950 -141.464847 
2455345.549950 -125.842219 
2455345.649950 -100.247974 
2455345.749950 -66.447580 
2455345.849950 -27.150979 
2455345.949950 14.287098 
2455346.049950 54.282843 
2455346.149950 89.476979 
2455346.249950 117.139692 
2455346.349950 135.452392 
2455346.449950 143.621369 
2455346.549950 141.817816 
2455346.649950 130.977936 
2455346.749950 112.526003 
2455346.849950 88.095249 
2455346.949950 59.313537 
2455347.049950 27.695822 
2455347.149950 -5.349765 
2455347.249950 -38.430816 
2455347.349950 -70.049277 
2455347.449950 -98.514288 
2455347.549950 -121.944264 
2455347.649950 -138.387223 
2455347.749950 -146.052755 
2455347.849950 -143.613429 
2455347.949950 -130.507741 
2455348.049950 -107.168047 
2455348.149950 -75.108208 
2455348.249950 -36.834461 
2455348.349950 4.417689 
2455348.449950 45.077837 
2455348.549950 81.693143 
2455348.649950 111.352427 
2455348.749950 132.002764 
2455348.849950 142.605314 
2455348.949950 143.115105 
2455349.049950 134.309644 
2455349.149950 117.523678 
2455349.249950 94.363848 
2455349.349950 66.473880 
2455349.449950 35.399495 
2455349.549950 2.568684 
2455349.649950 -30.633271 
2455349.749950 -62.743856 
2455349.849950 -92.122326 
2455349.949950 -116.926621 
2455350.049950 -135.204627 
2455350.149950 -145.102047 
2455350.249950 -145.152645 
2455350.349950 -134.587749 
2455350.449950 -113.588748 
2455350.549950 -83.412841 
2455350.649950 -46.347407 
2455350.749950 -5.485955 
2455350.849950 35.640659 
2455350.949950 73.510520 
2455351.049950 105.049328 
2455351.149950 127.978728 
2455351.249950 141.013446 
2455351.349950 143.882277 
2455351.449950 137.188558 
2455351.549950 122.160908 
2455351.649950 100.365787 
2455351.749950 73.455046 
2455351.849950 43.004191 
2455351.949950 10.465646 
2455352.049950 -22.775233 
2455352.149950 -55.285373 
2455352.249950 -85.472598 
2455352.349950 -111.539517 
2455352.449950 -131.545856 
2455352.549950 -143.590253 
2455352.649950 -146.085662 
2455352.749950 -138.070975 
2455352.849950 -119.484016 
2455352.949950 -91.322790 
2455353.049950 -55.642933 
2455353.149950 -15.374673 
2455353.249950 26.016469 
2455353.349950 64.964841 
2455353.449950 98.253111 
2455353.549950 123.388802 
2455353.649950 138.841288 
2455353.749950 144.104906 
2455353.849950 139.594265 
2455353.949950 126.415130 
2455354.049950 106.079140 
2455354.149950 80.236970 
2455354.249950 50.491352 
2455354.349950 18.322601 
2455354.449950 -14.876955 
2455354.549950 -47.696979 
2455354.649950 -78.590972 
2455354.749950 -105.809661 
2455354.849950 -127.435057 
2455354.949950 -141.534678 
2455355.049950 -146.418774 
2455355.149950 -140.949713 
2455355.249950 -124.831212 
2455355.349950 -98.802048 
2455355.449950 -64.675611 
2455355.549950 -25.199270 
2455355.649950 16.251925 
2455355.749950 56.094494 
2455355.849950 90.989801 
2455355.949950 118.244866 
2455356.049950 136.087236 
2455356.149950 143.770592 
2455356.249950 141.507409 
2455356.349950 130.263983 
2455356.449950 111.481646 
2455356.549950 86.799114 
2455356.649950 57.842160 
2455356.749950 26.121183 
2455356.849950 -6.958132 
2455356.949950 -40.001087 
2455357.049950 -71.502767 
2455357.149950 -99.763814 
2455357.249950 -122.897354 
2455357.349950 -138.954656 
2455357.449950 -146.161232 
2455357.549950 -143.219770 
2455357.649950 -129.611213 
2455357.749950 -105.817522 
2455357.849950 -73.401794 
2455357.949950 -34.910882 
2455358.049950 6.394852 
2455358.149950 46.940289 
2455358.249950 83.288624 
2455358.349950 112.562198 
2455358.449950 132.752724 
2455358.549950 142.869184 
2455358.649950 142.909914 
2455358.749950 133.685489 
2455358.849950 116.550806 
2455358.949950 93.120466 
2455359.049950 65.037462 
2455359.149950 33.843076 
2455359.249950 0.962014 
2455359.349950 -32.219384 
2455359.449950 -64.232672 
2455359.549950 -93.428613 
2455359.649950 -117.958605 
2455359.749950 -135.871300 
2455359.849950 -145.325046 
2455359.949950 -144.880372 
2455360.049950 -133.808466 
2455360.149950 -112.339226 
2455360.249950 -81.779926 
2455360.349950 -44.461336 
2455360.449950 -3.506104 
2455360.549950 37.545190 
2455360.649950 75.181876 
2455360.749950 106.359487 
2455360.849950 128.842349 
2455360.949950 141.392992 
2455361.049950 143.785219 
2455361.149950 136.658250 
2455361.249950 121.263999 
2455361.349950 99.179563 
2455361.449950 72.057707 
2455361.549950 41.469905 
2455361.649950 8.864643 
2455361.749950 -24.372868 
2455361.849950 -56.804685 
2455361.949950 -86.830413 
2455362.049950 -112.645173 
2455362.149950 -132.307248 
2455362.249950 -143.924771 
2455362.349950 -145.934054 
2455362.449950 -137.411003 
2455362.549950 -118.340448 
2455362.649950 -89.770828 
2455362.749950 -53.803506 
2455362.849950 -13.401829 
2455362.949950 27.954036 
2455363.049950 66.704752 
2455363.149950 99.658802 
2455363.249950 124.363981 
2455363.349950 139.336992 
2455363.449950 144.118515 
2455363.549950 139.161656 
2455363.649950 125.598615 
2455363.749950 104.954524 
2455363.849950 78.882899 
2455363.949950 48.983143 
2455364.049950 16.731192 
2455364.149950 -16.481898 
2455364.249950 -49.242082 
2455364.349950 -79.995150 
2455364.449950 -106.983712 
2455364.549950 -128.286407 
2455364.649950 -141.977276 
2455364.749950 -146.386509 
2455364.849950 -140.410430 
2455364.949950 -123.797880 
2455365.049950 -97.337957 
2455365.149950 -62.891655 
2455365.249950 -23.243105 
2455365.349950 18.213222 
2455365.449950 57.895147 
2455365.549950 92.485535 
2455365.649950 119.328843 
2455365.749950 136.699004 
2455365.849950 143.896975 
2455365.949950 141.176106 
2455366.049950 129.532217 
2455366.149950 110.423124 
2455366.249950 85.492575 
2455366.349950 56.364017 
2455366.449950 24.543273 
2455366.549950 -8.566264 
2455366.649950 -41.567401 
2455366.749950 -72.948236 
2455366.849950 -101.000963 
2455366.949950 -123.833710 
2455367.049950 -139.501506 
2455367.149950 -146.246418 
2455367.249950 -142.801873 
2455367.349950 -128.691712 
2455367.449950 -104.447640 
2455367.549950 -71.681768 
2455367.649950 -32.980976 
2455367.749950 8.370376 
2455367.849950 48.793424 
2455367.949950 84.868304 
2455368.049950 113.751551 
2455368.149950 133.479853 
2455368.249950 143.109981 
2455368.349950 142.683236 
2455368.449950 133.042714 
2455368.549950 115.562877 
2455368.649950 91.865794 
2455368.749950 63.593429 
2455368.849950 32.282562 
2455368.949950 -0.645265 
2455369.049950 -33.802453 
2455369.149950 -65.714465 
2455369.249950 -94.723576 
2455369.349950 -118.974869 
2455369.449950 -136.518230 
2455369.549950 -145.525262 
2455369.649950 -144.583901 
2455369.749950 -133.005694 
2455369.849950 -111.069278 
2455369.949950 -80.131864 
2455370.049950 -42.567105 
2455370.149950 -1.525983 
2455370.249950 39.442157 
2455370.349950 76.838826 
2455370.449950 107.650133 
2455370.549950 129.683508 
2455370.649950 141.749338 
2455370.749950 143.666157 
2455370.849950 136.108555 
2455370.949950 120.351150 
2455371.049950 97.981151 
2455371.149950 70.651893 
2455371.249950 39.930698 
2455371.349950 7.262196 
2455371.449950 -25.968353 
2455371.549950 -58.317954 
2455371.649950 -88.177947 
2455371.749950 -113.736144 
2455371.849950 -133.049790 
2455371.949950 -144.237107 
2455372.049950 -145.758409 
2455372.149950 -136.727165 
2455372.249950 -117.175514 
2455372.349950 -88.202282 
2455372.449950 -51.954138 
2455372.549950 -11.426803 
2455372.649950 29.885848 
2455372.749950 68.431753 
2455372.849950 101.046010 
2455372.949950 125.317195 
2455373.049950 139.809482 
2455373.149950 144.109682 
2455373.249950 138.708937 
2455373.349950 124.765294 
2455373.449950 103.816822 
2455373.549950 77.519485 
2455373.649950 47.469181 
2455373.749950 15.137511 
2455373.849950 -18.085568 
2455373.949950 -50.782101 
2455374.049950 -81.390082 
2455374.149950 -108.144123 
2455374.249950 -129.119848 
2455374.349950 -142.398377 
2455374.449950 -146.330483 
2455374.549950 -139.847035 
2455374.649950 -122.742371 
2455374.749950 -95.855952 
2455374.849950 -61.096042 
2455374.949950 -21.282858 
2455375.049950 20.170618 
2455375.149950 59.684476 
2455375.249950 93.963937 
2455375.349950 120.391480 
2455375.449950 137.287656 
2455375.549950 144.000568 
2455375.649950 140.824025 
2455375.749950 128.782801 
2455375.849950 109.350616 
2455375.949950 84.175814 
2455376.049950 54.879281 
2455376.149950 22.962264 
2455376.249950 -10.173982 
2455376.349950 -43.129568 
2455376.449950 -74.385478 
2455376.549950 -102.225524 
2455376.649950 -124.753137 
2455376.749950 -140.027618 
2455376.849950 -146.308230 
2455376.949950 -142.359752 
2455377.049950 -127.749357 
2455377.149950 -103.058630 
2455377.249950 -69.948446 
2455377.349950 -31.045109 
2455377.449950 10.343888 
2455377.549950 50.636905 
2455377.649950 86.431918 
2455377.749950 114.920317 
2455377.849950 134.184086 
2455377.949950 143.327737 
2455378.049950 142.435178 
2455378.149950 132.381474 
2455378.249950 114.560067 
2455378.349950 90.600010 
2455378.449950 62.141955 
2455378.549950 30.718126 
2455378.649950 -2.252977 
2455378.749950 -35.382291 
2455378.849950 -67.189034 
2455378.949950 -96.007002 
2455379.049950 -119.975212 
2455379.149950 -137.145248 
2455379.249950 -145.702593 
2455379.349950 -144.263219 
2455379.449950 -132.179530 
2455379.549950 -109.779108 
2455379.649950 -78.468951 
2455379.749950 -40.665073 
2455379.849950 0.454031 
2455379.949950 41.331209 
2455380.049950 78.481086 
2455380.149950 108.921075 
2455380.249950 130.502117 
2455380.349950 142.082495 
2455380.449950 143.525180 
2455380.549950 135.539617 
2455380.649950 119.422534 
2455380.749950 96.770734 
2455380.849950 69.237781 
2455380.949950 38.386743 
2455381.049950 5.658478 
2455381.149950 -27.561503 
2455381.249950 -59.824981 
2455381.349950 -89.514991 
2455381.449950 -114.812223 
2455381.549950 -133.773305 
2455381.649950 -144.527140 
2455381.749950 -145.558691 
2455381.849950 -136.019528 
2455381.949950 -115.989391 
2455382.049950 -86.617429 
2455382.149950 -50.095176 
2455382.249950 -9.449973 
2455382.349950 31.811544 
2455382.449950 70.145539 
2455382.549950 102.414519 
2455382.649950 126.248331 
2455382.749950 140.258743 
2455382.849950 144.078481 
2455382.949950 138.236243 
2455383.049950 123.915335 
2455383.149950 102.666214 
2455383.249950 76.146906 
2455383.349950 45.949640 
2455383.449950 13.541729 
2455383.549950 -19.687781 
2455383.649950 -52.316838 
2455383.749950 -82.775560 
2455383.849950 -109.290687 
2455383.949950 -129.935194 
2455384.049950 -142.797844 
2455384.149950 -146.250639 
2455384.249950 -139.259572 
2455384.349950 -121.664839 
2455384.449950 -94.356289 
2455384.549950 -59.289106 
2455384.649950 -19.318901 
2455384.749950 22.123745 
2455384.849950 61.462161 
2455384.949950 95.424767 
2455385.049950 121.432638 
2455385.149950 137.853157 
2455385.249950 144.081427 
2455385.349950 140.451290 
2455385.449950 128.015897 
2455385.549950 108.264303 
2455385.649950 82.849011 
2455385.749950 53.388129 
2455385.849950 21.378331 
2455385.949950 -11.781107 
2455386.049950 -44.687395 
2455386.149950 -75.814288 
2455386.249950 -103.437288 
2455386.349950 -125.655440 
2455386.449950 -140.532842 
2455386.549950 -146.346589 
2455386.649950 -141.893424 
2455386.749950 -126.784278 
2455386.849950 -101.650725 
2455386.949950 -68.202145 
2455387.049950 -29.103649 
2455387.149950 12.315011 
2455387.249950 52.470394 
2455387.349950 87.979205 
2455387.449950 116.068333 
2455387.549950 134.865364 
2455387.649950 143.522487 
2455387.749950 142.165846 
2455387.849950 131.701924 
2455387.949950 113.542553 
2455388.049950 89.323296 
2455388.149950 60.683219 
2455388.249950 29.149941 
2455388.349950 -3.860946 
2455388.449950 -36.958710 
2455388.549950 -68.656176 
2455388.649950 -97.278682 
2455388.749950 -120.959434 
2455388.849950 -137.752191 
2455388.949950 -145.856939 
2455389.049950 -143.918321 
2455389.149950 -131.330073 
2455389.249950 -108.468926 
2455389.349950 -76.791490 
2455389.449950 -38.755598 
2455389.549950 2.433560 
2455389.649950 43.211996 
2455389.749950 80.108372 
2455389.849950 110.172122 
2455389.949950 131.298090 
2455390.049950 142.392478 
2455390.149950 143.362383 
2455390.249950 134.951583 
2455390.349950 118.478325 
2455390.449950 95.548491 
2455390.549950 67.815551 
2455390.649950 36.838212 
2455390.749950 4.053666 
2455390.849950 -29.152134 
2455390.949950 -61.325566 
2455391.049950 -90.841337 
2455391.149950 -115.873206 
2455391.249950 -134.477617 
2455391.349950 -144.794754 
2455391.449950 -145.334870 
2455391.549950 -135.288169 
2455391.649950 -114.782264 
2455391.749950 -85.016551 
2455391.849950 -48.226971 
2455391.949950 -7.471715 
2455392.049950 33.730763 
2455392.149950 71.845810 
2455392.249950 103.764116 
2455392.349950 127.157278 
2455392.449950 140.684768 
2455392.549950 144.024990 
2455392.649950 137.743711 
2455392.749950 123.048908 
2455392.849950 101.502882 
2455392.949950 74.765342 
2455393.049950 44.424694 
2455393.149950 11.944023 
2455393.249950 -21.288357 
2455393.349950 -53.846100 
2455393.449950 -84.151376 
2455393.549950 -110.423195 
2455393.649950 -130.732260 
2455393.749950 -143.175544 
2455393.849950 -146.146923 
2455393.949950 -138.648090 
2455394.049950 -120.565441 
2455394.149950 -92.839229 
2455394.249950 -57.471184 
2455394.349950 -17.351609 
2455394.449950 24.072235 
2455394.549950 63.227882 
2455394.649950 96.867790 
2455394.749950 122.452183 
2455394.849950 138.395475 
2455394.949950 144.139610 
2455395.049950 140.058026 
2455395.149950 127.231670 
2455395.249950 107.164364 
2455395.349950 81.512344 
2455395.449950 51.890735 
2455395.549950 19.791646 
2455395.649950 -13.387459 
2455395.749950 -46.240690 
2455395.849950 -77.234460 
2455395.949950 -104.636045 
2455396.049950 -126.540426 
2455396.149950 -141.017029 
2455396.249950 -146.361420 
2455396.349950 -141.402912 
2455396.449950 -125.796605 
2455396.549950 -100.224161 
2455396.649950 -66.443187 
2455396.749950 -27.156966 
2455396.849950 14.283373 
2455396.949950 54.293558 
2455397.049950 89.509905 
2455397.149950 117.195440 
2455397.249950 135.523633 
2455397.349950 143.694271 
2455397.449950 141.875354 
2455397.549950 131.004222 
2455397.649950 112.510515 
2455397.749950 88.035833 
2455397.849950 59.217396 
2455397.949950 27.578180 
2455398.049950 -5.468993 
2455398.149950 -38.531519 
2455398.249950 -70.115687 
2455398.349950 -98.538407 
2455398.449950 -121.927335 
2455398.549950 -138.338898 
2455398.649950 -145.988207 
2455398.749950 -143.549202 
2455398.849950 -130.457431 
2455398.949950 -107.138945 
2455399.049950 -75.099782 
2455399.149950 -36.839043 
2455399.249950 4.412228 
2455399.349950 45.084171 
2455399.449950 81.720406 
2455399.549950 111.403093 
2455399.649950 132.071350 
2455399.749950 142.679303 
2455399.849950 143.177862 
2455399.949950 134.344603 
2455400.049950 117.518699 
2455400.149950 94.314606 
2455400.249950 66.385379 
2455400.349950 35.285281 
2455400.449950 2.447935 
2455400.549950 -30.740060 
2455400.649950 -62.819509 
2455400.749950 -92.156773 
2455400.849950 -116.918889 
2455400.949950 -135.162554 
2455401.049950 -145.039835 
2455401.149950 -145.086918 
2455401.249950 -134.533165 
2455401.349950 -113.554322 
2455401.449950 -83.399932 
2455401.549950 -46.349873 
2455401.649950 -5.492407 
2455401.749950 35.643149 
2455401.849950 73.532267 
2455401.949950 105.094594 
2455402.049950 128.043933 
2455402.149950 141.087555 
2455402.249950 143.949287 
2455402.349950 137.231480 
2455402.449950 122.166184 
2455402.549950 100.327007 
2455402.649950 73.374970 
2455402.749950 42.894518 
2455402.849950 10.344565 
2455402.949950 -22.887112 
2455403.049950 -55.369688 
2455403.149950 -85.517322 
2455403.249950 -111.541441 
2455403.349950 -131.510863 
2455403.449950 -143.531345 
2455403.549950 -146.019287 
2455403.649950 -138.012640 
2455403.749950 -119.444342 
2455403.849950 -91.305035 
2455403.949950 -55.642615 
2455404.049950 -15.381358 
2455404.149950 26.015720 
2455404.249950 64.981325 
2455404.349950 98.292774 
2455404.449950 123.449986 
2455404.549950 138.914584 
2455404.649950 144.175181 
2455404.749950 139.644360 
2455404.849950 126.430285 
2455404.949950 106.050979 
2455405.049950 80.165996 
2455405.149950 50.387275 
2455405.249950 18.202384 
2455405.349950 -14.992859 
2455405.449950 -47.789259 
2455405.549950 -78.645788 
2455405.649950 -105.821587 
2455405.749950 -127.407905 
2455405.849950 -141.480033 
2455405.949950 -146.352653 
2455406.049950 -140.888243 
2455406.149950 -124.786476 
2455406.249950 -98.779182 
2455406.349950 -64.671896 
2455406.449950 -25.205430 
2455406.549950 16.248600 
2455406.649950 56.106067 
2455406.749950 91.023767 
2455406.849950 118.301484 
2455406.949950 136.158842 
2455407.049950 143.843132 
2455407.149950 141.563816 
2455407.249950 130.288527 
2455407.349950 111.464130 
2455407.449950 86.737803 
2455407.549950 57.744662 
2455407.649950 26.003016 
2455407.749950 -7.076941 
2455407.849950 -40.100530 
2455407.949950 -71.567364 
2455408.049950 -99.785967 
2455408.149950 -122.878719 
2455408.249950 -138.905208 
2455408.349950 -146.096304 
2455408.449950 -143.155867 
2455408.549950 -129.561712 
2455408.649950 -105.789383 
2455408.749950 -73.394137 
2455408.849950 -34.915772 
2455408.949950 6.389659 
2455409.049950 46.947390 
2455409.149950 83.316913 
2455409.249950 112.613807 
2455409.349950 132.821822 
2455409.449950 142.942996 
2455409.549950 142.971717 
2455409.649950 133.718827 
2455409.749950 116.543832 
2455409.849950 93.069259 
2455409.949950 64.947443 
2455410.049950 33.728121 
2455410.149950 0.841460 
2455410.249950 -32.325093 
2455410.349950 -64.306610 
2455410.449950 -93.461092 
2455410.549950 -117.949070 
2455410.649950 -135.827944 
2455410.749950 -145.262273 
2455410.849950 -144.814815 
2455410.949950 -133.754602 
2455411.049950 -112.305759 
2455411.149950 -81.767861 
2455411.249950 -44.464237 
2455411.349950 -3.512426 
2455411.449950 37.548344 
2455411.549950 75.204617 
2455411.649950 106.405750 
2455411.749950 128.908197 
2455411.849950 141.467103 
2455411.949950 143.851458 
2455412.049950 136.699690 
2455412.149950 121.267335 
2455412.249950 99.138771 
2455412.349950 71.975971 
2455412.449950 41.359284 
2455412.549950 8.743531 
2455412.649950 -24.483863 
2455412.749950 -56.887406 
2455412.849950 -86.873189 
2455412.949950 -112.645218 
2455413.049950 -132.270822 
2455413.149950 -143.865122 
2455413.249950 -145.867684 
2455413.349950 -137.353282 
2455413.449950 -118.301708 
2455413.549950 -89.753975 
2455413.649950 -53.803740 
2455413.749950 -13.408524 
2455413.849950 27.953836 
2455413.949950 66.722178 
2455414.049950 99.699493 
2455414.149950 124.425923 
2455414.249950 139.410464 
2455414.349950 144.188205 
2455414.449950 139.210422 
2455414.549950 125.611909 
2455414.649950 104.924329 
2455414.749950 78.810145 
2455414.849950 48.877922 
2455414.949950 16.610717 
2455415.049950 -16.597125 
2455415.149950 -49.332909 
2455415.249950 -80.048066 
2455415.349950 -106.993705 
2455415.449950 -128.257687 
2455415.549950 -141.921712 
2455415.649950 -146.320220 
2455415.749950 -140.349450 
2455415.849950 -123.754033 
2455415.949950 -97.316033 
2455416.049950 -62.888600 
2455416.149950 -23.249413 
2455416.249950 18.210321 
2455416.349950 57.907591 
2455416.449950 92.520541 
2455416.549950 119.386315 
2455416.649950 136.770946 
2455416.749950 143.969118 
2455416.849950 141.231350 
2455416.949950 129.554999 
2455417.049950 110.403578 
2455417.149950 85.429386 
2455417.249950 56.265194 
2455417.349950 24.424623 
2455417.449950 -8.684613 
2455417.549950 -41.665552 
2455417.649950 -73.011003 
2455417.749950 -101.021151 
2455417.849950 -123.813388 
2455417.949950 -139.450967 
2455418.049950 -146.181145 
2455418.149950 -142.738322 
2455418.249950 -128.643034 
2455418.349950 -104.420463 
2455418.449950 -71.674865 
2455418.549950 -32.986148 
2455418.649950 8.365476 
2455418.749950 48.801311 
2455418.849950 84.897624 
2455418.949950 113.804090 
2455419.049950 133.549436 
2455419.149950 143.183581 
2455419.249950 142.744051 
2455419.349950 133.074407 
2455419.449950 115.553900 
2455419.549950 91.812632 
2455419.649950 63.501921 
2455419.749950 32.166906 
2455419.849950 -0.765581 
2455419.949950 -33.907048 
2455420.049950 -65.786668 
2455420.149950 -94.754083 
2455420.249950 -118.963547 
2455420.349950 -136.473619 
2455420.449950 -145.461963 
2455420.549950 -144.518543 
2455420.649950 -132.952569 
2455420.749950 -111.036773 
2455420.849950 -80.120631 
2455420.949950 -42.570418 
2455421.049950 -1.532150 
2455421.149950 39.445996 
2455421.249950 76.862568 
2455421.349950 107.697384 
2455421.449950 129.749976 
2455421.549950 141.823419 
2455421.649950 143.731590 
2455421.749950 136.148486 
2455421.849950 120.352534 
2455421.949950 97.938354 
2455422.049950 70.568522 
2455422.149950 39.819167 
2455422.249950 7.141094 
2455422.349950 -26.078426 
2455422.449950 -58.399056 
2455422.549950 -88.218770 
2455422.649950 -113.734322 
2455422.749950 -133.011958 
2455422.849950 -144.176750 
2455422.949950 -145.692076 
2455423.049950 -136.670078 
2455423.149950 -117.137715 
2455423.249950 -88.186323 
2455423.349950 -51.954905 
2455423.449950 -11.433482 
2455423.549950 29.886219 
2455423.649950 68.450131 
2455423.749950 101.087725 
2455423.849950 125.379875 
2455423.949950 139.883096 
2455424.049950 144.178753 
2455424.149950 138.756345 
2455424.249950 124.776710 
2455424.349950 103.784596 
2455424.449950 77.444971 
2455424.549950 47.362853 
2455424.649950 15.016819 
2455424.749950 -18.200078 
2455424.849950 -50.871446 
2455424.949950 -81.441086 
2455425.049950 -108.152191 
2455425.149950 -129.089584 
2455425.249950 -142.341927 
2455425.349950 -146.264060 
2455425.449950 -139.786570 
2455425.549950 -122.699424 
2455425.649950 -95.834965 
2455425.749950 -61.093628 
2455425.849950 -21.289289 
2455425.949950 20.168166 
2455426.049950 59.697805 
2455426.149950 93.999982 
2455426.249950 120.449789 
2455426.349950 137.359904 
2455426.449950 144.072279 
2455426.549950 140.878074 
2455426.649950 128.803800 
2455426.749950 109.329038 
2455426.849950 84.110763 
2455426.949950 54.779167 
2455427.049950 22.843175 
2455427.149950 -10.291828 
2455427.249950 -43.226395 
2455427.349950 -74.446400 
2455427.449950 -102.243752 
2455427.549950 -124.731148 
2455427.649950 -139.976020 
2455427.749950 -146.242645 
2455427.849950 -142.296580 
2455427.949950 -127.701518 
2455428.049950 -103.032413 
2455428.149950 -69.942281 
2455428.249950 -31.050540 
2455428.349950 10.339304 
2455428.449950 50.645593 
2455428.549950 86.462271 
2455428.649950 114.973774 
2455428.749950 134.254127 
2455428.849950 143.401091 
2455428.949950 142.494971 
2455429.049950 132.411499 
2455429.149950 114.549080 
2455429.249950 90.544907 
2455429.349950 62.048988 
2455429.449950 30.601811 
2455429.549950 -2.373013 
2455429.649950 -35.485737 
2455429.749950 -67.259482 
2455429.849950 -96.035538 
2455429.949950 -119.962120 
2455430.049950 -137.099412 
2455430.149950 -145.638801 
2455430.249950 -144.198091 
2455430.349950 -132.127161 
2455430.449950 -109.747567 
2455430.549950 -78.458538 
2455430.649950 -40.668774 
2455430.749950 0.448044 
2455430.849950 41.335751 
2455430.949950 78.505835 
2455431.049950 108.969304 
2455431.149950 130.569179 
2455431.249950 142.156512 
2455431.349950 143.589773 
2455431.449950 135.578013 
2455431.549950 119.421956 
2455431.649950 96.725940 
2455431.749950 69.152803 
2455431.849950 38.274341 
2455431.949950 5.537431 
2455432.049950 -27.670617 
2455432.149950 -59.904439 
2455432.249950 -89.553855 
2455432.349950 -114.808547 
2455432.449950 -133.734094 
2455432.549950 -144.466109 
2455432.649950 -145.492427 
2455432.749950 -135.963099 
2455432.849950 -115.952539 
2455432.949950 -86.602354 
2455433.049950 -50.096454 
2455433.149950 -9.456611 
2455433.249950 31.812508 
2455433.349950 70.164879 
2455433.449950 102.457252 
2455433.549950 126.311726 
2455433.649950 140.332468 
2455433.749950 144.146897 
2455433.849950 138.282264 
2455433.949950 123.924858 
2455434.049950 102.631961 
2455434.149950 76.070655 
2455434.249950 45.842241 
2455434.349950 13.420865 
2455434.449950 -19.801535 
2455434.549950 -52.404674 
2455434.649950 -82.824642 
2455434.749950 -109.296838 
2455434.849950 -129.903410 
2455434.949950 -142.740540 
2455435.049950 -146.184115 
2455435.149950 -139.199646 
2455435.249950 -121.622801 
2455435.349950 -94.336233 
2455435.449950 -59.287315 
2455435.549950 -19.325430 
2455435.649950 22.121764 
2455435.749950 61.476388 
2455435.849950 95.461849 
2455435.949950 121.491766 
2455436.049950 137.925681 
2455436.149950 144.152671 
2455436.249950 140.504113 
2455436.349950 128.035095 
2455436.449950 108.240691 
2455436.549950 82.782115 
2455436.649950 53.286758 
2455436.749950 21.258844 
2455436.849950 -11.898410 
2455436.949950 -44.782866 
2455437.049950 -75.873350 
2455437.149950 -103.453559 
2455437.249950 -125.631806 
2455437.349950 -140.480215 
2455437.449950 -146.280726 
2455437.549950 -141.830658 
2455437.649950 -126.737290 
2455437.749950 -101.625466 
2455437.849950 -68.196701 
2455437.949950 -29.109314 
2455438.049950 12.310768 
2455438.149950 52.479901 
2455438.249950 88.010593 
2455438.349950 116.122694 
2455438.449950 134.935835 
2455438.549950 143.595561 
2455438.649950 142.224585 
2455438.749950 131.730259 
2455438.849950 113.529552 
2455438.949950 89.266265 
2455439.049950 60.588824 
2455439.149950 29.033007 
2455439.249950 -3.980658 
2455439.349950 -37.060971 
2455439.449950 -68.724848 
2455439.549950 -97.305246 
2455439.649950 -120.944589 
2455439.749950 -137.705161 
2455439.849950 -145.792689 
2455439.949950 -143.853451 
2455440.049950 -131.278478 
2455440.149950 -108.438350 
2455440.249950 -76.781881 
2455440.349950 -38.759665 
2455440.449950 2.427779 
2455440.549950 43.217260 
2455440.649950 80.134134 
2455440.749950 110.221319 
2455440.849950 131.365723 
2455440.949950 142.466396 
2455441.049950 143.426101 
2455441.149950 134.988418 
2455441.249950 118.475774 
2455441.349950 95.501710 
2455441.449950 67.728992 
2455441.549950 36.724979 
2455441.649950 3.932717 
2455441.749950 -29.260251 
2455441.849950 -61.403358 
2455441.949950 -90.878237 
2455442.049950 -115.867689 
2455442.149950 -134.437056 
2455442.249950 -144.733083 
2455442.349950 -145.268705 
2455442.449950 -135.232416 
2455442.549950 -114.746364 
2455442.649950 -85.002349 
2455442.749950 -48.228738 
2455442.849950 -7.478286 
2455442.949950 33.732341 
2455443.049950 71.866121 
2455443.149950 103.807861 
2455443.249950 127.221367 
2455443.349950 140.758572 
2455443.449950 144.092716 
2455443.549950 137.788315 
2455443.649950 123.056524 
2455443.749950 101.466606 
2455443.849950 74.687377 
2455443.949950 44.316261 
2455444.049950 11.823029 
2455444.149950 -21.401314 
2455444.249950 -53.932399 
2455444.349950 -84.198527 
2455444.449950 -110.427439 
2455444.549950 -130.698981 
2455444.649950 -143.117419 
2455444.749950 -146.080330 
2455444.849950 -138.588726 
2455444.949950 -120.524322 
2455445.049950 -92.820096 
2455445.149950 -57.469997 
2455445.249950 -17.358211 
2455445.349950 24.070747 
2455445.449950 63.243021 
2455445.549950 96.905907 
2455445.649950 122.512113 
2455445.749950 138.468245 
2455445.849950 144.210351 
2455445.949950 140.109591 
2455446.049950 127.249047 
2455446.149950 107.138718 
2455446.249950 81.443624 
2455446.349950 51.788141 
2455446.449950 19.671804 
2455446.549950 -13.504177 
2455446.649950 -46.334774 
2455446.749950 -77.291648 
2455446.849950 -104.650366 
2455446.949950 -126.515170 
2455447.049950 -140.963406 
2455447.149950 -146.295313 
2455447.249950 -141.340578 
2455447.349950 -125.750481 
2455447.449950 -100.199857 
2455447.549950 -66.438448 
2455447.649950 -27.162841 
2455447.749950 14.279495 
2455447.849950 54.303899 
2455447.949950 89.542331 
2455448.049950 117.250690 
2455448.149950 135.594506 
2455448.249950 143.767029 
2455448.349950 141.933006 
2455448.449950 131.030845 
2455448.549950 112.495493 
2455448.649950 87.976889 
2455448.749950 59.121604 
2455448.849950 27.460670 
2455448.949950 -5.588340 
2455449.049950 -38.632562 
2455449.149950 -70.182566 
2455449.249950 -98.563000 
2455449.349950 -121.910757 
2455449.449950 -138.290703 
2455449.549950 -145.923532 
2455449.649950 -143.484620 
2455449.749950 -130.406625 
2455449.849950 -107.109334 
2455449.949950 -75.090966 
2455450.049950 -36.843453 
2455450.149950 4.406678 
2455450.249950 45.090176 
2455450.349950 81.747186 
2455450.449950 111.453246 
2455450.549950 132.139528 
2455450.649950 142.753089 
2455450.749950 143.240671 
2455450.849950 134.379851 
2455450.949950 117.514166 
2455451.049950 94.265846 
2455451.149950 66.297266 
2455451.249950 35.171256 
2455451.349950 2.327126 
2455451.449950 -30.847142 
2455451.549950 -62.895612 
2455451.649950 -92.191706 
2455451.749950 -116.911547 
2455451.849950 -135.120669 
2455451.949950 -144.977557 
2455452.049950 -145.020883 
2455452.149950 -134.478109 
2455452.249950 -113.519379 
2455452.349950 -83.386593 
2455452.449950 -46.352108 
2455452.549950 -5.498886 
2455452.649950 35.645361 
2455452.749950 73.553558 
2455452.849950 105.139344 
2455452.949950 128.108694 
2455453.049950 141.161404 
2455453.149950 144.016288 
2455453.249950 137.274640 
2455453.349950 122.171878 
2455453.449950 100.288713 
2455453.549950 73.295315 
2455453.649950 42.785088 
2455453.749950 10.223485 
2455453.849950 -22.999233 
2455453.949950 -55.454424 
2455454.049950 -85.562533 
2455454.149950 -111.543789 
2455454.249950 -131.476115 
2455454.349950 -143.472434 
2455454.449950 -145.952657 
2455454.549950 -137.953862 
2455454.649950 -119.404149 
2455454.749950 -91.286818 
2455454.849950 -55.642011 
2455454.949950 -15.388007 
2455455.049950 26.014749 
2455455.149950 64.997387 
2455455.249950 98.331923 
2455455.349950 123.510698 
2455455.449950 138.987570 
2455455.549950 144.245384 
2455455.649950 139.694637 
2455455.749950 126.445824 
2455455.849950 106.023299 
2455455.949950 80.095470 
2455456.049950 50.283492 
2455456.149950 18.082228 
2455456.249950 -15.108951 
2455456.349950 -47.881927 
2455456.449950 -78.701089 
2455456.549950 -105.833963 
2455456.649950 -127.381048 
2455456.749950 -141.425447 
2455456.849950 -146.286334 
2455456.949950 -140.826367 
2455457.049950 -124.741228 
2455457.149950 -98.755829 
2455457.249950 -64.667844 
2455457.349950 -25.211490 
2455457.449950 16.245112 
2455457.549950 56.117256 
2455457.649950 91.057230 
2455457.749950 118.357607 
2455457.849950 136.230089 
2455457.949950 143.915540 
2455458.049950 141.620348 
2455458.149950 130.313415 
2455458.249950 111.447084 
2455458.349950 86.676960 
2455458.449950 57.647505 
2455458.549950 25.884971 
2455458.649950 -7.195881 
2455458.749950 -40.200321 
2455458.849950 -71.632433 
2455458.949950 -99.808590 
2455459.049950 -122.860425 
2455459.149950 -138.855880 
2455459.249950 -146.031238 
2455459.349950 -143.091600 
2455459.449950 -129.511712 
2455459.549950 -105.760738 
2455459.649950 -73.386098 
2455459.749950 -34.920500 
2455459.849950 6.384364 
2455459.949950 46.954154 
2455460.049950 83.344716 
2455460.149950 112.664906 
2455460.249950 132.890518 
2455460.349950 143.016615 
2455460.449950 143.033583 
2455460.549950 133.752463 
2455460.649950 116.537308 
2455460.749950 93.018532 
2455460.849950 64.857805 
2455460.949950 33.613345 
2455461.049950 0.720836 
2455461.149950 -32.431106 
2455461.249950 -64.381002 
2455461.349950 -93.494054 
2455461.449950 -117.939918 
2455461.549950 -135.784765 
2455461.649950 -145.199423 
2455461.749950 -144.748941 
2455461.849950 -133.700261 
2455461.949950 -112.271776 
2455462.049950 -81.755373 
2455462.149950 -44.466917 
2455462.249950 -3.518787 
2455462.349950 37.551211 
2455462.449950 75.226896 
2455462.549950 106.451496 
2455462.649950 128.973608 
2455462.749950 141.540965 
2455462.849950 143.917700 
2455462.949950 136.741378 
2455463.049950 121.271095 
2455463.149950 99.098464 
2455463.249950 71.894650 
2455463.349950 41.248897 
2455463.449950 8.622408 
2455463.549950 -24.595110 
2455463.649950 -56.970553 
2455463.749950 -86.916454 
2455463.849950 -112.645681 
2455463.949950 -132.234631 
2455464.049950 -143.805457 
2455464.149950 -145.801050 
2455464.249950 -137.295111 
2455464.349950 -118.262449 
2455464.449950 -89.736666 
2455464.549950 -53.803699 
2455464.649950 -13.415194 
2455464.749950 27.953404 
2455464.849950 66.739174 
2455464.949950 99.739669 
2455465.049950 124.487397 
2455465.149950 139.483633 
2455465.249950 144.257836 
2455465.349950 139.259382 
2455465.449950 125.625593 
2455465.549950 104.894618 
2455465.649950 78.737833 
2455465.749950 48.772987 
2455465.849950 16.490291 
2455465.949950 -16.712551 
2455466.049950 -49.424131 
2455466.149950 -80.101467 
2455466.249950 -107.004143 
2455466.349950 -128.229253 
2455466.449950 -141.866195 
2455466.549950 -146.253724 
2455466.649950 -140.288057 
2455466.749950 -123.709672 
2455466.849950 -97.293626 
2455466.949950 -62.885217 
2455467.049950 -23.255634 
2455467.149950 18.207247 
2455467.249950 57.919643 
2455467.349950 92.555041 
2455467.449950 119.443296 
2455467.549950 136.842537 
2455467.649950 144.041140 
2455467.749950 141.286729 
2455467.849950 129.578133 
2455467.949950 110.384504 
2455468.049950 85.366661 
2455468.149950 56.166704 
2455468.249950 24.306085 
2455468.349950 -8.803103 
2455468.449950 -41.764059 
2455468.549950 -73.074245 
2455468.649950 -101.041807 
2455468.749950 -123.793400 
2455468.849950 -139.400536 
2455468.949950 -146.115722 
2455469.049950 -142.674399 
2455469.149950 -128.593855 
2455469.249950 -104.392783 
2455469.349950 -71.667588 
2455469.449950 -32.991171 
2455469.549950 8.360461 
2455469.649950 48.808851 
2455469.749950 84.926454 
2455469.849950 113.856123 
2455469.949950 133.618625 
2455470.049950 143.257001 
2455470.149950 142.804941 
2455470.249950 133.106408 
2455470.349950 115.545377 
2455470.449950 91.759949 
2455470.549950 63.410787 
2455470.649950 32.051420 
2455470.749950 -0.885979 
2455470.849950 -34.011955 
2455470.949950 -65.859329 
2455471.049950 -94.785073 
2455471.149950 -118.952601 
2455471.249950 -136.429175 
2455471.349950 -145.398574 
2455471.449950 -144.452860 
2455471.549950 -132.898963 
2455471.649950 -111.003753 
2455471.749950 -80.108982 
2455471.849950 -42.573521 
2455471.949950 -1.538368 
2455472.049950 39.449537 
2455472.149950 76.885843 
2455472.249950 107.744119 
2455472.349950 129.816012 
2455472.449950 141.897261 
2455472.549950 143.797037 
2455472.649950 136.188675 
2455472.749950 120.354349 
2455472.849950 97.896042 
2455472.949950 70.485561 
2455473.049950 39.707860 
2455473.149950 7.019972 
2455473.249950 -26.188761 
2455473.349950 -58.480590 
2455473.449950 -88.260081 
2455473.549950 -113.732911 
2455473.649950 -132.974351 
2455473.749950 -144.116366 
2455473.849950 -145.625469 
2455473.949950 -136.612537 
2455474.049950 -117.099397 
2455474.149950 -88.169913 
2455474.249950 -51.955406 
2455474.349950 -11.440149 
2455474.449950 29.886347 
2455474.549950 68.468072 
2455474.649950 101.128924 
2455474.749950 125.442090 
2455474.849950 139.956418 
2455474.949950 144.247775 
2455475.049950 138.803957 
2455475.149950 124.788524 
2455475.249950 103.752855 
2455475.349950 77.370896 
2455475.449950 47.256801 
2455475.549950 14.896167 
2455475.649950 -18.314797 
2455475.749950 -50.961193 
2455475.849950 -81.492577 
2455475.949950 -108.160699 
2455476.049950 -129.059596 
2455476.149950 -142.285512 
2455476.249950 -146.197419 
2455476.349950 -139.725685 
2455476.449950 -122.655961 
2455476.549950 -95.813499 
2455476.649950 -61.090897 
2455476.749950 -21.295644 
2455476.849950 20.165528 
2455476.949950 59.710735 
2455477.049950 94.035519 
2455477.149950 120.507610 
2455477.249950 137.431811 
2455477.349950 144.143880 
2455477.449950 140.932270 
2455477.549950 128.825160 
2455477.649950 109.307934 
2455477.749950 84.046173 
2455477.849950 54.679377 
2455477.949950 22.724185 
2455478.049950 -10.409827 
2455478.149950 -43.323585 
2455478.249950 -74.507799 
2455478.349950 -102.262444 
2455478.449950 -124.709485 
2455478.549950 -139.924518 
2455478.649950 -146.176899 
2455478.749950 -142.233028 
2455478.849950 -127.653173 
2455478.949950 -103.005697 
2455479.049950 -69.935749 
2455479.149950 -31.055833 
2455479.249950 10.334595 
2455479.349950 50.653926 
2455479.449950 86.492131 
2455479.549950 115.026727 
2455479.649950 134.323781 
2455479.749950 143.474275 
2455479.849950 142.554850 
2455479.949950 132.441841 
2455480.049950 114.538552 
2455480.149950 90.490281 
2455480.249950 61.956388 
2455480.349950 30.485654 
2455480.449950 -2.493142 
2455480.549950 -35.589502 
2455480.649950 -67.330390 
2455480.749950 -96.064553 
2455480.849950 -119.949396 
2455480.949950 -137.053733 
2455481.049950 -145.574908 
2455481.149950 -144.132628 
2455481.249950 -132.074307 
2455481.349950 -109.715512 
2455481.449950 -78.447715 
2455481.549950 -40.672277 
2455481.649950 0.441995 
2455481.749950 41.339986 
2455481.849950 78.530112 
2455481.949950 109.017018 
2455482.049950 130.635817 
2455482.149950 142.230300 
2455482.249950 143.654391 
2455482.349950 135.616676 
2455482.449950 119.421813 
2455482.549950 96.681631 
2455482.649950 69.068228 
2455482.749950 38.162153 
2455482.849950 5.416352 
2455482.949950 -27.780001 
2455483.049950 -59.984335 
2455483.149950 -89.593207 
2455483.249950 -114.805276 
2455483.349950 -133.695098 
2455483.449950 -144.405039 
2455483.549950 -145.425878 
2455483.649950 -135.906208 
2455483.749950 -115.915168 
2455483.849950 -86.586834 
2455483.949950 -50.097477 
2455484.049950 -9.463248 
2455484.149950 31.813218 
2455484.249950 70.183777 
2455484.349950 102.499469 
2455484.449950 126.374663 
2455484.549950 140.405910 
2455484.649950 144.215276 
2455484.749950 138.328498 
2455484.849950 123.934785 
2455484.949950 102.598193 
2455485.049950 75.994838 
2455485.149950 45.735108 
2455485.249950 13.300029 
2455485.349950 -19.915507 
2455485.449950 -52.492918 
2455485.549950 -82.874212 
2455485.649950 -109.303425 
2455485.749950 -129.871893 
2455485.849950 -142.683260 
2455485.949950 -146.117361 
2455486.049950 -139.139293 
2455486.149950 -121.580246 
2455486.249950 -94.315702 
2455486.349950 -59.285216 
2455486.449950 -19.331894 
2455486.549950 22.119586 
2455486.649950 61.490209 
2455486.749950 95.498421 
2455486.849950 121.550411 
2455486.949950 137.997873 
2455487.049950 144.223816 
2455487.149950 140.557093 
2455487.249950 128.054660 
2455487.349950 108.217556 
2455487.449950 82.715678 
2455487.549950 53.185701 
2455487.649950 21.139444 
2455487.749950 -12.015876 
2455487.849950 -44.878708 
2455487.949950 -75.932891 
2455488.049950 -103.470292 
2455488.149950 -125.608489 
2455488.249950 -140.427674 
2455488.349950 -146.214691 
2455488.449950 -141.767503 
2455488.549950 -126.689794 
2455488.649950 -101.599711 
2455488.749950 -68.190900 
2455488.849950 -29.114853 
2455488.949950 12.306389 
2455489.049950 52.489043 
2455489.149950 88.041484 
2455489.249950 116.176553 
2455489.349950 135.005928 
2455489.449950 143.668475 
2455489.549950 142.283421 
2455489.649950 131.758919 
2455489.749950 113.517012 
2455489.849950 89.209709 
2455489.949950 60.494788 
2455490.049950 28.916221 
2455490.149950 -4.100476 
2455490.249950 -37.163560 
2455490.349950 -68.793986 
2455490.449950 -97.332287 
2455490.549950 -120.930105 
2455490.649950 -137.658276 
2455490.749950 -145.728326 
2455490.849950 -143.788237 
2455490.949950 -131.226393 
2455491.049950 -108.407263 
2455491.149950 -76.771873 
2455491.249950 -38.763545 
2455491.349950 2.421924 
2455491.449950 43.222208 
2455491.549950 80.159419 
2455491.649950 110.270003 
2455491.749950 131.432938 
2455491.849950 142.540097 
2455491.949950 143.489856 
2455492.049950 135.025529 
2455492.149950 118.473664 
2455492.249950 95.455412 
2455492.349950 67.642829 
2455492.449950 36.611950 
2455492.549950 3.811723 
2455492.649950 -29.368648 
2455492.749950 -61.481592 
2455492.849950 -90.915623 
2455492.949950 -115.862572 
2455493.049950 -134.396698 
2455493.149950 -144.671361 
2455493.249950 -145.202245 
2455493.349950 -135.176197 
2455493.449950 -114.709946 
2455493.549950 -84.987709 
2455493.649950 -48.230261 
2455493.749950 -7.484868 
2455493.849950 33.733655 
2455493.949950 71.885984 
2455494.049950 103.851090 
2455494.149950 127.285004 
2455494.249950 140.832103 
2455494.349950 144.160416 
2455494.449950 137.833144 
2455494.549950 123.064550 
2455494.649950 101.430815 
2455494.749950 74.609841 
2455494.849950 44.208086 
2455494.949950 11.702052 
2455495.049950 -21.514500 
2455495.149950 -54.019113 
2455495.249950 -84.246166 
2455495.349950 -110.432115 
2455495.449950 -130.665960 
2455495.549950 -143.059307 
2455495.649950 -146.013496 
2455495.749950 -138.528928 
2455495.849950 -120.482684 
2455495.949950 -92.800494 
2455496.049950 -57.468510 
2455496.149950 -17.364759 
2455496.249950 24.069052 
2455496.349950 63.257746 
2455496.449950 96.943511 
2455496.549950 122.571562 
2455496.649950 138.540692 
2455496.749950 144.281006 
2455496.849950 140.161325 
2455496.949950 127.266800 
2455497.049950 107.113551 
2455497.149950 81.375357 
2455497.249950 51.685853 
2455497.349950 19.552038 
2455497.449950 -13.621069 
2455497.549950 -46.429237 
2455497.649950 -77.349317 
2455497.749950 -104.665143 
2455497.849950 -126.490221 
2455497.949950 -140.909858 
2455498.049950 -146.229022 
2455498.149950 -141.277847 
2455498.249950 -125.703846 
2455498.349950 -100.175060 
2455498.449950 -66.433360 
2455498.549950 -27.168601 
2455498.649950 14.275470 
2455498.749950 54.313867 
2455498.849950 89.574255 
2455498.949950 117.305440 
2455499.049950 135.665009 
2455499.149950 143.839639 
2455499.249950 141.990766 
2455499.349950 131.057801 
2455499.449950 112.480937 
2455499.549950 87.918417 
2455499.649950 59.026163 
2455499.749950 27.343296 
2455499.849950 -5.707803 
2455499.949950 -38.733942 
2455500.049950 -70.249914 
2455500.149950 -98.588067 
2455500.249950 -121.894531 
2455500.349950 -138.242643 
2455500.449950 -145.858733 
2455500.549950 -143.419685 
2455500.649950 -130.355326 
2455500.749950 -107.079215 
2455500.849950 -75.081756 
2455500.949950 -36.847686 
2455501.049950 4.401041 
2455501.149950 45.095856 
2455501.249950 81.773485 
2455501.349950 111.502888 
2455501.449950 132.207294 
2455501.549950 142.826669 
2455501.649950 143.303528 
2455501.749950 134.415385 
2455501.849950 117.510078 
2455501.949950 94.217569 
2455502.049950 66.209544 
2455502.149950 35.057425 
2455502.249950 2.206262 
2455502.349950 -30.954515 
2455502.449950 -62.972162 
2455502.549950 -92.227124 
2455502.649950 -116.904597 
2455502.749950 -135.078978 
2455502.849950 -144.915217 
2455502.949950 -144.954544 
2455503.049950 -134.422581 
2455503.149950 -113.483918 
2455503.249950 -83.372822 
2455503.349950 -46.354109 
2455503.449950 -5.505387 
2455503.549950 35.647299 
2455503.649950 73.574395 
2455503.749950 105.183577 
2455503.849950 128.173009 
2455503.949950 141.234991 
2455504.049950 144.083276 
2455504.149950 137.318034 
2455504.249950 122.177990 
2455504.349950 100.250904 
2455504.449950 73.216084 
2455504.549950 42.675907 
2455504.649950 10.102411 
2455504.749950 -23.111594 
2455504.849950 -55.539581 
2455504.949950 -85.608233 
2455505.049950 -111.546562 
2455505.149950 -131.441615 
2455505.249950 -143.413523 
2455505.349950 -145.885776 
2455505.449950 -137.894642 
2455505.549950 -119.363437 
2455505.649950 -91.268137 
2455505.749950 -55.641117 
2455505.849950 -15.394615 
2455505.949950 26.013559 
2455506.049950 65.013028 
2455506.149950 98.370557 
2455506.249950 123.570934 
2455506.349950 139.060241 
2455506.449950 144.315512 
2455506.549950 139.745094 
2455506.649950 126.461746 
2455506.749950 105.996101 
2455506.849950 80.025393 
2455506.949950 50.180007 
2455507.049950 17.962139 
2455507.149950 -15.225227 
2455507.249950 -47.974980 
2455507.349950 -78.756872 
2455507.449950 -105.846791 
2455507.549950 -127.354490 
2455507.649950 -141.370923 
2455507.749950 -146.219821 
2455507.849950 -140.764086 
2455507.949950 -124.695467 
2455508.049950 -98.731987 
2455508.149950 -64.663452 
2455508.249950 -25.217447 
2455508.349950 16.241465 
2455508.449950 56.128064 
2455508.549950 91.090189 
2455508.649950 118.413234 
2455508.749950 136.300973 
2455508.849950 143.987811 
2455508.949950 141.677000 
2455509.049950 130.338646 
2455509.149950 111.430507 
2455509.249950 86.616587 
2455509.349950 57.550691 
2455509.449950 25.767051 
2455509.549950 -7.314947 
2455509.649950 -40.300458 
2455509.749950 -71.697973 
2455509.849950 -99.831684 
2455509.949950 -122.842477 
2455510.049950 -138.806675 
2455510.149950 -145.966038 
2455510.249950 -143.026972 
2455510.349950 -129.461215 
2455510.449950 -105.731587 
2455510.549950 -73.377673 
2455510.649950 -34.925063 
2455510.749950 6.378972 
2455510.849950 46.960583 
2455510.949950 83.372034 
2455511.049950 112.715495 
2455511.149950 132.958811 
2455511.249950 143.090040 
2455511.349950 143.095509 
2455511.449950 133.786395 
2455511.549950 116.531233 
2455511.649950 92.968286 
2455511.749950 64.768551 
2455511.849950 33.498752 
2455511.949950 0.600144 
2455512.049950 -32.537417 
2455512.149950 -64.455846 
2455512.249950 -93.527500 
2455512.349950 -117.931151 
2455512.449950 -135.741769 
2455512.549950 -145.136500 
2455512.649950 -144.682753 
2455512.749950 -133.645444 
2455512.849950 -112.237276 
2455512.949950 -81.742461 
2455513.049950 -44.469374 
2455513.149950 -3.525183 
2455513.249950 37.553793 
2455513.349950 75.248716 
2455513.449950 106.496727 
2455513.549950 129.038577 
2455513.649950 141.614575 
2455513.749950 143.983939 
2455513.849950 136.783311 
2455513.949950 121.275279 
2455514.049950 99.058643 
2455514.149950 71.813747 
2455514.249950 41.138747 
2455514.349950 8.501279 
2455514.449950 -24.706606 
2455514.549950 -57.054127 
2455514.649950 -86.960207 
2455514.749950 -112.646564 
2455514.849950 -132.198678 
2455514.949950 -143.745782 
2455515.049950 -145.734154 
2455515.149950 -137.236494 
2455515.249950 -118.222671 
2455515.349950 -89.718899 
2455515.449950 -53.803378 
2455515.549950 -13.421835 
2455515.649950 27.952742 
2455515.749950 66.755743 
2455515.849950 99.779331 
2455515.949950 124.548401 
2455516.049950 139.556498 
2455516.149950 144.327402 
2455516.249950 139.308531 
2455516.349950 125.639667 
2455516.449950 104.865388 
2455516.549950 78.665968 
2455516.649950 48.668340 
2455516.749950 16.369921 
2455516.849950 -16.828171 
2455516.949950 -49.515745 
2455517.049950 -80.155353 
2455517.149950 -107.015029 
2455517.249950 -128.201108 
2455517.349950 -141.810729 
2455517.449950 -146.187022 
2455517.549950 -140.226251 
2455517.649950 -123.664797 
2455517.749950 -97.270734 
2455517.849950 -62.881503 
2455517.949950 -23.261762 
2455518.049950 18.204001 
2455518.149950 57.931307 
2455518.249950 92.589035 
2455518.349950 119.499783 
2455518.449950 136.913775 
2455518.549950 144.113036 
2455518.649950 141.342240 
2455518.749950 129.601616 
2455518.849950 110.365902 
2455518.949950 85.304402 
2455519.049950 56.068549 
2455519.149950 24.187660 
2455519.249950 -8.921731 
2455519.349950 -41.862919 
2455519.449950 -73.137961 
2455519.549950 -101.062931 
2455519.649950 -123.773747 
2455519.749950 -139.350217 
2455519.849950 -146.050153 
2455519.949950 -142.610105 
2455520.049950 -128.544175 
2455520.149950 -104.364600 
2455520.249950 -71.659933 
2455520.349950 -32.996040 
2455520.449950 8.355338 
2455520.549950 48.816047 
2455520.649950 84.954794 
2455520.749950 113.907647 
2455520.849950 133.687417 
2455520.949950 143.330235 
2455521.049950 142.865902 
2455521.149950 133.138714 
2455521.249950 115.537308 
2455521.349950 91.707746 
2455521.449950 63.320029 
2455521.549950 31.936105 
2455521.649950 -1.006456 
2455521.749950 -34.117169 
2455521.849950 -65.932445 
2455521.949950 -94.816544 
2455522.049950 -118.942032 
2455522.149950 -136.384903 
2455522.249950 -145.335101 
2455522.349950 -144.386853 
2455522.449950 -132.844875 
2455522.549950 -110.970217 
2455522.649950 -80.096916 
2455522.749950 -42.576411 
2455522.849950 -1.544632 
2455522.949950 39.452784 
2455523.049950 76.908653 
2455523.149950 107.790338 
2455523.249950 129.881613 
2455523.349950 141.970861 
2455523.449950 143.862494 
2455523.549950 136.229118 
2455523.649950 120.356591 
2455523.749950 97.854216 
2455523.849950 70.403012 
2455523.949950 39.596781 
2455524.049950 6.898831 
2455524.149950 -26.299354 
2455524.249950 -58.562554 
2455524.349950 -88.301880 
2455524.449950 -113.731915 
2455524.549950 -132.936971 
2455524.649950 -144.055959 
2455524.749950 -145.558590 
2455524.849950 -136.554543 
2455524.949950 -117.060559 
2455525.049950 -88.153051 
2455525.149950 -51.955637 
2455525.249950 -11.446798 
2455525.349950 29.886236 
2455525.449950 68.485580 
2455525.549950 101.169608 
2455525.649950 125.503841 
2455525.749950 140.029444 
2455525.849950 144.316745 
2455525.949950 138.851769 
2455526.049950 124.800734 
2455526.149950 103.721597 
2455526.249950 77.297262 
2455526.349950 47.151028 
2455526.449950 14.775558 
2455526.549950 -18.429721 
2455526.649950 -51.051338 
2455526.749950 -81.544553 
2455526.849950 -108.169651 
2455526.949950 -129.029888 
2455527.049950 -142.229136 
2455527.149950 -146.130561 
2455527.249950 -139.664380 
2455527.349950 -122.611983 
2455527.449950 -95.791553 
2455527.549950 -61.087843 
2455527.649950 -21.301919 
2455527.749950 20.162708 
2455527.849950 59.723269 
2455527.949950 94.070547 
2455528.049950 120.564943 
2455528.149950 137.503372 
2455528.249950 144.215367 
2455528.349950 140.986608 
2455528.449950 128.846876 
2455528.549950 109.287305 
2455528.649950 83.982046 
2455528.749950 54.579914 
2455528.849950 22.605298 
2455528.949950 -10.527974 
2455529.049950 -43.421136 
2455529.149950 -74.569674 
2455529.249950 -102.281601 
2455529.349950 -124.688150 
2455529.449950 -139.873117 
2455529.549950 -146.110996 
2455529.649950 -142.169096 
2455529.749950 -127.604325 
2455529.849950 -102.978480 
2455529.949950 -69.928849 
2455530.049950 -31.060984 
2455530.149950 10.329765 
2455530.249950 50.661907 
2455530.349950 86.521497 
2455530.449950 115.079173 
2455530.549950 134.393047 
2455530.649950 143.547286 
2455530.749950 142.614813 
2455530.849950 132.472497 
2455530.949950 114.528482 
2455531.049950 90.436132 
2455531.149950 61.864157 
2455531.249950 30.369659 
2455531.349950 -2.613360 
2455531.449950 -35.693584 
2455531.549950 -67.401759 
2455531.649950 -96.094048 
2455531.749950 -119.937043 
2455531.849950 -137.008214 
2455531.949950 -145.510919 
2455532.049950 -144.066832 
2455532.149950 -132.020967 
2455532.249950 -109.682944 
2455532.349950 -78.436483 
2455532.449950 -40.675578 
2455532.549950 0.435887 
2455532.649950 41.343917 
2455532.749950 78.553919 
2455532.849950 109.064217 
2455532.949950 130.702027 
2455533.049950 142.303857 
2455533.149950 143.719031 
2455533.249950 135.655603 
2455533.349950 119.422103 
2455533.449950 96.637806 
2455533.549950 68.984059 
2455533.649950 38.050183 
2455533.749950 5.295243 
2455533.849950 -27.889654 
2455533.949950 -60.064667 
2455534.049950 -89.633045 
2455534.149950 -114.802413 
2455534.249950 -133.656318 
2455534.349950 -144.343935 
2455534.449950 -145.359047 
2455534.549950 -135.848859 
