descriptor BJD Tc_folded phase mod 
2455326.949950 -0.785497 0.762800 131.419936
2455327.049950 -0.685497 0.804057 143.947881
2455327.149950 -0.585497 0.845314 146.856691
2455327.249950 -0.485497 0.886572 139.951988
2455327.349950 -0.385497 0.927829 123.695170
2455327.449950 -0.285497 0.969087 99.172579
2455327.549950 -0.185497 0.010344 68.022905
2455327.649950 -0.085497 0.051602 32.327687
2455327.749950 0.014503 0.092859 -5.527788
2455327.849950 0.114503 0.134117 -43.013876
2455327.949950 0.214503 0.175374 -77.625616
2455328.049950 0.314503 0.216631 -107.050122
2455328.149950 0.414503 0.257889 -129.321139
2455328.249950 0.514503 0.299146 -142.950434
2455328.349950 0.614503 0.340404 -147.027247
2455328.449950 0.714503 0.381661 -141.279150
2455328.549950 0.814503 0.422919 -126.090252
2455328.649950 0.914503 0.464176 -102.475533
2455328.749950 1.014503 0.505433 -72.013015
2455328.849950 1.114503 0.546691 -36.738319
2455328.949950 -1.209302 0.587948 0.991369
2455329.049950 -1.109302 0.629206 38.654810
2455329.149950 -1.009302 0.670463 73.735193
2455329.249950 -0.909302 0.711721 103.888314
2455329.349950 -0.809302 0.752978 127.099230
2455329.449950 -0.709302 0.794235 141.816900
2455329.549950 -0.609302 0.835493 147.057835
2455329.649950 -0.509302 0.876750 142.471816
2455329.749950 -0.409302 0.918008 128.365298
2455329.849950 -0.309302 0.959265 105.680931
2455329.949950 -0.209302 0.000523 75.934570
2455330.049950 -0.109302 0.041780 41.113976
2455330.149950 -0.009302 0.083037 3.545993
2455330.249950 0.090698 0.124295 -34.258946
2455330.349950 0.190698 0.165552 -69.774575
2455330.449950 0.290698 0.206810 -100.627605
2455330.549950 0.390698 0.248067 -124.756324
2455330.649950 0.490698 0.289325 -140.548358
2455330.749950 0.590698 0.330582 -146.948426
2455330.849950 0.690698 0.371839 -143.528851
2455330.949950 0.790698 0.413097 -130.518142
2455331.049950 0.890698 0.454354 -108.785723
2455331.149950 0.990698 0.495612 -79.783836
2455331.249950 1.090698 0.536869 -45.450494
2455331.349950 1.190698 0.578127 -8.079981
2455331.449950 -1.133108 0.619384 29.830467
2455331.549950 -1.033108 0.660642 65.747532
2455331.649950 -0.933108 0.701899 97.271101
2455331.749950 -0.833108 0.743156 122.294651
2455331.849950 -0.733108 0.784414 139.146016
2455331.949950 -0.633108 0.825671 146.699124
2455332.049950 -0.533108 0.866929 144.449249
2455332.149950 -0.433108 0.908186 132.546734
2455332.249950 -0.333108 0.949444 111.786952
2455332.349950 -0.233108 0.990701 83.557148
2455332.449950 -0.133108 0.031958 49.743743
2455332.549950 -0.033108 0.073216 12.606276
2455332.649950 0.066892 0.114473 -25.373591
2455332.749950 0.166892 0.155731 -61.657899
2455332.849950 0.266892 0.196988 -93.821995
2455332.949950 0.366892 0.238246 -119.716556
2455333.049950 0.466892 0.279503 -137.611209
2455333.149950 0.566892 0.320760 -146.310167
2455333.249950 0.666892 0.362018 -145.232132
2455333.349950 0.766892 0.403275 -134.449144
2455333.449950 0.866892 0.444533 -114.681762
2455333.549950 0.966892 0.485790 -87.250916
2455333.649950 1.066892 0.527048 -53.989637
2455333.749950 1.166892 0.568305 -17.120570
2455333.849950 -1.156914 0.609562 20.892559
2455333.949950 -1.056914 0.650820 57.509568
2455334.049950 -0.956914 0.692077 90.283573
2455334.149950 -0.856914 0.733335 117.024492
2455334.249950 -0.756914 0.774592 135.945398
2455334.349950 -0.656914 0.815850 145.781924
2455334.449950 -0.556914 0.857107 145.876757
2455334.549950 -0.456914 0.898365 136.223560
2455334.649950 -0.356914 0.939622 117.467396
2455334.749950 -0.256914 0.980879 90.861622
2455334.849950 -0.156914 0.022137 58.184134
2455334.949950 -0.056914 0.063394 21.618565
2455335.049950 0.043086 0.104652 -16.391637
2455335.149950 0.143086 0.145909 -53.306489
2455335.249950 0.243086 0.187167 -86.659202
2455335.349950 0.343086 0.228424 -114.221023
2455335.449950 0.443086 0.269681 -134.150169
2455335.549950 0.543086 0.310939 -145.114899
2455335.649950 0.643086 0.352196 -146.382509
2455335.749950 0.743086 0.393454 -137.868293
2455335.849950 0.843086 0.434711 -120.141203
2455335.949950 0.943086 0.475969 -94.385828
2455336.049950 1.043086 0.517226 -62.323240
2455336.149950 1.143086 0.558483 -26.095980
2455336.249950 -1.180719 0.599741 11.875111
2455336.349950 -1.080719 0.640998 49.052663
2455336.449950 -0.980719 0.682256 82.952332
2455336.549950 -0.880719 0.723513 111.308817
2455336.649950 -0.780719 0.764771 132.227230
2455336.749950 -0.680719 0.806028 144.309726
2455336.849950 -0.580719 0.847285 146.748907
2455336.949950 -0.480719 0.888543 139.381778
2455337.049950 -0.380719 0.929800 122.700637
2455337.149950 -0.280719 0.971058 97.820181
2455337.249950 -0.180719 0.012315 66.403015
2455337.349950 -0.080719 0.053573 30.548552
2455337.449950 0.019281 0.094830 -7.347280
2455337.549950 0.119281 0.136087 -44.752139
2455337.649950 0.219281 0.177345 -79.166493
2455337.749950 0.319281 0.218602 -108.290646
2455337.849950 0.419281 0.259860 -130.178413
2455337.949950 0.519281 0.301117 -143.367173
2455338.049950 0.619281 0.342375 -146.975602
2455338.149950 0.719281 0.383632 -140.762572
2455338.249950 0.819281 0.424890 -125.143262
2455338.349950 0.919281 0.466147 -101.161410
2455338.449950 1.019281 0.507404 -70.419576
2455338.549950 1.119281 0.548662 -34.972042
2455338.649950 -1.204525 0.589919 2.812454
2455338.749950 -1.104525 0.631177 40.409012
2455338.849950 -1.004525 0.672434 75.305288
2455338.949950 -0.904525 0.713692 105.169384
2455339.049950 -0.804525 0.754949 128.005668
2455339.149950 -0.704525 0.796206 142.288136
2455339.249950 -0.604525 0.837464 147.062378
2455339.349950 -0.504525 0.878721 142.009363
2455339.449950 -0.404525 0.919979 127.466752
2455339.549950 -0.304525 0.961236 104.406335
2455339.649950 -0.204525 0.002494 74.369098
2455339.749950 -0.104525 0.043751 39.362239
2455339.849950 -0.004525 0.085008 1.725049
2455339.949950 0.095475 0.126266 -36.027416
2455340.049950 0.195475 0.167523 -71.372394
2455340.149950 0.295475 0.208781 -101.948002
2455340.249950 0.395475 0.250038 -125.711064
2455340.349950 0.495475 0.291296 -141.073642
2455340.449950 0.595475 0.332553 -147.009153
2455340.549950 0.695475 0.373810 -143.120963
2455340.649950 0.795475 0.415068 -129.668895
2455340.749950 0.895475 0.456325 -107.551867
2455340.849950 0.995475 0.497583 -78.247822
2455340.949950 1.095475 0.538840 -43.714964
2455341.049950 1.195475 0.580098 -6.260909
2455341.149950 -1.128331 0.621355 31.611523
2455341.249950 -1.028331 0.662613 67.371554
2455341.349950 -0.928331 0.703870 98.629567
2455341.449950 -0.828331 0.745127 123.296784
2455341.549950 -0.728331 0.786385 139.724849
2455341.649950 -0.628331 0.827642 146.815977
2455341.749950 -0.528331 0.868900 144.096313
2455341.849950 -0.428331 0.910157 131.747595
2455341.949950 -0.328331 0.951415 110.595011
2455342.049950 -0.228331 0.992672 82.052054
2455342.149950 -0.128331 0.033929 48.026073
2455342.249950 -0.028331 0.075187 10.790810
2455342.349950 0.071669 0.116444 -27.165535
2455342.449950 0.171669 0.157702 -63.306578
2455342.549950 0.271669 0.198959 -95.217239
2455342.649950 0.371669 0.240217 -120.765128
2455342.749950 0.471669 0.281474 -138.243039
2455342.849950 0.571669 0.322731 -146.483035
2455342.949950 0.671669 0.363989 -144.934486
2455343.049950 0.771669 0.405246 -133.700874
2455343.149950 0.871669 0.446504 -113.532870
2455343.249950 0.971669 0.487761 -85.778175
2455343.349950 1.071669 0.529019 -52.291462
2455343.449950 1.171669 0.570276 -15.310438
2455343.549950 -1.152136 0.611533 22.693687
2455343.649950 -1.052136 0.652791 59.181335
2455343.749950 -0.952136 0.694048 91.714264
2455343.849950 -0.852136 0.735306 118.118504
2455343.949950 -0.752136 0.776563 136.629624
2455344.049950 -0.652136 0.817821 146.010642
2455344.149950 -0.552136 0.859078 145.634684
2455344.249950 -0.452136 0.900335 135.526871
2455344.349950 -0.352136 0.941593 116.362647
2455344.449950 -0.252136 0.982850 89.422635
2455344.549950 -0.152136 0.024108 56.507070
2455344.649950 -0.052136 0.065365 19.815490
2455344.749950 0.047864 0.106623 -18.200234
2455344.849950 0.147864 0.147880 -54.999751
2455344.949950 0.247864 0.189138 -88.123979
2455345.049950 0.347864 0.230395 -115.359434
2455345.149950 0.447864 0.271652 -134.886140
2455345.249950 0.547864 0.312910 -145.399250
2455345.349950 0.647864 0.354167 -146.196239
2455345.449950 0.747864 0.395425 -137.223849
2455345.549950 0.847864 0.436682 -119.081648
2455345.649950 0.947864 0.477940 -92.981967
2455345.749950 1.047864 0.519197 -60.668884
2455345.849950 1.147864 0.560454 -24.301679
2455345.949950 -1.175942 0.601712 13.689456
2455346.049950 -1.075942 0.642969 50.765809
2455346.149950 -0.975942 0.684227 84.449801
2455346.249950 -0.875942 0.725484 112.490542
2455346.349950 -0.775942 0.766742 133.014245
2455346.449950 -0.675942 0.807999 144.649439
2455346.549950 -0.575942 0.849256 146.618617
2455346.649950 -0.475942 0.890514 138.790191
2455346.749950 -0.375942 0.931771 121.687286
2455346.849950 -0.275942 0.973029 96.452781
2455346.949950 -0.175942 0.014286 64.772942
2455347.049950 -0.075942 0.055544 28.764732
2455347.149950 0.024058 0.096801 -9.165644
2455347.249950 0.124058 0.138058 -46.483538
2455347.349950 0.224058 0.179316 -80.695228
2455347.449950 0.324058 0.220573 -109.514562
2455347.549950 0.424058 0.261831 -131.015723
2455347.649950 0.524058 0.303088 -143.761924
2455347.749950 0.624058 0.344346 -146.901416
2455347.849950 0.724058 0.385603 -140.224407
2455347.949950 0.824058 0.426861 -124.177078
2455348.049950 0.924058 0.468118 -99.831774
2455348.149950 1.024058 0.509375 -68.815337
2455348.249950 1.124058 0.550633 -33.200402
2455348.349950 -1.199748 0.591890 4.633108
2455348.449950 -1.099748 0.633148 42.157016
2455348.549950 -0.999748 0.674405 76.863835
2455348.649950 -0.899748 0.715663 106.434325
2455348.749950 -0.799748 0.756920 128.892476
2455348.849950 -0.699748 0.798177 142.737550
2455348.949950 -0.599748 0.839435 147.044367
2455349.049950 -0.499748 0.880692 141.525131
2455349.149950 -0.399748 0.921950 126.548656
2455349.249950 -0.299748 0.963207 103.115727
2455349.349950 -0.199748 0.004465 72.792221
2455349.449950 -0.099748 0.045722 37.604465
2455349.549950 0.000252 0.086979 -0.096161
2455349.649950 0.100252 0.128237 -37.790361
2455349.749950 0.200252 0.169494 -72.959268
2455349.849950 0.300252 0.210752 -103.252764
2455349.949950 0.400252 0.252009 -126.646525
2455350.049950 0.500252 0.293267 -141.577291
2455350.149950 0.600252 0.334524 -147.047334
2455350.249950 0.700252 0.375781 -142.691125
2455350.349950 0.800252 0.417039 -128.799761
2455350.449950 0.900252 0.458296 -106.301517
2455350.549950 1.000252 0.499554 -76.699807
2455350.649950 1.100252 0.540811 -41.972730
2455350.749950 1.200252 0.582069 -4.440878
2455350.849950 -1.123553 0.623326 33.387730
2455350.949950 -1.023553 0.664584 68.985245
2455351.049950 -0.923553 0.705841 99.972908
2455351.149950 -0.823553 0.747098 124.280008
2455351.249950 -0.723553 0.788356 140.282253
2455351.349950 -0.623553 0.829613 146.910314
2455351.449950 -0.523553 0.870871 143.721279
2455351.549950 -0.423553 0.912128 130.928251
2455351.649950 -0.323553 0.953386 109.386108
2455351.749950 -0.223553 0.994643 80.534377
2455351.849950 -0.123553 0.035900 46.301037
2455351.949950 -0.023553 0.077158 8.973689
2455352.049950 0.076447 0.118415 -28.953314
2455352.149950 0.176447 0.159673 -64.945548
2455352.249950 0.276447 0.200930 -96.597879
2455352.349950 0.376447 0.242188 -121.795178
2455352.449950 0.476447 0.283445 -138.853668
2455352.549950 0.576447 0.324702 -146.633438
2455352.649950 0.676447 0.365960 -144.614613
2455352.749950 0.776447 0.407217 -132.932099
2455352.849950 0.876447 0.448475 -112.366566
2455352.949950 0.976447 0.489732 -84.292278
2455353.049950 1.076447 0.530990 -50.585266
2455353.149950 1.176447 0.572247 -13.497958
2455353.249950 -1.147359 0.613504 24.491335
2455353.349950 -1.047359 0.654762 60.844025
2455353.449950 -0.947359 0.696019 93.130890
2455353.549950 -0.847359 0.737277 119.194401
2455353.649950 -0.747359 0.778534 137.292897
2455353.749950 -0.647359 0.819792 146.216968
2455353.849950 -0.547359 0.861049 145.370275
2455353.949950 -0.447359 0.902306 134.809397
2455354.049950 -0.347359 0.943564 115.240052
2455354.149950 -0.247359 0.984821 87.969935
2455354.249950 -0.147359 0.026079 54.821339
2455354.349950 -0.047359 0.067336 18.009376
2455354.449950 0.052641 0.108594 -20.006041
2455354.549950 0.152641 0.149851 -56.684579
2455354.649950 0.252641 0.191109 -89.575242
2455354.749950 0.352641 0.232366 -116.480152
2455354.849950 0.452641 0.273623 -135.601424
2455354.949950 0.552641 0.314881 -145.661302
2455355.049950 0.652641 0.356138 -145.987547
2455355.149950 0.752641 0.397396 -136.558359
2455355.249950 0.852641 0.438653 -118.003831
2455355.349950 0.952641 0.479911 -91.563846
2455355.449950 1.052641 0.521168 -59.005223
2455355.549950 1.152641 0.562425 -22.503650
2455355.649950 -1.171165 0.603683 15.501701
2455355.749950 -1.071165 0.644940 52.471170
2455355.849950 -0.971165 0.686198 85.934319
2455355.949950 -0.871165 0.727455 113.655016
2455356.049950 -0.771165 0.768713 133.780861
2455356.149950 -0.671165 0.809970 144.966968
2455356.249950 -0.571165 0.851227 146.465841
2455356.349950 -0.471165 0.892485 138.177319
2455356.449950 -0.371165 0.933742 120.655272
2455356.549950 -0.271165 0.975000 95.070589
2455356.649950 -0.171165 0.016257 63.132934
2455356.749950 -0.071165 0.057515 26.976501
2455356.849950 0.028835 0.098772 -10.982603
2455356.949950 0.128835 0.140029 -48.207809
2455357.049950 0.228835 0.181287 -82.211588
2455357.149950 0.328835 0.222544 -110.721682
2455357.249950 0.428835 0.263802 -131.832940
2455357.349950 0.528835 0.305059 -144.134627
2455357.449950 0.628835 0.346317 -146.804701
2455357.549950 0.728835 0.387574 -139.664736
2455357.649950 0.828835 0.428832 -123.191851
2455357.749950 0.928835 0.470089 -98.486826
2455357.849950 1.028835 0.511346 -67.200544
2455357.949950 1.128835 0.552604 -31.423670
2455358.049950 -1.194970 0.593861 6.453051
2455358.149950 -1.094970 0.635119 43.898555
2455358.249950 -0.994970 0.676376 78.410593
2455358.349950 -0.894970 0.717634 107.682943
2455358.449950 -0.794970 0.758891 129.759516
2455358.549950 -0.694970 0.800148 143.165073
2455358.649950 -0.594970 0.841406 147.003805
2455358.749950 -0.494970 0.882663 141.019194
2455358.849950 -0.394970 0.923921 125.611153
2455358.949950 -0.294970 0.965178 101.809305
2455359.049950 -0.194970 0.006436 71.204179
2455359.149950 -0.094970 0.047693 35.840924
2455359.249950 0.005030 0.088950 -1.917355
2455359.349950 0.105030 0.130208 -39.547510
2455359.449950 0.205030 0.171465 -74.534952
2455359.549950 0.305030 0.212723 -104.541690
2455359.649950 0.405030 0.253980 -127.562562
2455359.749950 0.505030 0.295238 -142.059227
2455359.849950 0.605030 0.336495 -147.062964
2455359.949950 0.705030 0.377752 -142.239403
2455360.049950 0.805030 0.419010 -127.910875
2455360.149950 0.905030 0.460267 -105.034863
2455360.249950 1.005030 0.501525 -75.140030
2455360.349950 1.105030 0.542782 -40.224059
2455360.449950 1.205030 0.584040 -2.620166
2455360.549950 -1.118776 0.625297 35.158816
2455360.649950 -1.018776 0.666554 70.588355
2455360.749950 -0.918776 0.707812 101.300916
2455360.849950 -0.818776 0.749069 125.244171
2455360.949950 -0.718776 0.790327 140.818143
2455361.049950 -0.618776 0.831584 146.982120
2455361.149950 -0.518776 0.872842 143.324203
2455361.249950 -0.418776 0.914099 130.088827
2455361.349950 -0.318776 0.955357 108.160429
2455361.449950 -0.218776 0.996614 79.004348
2455361.549950 -0.118776 0.037871 44.568900
2455361.649950 -0.018776 0.079129 7.155193
2455361.749950 0.081224 0.120386 -30.736652
2455361.849950 0.181224 0.161644 -66.574559
2455361.949950 0.281224 0.202901 -97.963704
2455362.049950 0.381224 0.244159 -122.806549
2455362.149950 0.481224 0.285416 -139.443002
2455362.249950 0.581224 0.326673 -146.761352
2455362.349950 0.681224 0.367931 -144.272560
2455362.449950 0.781224 0.409188 -132.142937
2455362.549950 0.881224 0.450446 -111.183028
2455362.649950 0.981224 0.491703 -82.793455
2455362.749950 1.081224 0.532961 -48.871313
2455362.849950 1.181224 0.574218 -11.683408
2455362.949950 -1.142582 0.615475 26.285227
2455363.049950 -1.042582 0.656733 62.497384
2455363.149950 -0.942582 0.697990 94.533233
2455363.249950 -0.842582 0.739248 120.252017
2455363.349950 -0.742582 0.780505 137.935113
2455363.449950 -0.642582 0.821763 146.400869
2455363.549950 -0.542582 0.863020 145.083572
2455363.649950 -0.442582 0.904277 134.071248
2455363.749950 -0.342582 0.945535 114.099783
2455363.849950 -0.242582 0.986792 86.503744
2455363.949950 -0.142582 0.028050 53.127201
2455364.049950 -0.042582 0.069307 16.200500
2455364.149950 0.057418 0.110565 -21.808778
2455364.249950 0.157418 0.151822 -58.360713
2455364.349950 0.257418 0.193080 -91.012767
2455364.449950 0.357418 0.234337 -117.583007
2455364.549950 0.457418 0.275594 -136.295912
2455364.649950 0.557418 0.316852 -145.901014
2455364.749950 0.657418 0.358109 -145.756466
2455364.849950 0.757418 0.399367 -135.871926
2455364.949950 0.857418 0.440624 -116.907916
2455365.049950 0.957418 0.481882 -90.131682
2455365.149950 1.057418 0.523139 -57.332512
2455365.249950 1.157418 0.564396 -20.702170
2455365.349950 -1.166387 0.605654 17.311568
2455365.449950 -1.066387 0.646911 54.168483
2455365.549950 -0.966387 0.688169 87.405658
2455365.649950 -0.866387 0.729426 114.802060
2455365.749950 -0.766387 0.770684 134.526959
2455365.849950 -0.666387 0.811941 145.262264
2455365.949950 -0.566387 0.853198 146.290602
2455366.049950 -0.466387 0.894456 137.543255
2455366.149950 -0.366387 0.935713 119.604754
2455366.249950 -0.266387 0.976971 93.673816
2455366.349950 -0.166387 0.018228 61.483244
2455366.449950 -0.066387 0.059486 25.184132
2455366.549950 0.033613 0.100743 -12.797878
2455366.649950 0.133613 0.142000 -49.924686
2455366.749950 0.233613 0.183258 -83.715340
2455366.849950 0.333613 0.224515 -111.911822
2455366.949950 0.433613 0.265773 -132.629938
2455367.049950 0.533613 0.307030 -144.485226
2455367.149950 0.633613 0.348288 -146.685471
2455367.249950 0.733613 0.389545 -139.083645
2455367.349950 0.833613 0.430802 -122.187730
2455367.449950 0.933613 0.472060 -97.126774
2455367.549950 1.033613 0.513317 -65.575445
2455367.649950 1.133613 0.554575 -29.642119
2455367.749950 -1.190193 0.595832 8.272004
2455367.849950 -1.090193 0.637090 45.633361
2455367.949950 -0.990193 0.678347 79.945326
2455368.049950 -0.890193 0.719605 108.915046
2455368.149950 -0.790193 0.760862 130.606655
2455368.249950 -0.690193 0.802119 143.570640
2455368.349950 -0.590193 0.843377 146.940698
2455368.449950 -0.490193 0.884634 140.491629
2455368.549950 -0.390193 0.925892 124.654385
2455368.649950 -0.290193 0.967149 100.487269
2455368.749950 -0.190193 0.008407 69.605218
2455368.849950 -0.090193 0.049664 34.071887
2455368.949950 0.009807 0.090921 -3.738256
2455369.049950 0.109807 0.132179 -41.298594
2455369.149950 0.209807 0.173436 -76.099205
2455369.249950 0.309807 0.214694 -105.814584
2455369.349950 0.409807 0.255951 -128.459037
2455369.449950 0.509807 0.297209 -142.519376
2455369.549950 0.609807 0.338466 -147.056039
2455369.649950 0.709807 0.379723 -141.765867
2455369.749950 0.809807 0.420981 -127.002371
2455369.849950 0.909807 0.462238 -103.752101
2455369.949950 1.009807 0.503496 -73.568729
2455370.049950 1.109807 0.544753 -38.469219
2455370.149950 1.209807 0.586011 -0.799052
2455370.249950 -1.113999 0.627268 36.924511
2455370.349950 -1.013999 0.668525 72.180639
2455370.449950 -0.913999 0.709783 102.613388
2455370.549950 -0.813999 0.751040 126.189127
2455370.649950 -0.713999 0.792298 141.332436
2455370.749950 -0.613999 0.833555 147.031385
2455370.849950 -0.513999 0.874813 142.905146
2455370.949950 -0.413999 0.916070 129.229452
2455371.049950 -0.313999 0.957328 106.918163
2455371.149950 -0.213999 0.998585 77.462203
2455371.249950 -0.113999 0.039842 42.829928
2455371.349950 -0.013999 0.081100 5.335598
2455371.449950 0.086001 0.122357 -32.515276
2455371.549950 0.186001 0.163615 -68.193359
2455371.649950 0.286001 0.204872 -99.314506
2455371.749950 0.386001 0.246130 -123.799087
2455371.849950 0.486001 0.287387 -140.010950
2455371.949950 0.586001 0.328644 -146.866759
2455372.049950 0.686001 0.369902 -143.908381
2455372.149950 0.786001 0.411159 -131.333509
2455372.249950 0.886001 0.452417 -109.982440
2455372.349950 0.986001 0.493674 -81.281934
2455372.449950 1.086001 0.534932 -47.149865
2455372.549950 1.186001 0.576189 -9.867066
2455372.649950 -1.137805 0.617446 28.075087
2455372.749950 -1.037805 0.658704 64.141158
2455372.849950 -0.937805 0.699961 95.921077
2455372.949950 -0.837805 0.741219 121.291192
2455373.049950 -0.737805 0.782476 138.556175
2455373.149950 -0.637805 0.823734 146.562317
2455373.249950 -0.537805 0.864991 144.774618
2455373.349950 -0.437805 0.906248 133.312537
2455373.449950 -0.337805 0.947506 112.942015
2455373.549950 -0.237805 0.988763 85.024285
2455373.649950 -0.137805 0.030021 51.424915
2455373.749950 -0.037805 0.071278 14.389140
2455373.849950 0.062195 0.112536 -23.608172
2455373.949950 0.162195 0.153793 -60.027897
2455374.049950 0.262195 0.195051 -92.436334
2455374.149950 0.362195 0.236308 -118.667829
2455374.249950 0.462195 0.277565 -136.969497
2455374.349950 0.562195 0.318823 -146.118351
2455374.449950 0.662195 0.360080 -145.503031
2455374.549950 0.762195 0.401338 -135.164655
2455374.649950 0.862195 0.442595 -115.794071
2455374.749950 0.962195 0.483853 -88.685695
2455374.849950 1.062195 0.525110 -55.651009
2455374.949950 1.162195 0.566367 -18.897515
2455375.049950 -1.161610 0.607625 19.118781
2455375.149950 -1.061610 0.648882 55.857489
2455375.249950 -0.961610 0.690140 88.863591
2455375.349950 -0.861610 0.731397 115.931496
2455375.449950 -0.761610 0.772655 135.252425
2455375.549950 -0.661610 0.813912 145.535282
2455375.649950 -0.561610 0.855169 146.092927
2455375.749950 -0.461610 0.896427 136.888097
2455375.849950 -0.361610 0.937684 118.535893
2455375.949950 -0.261610 0.978942 92.262677
2455376.049950 -0.161610 0.020199 59.824125
2455376.149950 -0.061610 0.061457 23.387901
2455376.249950 0.038390 0.102714 -14.611190
2455376.349950 0.138390 0.143971 -51.633906
2455376.449950 0.238390 0.185229 -85.206252
2455376.549950 0.338390 0.226486 -113.084798
2455376.649950 0.438390 0.267744 -133.406595
2455376.749950 0.538390 0.309001 -144.813665
2455376.849950 0.638390 0.350259 -146.543745
2455376.949950 0.738390 0.391516 -138.481224
2455377.049950 0.838390 0.432773 -121.164870
2455377.149950 0.938390 0.474031 -95.751827
2455377.249950 1.038390 0.515288 -63.940289
2455377.349950 1.138390 0.556546 -27.856022
2455377.449950 -1.185416 0.597803 10.089689
2455377.549950 -1.085416 0.639061 47.361169
2455377.649950 -0.985416 0.680318 81.467798
2455377.749950 -0.885416 0.721576 110.130445
2455377.849950 -0.785416 0.762833 131.433764
2455377.949950 -0.685416 0.804090 143.954188
2455378.049950 -0.585416 0.845348 146.855055
2455378.149950 -0.485416 0.886605 139.942518
2455378.249950 -0.385416 0.927863 123.678500
2455378.349950 -0.285416 0.969120 99.149822
2455378.449950 -0.185416 0.010378 67.995582
2455378.549950 -0.085416 0.051635 32.297624
2455378.649950 0.014584 0.092892 -5.558583
2455378.749950 0.114584 0.134150 -43.043344
2455378.849950 0.214584 0.175407 -77.651788
2455378.949950 0.314584 0.216665 -107.071249
2455379.049950 0.414584 0.257922 -129.335810
2455379.149950 0.514584 0.299180 -142.957668
2455379.249950 0.614584 0.340437 -147.026561
2455379.349950 0.714584 0.381694 -141.270589
2455379.449950 0.814584 0.422952 -126.074389
2455379.549950 0.914584 0.464209 -102.453427
2455379.649950 1.014584 0.505467 -71.986145
2455379.749950 1.114584 0.546724 -36.708479
2455379.849950 -1.209222 0.587982 1.022185
2455379.949950 -1.109222 0.629239 38.684542
2455380.049950 -1.009222 0.670496 73.761854
2455380.149950 -0.909222 0.711754 103.910123
2455380.249950 -0.809222 0.753011 127.114729
2455380.349950 -0.709222 0.794269 141.825055
2455380.449950 -0.609222 0.835526 147.058100
2455380.549950 -0.509222 0.876784 142.464173
2455380.649950 -0.409222 0.918041 128.350258
2455380.749950 -0.309222 0.959299 105.659499
2455380.849950 -0.209222 0.000556 75.908177
2455380.949950 -0.109222 0.041813 41.084388
2455381.049950 -0.009222 0.083071 3.515186
2455381.149950 0.090778 0.124328 -34.288914
2455381.249950 0.190778 0.165586 -69.801700
2455381.349950 0.290778 0.206843 -100.650076
2455381.449950 0.390778 0.248101 -124.772638
2455381.549950 0.490778 0.289358 -140.557426
2455381.649950 0.590778 0.330615 -146.949641
2455381.749950 0.690778 0.371873 -143.522132
2455381.849950 0.790778 0.413130 -130.503939
2455381.949950 0.890778 0.454388 -108.764984
2455382.049950 0.990778 0.495645 -79.757947
2455382.149950 1.090778 0.536903 -45.421185
2455382.249950 1.190778 0.578160 -8.049211
2455382.349950 -1.133027 0.619417 29.860642
2455382.449950 -1.033027 0.660675 65.775096
2455382.549950 -0.933027 0.701932 97.294211
2455382.649950 -0.833027 0.743190 122.311764
2455382.749950 -0.733027 0.784447 139.155988
2455382.849950 -0.633027 0.825705 146.701289
2455382.949950 -0.533027 0.866962 144.443461
2455383.049950 -0.433027 0.908219 132.533381
2455383.149950 -0.333027 0.949477 111.766926
2455383.249950 -0.233027 0.990734 83.531787
2455383.349950 -0.133027 0.031992 49.714742
2455383.449950 -0.033027 0.073249 12.575572
2455383.549950 0.066973 0.114507 -25.403944
2455383.649950 0.166973 0.155764 -61.685874
2455383.749950 0.266973 0.197021 -93.845724
2455383.849950 0.366973 0.238279 -119.734451
2455383.949950 0.466973 0.279536 -137.622076
2455384.049950 0.566973 0.320794 -146.313278
2455384.149950 0.666973 0.362051 -145.227281
2455384.249950 0.766973 0.403309 -134.436654
2455384.349950 0.866973 0.444566 -114.662468
2455384.449950 0.966973 0.485824 -87.226107
2455384.549950 1.066973 0.527081 -53.960972
2455384.649950 1.166973 0.568338 -17.089962
2455384.749950 -1.156833 0.609596 20.923062
2455384.849950 -1.056833 0.650853 57.537929
2455384.949950 -0.956833 0.692111 90.307897
2455385.049950 -0.856833 0.733368 117.043153
2455385.149950 -0.756833 0.774626 135.957149
2455385.249950 -0.656833 0.815883 145.785980
2455385.349950 -0.556833 0.857140 145.872847
2455385.449950 -0.456833 0.898398 136.211945
2455385.549950 -0.356833 0.939655 117.448853
2455385.649950 -0.256833 0.980913 90.837389
2455385.749950 -0.156833 0.022170 58.155831
2455385.849950 -0.056833 0.063428 21.588083
2455385.949950 0.043167 0.104685 -16.422261
2455386.049950 0.143167 0.145942 -53.335208
2455386.149950 0.243167 0.187200 -86.684097
2455386.249950 0.343167 0.228457 -114.240431
2455386.349950 0.443167 0.269715 -134.162793
2455386.449950 0.543167 0.310972 -145.119895
2455386.549950 0.643167 0.352230 -146.379544
2455386.649950 0.743167 0.393487 -137.857565
2455386.749950 0.843167 0.434744 -120.123427
2455386.849950 0.943167 0.476002 -94.362194
2455386.949950 1.043167 0.517259 -62.295326
2455387.049950 1.143167 0.558517 -26.065652
2455387.149950 -1.180639 0.599774 11.905826
2455387.249950 -1.080639 0.641032 49.081713
2455387.349950 -0.980639 0.682289 82.977776
2455387.449950 -0.880639 0.723547 111.328954
2455387.549950 -0.780639 0.764804 132.240716
2455387.649950 -0.680639 0.806061 144.315659
2455387.749950 -0.580639 0.847319 146.746890
2455387.849950 -0.480639 0.888576 139.371945
2455387.949950 -0.380639 0.929834 122.683647
2455388.049950 -0.280639 0.971091 97.797168
2455388.149950 -0.180639 0.012349 66.375518
2455388.249950 -0.080639 0.053606 30.518407
2455388.349950 0.019361 0.094863 -7.378058
2455388.449950 0.119361 0.136121 -44.781493
2455388.549950 0.219361 0.177378 -79.192461
2455388.649950 0.319361 0.218636 -108.311494
2455388.749950 0.419361 0.259893 -130.192747
2455388.849950 0.519361 0.301151 -143.374035
2455388.949950 0.619361 0.342408 -146.974534
2455389.049950 0.719361 0.383665 -140.753646
2455389.149950 0.819361 0.424923 -125.127073
2455389.249950 0.919361 0.466180 -101.139041
2455389.349950 1.019361 0.507438 -70.392521
2455389.449950 1.119361 0.548695 -34.942109
2455389.549950 -1.204444 0.589953 2.843265
2455389.649950 -1.104444 0.631210 40.438641
2455389.749950 -1.004444 0.672467 75.331756
2455389.849950 -0.904444 0.713725 105.190922
2455389.949950 -0.804444 0.754982 128.020837
2455390.049950 -0.704444 0.796240 142.295922
2455390.149950 -0.604444 0.837497 147.062261
2455390.249950 -0.504444 0.878755 142.001351
2455390.349950 -0.404444 0.920012 127.451379
2455390.449950 -0.304444 0.961270 104.384630
2455390.549950 -0.204444 0.002527 74.342511
2455390.649950 -0.104444 0.043784 39.332546
2455390.749950 -0.004444 0.085042 1.694234
2455390.849950 0.095556 0.126299 -36.057293
2455390.949950 0.195556 0.167557 -71.399336
2455391.049950 0.295556 0.208814 -101.970210
2455391.149950 0.395556 0.250072 -125.727053
2455391.249950 0.495556 0.291329 -141.082345
2455391.349950 0.595556 0.332586 -147.009987
2455391.449950 0.695556 0.373844 -143.113872
2455391.549950 0.795556 0.415101 -129.654354
2455391.649950 0.895556 0.456359 -107.530847
2455391.749950 0.995556 0.497616 -78.221728
2455391.849950 1.095556 0.538874 -43.685540
2455391.949950 1.195556 0.580131 -6.230121
2455392.049950 -1.128250 0.621388 31.641618
2455392.149950 -1.028250 0.662646 67.398945
2455392.249950 -0.928250 0.703903 98.652424
2455392.349950 -0.828250 0.745161 123.313578
2455392.449950 -0.728250 0.786418 139.734459
2455392.549950 -0.628250 0.827676 146.817761
2455392.649950 -0.528250 0.868933 144.090151
2455392.749950 -0.428250 0.910190 131.733899
2455392.849950 -0.328250 0.951448 110.574696
2455392.949950 -0.228250 0.992705 82.026479
2455393.049950 -0.128250 0.033963 47.996945
2455393.149950 -0.028250 0.075220 10.760076
2455393.249950 0.071750 0.116478 -27.195821
2455393.349950 0.171750 0.157735 -63.334392
2455393.449950 0.271750 0.198992 -95.240722
2455393.549950 0.371750 0.240250 -120.782711
2455393.649950 0.471750 0.281507 -138.253548
2455393.749950 0.571750 0.322765 -146.485767
2455393.849950 0.671750 0.364022 -144.929259
2455393.949950 0.771750 0.405280 -133.688036
2455394.049950 0.871750 0.446537 -113.513280
2455394.149950 0.971750 0.487795 -85.753142
2455394.249950 1.071750 0.529052 -52.262658
2455394.349950 1.171750 0.570309 -15.279788
2455394.449950 -1.152056 0.611567 22.724134
2455394.549950 -1.052056 0.652824 59.209544
2455394.649950 -0.952056 0.694082 91.738352
2455394.749950 -0.852056 0.735339 118.136860
2455394.849950 -0.752056 0.776597 136.641022
2455394.949950 -0.652056 0.817854 146.014320
2455395.049950 -0.552056 0.859111 145.630395
2455395.149950 -0.452056 0.900369 135.514904
2455395.249950 -0.352056 0.941626 116.343800
2455395.349950 -0.252056 0.982884 89.398169
2455395.449950 -0.152056 0.024141 56.478618
2455395.549950 -0.052056 0.065399 19.784954
2455395.649950 0.047944 0.106656 -18.230813
2455395.749950 0.147944 0.147913 -55.028330
2455395.849950 0.247944 0.189171 -88.148648
2455395.949950 0.347944 0.230428 -115.378544
2455396.049950 0.447944 0.271686 -134.898415
2455396.149950 0.547944 0.312943 -145.403869
2455396.249950 0.647944 0.354201 -146.192894
2455396.349950 0.747944 0.395458 -137.212763
2455396.449950 0.847944 0.436715 -119.063562
2455396.549950 0.947944 0.477973 -92.958090
2455396.649950 1.047944 0.519230 -60.640810
2455396.749950 1.147944 0.560488 -24.271285
2455396.849950 -1.175861 0.601745 13.720138
2455396.949950 -1.075861 0.643003 50.794730
2455397.049950 -0.975861 0.684260 84.475028
2455397.149950 -0.875861 0.725518 112.510390
2455397.249950 -0.775861 0.766775 133.027387
2455397.349950 -0.675861 0.808032 144.654996
2455397.449950 -0.575861 0.849290 146.616219
2455397.549950 -0.475861 0.890547 138.779997
2455397.649950 -0.375861 0.931805 121.669978
2455397.749950 -0.275861 0.973062 96.429516
2455397.849950 -0.175861 0.014320 64.745274
2455397.949950 -0.075861 0.055577 28.734510
2455398.049950 0.024139 0.096834 -9.196401
2455398.149950 0.124139 0.138092 -46.512774
2455398.249950 0.224139 0.179349 -80.720990
2455398.349950 0.324139 0.220607 -109.535127
2455398.449950 0.424139 0.261864 -131.029718
2455398.549950 0.524139 0.303122 -143.768414
2455398.649950 0.624139 0.344379 -146.899967
2455398.749950 0.724139 0.385636 -140.215115
2455398.849950 0.824139 0.426894 -124.160566
2455398.949950 0.924139 0.468151 -99.809143
2455399.049950 1.024139 0.509409 -68.788101
2455399.149950 1.124139 0.550666 -33.170380
2455399.249950 -1.199667 0.591924 4.663909
2455399.349950 -1.099667 0.633181 42.186538
2455399.449950 -0.999667 0.674438 76.890105
2455399.549950 -0.899667 0.715696 106.455588
2455399.649950 -0.799667 0.756953 128.907311
2455399.749950 -0.699667 0.798211 142.744966
2455399.849950 -0.599667 0.839468 147.043869
2455399.949950 -0.499667 0.880726 141.516750
2455400.049950 -0.399667 0.921983 126.532954
2455400.149950 -0.299667 0.963240 103.093753
2455400.249950 -0.199667 0.004498 72.765442
2455400.349950 -0.099667 0.045755 37.574673
2455400.449950 0.000333 0.087013 -0.126977
2455400.549950 0.100333 0.128270 -37.820141
2455400.649950 0.200333 0.169528 -72.986023
2455400.749950 0.300333 0.210785 -103.274705
2455400.849950 0.400333 0.252043 -126.662186
2455400.949950 0.500333 0.293300 -141.585627
2455401.049950 0.600333 0.334557 -147.047786
2455401.149950 0.700333 0.375815 -142.683663
2455401.249950 0.800333 0.417072 -128.784885
2455401.349950 0.900333 0.458330 -106.280219
2455401.449950 1.000333 0.499587 -76.673512
2455401.549950 1.100333 0.540845 -41.943195
2455401.649950 1.200333 0.582102 -4.410076
2455401.749950 -1.123473 0.623359 33.417741
2455401.849950 -1.023473 0.664617 69.012459
2455401.949950 -0.923473 0.705874 99.995506
2455402.049950 -0.823473 0.747132 124.296481
2455402.149950 -0.723473 0.788389 140.291500
2455402.249950 -0.623473 0.829647 146.911717
2455402.349950 -0.523473 0.870904 143.714744
2455402.449950 -0.423473 0.912161 130.914214
2455402.549950 -0.323473 0.953419 109.365508
2455402.649950 -0.223473 0.994676 80.508590
2455402.749950 -0.123473 0.035934 46.271787
2455402.849950 -0.023473 0.077191 8.942930
2455402.949950 0.076527 0.118449 -28.983526
2455403.049950 0.176527 0.159706 -64.973196
2455403.149950 0.276527 0.200963 -96.621113
2455403.249950 0.376527 0.242221 -121.812447
2455403.349950 0.476527 0.283478 -138.863817
2455403.449950 0.576527 0.324736 -146.635789
2455403.549950 0.676527 0.365993 -144.609009
2455403.649950 0.776527 0.407251 -132.918915
2455403.749950 0.876527 0.448508 -112.346682
2455403.849950 0.976527 0.489766 -84.267025
2455403.949950 1.076527 0.531023 -50.556329
2455404.049950 1.176527 0.572280 -13.467271
2455404.149950 -1.147278 0.613538 24.521720
2455404.249950 -1.047278 0.654795 60.872079
2455404.349950 -0.947278 0.696053 93.154738
2455404.449950 -0.847278 0.737310 119.212449
2455404.549950 -0.747278 0.778568 137.303939
2455404.649950 -0.647278 0.819825 146.220266
2455404.749950 -0.547278 0.861082 145.365609
2455404.849950 -0.447278 0.902340 134.797079
2455404.949950 -0.347278 0.943597 115.220904
2455405.049950 -0.247278 0.984855 87.945238
2455405.149950 -0.147278 0.026112 54.792743
2455405.249950 -0.047278 0.067370 17.978791
2455405.349950 0.052722 0.108627 -20.036570
2455405.449950 0.152722 0.149884 -56.713013
2455405.549950 0.252722 0.191142 -89.599680
2455405.649950 0.352722 0.232399 -116.498962
2455405.749950 0.452722 0.273657 -135.613348
2455405.849950 0.552722 0.314914 -145.665544
2455405.949950 0.652722 0.356172 -145.983823
2455406.049950 0.752722 0.397429 -136.546918
2455406.149950 0.852722 0.438686 -117.985437
2455406.249950 0.952722 0.479944 -91.539729
2455406.349950 1.052722 0.521201 -58.976994
2455406.449950 1.152722 0.562459 -22.473196
2455406.549950 -1.171084 0.603716 15.532345
2455406.649950 -1.071084 0.644974 52.499957
2455406.749950 -0.971084 0.686231 85.959325
2455406.849950 -0.871084 0.727488 113.674570
2455406.949950 -0.771084 0.768746 133.793656
2455407.049950 -0.671084 0.810003 144.972149
2455407.149950 -0.571084 0.851261 146.463062
2455407.249950 -0.471084 0.892518 138.166766
2455407.349950 -0.371084 0.933776 120.637650
2455407.449950 -0.271084 0.975033 95.047076
2455407.549950 -0.171084 0.016291 63.105100
2455407.649950 -0.071084 0.057548 26.946207
2455407.749950 0.028916 0.098805 -11.013333
2455407.849950 0.128916 0.140063 -48.236921
2455407.949950 0.228916 0.181320 -82.237138
2455408.049950 0.328916 0.222578 -110.741962
2455408.149950 0.428916 0.263835 -131.846594
2455408.249950 0.528916 0.305093 -144.140744
2455408.349950 0.628916 0.346350 -146.802871
2455408.449950 0.728916 0.387607 -139.655081
2455408.549950 0.828916 0.428865 -123.175017
2455408.649950 0.928916 0.470122 -98.463938
2455408.749950 1.028916 0.511380 -67.173131
2455408.849950 1.128916 0.552637 -31.393565
2455408.949950 -1.194890 0.593895 6.483837
2455409.049950 -1.094890 0.635152 43.927965
2455409.149950 -0.994890 0.676409 78.436662
2455409.249950 -0.894890 0.717667 107.703928
2455409.349950 -0.794890 0.758924 129.774016
2455409.449950 -0.694890 0.800182 143.172118
2455409.549950 -0.594890 0.841439 147.002925
2455409.649950 -0.494890 0.882697 141.010447
2455409.749950 -0.394890 0.923954 125.595124
2455409.849950 -0.294890 0.965211 101.787065
2455409.949950 -0.194890 0.006469 71.177214
2455410.049950 -0.094890 0.047726 35.811036
2455410.149950 0.005110 0.088984 -1.948169
2455410.249950 0.105110 0.130241 -39.577190
2455410.349950 0.205110 0.171499 -74.561516
2455410.449950 0.305110 0.212756 -104.563362
2455410.549950 0.405110 0.254014 -127.577894
2455410.649950 0.505110 0.295271 -142.067195
2455410.749950 0.605110 0.336528 -147.063034
2455410.849950 0.705110 0.377786 -142.231572
2455410.949950 0.805110 0.419043 -127.895665
2455411.049950 0.905110 0.460301 -105.013292
2455411.149950 1.005110 0.501558 -75.113538
2455411.249950 1.105110 0.542816 -40.194417
2455411.349950 1.205110 0.584073 -2.589354
2455411.449950 -1.118695 0.625330 35.188738
2455411.549950 -1.018695 0.666588 70.615388
2455411.649950 -0.918695 0.707845 101.323253
2455411.749950 -0.818695 0.749103 125.260320
2455411.849950 -0.718695 0.790360 140.827025
2455411.949950 -0.618695 0.831618 146.983141
2455412.049950 -0.518695 0.872875 143.317295
2455412.149950 -0.418695 0.914132 130.074452
2455412.249950 -0.318695 0.955390 108.139547
2455412.349950 -0.218695 0.996647 78.978354
2455412.449950 -0.118695 0.037905 44.539532
2455412.549950 -0.018695 0.079162 7.124413
2455412.649950 0.081305 0.120420 -30.766787
2455412.749950 0.181305 0.161677 -66.602035
2455412.849950 0.281305 0.202934 -97.986686
2455412.949950 0.381305 0.244192 -122.823501
2455413.049950 0.481305 0.285449 -139.452790
2455413.149950 0.581305 0.326707 -146.763323
2455413.249950 0.681305 0.367964 -144.266582
2455413.349950 0.781305 0.409222 -132.129409
2455413.449950 0.881305 0.450479 -111.162855
2455413.549950 0.981305 0.491737 -82.767984
2455413.649950 1.081305 0.532994 -48.842247
2455413.749950 1.181305 0.574251 -11.652688
2455413.849950 -1.142501 0.615509 26.315546
2455413.949950 -1.042501 0.656766 62.525278
2455414.049950 -0.942501 0.698024 94.556837
2455414.149950 -0.842501 0.739281 120.269755
2455414.249950 -0.742501 0.780539 137.945798
2455414.349950 -0.642501 0.821796 146.403788
2455414.449950 -0.542501 0.863053 145.078529
2455414.549950 -0.442501 0.904311 134.058581
2455414.649950 -0.342501 0.945568 114.080338
2455414.749950 -0.242501 0.986826 86.478820
2455414.849950 -0.142501 0.028083 53.098465
2455414.949950 -0.042501 0.069341 16.169871
2455415.049950 0.057499 0.110598 -21.839254
2455415.149950 0.157499 0.151855 -58.388998
2455415.249950 0.257499 0.193113 -91.036971
2455415.349950 0.357499 0.234370 -117.601513
2455415.449950 0.457499 0.275628 -136.307483
2455415.549950 0.557499 0.316885 -145.904878
2455415.649950 0.657499 0.358143 -145.752363
2455415.749950 0.757499 0.399400 -135.860131
2455415.849950 0.857499 0.440657 -116.889218
2455415.949950 0.957499 0.481915 -90.107330
2455416.049950 1.057499 0.523172 -57.304133
2455416.149950 1.157499 0.564430 -20.671660
2455416.249950 -1.166307 0.605687 17.342170
2455416.349950 -1.066307 0.646945 54.197132
2455416.449950 -0.966307 0.688202 87.430439
2455416.549950 -0.866307 0.729459 114.821317
2455416.649950 -0.766307 0.770717 134.539406
2455416.749950 -0.666307 0.811974 145.267069
2455416.849950 -0.566307 0.853232 146.287443
2455416.949950 -0.466307 0.894489 137.532344
2455417.049950 -0.366307 0.935747 119.586820
2455417.149950 -0.266307 0.977004 93.650058
2455417.249950 -0.166307 0.018262 61.455249
2455417.349950 -0.066307 0.059519 25.153770
2455417.449950 0.033693 0.100776 -12.828577
2455417.549950 0.133693 0.142034 -49.953671
2455417.649950 0.233693 0.183291 -83.740674
2455417.749950 0.333693 0.224549 -111.931812
2455417.849950 0.433693 0.265806 -132.643249
2455417.949950 0.533693 0.307064 -144.490968
2455418.049950 0.633693 0.348321 -146.683260
2455418.149950 0.733693 0.389578 -139.073629
2455418.249950 0.833693 0.430836 -122.170578
2455418.349950 0.933693 0.472093 -97.103633
2455418.449950 1.033693 0.513351 -65.547860
2455418.549950 1.133693 0.554608 -29.611934
2455418.649950 -1.190112 0.595866 8.302772
2455418.749950 -1.090112 0.637123 45.662655
2455418.849950 -0.990112 0.678380 79.971190
2455418.949950 -0.890112 0.719638 108.935750
2455419.049950 -0.790112 0.760895 130.620817
2455419.149950 -0.690112 0.802153 143.577313
2455419.249950 -0.590112 0.843410 146.939436
2455419.349950 -0.490112 0.884668 140.482517
2455419.449950 -0.390112 0.925925 124.638031
2455419.549950 -0.290112 0.967182 100.464766
2455419.649950 -0.190112 0.008440 69.578071
2455419.749950 -0.090112 0.049697 34.041908
2455419.849950 0.009888 0.090955 -3.769062
2455419.949950 0.109888 0.132212 -41.328169
2455420.049950 0.209888 0.173470 -76.125574
2455420.149950 0.309888 0.214727 -105.835983
2455420.249950 0.409888 0.255985 -128.474036
2455420.349950 0.509888 0.297242 -142.526974
2455420.449950 0.609888 0.338499 -147.055728
2455420.549950 0.709888 0.379757 -141.757668
2455420.649950 0.809888 0.421014 -126.986830
2455420.749950 0.909888 0.462272 -103.730259
2455420.849950 1.009888 0.503529 -73.542044
2455420.949950 1.109888 0.544787 -38.439474
2455421.049950 1.209888 0.586044 -0.768236
2455421.149950 -1.113918 0.627301 36.954339
2455421.249950 -1.013918 0.668559 72.207487
2455421.349950 -0.913918 0.709816 102.635461
2455421.449950 -0.813918 0.751074 126.204950
2455421.549950 -0.713918 0.792331 141.340952
2455421.649950 -0.613918 0.833589 147.032024
2455421.749950 -0.513918 0.874846 142.897867
2455421.849950 -0.413918 0.916103 129.214740
2455421.949950 -0.313918 0.957361 106.897002
2455422.049950 -0.213918 0.998618 77.436006
2455422.149950 -0.113918 0.039876 42.800447
2455422.249950 -0.013918 0.081133 5.304802
2455422.349950 0.086082 0.122391 -32.545329
2455422.449950 0.186082 0.163648 -68.220660
2455422.549950 0.286082 0.204905 -99.337232
2455422.649950 0.386082 0.246163 -123.815718
2455422.749950 0.486082 0.287420 -140.020376
2455422.849950 0.586082 0.328678 -146.868348
2455422.949950 0.686082 0.369935 -143.902029
2455423.049950 0.786082 0.411193 -131.319639
2455423.149950 0.886082 0.452450 -109.961980
2455423.249950 0.986082 0.493707 -81.256250
2455423.349950 1.086082 0.534965 -47.120674
2455423.449950 1.186082 0.576222 -9.836319
2455423.549950 -1.137724 0.617480 28.105336
2455423.649950 -1.037724 0.658737 64.168888
2455423.749950 -0.937724 0.699995 95.944434
2455423.849950 -0.837724 0.741252 121.308615
2455423.949950 -0.737724 0.782510 138.566501
2455424.049950 -0.637724 0.823767 146.564856
2455424.149950 -0.537724 0.865024 144.769199
2455424.249950 -0.437724 0.906282 133.299524
2455424.349950 -0.337724 0.947539 112.922276
2455424.449950 -0.237724 0.988797 84.999139
2455424.549950 -0.137724 0.030054 51.396043
2455424.649950 -0.037724 0.071312 14.358471
2455424.749950 0.062276 0.112569 -23.638588
2455424.849950 0.162276 0.153826 -60.056028
2455424.949950 0.262276 0.195084 -92.460300
2455425.049950 0.362276 0.236341 -118.686029
2455425.149950 0.462276 0.277599 -136.980714
2455425.249950 0.562276 0.318856 -146.121836
2455425.349950 0.662276 0.360114 -145.498551
2455425.449950 0.762276 0.401371 -135.152509
2455425.549950 0.862276 0.442628 -115.775071
2455425.649950 0.962276 0.483886 -88.661111
2455425.749950 1.062276 0.525143 -55.622484
2455425.849950 1.162276 0.566401 -18.866954
2455425.949950 -1.161529 0.607658 19.149336
2455426.049950 -1.061529 0.648916 55.885995
2455426.149950 -0.961529 0.690173 88.888144
2455426.249950 -0.861529 0.731430 115.950454
2455426.349950 -0.761529 0.772688 135.264522
2455426.449950 -0.661529 0.813945 145.539710
2455426.549950 -0.561529 0.855203 146.089389
2455426.649950 -0.461529 0.896460 136.876831
2455426.749950 -0.361529 0.937718 118.517650
2455426.849950 -0.261529 0.978975 92.238678
2455426.949950 -0.161529 0.020233 59.795972
2455427.049950 -0.061529 0.061490 23.357476
2455427.149950 0.038471 0.102747 -14.641853
2455427.249950 0.138471 0.144005 -51.662760
2455427.349950 0.238471 0.185262 -85.231368
2455427.449950 0.338471 0.226520 -113.104497
2455427.549950 0.438471 0.267777 -133.419561
2455427.649950 0.538471 0.309035 -144.819032
2455427.749950 0.638471 0.350292 -146.541153
2455427.849950 0.738471 0.391549 -138.470848
2455427.949950 0.838471 0.432807 -121.147402
2455428.049950 0.938471 0.474064 -95.728435
2455428.149950 1.038471 0.515322 -63.912536
2455428.249950 1.138471 0.556579 -27.825762
2455428.349950 -1.185335 0.597837 10.120432
2455428.449950 -1.085335 0.639094 47.390342
2455428.549950 -0.985335 0.680351 81.493452
2455428.649950 -0.885335 0.721609 110.150865
2455428.749950 -0.785335 0.762866 131.447586
2455428.849950 -0.685335 0.804124 143.960488
2455428.949950 -0.585335 0.845381 146.853412
2455429.049950 -0.485335 0.886639 139.933042
2455429.149950 -0.385335 0.927896 123.661824
2455429.249950 -0.285335 0.969153 99.127060
2455429.349950 -0.185335 0.010411 67.968256
2455429.449950 -0.085335 0.051668 32.267559
2455429.549950 0.014665 0.092926 -5.589377
2455429.649950 0.114665 0.134183 -43.072810
2455429.749950 0.214665 0.175441 -77.677957
2455429.849950 0.314665 0.216698 -107.092372
2455429.949950 0.414665 0.257955 -129.350475
2455430.049950 0.514665 0.299213 -142.964896
2455430.149950 0.614665 0.340470 -147.025868
2455430.249950 0.714665 0.381728 -141.262022
2455430.349950 0.814665 0.422985 -126.058521
2455430.449950 0.914665 0.464243 -102.431317
2455430.549950 1.014665 0.505500 -71.959271
2455430.649950 1.114665 0.546758 -36.678637
2455430.749950 -1.209141 0.588015 1.053001
2455430.849950 -1.109141 0.629272 38.714273
2455430.949950 -1.009141 0.670530 73.788512
2455431.049950 -0.909141 0.711787 103.931928
2455431.149950 -0.809141 0.753045 127.130224
2455431.249950 -0.709141 0.794302 141.833203
2455431.349950 -0.609141 0.835560 147.058358
2455431.449950 -0.509141 0.876817 142.456523
2455431.549950 -0.409141 0.918074 128.335212
2455431.649950 -0.309141 0.959332 105.638062
2455431.749950 -0.209141 0.000589 75.881782
2455431.849950 -0.109141 0.041847 41.054798
2455431.949950 -0.009141 0.083104 3.484378
2455432.049950 0.090859 0.124362 -34.318880
2455432.149950 0.190859 0.165619 -69.828822
2455432.249950 0.290859 0.206876 -100.672542
2455432.349950 0.390859 0.248134 -124.788946
2455432.449950 0.490859 0.289391 -140.566487
2455432.549950 0.590859 0.330649 -146.950850
2455432.649950 0.690859 0.371906 -143.515407
2455432.749950 0.790859 0.413164 -130.489729
2455432.849950 0.890859 0.454421 -108.744240
2455432.949950 0.990859 0.495678 -79.732054
2455433.049950 1.090859 0.536936 -45.391875
2455433.149950 1.190859 0.578193 -8.018440
2455433.249950 -1.132946 0.619451 29.890816
2455433.349950 -1.032946 0.660708 65.802657
2455433.449950 -0.932946 0.701966 97.317318
2455433.549950 -0.832946 0.743223 122.328872
2455433.649950 -0.732946 0.784481 139.165954
2455433.749950 -0.632946 0.825738 146.703446
2455433.849950 -0.532946 0.866995 144.437667
2455433.949950 -0.432946 0.908253 132.520023
2455434.049950 -0.332946 0.949510 111.746895
2455434.149950 -0.232946 0.990768 83.506423
2455434.249950 -0.132946 0.032025 49.685739
2455434.349950 -0.032946 0.073283 12.544869
2455434.449950 0.067054 0.114540 -25.434297
2455434.549950 0.167054 0.155797 -61.713847
2455434.649950 0.267054 0.197055 -93.869448
2455434.749950 0.367054 0.238312 -119.752342
2455434.849950 0.467054 0.279570 -137.632936
2455434.949950 0.567054 0.320827 -146.316384
2455435.049950 0.667054 0.362085 -145.222424
2455435.149950 0.767054 0.403342 -134.424159
2455435.249950 0.867054 0.444599 -114.643169
2455435.349950 0.967054 0.485857 -87.201294
2455435.449950 1.067054 0.527114 -53.932303
2455435.549950 1.167054 0.568372 -17.059355
2455435.649950 -1.156752 0.609629 20.953564
2455435.749950 -1.056752 0.650887 57.566288
2455435.849950 -0.956752 0.692144 90.332216
2455435.949950 -0.856752 0.733401 117.061809
2455436.049950 -0.756752 0.774659 135.968894
2455436.149950 -0.656752 0.815916 145.790030
2455436.249950 -0.556752 0.857174 145.868931
2455436.349950 -0.456752 0.898431 136.200325
2455436.449950 -0.356752 0.939689 117.430304
2455436.549950 -0.256752 0.980946 90.813152
2455436.649950 -0.156752 0.022204 58.127525
2455436.749950 -0.056752 0.063461 21.557600
2455436.849950 0.043248 0.104718 -16.452884
2455436.949950 0.143248 0.145976 -53.363925
2455437.049950 0.243248 0.187233 -86.708990
2455437.149950 0.343248 0.228491 -114.259835
2455437.249950 0.443248 0.269748 -134.175411
2455437.349950 0.543248 0.311006 -145.124886
2455437.449950 0.643248 0.352263 -146.376572
2455437.549950 0.743248 0.393520 -137.846830
2455437.649950 0.843248 0.434778 -120.105647
2455437.749950 0.943248 0.476035 -94.338556
2455437.849950 1.043248 0.517293 -62.267410
2455437.949950 1.143248 0.558550 -26.035323
2455438.049950 -1.180558 0.599808 11.936541
2455438.149950 -1.080558 0.641065 49.110761
2455438.249950 -0.980558 0.682322 83.003217
2455438.349950 -0.880558 0.723580 111.349087
2455438.449950 -0.780558 0.764837 132.254196
2455438.549950 -0.680558 0.806095 144.321585
2455438.649950 -0.580558 0.847352 146.744866
2455438.749950 -0.480558 0.888610 139.362107
2455438.849950 -0.380558 0.929867 122.666651
2455438.949950 -0.280558 0.971124 97.774151
2455439.049950 -0.180558 0.012382 66.348017
2455439.149950 -0.080558 0.053639 30.488261
2455439.249950 0.019442 0.094897 -7.408835
2455439.349950 0.119442 0.136154 -44.810845
2455439.449950 0.219442 0.177412 -79.218426
2455439.549950 0.319442 0.218669 -108.332337
2455439.649950 0.419442 0.259926 -130.207076
2455439.749950 0.519442 0.301184 -143.380891
2455439.849950 0.619442 0.342441 -146.973460
2455439.949950 0.719442 0.383699 -140.744713
2455440.049950 0.819442 0.424956 -125.110878
2455440.149950 0.919442 0.466214 -101.116667
2455440.249950 1.019442 0.507471 -70.365462
2455440.349950 1.119442 0.548729 -34.912174
2455440.449950 -1.204363 0.589986 2.874075
2455440.549950 -1.104363 0.631243 40.468269
2455440.649950 -1.004363 0.672501 75.358221
2455440.749950 -0.904363 0.713758 105.212455
2455440.849950 -0.804363 0.755016 128.036000
2455440.949950 -0.704363 0.796273 142.303702
2455441.049950 -0.604363 0.837531 147.062137
2455441.149950 -0.504363 0.878788 141.993332
2455441.249950 -0.404363 0.920045 127.436001
2455441.349950 -0.304363 0.961303 104.362921
2455441.449950 -0.204363 0.002560 74.315920
2455441.549950 -0.104363 0.043818 39.302852
2455441.649950 -0.004363 0.085075 1.663420
2455441.749950 0.095637 0.126333 -36.087167
2455441.849950 0.195637 0.167590 -71.426276
2455441.949950 0.295637 0.208847 -101.992413
2455442.049950 0.395637 0.250105 -125.743037
2455442.149950 0.495637 0.291362 -141.091041
2455442.249950 0.595637 0.332620 -147.010814
2455442.349950 0.695637 0.373877 -143.106775
2455442.449950 0.795637 0.415135 -129.639807
2455442.549950 0.895637 0.456392 -107.509823
2455442.649950 0.995637 0.497649 -78.195630
2455442.749950 1.095637 0.538907 -43.656114
2455442.849950 1.195637 0.580164 -6.199332
2455442.949950 -1.128169 0.621422 31.671712
2455443.049950 -1.028169 0.662679 67.426333
2455443.149950 -0.928169 0.703937 98.675276
2455443.249950 -0.828169 0.745194 123.330367
2455443.349950 -0.728169 0.786452 139.744063
2455443.449950 -0.628169 0.827709 146.819538
2455443.549950 -0.528169 0.868966 144.083983
2455443.649950 -0.428169 0.910224 131.720198
2455443.749950 -0.328169 0.951481 110.554377
2455443.849950 -0.228169 0.992739 82.000899
2455443.949950 -0.128169 0.033996 47.967815
2455444.049950 -0.028169 0.075254 10.729342
2455444.149950 0.071831 0.116511 -27.226105
2455444.249950 0.171831 0.157768 -63.362202
2455444.349950 0.271831 0.199026 -95.264201
2455444.449950 0.371831 0.240283 -120.800289
2455444.549950 0.471831 0.281541 -138.264051
2455444.649950 0.571831 0.322798 -146.488492
2455444.749950 0.671831 0.364056 -144.924025
2455444.849950 0.771831 0.405313 -133.675193
2455444.949950 0.871831 0.446570 -113.493685
2455445.049950 0.971831 0.487828 -85.728104
2455445.149950 1.071831 0.529085 -52.233852
2455445.249950 1.171831 0.570343 -15.249139
2455445.349950 -1.151975 0.611600 22.754579
2455445.449950 -1.051975 0.652858 59.237751
2455445.549950 -0.951975 0.694115 91.762435
2455445.649950 -0.851975 0.735372 118.155211
2455445.749950 -0.751975 0.776630 136.652413
2455445.849950 -0.651975 0.817887 146.017991
2455445.949950 -0.551975 0.859145 145.626101
2455446.049950 -0.451975 0.900402 135.502930
2455446.149950 -0.351975 0.941660 116.324948
2455446.249950 -0.251975 0.982917 89.373698
2455446.349950 -0.151975 0.024174 56.450163
2455446.449950 -0.051975 0.065432 19.754418
2455446.549950 0.048025 0.106689 -18.261392
2455446.649950 0.148025 0.147947 -55.056907
2455446.749950 0.248025 0.189204 -88.173313
2455446.849950 0.348025 0.230462 -115.397650
2455446.949950 0.448025 0.271719 -134.910684
2455447.049950 0.548025 0.312977 -145.408483
2455447.149950 0.648025 0.354234 -146.189543
2455447.249950 0.748025 0.395491 -137.201671
2455447.349950 0.848025 0.436749 -119.045472
2455447.449950 0.948025 0.478006 -92.934209
2455447.549950 1.048025 0.519264 -60.612734
2455447.649950 1.148025 0.560521 -24.240891
2455447.749950 -1.175780 0.601779 13.750819
2455447.849950 -1.075780 0.643036 50.823649
2455447.949950 -0.975780 0.684293 84.500252
2455448.049950 -0.875780 0.725551 112.530232
2455448.149950 -0.775780 0.766808 133.040522
2455448.249950 -0.675780 0.808066 144.660547
2455448.349950 -0.575780 0.849323 146.613814
2455448.449950 -0.475780 0.890581 138.769798
2455448.549950 -0.375780 0.931838 121.652666
2455448.649950 -0.275780 0.973095 96.406247
2455448.749950 -0.175780 0.014353 64.717603
2455448.849950 -0.075780 0.055610 28.704287
2455448.949950 0.024220 0.096868 -9.227157
2455449.049950 0.124220 0.138125 -46.542007
2455449.149950 0.224220 0.179383 -80.746747
2455449.249950 0.324220 0.220640 -109.555688
2455449.349950 0.424220 0.261897 -131.043708
2455449.449950 0.524220 0.303155 -143.774897
2455449.549950 0.624220 0.344412 -146.898511
2455449.649950 0.724220 0.385670 -140.205818
2455449.749950 0.824220 0.426927 -124.144048
2455449.849950 0.924220 0.468185 -99.786508
2455449.949950 1.024220 0.509442 -68.760862
2455450.049950 1.124220 0.550700 -33.140357
2455450.149950 -1.199586 0.591957 4.694710
2455450.249950 -1.099586 0.633214 42.216058
2455450.349950 -0.999586 0.674472 76.916373
2455450.449950 -0.899586 0.715729 106.476847
2455450.549950 -0.799586 0.756987 128.922141
2455450.649950 -0.699586 0.798244 142.752376
2455450.749950 -0.599586 0.839502 147.043363
2455450.849950 -0.499586 0.880759 141.508364
2455450.949950 -0.399586 0.922016 126.517247
2455451.049950 -0.299586 0.963274 103.071774
2455451.149950 -0.199586 0.004531 72.738661
2455451.249950 -0.099586 0.045789 37.544878
2455451.349950 0.000414 0.087046 -0.157793
2455451.449950 0.100414 0.128304 -37.849921
2455451.549950 0.200414 0.169561 -73.012775
2455451.649950 0.300414 0.210818 -103.296642
2455451.749950 0.400414 0.252076 -126.677842
2455451.849950 0.500414 0.293333 -141.593956
2455451.949950 0.600414 0.334591 -147.048232
2455452.049950 0.700414 0.375848 -142.676196
2455452.149950 0.800414 0.417106 -128.770003
2455452.249950 0.900414 0.458363 -106.258917
2455452.349950 1.000414 0.499620 -76.647214
2455452.449950 1.100414 0.540878 -41.913657
2455452.549950 1.200414 0.582135 -4.379273
2455452.649950 -1.123392 0.623393 33.447750
2455452.749950 -1.023392 0.664650 69.039670
2455452.849950 -0.923392 0.705908 100.018101
2455452.949950 -0.823392 0.747165 124.312948
2455453.049950 -0.723392 0.788423 140.300740
2455453.149950 -0.623392 0.829680 146.913113
2455453.249950 -0.523392 0.870937 143.708202
2455453.349950 -0.423392 0.912195 130.900172
2455453.449950 -0.323392 0.953452 109.344903
2455453.549950 -0.223392 0.994710 80.482800
2455453.649950 -0.123392 0.035967 46.242535
2455453.749950 -0.023392 0.077225 8.912171
2455453.849950 0.076608 0.118482 -29.013738
2455453.949950 0.176608 0.159739 -65.000840
2455454.049950 0.276608 0.200997 -96.644343
2455454.149950 0.376608 0.242254 -121.829710
2455454.249950 0.476608 0.283512 -138.873960
2455454.349950 0.576608 0.324769 -146.638134
2455454.449950 0.676608 0.366027 -144.603400
2455454.549950 0.776608 0.407284 -132.905726
2455454.649950 0.876608 0.448541 -112.326794
2455454.749950 0.976608 0.489799 -84.241767
2455454.849950 1.076608 0.531056 -50.527390
2455454.949950 1.176608 0.572314 -13.436584
2455455.049950 -1.147197 0.613571 24.552105
2455455.149950 -1.047197 0.654829 60.900130
2455455.249950 -0.947197 0.696086 93.178581
2455455.349950 -0.847197 0.737343 119.230491
2455455.449950 -0.747197 0.778601 137.314974
2455455.549950 -0.647197 0.819858 146.223558
2455455.649950 -0.547197 0.861116 145.360937
2455455.749950 -0.447197 0.902373 134.784755
2455455.849950 -0.347197 0.943631 115.201752
2455455.949950 -0.247197 0.984888 87.920537
2455456.049950 -0.147197 0.026145 54.764144
2455456.149950 -0.047197 0.067403 17.948206
2455456.249950 0.052803 0.108660 -20.067098
2455456.349950 0.152803 0.149918 -56.741444
2455456.449950 0.252803 0.191175 -89.624115
2455456.549950 0.352803 0.232433 -116.517767
2455456.649950 0.452803 0.273690 -135.625267
2455456.749950 0.552803 0.314948 -145.669779
2455456.849950 0.652803 0.356205 -145.980093
2455456.949950 0.752803 0.397462 -136.535471
2455457.049950 0.852803 0.438720 -117.967039
2455457.149950 0.952803 0.479977 -91.515608
2455457.249950 1.052803 0.521235 -58.948763
2455457.349950 1.152803 0.562492 -22.442741
2455457.449950 -1.171003 0.603750 15.562989
2455457.549950 -1.071003 0.645007 52.528741
2455457.649950 -0.971003 0.686264 85.984327
2455457.749950 -0.871003 0.727522 113.694119
2455457.849950 -0.771003 0.768779 133.806445
2455457.949950 -0.671003 0.810037 144.977325
2455458.049950 -0.571003 0.851294 146.460277
2455458.149950 -0.471003 0.892552 138.156207
2455458.249950 -0.371003 0.933809 120.620023
2455458.349950 -0.271003 0.975066 95.023558
2455458.449950 -0.171003 0.016324 63.077264
2455458.549950 -0.071003 0.057581 26.915911
2455458.649950 0.028997 0.098839 -11.044063
2455458.749950 0.128997 0.140096 -48.266032
2455458.849950 0.228997 0.181354 -82.262684
2455458.949950 0.328997 0.222611 -110.762236
2455459.049950 0.428997 0.263868 -131.860242
2455459.149950 0.528997 0.305126 -144.146854
2455459.249950 0.628997 0.346383 -146.801034
2455459.349950 0.728997 0.387641 -139.645421
2455459.449950 0.828997 0.428898 -123.158178
2455459.549950 0.928997 0.470156 -98.441046
2455459.649950 1.028997 0.511413 -67.145716
2455459.749950 1.128997 0.552671 -31.363458
2455459.849950 -1.194809 0.593928 6.514624
2455459.949950 -1.094809 0.635185 43.957374
2455460.049950 -0.994809 0.676443 78.462728
2455460.149950 -0.894809 0.717700 107.724909
2455460.249950 -0.794809 0.758958 129.788510
2455460.349950 -0.694809 0.800215 143.179157
2455460.449950 -0.594809 0.841473 147.002038
2455460.549950 -0.494809 0.882730 141.001693
2455460.649950 -0.394809 0.923987 125.579089
2455460.749950 -0.294809 0.965245 101.764820
2455460.849950 -0.194809 0.006502 71.150246
2455460.949950 -0.094809 0.047760 35.781147
2455461.049950 0.005191 0.089017 -1.978982
2455461.149950 0.105191 0.130275 -39.606869
2455461.249950 0.205191 0.171532 -74.588076
2455461.349950 0.305191 0.212789 -104.585030
2455461.449950 0.405191 0.254047 -127.593220
2455461.549950 0.505191 0.295304 -142.075156
2455461.649950 0.605191 0.336562 -147.063098
2455461.749950 0.705191 0.377819 -142.223735
2455461.849950 0.805191 0.419077 -127.880450
2455461.949950 0.905191 0.460334 -104.991716
2455462.049950 1.005191 0.501591 -75.087043
2455462.149950 1.105191 0.542849 -40.164773
2455462.249950 1.205191 0.584106 -2.558543
2455462.349950 -1.118614 0.625364 35.218659
2455462.449950 -1.018614 0.666621 70.642418
2455462.549950 -0.918614 0.707879 101.345586
2455462.649950 -0.818614 0.749136 125.276464
2455462.749950 -0.718614 0.790393 140.835901
2455462.849950 -0.618614 0.831651 146.984156
2455462.949950 -0.518614 0.872908 143.310381
2455463.049950 -0.418614 0.914166 130.060070
2455463.149950 -0.318614 0.955423 108.118660
2455463.249950 -0.218614 0.996681 78.952357
2455463.349950 -0.118614 0.037938 44.510162
2455463.449950 -0.018614 0.079196 7.093632
2455463.549950 0.081386 0.120453 -30.796921
2455463.649950 0.181386 0.161710 -66.629508
2455463.749950 0.281386 0.202968 -98.009663
2455463.849950 0.381386 0.244225 -122.840447
2455463.949950 0.481386 0.285483 -139.462572
2455464.049950 0.581386 0.326740 -146.765287
2455464.149950 0.681386 0.367998 -144.260597
2455464.249950 0.781386 0.409255 -132.115876
2455464.349950 0.881386 0.450512 -111.142677
2455464.449950 0.981386 0.491770 -82.742510
2455464.549950 1.081386 0.533027 -48.813179
2455464.649950 1.181386 0.574285 -11.621969
2455464.749950 -1.142420 0.615542 26.345865
2455464.849950 -1.042420 0.656800 62.553169
2455464.949950 -0.942420 0.698057 94.580437
2455465.049950 -0.842420 0.739314 120.287486
2455465.149950 -0.742420 0.780572 137.956477
2455465.249950 -0.642420 0.821829 146.406700
2455465.349950 -0.542420 0.863087 145.073480
2455465.449950 -0.442420 0.904344 134.045908
2455465.549950 -0.342420 0.945602 114.060888
2455465.649950 -0.242420 0.986859 86.453893
2455465.749950 -0.142420 0.028116 53.069726
2455465.849950 -0.042420 0.069374 16.139241
2455465.949950 0.057580 0.110631 -21.869728
2455466.049950 0.157580 0.151889 -58.417280
2455466.149950 0.257580 0.193146 -91.061171
2455466.249950 0.357580 0.234404 -117.620014
2455466.349950 0.457580 0.275661 -136.319049
2455466.449950 0.557580 0.316919 -145.908735
2455466.549950 0.657580 0.358176 -145.748255
2455466.649950 0.757580 0.399433 -135.848331
2455466.749950 0.857580 0.440691 -116.870514
2455466.849950 0.957580 0.481948 -90.082973
2455466.949950 1.057580 0.523206 -57.275751
2455467.049950 1.157580 0.564463 -20.641149
2455467.149950 -1.166226 0.605721 17.372771
2455467.249950 -1.066226 0.646978 54.225778
2455467.349950 -0.966226 0.688235 87.455216
2455467.449950 -0.866226 0.729493 114.840569
2455467.549950 -0.766226 0.770750 134.551847
2455467.649950 -0.666226 0.812008 145.271867
2455467.749950 -0.566226 0.853265 146.284279
2455467.849950 -0.466226 0.894523 137.521428
2455467.949950 -0.366226 0.935780 119.568882
2455468.049950 -0.266226 0.977037 93.626296
2455468.149950 -0.166226 0.018295 61.427251
2455468.249950 -0.066226 0.059552 25.123407
2455468.349950 0.033774 0.100810 -12.859276
2455468.449950 0.133774 0.142067 -49.982654
2455468.549950 0.233774 0.183325 -83.766005
2455468.649950 0.333774 0.224582 -111.951798
2455468.749950 0.433774 0.265839 -132.656554
2455468.849950 0.533774 0.307097 -144.496703
2455468.949950 0.633774 0.348354 -146.681042
2455469.049950 0.733774 0.389612 -139.063607
2455469.149950 0.833774 0.430869 -122.153421
2455469.249950 0.933774 0.472127 -97.080487
2455469.349950 1.033774 0.513384 -65.520273
2455469.449950 1.133774 0.554641 -29.581748
2455469.549950 -1.190031 0.595899 8.333539
2455469.649950 -1.090031 0.637156 45.691947
2455469.749950 -0.990031 0.678414 79.997050
2455469.849950 -0.890031 0.719671 108.956450
2455469.949950 -0.790031 0.760929 130.634973
2455470.049950 -0.690031 0.802186 143.583980
2455470.149950 -0.590031 0.843444 146.938168
2455470.249950 -0.490031 0.884701 140.473398
2455470.349950 -0.390031 0.925958 124.621672
2455470.449950 -0.290031 0.967216 100.442259
2455470.549950 -0.190031 0.008473 69.550920
2455470.649950 -0.090031 0.049731 34.011928
2455470.749950 0.009969 0.090988 -3.799868
2455470.849950 0.109969 0.132246 -41.357743
2455470.949950 0.209969 0.173503 -76.151938
2455471.049950 0.309969 0.214760 -105.857377
2455471.149950 0.409969 0.256018 -128.489030
2455471.249950 0.509969 0.297275 -142.534566
2455471.349950 0.609969 0.338533 -147.055410
2455471.449950 0.709969 0.379790 -141.749462
2455471.549950 0.809969 0.421048 -126.971285
2455471.649950 0.909969 0.462305 -103.708412
2455471.749950 1.009969 0.503562 -73.515356
2455471.849950 1.109969 0.544820 -38.409729
2455471.949950 1.209969 0.586077 -0.737420
2455472.049950 -1.113837 0.627335 36.984166
2455472.149950 -1.013837 0.668592 72.234332
2455472.249950 -0.913837 0.709850 102.657529
2455472.349950 -0.813837 0.751107 126.220767
2455472.449950 -0.713837 0.792364 141.349462
2455472.549950 -0.613837 0.833622 147.032657
2455472.649950 -0.513837 0.874879 142.890581
2455472.749950 -0.413837 0.916137 129.200023
2455472.849950 -0.313837 0.957394 106.875836
2455472.949950 -0.213837 0.998652 77.409806
2455473.049950 -0.113837 0.039909 42.770964
2455473.149950 -0.013837 0.081167 5.274006
2455473.249950 0.086163 0.122424 -32.575381
2455473.349950 0.186163 0.163681 -68.247959
2455473.449950 0.286163 0.204939 -99.359953
2455473.549950 0.386163 0.246196 -123.832344
2455473.649950 0.486163 0.287454 -140.029795
2455473.749950 0.586163 0.328711 -146.869932
2455473.849950 0.686163 0.369969 -143.895671
2455473.949950 0.786163 0.411226 -131.305764
2455474.049950 0.886163 0.452483 -109.941515
2455474.149950 0.986163 0.493741 -81.230563
2455474.249950 1.086163 0.534998 -47.091481
2455474.349950 1.186163 0.576256 -9.805571
2455474.449950 -1.137643 0.617513 28.135584
2455474.549950 -1.037643 0.658771 64.196614
2455474.649950 -0.937643 0.700028 95.967787
2455474.749950 -0.837643 0.741285 121.326034
2455474.849950 -0.737643 0.782543 138.576821
2455474.949950 -0.637643 0.823800 146.567388
2455475.049950 -0.537643 0.865058 144.763774
2455475.149950 -0.437643 0.906315 133.286504
2455475.249950 -0.337643 0.947573 112.902531
2455475.349950 -0.237643 0.988830 84.973990
2455475.449950 -0.137643 0.030087 51.367169
2455475.549950 -0.037643 0.071345 14.327802
2455475.649950 0.062357 0.112602 -23.669003
2455475.749950 0.162357 0.153860 -60.084156
2455475.849950 0.262357 0.195117 -92.484261
2455475.949950 0.362357 0.236375 -118.704223
2455476.049950 0.462357 0.277632 -136.991925
2455476.149950 0.562357 0.318890 -146.125314
2455476.249950 0.662357 0.360147 -145.494064
2455476.349950 0.762357 0.401404 -135.140357
2455476.449950 0.862357 0.442662 -115.756066
2455476.549950 0.962357 0.483919 -88.636522
2455476.649950 1.062357 0.525177 -55.593955
2455476.749950 1.162357 0.566434 -18.836392
2455476.849950 -1.161449 0.607692 19.179889
2455476.949950 -1.061449 0.648949 55.914498
2455477.049950 -0.961449 0.690206 88.912692
2455477.149950 -0.861449 0.731464 115.969407
2455477.249950 -0.761449 0.772721 135.276613
2455477.349950 -0.661449 0.813979 145.544131
2455477.449950 -0.561449 0.855236 146.085845
2455477.549950 -0.461449 0.896494 136.865558
2455477.649950 -0.361449 0.937751 118.499403
2455477.749950 -0.261449 0.979008 92.214674
2455477.849950 -0.161449 0.020266 59.767817
2455477.949950 -0.061449 0.061523 23.327051
2455478.049950 0.038551 0.102781 -14.672516
2455478.149950 0.138551 0.144038 -51.691611
2455478.249950 0.238551 0.185296 -85.256479
2455478.349950 0.338551 0.226553 -113.124190
2455478.449950 0.438551 0.267810 -133.432521
2455478.549950 0.538551 0.309068 -144.824392
2455478.649950 0.638551 0.350325 -146.538555
2455478.749950 0.738551 0.391583 -138.460465
2455478.849950 0.838551 0.432840 -121.129929
2455478.949950 0.938551 0.474098 -95.705039
2455479.049950 1.038551 0.515355 -63.884781
2455479.149950 1.138551 0.556612 -27.795502
2455479.249950 -1.185254 0.597870 10.151176
2455479.349950 -1.085254 0.639127 47.419514
2455479.449950 -0.985254 0.680385 81.519103
2455479.549950 -0.885254 0.721642 110.171281
2455479.649950 -0.785254 0.762900 131.461402
2455479.749950 -0.685254 0.804157 143.966782
2455479.849950 -0.585254 0.845415 146.851762
2455479.949950 -0.485254 0.886672 139.923560
2455480.049950 -0.385254 0.927929 123.645142
2455480.149950 -0.285254 0.969187 99.104294
2455480.249950 -0.185254 0.010444 67.940927
2455480.349950 -0.085254 0.051702 32.237493
2455480.449950 0.014746 0.092959 -5.620171
2455480.549950 0.114746 0.134217 -43.102274
2455480.649950 0.214746 0.175474 -77.704122
2455480.749950 0.314746 0.216731 -107.113490
2455480.849950 0.414746 0.257989 -129.365134
2455480.949950 0.514746 0.299246 -142.972117
2455481.049950 0.614746 0.340504 -147.025169
2455481.149950 0.714746 0.381761 -141.253449
2455481.249950 0.814746 0.423019 -126.042647
2455481.349950 0.914746 0.464276 -102.409203
2455481.449950 1.014746 0.505533 -71.932394
2455481.549950 1.114746 0.546791 -36.648794
2455481.649950 -1.209060 0.588048 1.083816
2455481.749950 -1.109060 0.629306 38.744001
2455481.849950 -1.009060 0.670563 73.815167
2455481.949950 -0.909060 0.711821 103.953728
2455482.049950 -0.809060 0.753078 127.145712
2455482.149950 -0.709060 0.794335 141.841345
2455482.249950 -0.609060 0.835593 147.058609
2455482.349950 -0.509060 0.876850 142.448867
2455482.449950 -0.409060 0.918108 128.320160
2455482.549950 -0.309060 0.959365 105.616620
2455482.649950 -0.209060 0.000623 75.855383
2455482.749950 -0.109060 0.041880 41.025205
2455482.849950 -0.009060 0.083138 3.453571
2455482.949950 0.090940 0.124395 -34.348845
2455483.049950 0.190940 0.165652 -69.855942
2455483.149950 0.290940 0.206910 -100.695004
2455483.249950 0.390940 0.248167 -124.805250
2455483.349950 0.490940 0.289425 -140.575542
2455483.449950 0.590940 0.330682 -146.952052
2455483.549950 0.690940 0.371940 -143.508676
2455483.649950 0.790940 0.413197 -130.475514
2455483.749950 0.890940 0.454454 -108.723491
2455483.849950 0.990940 0.495712 -79.706158
2455483.949950 1.090940 0.536969 -45.362562
2455484.049950 1.190940 0.578227 -7.987670
2455484.149950 -1.132866 0.619484 29.920989
2455484.249950 -1.032866 0.660742 65.830215
2455484.349950 -0.932866 0.701999 97.340420
2455484.449950 -0.832866 0.743256 122.345974
2455484.549950 -0.732866 0.784514 139.175913
2455484.649950 -0.632866 0.825771 146.705598
2455484.749950 -0.532866 0.867029 144.431866
2455484.849950 -0.432866 0.908286 132.506658
2455484.949950 -0.332866 0.949544 111.726859
2455485.049950 -0.232866 0.990801 83.481054
2455485.149950 -0.132866 0.032058 49.656734
2455485.249950 -0.032866 0.073316 12.514164
2455485.349950 0.067134 0.114573 -25.464648
2455485.449950 0.167134 0.155831 -61.741818
2455485.549950 0.267134 0.197088 -93.893168
2455485.649950 0.367134 0.238346 -119.770227
2455485.749950 0.467134 0.279603 -137.643791
2455485.849950 0.567134 0.320860 -146.319482
2455485.949950 0.667134 0.362118 -145.217560
2455486.049950 0.767134 0.403375 -134.411657
2455486.149950 0.867134 0.444633 -114.623865
2455486.249950 0.967134 0.485890 -87.176478
2455486.349950 1.067134 0.527148 -53.903633
2455486.449950 1.167134 0.568405 -17.028746
2455486.549950 -1.156671 0.609663 20.984066
2455486.649950 -1.056671 0.650920 57.594644
2455486.749950 -0.956671 0.692177 90.356532
2455486.849950 -0.856671 0.733435 117.080460
2455486.949950 -0.756671 0.774692 135.980633
2455487.049950 -0.656671 0.815950 145.794073
2455487.149950 -0.556671 0.857207 145.865008
2455487.249950 -0.456671 0.898465 136.188698
2455487.349950 -0.356671 0.939722 117.411750
2455487.449950 -0.256671 0.980979 90.788911
2455487.549950 -0.156671 0.022237 58.099217
2455487.649950 -0.056671 0.063494 21.527116
2455487.749950 0.043329 0.104752 -16.483507
2455487.849950 0.143329 0.146009 -53.392640
2455487.949950 0.243329 0.187267 -86.733878
2455488.049950 0.343329 0.228524 -114.279234
2455488.149950 0.443329 0.269781 -134.188024
2455488.249950 0.543329 0.311039 -145.129869
2455488.349950 0.643329 0.352296 -146.373594
2455488.449950 0.743329 0.393554 -137.836089
2455488.549950 0.843329 0.434811 -120.087861
2455488.649950 0.943329 0.476069 -94.314913
2455488.749950 1.043329 0.517326 -62.239491
2455488.849950 1.143329 0.558583 -26.004993
2455488.949950 -1.180477 0.599841 11.967256
2455489.049950 -1.080477 0.641098 49.139808
2455489.149950 -0.980477 0.682356 83.028654
2455489.249950 -0.880477 0.723613 111.369215
2455489.349950 -0.780477 0.764871 132.267670
2455489.449950 -0.680477 0.806128 144.327504
2455489.549950 -0.580477 0.847386 146.742835
2455489.649950 -0.480477 0.888643 139.352262
2455489.749950 -0.380477 0.929900 122.649650
2455489.849950 -0.280477 0.971158 97.751130
2455489.949950 -0.180477 0.012415 66.320514
2455490.049950 -0.080477 0.053673 30.458113
2455490.149950 0.019523 0.094930 -7.439612
2455490.249950 0.119523 0.136188 -44.840195
2455490.349950 0.219523 0.177445 -79.244388
2455490.449950 0.319523 0.218702 -108.353175
2455490.549950 0.419523 0.259960 -130.221398
2455490.649950 0.519523 0.301217 -143.387741
2455490.749950 0.619523 0.342475 -146.972379
2455490.849950 0.719523 0.383732 -140.735774
2455490.949950 0.819523 0.424990 -125.094678
2455491.049950 0.919523 0.466247 -101.094288
2455491.149950 1.019523 0.507504 -70.338401
2455491.249950 1.119523 0.548762 -34.882238
2455491.349950 -1.204283 0.590019 2.904886
2455491.449950 -1.104283 0.631277 40.497894
2455491.549950 -1.004283 0.672534 75.384682
2455491.649950 -0.904283 0.713792 105.233984
2455491.749950 -0.804283 0.755049 128.051158
2455491.849950 -0.704283 0.796306 142.311475
2455491.949950 -0.604283 0.837564 147.062007
2455492.049950 -0.504283 0.878821 141.985307
2455492.149950 -0.404283 0.920079 127.420618
2455492.249950 -0.304283 0.961336 104.341207
2455492.349950 -0.204283 0.002594 74.289326
2455492.449950 -0.104283 0.043851 39.273156
2455492.549950 -0.004283 0.085108 1.632606
2455492.649950 0.095717 0.126366 -36.117041
2455492.749950 0.195717 0.167623 -71.453212
2455492.849950 0.295717 0.208881 -102.014612
2455492.949950 0.395717 0.250138 -125.759015
2455493.049950 0.495717 0.291396 -141.099730
2455493.149950 0.595717 0.332653 -147.011635
2455493.249950 0.695717 0.373911 -143.099672
2455493.349950 0.795717 0.415168 -129.625255
2455493.449950 0.895717 0.456425 -107.488793
2455493.549950 0.995717 0.497683 -78.169529
2455493.649950 1.095717 0.538940 -43.626685
2455493.749950 1.195717 0.580198 -6.168543
2455493.849950 -1.128088 0.621455 31.701804
2455493.949950 -1.028088 0.662713 67.453719
2455494.049950 -0.928088 0.703970 98.698123
2455494.149950 -0.828088 0.745227 123.347151
2455494.249950 -0.728088 0.786485 139.753661
2455494.349950 -0.628088 0.827742 146.821309
2455494.449950 -0.528088 0.869000 144.077808
2455494.549950 -0.428088 0.910257 131.706490
2455494.649950 -0.328088 0.951515 110.534052
2455494.749950 -0.228088 0.992772 81.975316
2455494.849950 -0.128088 0.034029 47.938683
2455494.949950 -0.028088 0.075287 10.698608
2455495.049950 0.071912 0.116544 -27.256388
2455495.149950 0.171912 0.157802 -63.390010
2455495.249950 0.271912 0.199059 -95.287675
2455495.349950 0.371912 0.240317 -120.817862
2455495.449950 0.471912 0.281574 -138.274547
2455495.549950 0.571912 0.322831 -146.491211
2455495.649950 0.671912 0.364089 -144.918784
2455495.749950 0.771912 0.405346 -133.662343
2455495.849950 0.871912 0.446604 -113.474085
2455495.949950 0.971912 0.487861 -85.703064
2455496.049950 1.071912 0.529119 -52.205044
2455496.149950 1.171912 0.570376 -15.218488
2455496.249950 -1.151894 0.611634 22.785024
2455496.349950 -1.051894 0.652891 59.265956
2455496.449950 -0.951894 0.694148 91.786515
2455496.549950 -0.851894 0.735406 118.173556
2455496.649950 -0.751894 0.776663 136.663799
2455496.749950 -0.651894 0.817921 146.021655
2455496.849950 -0.551894 0.859178 145.621800
2455496.949950 -0.451894 0.900436 135.490951
2455497.049950 -0.351894 0.941693 116.306091
2455497.149950 -0.251894 0.982950 89.349223
2455497.249950 -0.151894 0.024208 56.421706
2455497.349950 -0.051894 0.065465 19.723880
2455497.449950 0.048106 0.106723 -18.291969
2455497.549950 0.148106 0.147980 -55.085481
2455497.649950 0.248106 0.189238 -88.197975
2455497.749950 0.348106 0.230495 -115.416750
2455497.849950 0.448106 0.271752 -134.922948
2455497.949950 0.548106 0.313010 -145.413089
2455498.049950 0.648106 0.354267 -146.186185
2455498.149950 0.748106 0.395525 -137.190574
2455498.249950 0.848106 0.436782 -119.027375
2455498.349950 0.948106 0.478040 -92.910323
2455498.449950 1.048106 0.519297 -60.584656
2455498.549950 1.148106 0.560554 -24.210496
2455498.649950 -1.175700 0.601812 13.781500
2455498.749950 -1.075700 0.643069 50.852565
2455498.849950 -0.975700 0.684327 84.525471
2455498.949950 -0.875700 0.725584 112.550070
2455499.049950 -0.775700 0.766842 133.053652
2455499.149950 -0.675700 0.808099 144.666092
2455499.249950 -0.575700 0.849357 146.611403
2455499.349950 -0.475700 0.890614 138.759593
2455499.449950 -0.375700 0.931871 121.635347
2455499.549950 -0.275700 0.973129 96.382974
2455499.649950 -0.175700 0.014386 64.689930
2455499.749950 -0.075700 0.055644 28.674063
2455499.849950 0.024300 0.096901 -9.257912
2455499.949950 0.124300 0.138159 -46.571239
2455500.049950 0.224300 0.179416 -80.772501
2455500.149950 0.324300 0.220673 -109.576243
2455500.249950 0.424300 0.261931 -131.057691
2455500.349950 0.524300 0.303188 -143.781375
2455500.449950 0.624300 0.344446 -146.897049
2455500.549950 0.724300 0.385703 -140.196514
2455500.649950 0.824300 0.426961 -124.127524
2455500.749950 0.924300 0.468218 -99.763869
2455500.849950 1.024300 0.509475 -68.733620
2455500.949950 1.124300 0.550733 -33.110333
2455501.049950 -1.199505 0.591990 4.725510
2455501.149950 -1.099505 0.633248 42.245577
2455501.249950 -0.999505 0.674505 76.942636
2455501.349950 -0.899505 0.715763 106.498101
2455501.449950 -0.799505 0.757020 128.936965
2455501.549950 -0.699505 0.798277 142.759779
2455501.649950 -0.599505 0.839535 147.042852
2455501.749950 -0.499505 0.880792 141.499971
2455501.849950 -0.399505 0.922050 126.501534
2455501.949950 -0.299505 0.963307 103.049791
2455502.049950 -0.199505 0.004565 72.711876
2455502.149950 -0.099505 0.045822 37.515082
2455502.249950 0.000495 0.087079 -0.188610
2455502.349950 0.100495 0.128337 -37.879698
2455502.449950 0.200495 0.169594 -73.039523
2455502.549950 0.300495 0.210852 -103.318575
2455502.649950 0.400495 0.252109 -126.693493
2455502.749950 0.500495 0.293367 -141.602279
2455502.849950 0.600495 0.334624 -147.048671
2455502.949950 0.700495 0.375882 -142.668722
2455503.049950 0.800495 0.417139 -128.755115
2455503.149950 0.900495 0.458396 -106.237611
2455503.249950 1.000495 0.499654 -76.620912
2455503.349950 1.100495 0.540911 -41.884118
2455503.449950 1.200495 0.582169 -4.348471
2455503.549950 -1.123311 0.623426 33.477758
2455503.649950 -1.023311 0.664684 69.066878
2455503.749950 -0.923311 0.705941 100.040690
2455503.849950 -0.823311 0.747198 124.329410
2455503.949950 -0.723311 0.788456 140.309975
2455504.049950 -0.623311 0.829713 146.914502
2455504.149950 -0.523311 0.870971 143.701654
2455504.249950 -0.423311 0.912228 130.886124
2455504.349950 -0.323311 0.953486 109.324294
2455504.449950 -0.223311 0.994743 80.457006
2455504.549950 -0.123311 0.036000 46.213280
2455504.649950 -0.023311 0.077258 8.881411
2455504.749950 0.076689 0.118515 -29.043948
2455504.849950 0.176689 0.159773 -65.028481
2455504.949950 0.276689 0.201030 -96.667569
2455505.049950 0.376689 0.242288 -121.846968
2455505.149950 0.476689 0.283545 -138.884097
2455505.249950 0.576689 0.324802 -146.640473
2455505.349950 0.676689 0.366060 -144.597783
2455505.449950 0.776689 0.407317 -132.892530
2455505.549950 0.876689 0.448575 -112.306901
2455505.649950 0.976689 0.489832 -84.216506
2455505.749950 1.076689 0.531090 -50.498449
2455505.849950 1.176689 0.572347 -13.405896
2455505.949950 -1.147117 0.613605 24.582488
2455506.049950 -1.047117 0.654862 60.928179
2455506.149950 -0.947117 0.696119 93.202421
2455506.249950 -0.847117 0.737377 119.248529
2455506.349950 -0.747117 0.778634 137.326004
2455506.449950 -0.647117 0.819892 146.226843
2455506.549950 -0.547117 0.861149 145.356258
2455506.649950 -0.447117 0.902407 134.772425
2455506.749950 -0.347117 0.943664 115.182594
2455506.849950 -0.247117 0.984921 87.895833
2455506.949950 -0.147117 0.026179 54.735543
2455507.049950 -0.047117 0.067436 17.917619
2455507.149950 0.052883 0.108694 -20.097626
2455507.249950 0.152883 0.149951 -56.769873
2455507.349950 0.252883 0.191209 -89.648545
2455507.449950 0.352883 0.232466 -116.536567
2455507.549950 0.452883 0.273723 -135.637179
2455507.649950 0.552883 0.314981 -145.674008
2455507.749950 0.652883 0.356238 -145.976356
2455507.849950 0.752883 0.397496 -136.524018
2455507.949950 0.852883 0.438753 -117.948635
2455508.049950 0.952883 0.480011 -91.491484
2455508.149950 1.052883 0.521268 -58.920530
2455508.249950 1.152883 0.562525 -22.412285
2455508.349950 -1.170922 0.603783 15.593632
2455508.449950 -1.070922 0.645040 52.557524
2455508.549950 -0.970922 0.686298 86.009326
2455508.649950 -0.870922 0.727555 113.713663
2455508.749950 -0.770922 0.768813 133.819229
2455508.849950 -0.670922 0.810070 144.982493
2455508.949950 -0.570922 0.851327 146.457486
2455509.049950 -0.470922 0.892585 138.145642
2455509.149950 -0.370922 0.933842 120.602391
2455509.249950 -0.270922 0.975100 95.000036
2455509.349950 -0.170922 0.016357 63.049425
2455509.449950 -0.070922 0.057615 26.885615
2455509.549950 0.029078 0.098872 -11.074792
2455509.649950 0.129078 0.140130 -48.295140
2455509.749950 0.229078 0.181387 -82.288226
2455509.849950 0.329078 0.222644 -110.782506
2455509.949950 0.429078 0.263902 -131.873885
2455510.049950 0.529078 0.305159 -144.152957
2455510.149950 0.629078 0.346417 -146.799191
2455510.249950 0.729078 0.387674 -139.635754
2455510.349950 0.829078 0.428932 -123.141334
2455510.449950 0.929078 0.470189 -98.418150
2455510.549950 1.029078 0.511446 -67.118298
2455510.649950 1.129078 0.552704 -31.333350
2455510.749950 -1.194728 0.593961 6.545410
2455510.849950 -1.094728 0.635219 43.986780
2455510.949950 -0.994728 0.676476 78.488790
2455511.049950 -0.894728 0.717734 107.745885
2455511.149950 -0.794728 0.758991 129.802998
2455511.249950 -0.694728 0.800248 143.186190
2455511.349950 -0.594728 0.841506 147.001145
2455511.449950 -0.494728 0.882763 140.992934
2455511.549950 -0.394728 0.924021 125.563049
2455511.649950 -0.294728 0.965278 101.742571
2455511.749950 -0.194728 0.006536 71.123275
2455511.849950 -0.094728 0.047793 35.751256
2455511.949950 0.005272 0.089050 -2.009796
2455512.049950 0.105272 0.130308 -39.636546
2455512.149950 0.205272 0.171565 -74.614633
2455512.249950 0.305272 0.212823 -104.606692
2455512.349950 0.405272 0.254080 -127.608541
2455512.449950 0.505272 0.295338 -142.083110
2455512.549950 0.605272 0.336595 -147.063155
2455512.649950 0.705272 0.377853 -142.215891
2455512.749950 0.805272 0.419110 -127.865229
2455512.849950 0.905272 0.460367 -104.970135
2455512.949950 1.005272 0.501625 -75.060544
2455513.049950 1.105272 0.542882 -40.135127
2455513.149950 1.205272 0.584140 -2.527731
2455513.249950 -1.118534 0.625397 35.248577
2455513.349950 -1.018534 0.666655 70.669444
2455513.449950 -0.918534 0.707912 101.367915
2455513.549950 -0.818534 0.749169 125.292602
2455513.649950 -0.718534 0.790427 140.844770
2455513.749950 -0.618534 0.831684 146.985164
2455513.849950 -0.518534 0.872942 143.303460
2455513.949950 -0.418534 0.914199 130.045684
2455514.049950 -0.318534 0.955457 108.097768
2455514.149950 -0.218534 0.996714 78.926356
2455514.249950 -0.118534 0.037971 44.480790
2455514.349950 -0.018534 0.079229 7.062852
2455514.449950 0.081466 0.120486 -30.827053
2455514.549950 0.181466 0.161744 -66.656979
2455514.649950 0.281466 0.203001 -98.032637
2455514.749950 0.381466 0.244259 -122.857387
2455514.849950 0.481466 0.285516 -139.472348
2455514.949950 0.581466 0.326773 -146.767245
2455515.049950 0.681466 0.368031 -144.254607
2455515.149950 0.781466 0.409288 -132.102336
2455515.249950 0.881466 0.450546 -111.122494
2455515.349950 0.981466 0.491803 -82.717032
2455515.449950 1.081466 0.533061 -48.784108
2455515.549950 1.181466 0.574318 -11.591249
2455515.649950 -1.142339 0.615576 26.376182
2455515.749950 -1.042339 0.656833 62.581057
2455515.849950 -0.942339 0.698090 94.604033
2455515.949950 -0.842339 0.739348 120.305213
2455516.049950 -0.742339 0.780605 137.967149
2455516.149950 -0.642339 0.821863 146.409605
2455516.249950 -0.542339 0.863120 145.068425
2455516.349950 -0.442339 0.904378 134.033229
2455516.449950 -0.342339 0.945635 114.041433
2455516.549950 -0.242339 0.986892 86.428962
2455516.649950 -0.142339 0.028150 53.040985
2455516.749950 -0.042339 0.069407 16.108611
2455516.849950 0.057661 0.110665 -21.900201
2455516.949950 0.157661 0.151922 -58.445559
2455517.049950 0.257661 0.193180 -91.085367
2455517.149950 0.357661 0.234437 -117.638510
2455517.249950 0.457661 0.275694 -136.330608
2455517.349950 0.557661 0.316952 -145.912586
2455517.449950 0.657661 0.358209 -145.744139
2455517.549950 0.757661 0.399467 -135.836525
2455517.649950 0.857661 0.440724 -116.851806
2455517.749950 0.957661 0.481982 -90.058613
2455517.849950 1.057661 0.523239 -57.247367
2455517.949950 1.157661 0.564496 -20.610638
2455518.049950 -1.166145 0.605754 17.403371
2455518.149950 -1.066145 0.647011 54.254422
2455518.249950 -0.966145 0.688269 87.479989
2455518.349950 -0.866145 0.729526 114.859817
2455518.449950 -0.766145 0.770784 134.564282
2455518.549950 -0.666145 0.812041 145.276660
2455518.649950 -0.566145 0.853298 146.281108
2455518.749950 -0.466145 0.894556 137.510506
2455518.849950 -0.366145 0.935813 119.550938
2455518.949950 -0.266145 0.977071 93.602529
2455519.049950 -0.166145 0.018328 61.399250
2455519.149950 -0.066145 0.059586 25.093044
2455519.249950 0.033855 0.100843 -12.889974
2455519.349950 0.133855 0.142101 -50.011635
2455519.449950 0.233855 0.183358 -83.791332
2455519.549950 0.333855 0.224615 -111.971779
2455519.649950 0.433855 0.265873 -132.669853
2455519.749950 0.533855 0.307130 -144.502432
2455519.849950 0.633855 0.348388 -146.678819
2455519.949950 0.733855 0.389645 -139.053578
2455520.049950 0.833855 0.430903 -122.136258
2455520.149950 0.933855 0.472160 -97.057337
2455520.249950 1.033855 0.513417 -65.492682
2455520.349950 1.133855 0.554675 -29.551561
2455520.449950 -1.189951 0.595932 8.364305
2455520.549950 -1.089951 0.637190 45.721238
2455520.649950 -0.989951 0.678447 80.022906
2455520.749950 -0.889951 0.719705 108.977145
2455520.849950 -0.789951 0.760962 130.649124
2455520.949950 -0.689951 0.802219 143.590640
2455521.049950 -0.589951 0.843477 146.936893
2455521.149950 -0.489951 0.884734 140.464274
2455521.249950 -0.389951 0.925992 124.605307
2455521.349950 -0.289951 0.967249 100.419748
2455521.449950 -0.189951 0.008507 69.523766
2455521.549950 -0.089951 0.049764 33.981946
2455521.649950 0.010049 0.091021 -3.830674
2455521.749950 0.110049 0.132279 -41.387314
2455521.849950 0.210049 0.173536 -76.178300
2455521.949950 0.310049 0.214794 -105.878767
2455522.049950 0.410049 0.256051 -128.504019
2455522.149950 0.510049 0.297309 -142.542152
2455522.249950 0.610049 0.338566 -147.055086
2455522.349950 0.710049 0.379824 -141.741249
2455522.449950 0.810049 0.421081 -126.955733
2455522.549950 0.910049 0.462338 -103.686560
2455522.649950 1.010049 0.503596 -73.488664
2455522.749950 1.110049 0.544853 -38.379981
2455522.849950 1.210049 0.586111 -0.706604
2455522.949950 -1.113756 0.627368 37.013991
2455523.049950 -1.013756 0.668626 72.261173
2455523.149950 -0.913756 0.709883 102.679593
2455523.249950 -0.813756 0.751140 126.236579
2455523.349950 -0.713756 0.792398 141.357965
2455523.449950 -0.613756 0.833655 147.033284
2455523.549950 -0.513756 0.874913 142.883289
2455523.649950 -0.413756 0.916170 129.185299
2455523.749950 -0.313756 0.957428 106.854665
2455523.849950 -0.213756 0.998685 77.383602
2455523.949950 -0.113756 0.039942 42.741478
2455524.049950 -0.013756 0.081200 5.243209
2455524.149950 0.086244 0.122457 -32.605431
2455524.249950 0.186244 0.163715 -68.275254
2455524.349950 0.286244 0.204972 -99.382670
2455524.449950 0.386244 0.246230 -123.848964
2455524.549950 0.486244 0.287487 -140.039208
2455524.649950 0.586244 0.328744 -146.871509
2455524.749950 0.686244 0.370002 -143.889306
2455524.849950 0.786244 0.411259 -131.291883
2455524.949950 0.886244 0.452517 -109.921045
2455525.049950 0.986244 0.493774 -81.204872
2455525.149950 1.086244 0.535032 -47.062287
2455525.249950 1.186244 0.576289 -9.774823
2455525.349950 -1.137562 0.617546 28.165831
2455525.449950 -1.037562 0.658804 64.224338
2455525.549950 -0.937562 0.700061 95.991136
2455525.649950 -0.837562 0.741319 121.343447
2455525.749950 -0.737562 0.782576 138.587135
2455525.849950 -0.637562 0.823834 146.569914
2455525.949950 -0.537562 0.865091 144.758342
2455526.049950 -0.437562 0.906349 133.273478
2455526.149950 -0.337562 0.947606 112.882782
2455526.249950 -0.237562 0.988863 84.948836
2455526.349950 -0.137562 0.030121 51.338292
2455526.449950 -0.037562 0.071378 14.297131
2455526.549950 0.062438 0.112636 -23.699417
2455526.649950 0.162438 0.153893 -60.112282
2455526.749950 0.262438 0.195151 -92.508219
2455526.849950 0.362438 0.236408 -118.722412
2455526.949950 0.462438 0.277665 -137.003130
2455527.049950 0.562438 0.318923 -146.128786
2455527.149950 0.662438 0.360180 -145.489571
2455527.249950 0.762438 0.401438 -135.128199
2455527.349950 0.862438 0.442695 -115.737056
2455527.449950 0.962438 0.483953 -88.611930
2455527.549950 1.062438 0.525210 -55.565424
2455527.649950 1.162438 0.566467 -18.805829
2455527.749950 -1.161368 0.607725 19.210442
2455527.849950 -1.061368 0.648982 55.942999
2455527.949950 -0.961368 0.690240 88.937236
2455528.049950 -0.861368 0.731497 115.988355
2455528.149950 -0.761368 0.772755 135.288699
2455528.249950 -0.661368 0.814012 145.548546
2455528.349950 -0.561368 0.855269 146.082295
2455528.449950 -0.461368 0.896527 136.854280
2455528.549950 -0.361368 0.937784 118.481150
2455528.649950 -0.261368 0.979042 92.190667
2455528.749950 -0.161368 0.020299 59.739659
2455528.849950 -0.061368 0.061557 23.296624
2455528.949950 0.038632 0.102814 -14.703179
2455529.049950 0.138632 0.144072 -51.720460
2455529.149950 0.238632 0.185329 -85.281587
2455529.249950 0.338632 0.226586 -113.143879
2455529.349950 0.438632 0.267844 -133.445475
2455529.449950 0.538632 0.309101 -144.829745
2455529.549950 0.638632 0.350359 -146.535951
2455529.649950 0.738632 0.391616 -138.450077
2455529.749950 0.838632 0.432874 -121.112451
2455529.849950 0.938632 0.474131 -95.681639
2455529.949950 1.038632 0.515388 -63.857022
2455530.049950 1.138632 0.556646 -27.765241
2455530.149950 -1.185173 0.597903 10.181918
2455530.249950 -1.085173 0.639161 47.448683
2455530.349950 -0.985173 0.680418 81.544750
2455530.449950 -0.885173 0.721676 110.191692
2455530.549950 -0.785173 0.762933 131.475213
2455530.649950 -0.685173 0.804190 143.973069
2455530.749950 -0.585173 0.845448 146.850107
2455530.849950 -0.485173 0.886705 139.914072
2455530.949950 -0.385173 0.927963 123.628455
2455531.049950 -0.285173 0.969220 99.081524
2455531.149950 -0.185173 0.010478 67.913595
2455531.249950 -0.085173 0.051735 32.207425
2455531.349950 0.014827 0.092992 -5.650965
2455531.449950 0.114827 0.134250 -43.131736
2455531.549950 0.214827 0.175507 -77.730283
2455531.649950 0.314827 0.216765 -107.134603
2455531.749950 0.414827 0.258022 -129.379788
2455531.849950 0.514827 0.299280 -142.979332
2455531.949950 0.614827 0.340537 -147.024463
2455532.049950 0.714827 0.381794 -141.244870
2455532.149950 0.814827 0.423052 -126.026767
2455532.249950 0.914827 0.464309 -102.387084
2455532.349950 1.014827 0.505567 -71.905514
2455532.449950 1.114827 0.546824 -36.618949
2455532.549950 -1.208979 0.588082 1.114632
2455532.649950 -1.108979 0.629339 38.773728
2455532.749950 -1.008979 0.670597 73.841819
2455532.849950 -0.908979 0.711854 103.975524
2455532.949950 -0.808979 0.753111 127.161196
2455533.049950 -0.708979 0.794369 141.849481
2455533.149950 -0.608979 0.835626 147.058854
2455533.249950 -0.508979 0.876884 142.441205
2455533.349950 -0.408979 0.918141 128.305103
2455533.449950 -0.308979 0.959399 105.595174
2455533.549950 -0.208979 0.000656 75.828981
2455533.649950 -0.108979 0.041913 40.995612
2455533.749950 -0.008979 0.083171 3.422763
2455533.849950 0.091021 0.124428 -34.378808
2455533.949950 0.191021 0.165686 -69.883058
2455534.049950 0.291021 0.206943 -100.717461
2455534.149950 0.391021 0.248201 -124.821547
2455534.249950 0.491021 0.289458 -140.584591
2455534.349950 0.591021 0.330715 -146.953247
2455534.449950 0.691021 0.371973 -143.501938
2455534.549950 0.791021 0.413230 -130.461294
