descriptor Tc_folded  mod 
-1.215583 0.000000 
-1.214583 0.000000 
-1.213583 0.000000 
-1.212583 0.000000 
-1.211583 0.000000 
-1.210583 0.000000 
-1.209583 0.000000 
-1.208583 0.000000 
-1.207583 0.000000 
-1.206583 0.000000 
-1.205583 0.000000 
-1.204583 0.000000 
-1.203583 0.000000 
-1.202583 0.000000 
-1.201583 0.000000 
-1.200583 0.000000 
-1.199583 0.000000 
-1.198583 0.000000 
-1.197583 0.000000 
-1.196583 0.000000 
-1.195583 0.000000 
-1.194583 0.000000 
-1.193583 0.000000 
-1.192583 0.000000 
-1.191583 0.000000 
-1.190583 0.000000 
-1.189583 0.000000 
-1.188583 0.000000 
-1.187583 0.000000 
-1.186583 0.000000 
-1.185583 0.000000 
-1.184583 0.000000 
-1.183583 0.000000 
-1.182583 0.000000 
-1.181583 0.000000 
-1.180583 0.000000 
-1.179583 0.000000 
-1.178583 0.000000 
-1.177583 0.000000 
-1.176583 0.000000 
-1.175583 0.000000 
-1.174583 0.000000 
-1.173583 0.000000 
-1.172583 0.000000 
-1.171583 0.000000 
-1.170583 0.000000 
-1.169583 0.000000 
-1.168583 0.000000 
-1.167583 0.000000 
-1.166583 0.000000 
-1.165583 0.000000 
-1.164583 0.000000 
-1.163583 0.000000 
-1.162583 0.000000 
-1.161583 0.000000 
-1.160583 0.000000 
-1.159583 0.000000 
-1.158583 0.000000 
-1.157583 0.000000 
-1.156583 0.000000 
-1.155583 0.000000 
-1.154583 0.000000 
-1.153583 0.000000 
-1.152583 0.000000 
-1.151583 0.000000 
-1.150583 0.000000 
-1.149583 0.000000 
-1.148583 0.000000 
-1.147583 0.000000 
-1.146583 0.000000 
-1.145583 0.000000 
-1.144583 0.000000 
-1.143583 0.000000 
-1.142583 0.000000 
-1.141583 0.000000 
-1.140583 0.000000 
-1.139583 0.000000 
-1.138583 0.000000 
-1.137583 0.000000 
-1.136583 0.000000 
-1.135583 0.000000 
-1.134583 0.000000 
-1.133583 0.000000 
-1.132583 0.000000 
-1.131583 0.000000 
-1.130583 0.000000 
-1.129583 0.000000 
-1.128583 0.000000 
-1.127583 0.000000 
-1.126583 0.000000 
-1.125583 0.000000 
-1.124583 0.000000 
-1.123583 0.000000 
-1.122583 0.000000 
-1.121583 0.000000 
-1.120583 0.000000 
-1.119583 0.000000 
-1.118583 0.000000 
-1.117583 0.000000 
-1.116583 0.000000 
-1.115583 0.000000 
-1.114583 0.000000 
-1.113583 0.000000 
-1.112583 0.000000 
-1.111583 0.000000 
-1.110583 0.000000 
-1.109583 0.000000 
-1.108583 0.000000 
-1.107583 0.000000 
-1.106583 0.000000 
-1.105583 0.000000 
-1.104583 0.000000 
-1.103583 0.000000 
-1.102583 0.000000 
-1.101583 0.000000 
-1.100583 0.000000 
-1.099583 0.000000 
-1.098583 0.000000 
-1.097583 0.000000 
-1.096583 0.000000 
-1.095583 0.000000 
-1.094583 0.000000 
-1.093583 0.000000 
-1.092583 0.000000 
-1.091583 0.000000 
-1.090583 0.000000 
-1.089583 0.000000 
-1.088583 0.000000 
-1.087583 0.000000 
-1.086583 0.000000 
-1.085583 0.000000 
-1.084583 0.000000 
-1.083583 0.000000 
-1.082583 0.000000 
-1.081583 0.000000 
-1.080583 0.000000 
-1.079583 0.000000 
-1.078583 0.000000 
-1.077583 0.000000 
-1.076583 0.000000 
-1.075583 0.000000 
-1.074583 0.000000 
-1.073583 0.000000 
-1.072583 0.000000 
-1.071583 0.000000 
-1.070583 0.000000 
-1.069583 0.000000 
-1.068583 0.000000 
-1.067583 0.000000 
-1.066583 0.000000 
-1.065583 0.000000 
-1.064583 0.000000 
-1.063583 0.000000 
-1.062583 0.000000 
-1.061583 0.000000 
-1.060583 0.000000 
-1.059583 0.000000 
-1.058583 0.000000 
-1.057583 0.000000 
-1.056583 0.000000 
-1.055583 0.000000 
-1.054583 0.000000 
-1.053583 0.000000 
-1.052583 0.000000 
-1.051583 0.000000 
-1.050583 0.000000 
-1.049583 0.000000 
-1.048583 0.000000 
-1.047583 0.000000 
-1.046583 0.000000 
-1.045583 0.000000 
-1.044583 0.000000 
-1.043583 0.000000 
-1.042583 0.000000 
-1.041583 0.000000 
-1.040583 0.000000 
-1.039583 0.000000 
-1.038583 0.000000 
-1.037583 0.000000 
-1.036583 0.000000 
-1.035583 0.000000 
-1.034583 0.000000 
-1.033583 0.000000 
-1.032583 0.000000 
-1.031583 0.000000 
-1.030583 0.000000 
-1.029583 0.000000 
-1.028583 0.000000 
-1.027583 0.000000 
-1.026583 0.000000 
-1.025583 0.000000 
-1.024583 0.000000 
-1.023583 0.000000 
-1.022583 0.000000 
-1.021583 0.000000 
-1.020583 0.000000 
-1.019583 0.000000 
-1.018583 0.000000 
-1.017583 0.000000 
-1.016583 0.000000 
-1.015583 0.000000 
-1.014583 0.000000 
-1.013583 0.000000 
-1.012583 0.000000 
-1.011583 0.000000 
-1.010583 0.000000 
-1.009583 0.000000 
-1.008583 0.000000 
-1.007583 0.000000 
-1.006583 0.000000 
-1.005583 0.000000 
-1.004583 0.000000 
-1.003583 0.000000 
-1.002583 0.000000 
-1.001583 0.000000 
-1.000583 0.000000 
-0.999583 0.000000 
-0.998583 0.000000 
-0.997583 0.000000 
-0.996583 0.000000 
-0.995583 0.000000 
-0.994583 0.000000 
-0.993583 0.000000 
-0.992583 0.000000 
-0.991583 0.000000 
-0.990583 0.000000 
-0.989583 0.000000 
-0.988583 0.000000 
-0.987583 0.000000 
-0.986583 0.000000 
-0.985583 0.000000 
-0.984583 0.000000 
-0.983583 0.000000 
-0.982583 0.000000 
-0.981583 0.000000 
-0.980583 0.000000 
-0.979583 0.000000 
-0.978583 0.000000 
-0.977583 0.000000 
-0.976583 0.000000 
-0.975583 0.000000 
-0.974583 0.000000 
-0.973583 0.000000 
-0.972583 0.000000 
-0.971583 0.000000 
-0.970583 0.000000 
-0.969583 0.000000 
-0.968583 0.000000 
-0.967583 0.000000 
-0.966583 0.000000 
-0.965583 0.000000 
-0.964583 0.000000 
-0.963583 0.000000 
-0.962583 0.000000 
-0.961583 0.000000 
-0.960583 0.000000 
-0.959583 0.000000 
-0.958583 0.000000 
-0.957583 0.000000 
-0.956583 0.000000 
-0.955583 0.000000 
-0.954583 0.000000 
-0.953583 0.000000 
-0.952583 0.000000 
-0.951583 0.000000 
-0.950583 0.000000 
-0.949583 0.000000 
-0.948583 0.000000 
-0.947583 0.000000 
-0.946583 0.000000 
-0.945583 0.000000 
-0.944583 0.000000 
-0.943583 0.000000 
-0.942583 0.000000 
-0.941583 0.000000 
-0.940583 0.000000 
-0.939583 0.000000 
-0.938583 0.000000 
-0.937583 0.000000 
-0.936583 0.000000 
-0.935583 0.000000 
-0.934583 0.000000 
-0.933583 0.000000 
-0.932583 0.000000 
-0.931583 0.000000 
-0.930583 0.000000 
-0.929583 0.000000 
-0.928583 0.000000 
-0.927583 0.000000 
-0.926583 0.000000 
-0.925583 0.000000 
-0.924583 0.000000 
-0.923583 0.000000 
-0.922583 0.000000 
-0.921583 0.000000 
-0.920583 0.000000 
-0.919583 0.000000 
-0.918583 0.000000 
-0.917583 0.000000 
-0.916583 0.000000 
-0.915583 0.000000 
-0.914583 0.000000 
-0.913583 0.000000 
-0.912583 0.000000 
-0.911583 0.000000 
-0.910583 0.000000 
-0.909583 0.000000 
-0.908583 0.000000 
-0.907583 0.000000 
-0.906583 0.000000 
-0.905583 0.000000 
-0.904583 0.000000 
-0.903583 0.000000 
-0.902583 0.000000 
-0.901583 0.000000 
-0.900583 0.000000 
-0.899583 0.000000 
-0.898583 0.000000 
-0.897583 0.000000 
-0.896583 0.000000 
-0.895583 0.000000 
-0.894583 0.000000 
-0.893583 0.000000 
-0.892583 0.000000 
-0.891583 0.000000 
-0.890583 0.000000 
-0.889583 0.000000 
-0.888583 0.000000 
-0.887583 0.000000 
-0.886583 0.000000 
-0.885583 0.000000 
-0.884583 0.000000 
-0.883583 0.000000 
-0.882583 0.000000 
-0.881583 0.000000 
-0.880583 0.000000 
-0.879583 0.000000 
-0.878583 0.000000 
-0.877583 0.000000 
-0.876583 0.000000 
-0.875583 0.000000 
-0.874583 0.000000 
-0.873583 0.000000 
-0.872583 0.000000 
-0.871583 0.000000 
-0.870583 0.000000 
-0.869583 0.000000 
-0.868583 0.000000 
-0.867583 0.000000 
-0.866583 0.000000 
-0.865583 0.000000 
-0.864583 0.000000 
-0.863583 0.000000 
-0.862583 0.000000 
-0.861583 0.000000 
-0.860583 0.000000 
-0.859583 0.000000 
-0.858583 0.000000 
-0.857583 0.000000 
-0.856583 0.000000 
-0.855583 0.000000 
-0.854583 0.000000 
-0.853583 0.000000 
-0.852583 0.000000 
-0.851583 0.000000 
-0.850583 0.000000 
-0.849583 0.000000 
-0.848583 0.000000 
-0.847583 0.000000 
-0.846583 0.000000 
-0.845583 0.000000 
-0.844583 0.000000 
-0.843583 0.000000 
-0.842583 0.000000 
-0.841583 0.000000 
-0.840583 0.000000 
-0.839583 0.000000 
-0.838583 0.000000 
-0.837583 0.000000 
-0.836583 0.000000 
-0.835583 0.000000 
-0.834583 0.000000 
-0.833583 0.000000 
-0.832583 0.000000 
-0.831583 0.000000 
-0.830583 0.000000 
-0.829583 0.000000 
-0.828583 0.000000 
-0.827583 0.000000 
-0.826583 0.000000 
-0.825583 0.000000 
-0.824583 0.000000 
-0.823583 0.000000 
-0.822583 0.000000 
-0.821583 0.000000 
-0.820583 0.000000 
-0.819583 0.000000 
-0.818583 0.000000 
-0.817583 0.000000 
-0.816583 0.000000 
-0.815583 0.000000 
-0.814583 0.000000 
-0.813583 0.000000 
-0.812583 0.000000 
-0.811583 0.000000 
-0.810583 0.000000 
-0.809583 0.000000 
-0.808583 0.000000 
-0.807583 0.000000 
-0.806583 0.000000 
-0.805583 0.000000 
-0.804583 0.000000 
-0.803583 0.000000 
-0.802583 0.000000 
-0.801583 0.000000 
-0.800583 0.000000 
-0.799583 0.000000 
-0.798583 0.000000 
-0.797583 0.000000 
-0.796583 0.000000 
-0.795583 0.000000 
-0.794583 0.000000 
-0.793583 0.000000 
-0.792583 0.000000 
-0.791583 0.000000 
-0.790583 0.000000 
-0.789583 0.000000 
-0.788583 0.000000 
-0.787583 0.000000 
-0.786583 0.000000 
-0.785583 0.000000 
-0.784583 0.000000 
-0.783583 0.000000 
-0.782583 0.000000 
-0.781583 0.000000 
-0.780583 0.000000 
-0.779583 0.000000 
-0.778583 0.000000 
-0.777583 0.000000 
-0.776583 0.000000 
-0.775583 0.000000 
-0.774583 0.000000 
-0.773583 0.000000 
-0.772583 0.000000 
-0.771583 0.000000 
-0.770583 0.000000 
-0.769583 0.000000 
-0.768583 0.000000 
-0.767583 0.000000 
-0.766583 0.000000 
-0.765583 0.000000 
-0.764583 0.000000 
-0.763583 0.000000 
-0.762583 0.000000 
-0.761583 0.000000 
-0.760583 0.000000 
-0.759583 0.000000 
-0.758583 0.000000 
-0.757583 0.000000 
-0.756583 0.000000 
-0.755583 0.000000 
-0.754583 0.000000 
-0.753583 0.000000 
-0.752583 0.000000 
-0.751583 0.000000 
-0.750583 0.000000 
-0.749583 0.000000 
-0.748583 0.000000 
-0.747583 0.000000 
-0.746583 0.000000 
-0.745583 0.000000 
-0.744583 0.000000 
-0.743583 0.000000 
-0.742583 0.000000 
-0.741583 0.000000 
-0.740583 0.000000 
-0.739583 0.000000 
-0.738583 0.000000 
-0.737583 0.000000 
-0.736583 0.000000 
-0.735583 0.000000 
-0.734583 0.000000 
-0.733583 0.000000 
-0.732583 0.000000 
-0.731583 0.000000 
-0.730583 0.000000 
-0.729583 0.000000 
-0.728583 0.000000 
-0.727583 0.000000 
-0.726583 0.000000 
-0.725583 0.000000 
-0.724583 0.000000 
-0.723583 0.000000 
-0.722583 0.000000 
-0.721583 0.000000 
-0.720583 0.000000 
-0.719583 0.000000 
-0.718583 0.000000 
-0.717583 0.000000 
-0.716583 0.000000 
-0.715583 0.000000 
-0.714583 0.000000 
-0.713583 0.000000 
-0.712583 0.000000 
-0.711583 0.000000 
-0.710583 0.000000 
-0.709583 0.000000 
-0.708583 0.000000 
-0.707583 0.000000 
-0.706583 0.000000 
-0.705583 0.000000 
-0.704583 0.000000 
-0.703583 0.000000 
-0.702583 0.000000 
-0.701583 0.000000 
-0.700583 0.000000 
-0.699583 0.000000 
-0.698583 0.000000 
-0.697583 0.000000 
-0.696583 0.000000 
-0.695583 0.000000 
-0.694583 0.000000 
-0.693583 0.000000 
-0.692583 0.000000 
-0.691583 0.000000 
-0.690583 0.000000 
-0.689583 0.000000 
-0.688583 0.000000 
-0.687583 0.000000 
-0.686583 0.000000 
-0.685583 0.000000 
-0.684583 0.000000 
-0.683583 0.000000 
-0.682583 0.000000 
-0.681583 0.000000 
-0.680583 0.000000 
-0.679583 0.000000 
-0.678583 0.000000 
-0.677583 0.000000 
-0.676583 0.000000 
-0.675583 0.000000 
-0.674583 0.000000 
-0.673583 0.000000 
-0.672583 0.000000 
-0.671583 0.000000 
-0.670583 0.000000 
-0.669583 0.000000 
-0.668583 0.000000 
-0.667583 0.000000 
-0.666583 0.000000 
-0.665583 0.000000 
-0.664583 0.000000 
-0.663583 0.000000 
-0.662583 0.000000 
-0.661583 0.000000 
-0.660583 0.000000 
-0.659583 0.000000 
-0.658583 0.000000 
-0.657583 0.000000 
-0.656583 0.000000 
-0.655583 0.000000 
-0.654583 0.000000 
-0.653583 0.000000 
-0.652583 0.000000 
-0.651583 0.000000 
-0.650583 0.000000 
-0.649583 0.000000 
-0.648583 0.000000 
-0.647583 0.000000 
-0.646583 0.000000 
-0.645583 0.000000 
-0.644583 0.000000 
-0.643583 0.000000 
-0.642583 0.000000 
-0.641583 0.000000 
-0.640583 0.000000 
-0.639583 0.000000 
-0.638583 0.000000 
-0.637583 0.000000 
-0.636583 0.000000 
-0.635583 0.000000 
-0.634583 0.000000 
-0.633583 0.000000 
-0.632583 0.000000 
-0.631583 0.000000 
-0.630583 0.000000 
-0.629583 0.000000 
-0.628583 0.000000 
-0.627583 0.000000 
-0.626583 0.000000 
-0.625583 0.000000 
-0.624583 0.000000 
-0.623583 0.000000 
-0.622583 0.000000 
-0.621583 0.000000 
-0.620583 0.000000 
-0.619583 0.000000 
-0.618583 0.000000 
-0.617583 0.000000 
-0.616583 0.000000 
-0.615583 0.000000 
-0.614583 0.000000 
-0.613583 0.000000 
-0.612583 0.000000 
-0.611583 0.000000 
-0.610583 0.000000 
-0.609583 0.000000 
-0.608583 0.000000 
-0.607583 0.000000 
-0.606583 0.000000 
-0.605583 0.000000 
-0.604583 0.000000 
-0.603583 0.000000 
-0.602583 0.000000 
-0.601583 0.000000 
-0.600583 0.000000 
-0.599583 0.000000 
-0.598583 0.000000 
-0.597583 0.000000 
-0.596583 0.000000 
-0.595583 0.000000 
-0.594583 0.000000 
-0.593583 0.000000 
-0.592583 0.000000 
-0.591583 0.000000 
-0.590583 0.000000 
-0.589583 0.000000 
-0.588583 0.000000 
-0.587583 0.000000 
-0.586583 0.000000 
-0.585583 0.000000 
-0.584583 0.000000 
-0.583583 0.000000 
-0.582583 0.000000 
-0.581583 0.000000 
-0.580583 0.000000 
-0.579583 0.000000 
-0.578583 0.000000 
-0.577583 0.000000 
-0.576583 0.000000 
-0.575583 0.000000 
-0.574583 0.000000 
-0.573583 0.000000 
-0.572583 0.000000 
-0.571583 0.000000 
-0.570583 0.000000 
-0.569583 0.000000 
-0.568583 0.000000 
-0.567583 0.000000 
-0.566583 0.000000 
-0.565583 0.000000 
-0.564583 0.000000 
-0.563583 0.000000 
-0.562583 0.000000 
-0.561583 0.000000 
-0.560583 0.000000 
-0.559583 0.000000 
-0.558583 0.000000 
-0.557583 0.000000 
-0.556583 0.000000 
-0.555583 0.000000 
-0.554583 0.000000 
-0.553583 0.000000 
-0.552583 0.000000 
-0.551583 0.000000 
-0.550583 0.000000 
-0.549583 0.000000 
-0.548583 0.000000 
-0.547583 0.000000 
-0.546583 0.000000 
-0.545583 0.000000 
-0.544583 0.000000 
-0.543583 0.000000 
-0.542583 0.000000 
-0.541583 0.000000 
-0.540583 0.000000 
-0.539583 0.000000 
-0.538583 0.000000 
-0.537583 0.000000 
-0.536583 0.000000 
-0.535583 0.000000 
-0.534583 0.000000 
-0.533583 0.000000 
-0.532583 0.000000 
-0.531583 0.000000 
-0.530583 0.000000 
-0.529583 0.000000 
-0.528583 0.000000 
-0.527583 0.000000 
-0.526583 0.000000 
-0.525583 0.000000 
-0.524583 0.000000 
-0.523583 0.000000 
-0.522583 0.000000 
-0.521583 0.000000 
-0.520583 0.000000 
-0.519583 0.000000 
-0.518583 0.000000 
-0.517583 0.000000 
-0.516583 0.000000 
-0.515583 0.000000 
-0.514583 0.000000 
-0.513583 0.000000 
-0.512583 0.000000 
-0.511583 0.000000 
-0.510583 0.000000 
-0.509583 0.000000 
-0.508583 0.000000 
-0.507583 0.000000 
-0.506583 0.000000 
-0.505583 0.000000 
-0.504583 0.000000 
-0.503583 0.000000 
-0.502583 0.000000 
-0.501583 0.000000 
-0.500583 0.000000 
-0.499583 0.000000 
-0.498583 0.000000 
-0.497583 0.000000 
-0.496583 0.000000 
-0.495583 0.000000 
-0.494583 0.000000 
-0.493583 0.000000 
-0.492583 0.000000 
-0.491583 0.000000 
-0.490583 0.000000 
-0.489583 0.000000 
-0.488583 0.000000 
-0.487583 0.000000 
-0.486583 0.000000 
-0.485583 0.000000 
-0.484583 0.000000 
-0.483583 0.000000 
-0.482583 0.000000 
-0.481583 0.000000 
-0.480583 0.000000 
-0.479583 0.000000 
-0.478583 0.000000 
-0.477583 0.000000 
-0.476583 0.000000 
-0.475583 0.000000 
-0.474583 0.000000 
-0.473583 0.000000 
-0.472583 0.000000 
-0.471583 0.000000 
-0.470583 0.000000 
-0.469583 0.000000 
-0.468583 0.000000 
-0.467583 0.000000 
-0.466583 0.000000 
-0.465583 0.000000 
-0.464583 0.000000 
-0.463583 0.000000 
-0.462583 0.000000 
-0.461583 0.000000 
-0.460583 0.000000 
-0.459583 0.000000 
-0.458583 0.000000 
-0.457583 0.000000 
-0.456583 0.000000 
-0.455583 0.000000 
-0.454583 0.000000 
-0.453583 0.000000 
-0.452583 0.000000 
-0.451583 0.000000 
-0.450583 0.000000 
-0.449583 0.000000 
-0.448583 0.000000 
-0.447583 0.000000 
-0.446583 0.000000 
-0.445583 0.000000 
-0.444583 0.000000 
-0.443583 0.000000 
-0.442583 0.000000 
-0.441583 0.000000 
-0.440583 0.000000 
-0.439583 0.000000 
-0.438583 0.000000 
-0.437583 0.000000 
-0.436583 0.000000 
-0.435583 0.000000 
-0.434583 0.000000 
-0.433583 0.000000 
-0.432583 0.000000 
-0.431583 0.000000 
-0.430583 0.000000 
-0.429583 0.000000 
-0.428583 0.000000 
-0.427583 0.000000 
-0.426583 0.000000 
-0.425583 0.000000 
-0.424583 0.000000 
-0.423583 0.000000 
-0.422583 0.000000 
-0.421583 0.000000 
-0.420583 0.000000 
-0.419583 0.000000 
-0.418583 0.000000 
-0.417583 0.000000 
-0.416583 0.000000 
-0.415583 0.000000 
-0.414583 0.000000 
-0.413583 0.000000 
-0.412583 0.000000 
-0.411583 0.000000 
-0.410583 0.000000 
-0.409583 0.000000 
-0.408583 0.000000 
-0.407583 0.000000 
-0.406583 0.000000 
-0.405583 0.000000 
-0.404583 0.000000 
-0.403583 0.000000 
-0.402583 0.000000 
-0.401583 0.000000 
-0.400583 0.000000 
-0.399583 0.000000 
-0.398583 0.000000 
-0.397583 0.000000 
-0.396583 0.000000 
-0.395583 0.000000 
-0.394583 0.000000 
-0.393583 0.000000 
-0.392583 0.000000 
-0.391583 0.000000 
-0.390583 0.000000 
-0.389583 0.000000 
-0.388583 0.000000 
-0.387583 0.000000 
-0.386583 0.000000 
-0.385583 0.000000 
-0.384583 0.000000 
-0.383583 0.000000 
-0.382583 0.000000 
-0.381583 0.000000 
-0.380583 0.000000 
-0.379583 0.000000 
-0.378583 0.000000 
-0.377583 0.000000 
-0.376583 0.000000 
-0.375583 0.000000 
-0.374583 0.000000 
-0.373583 0.000000 
-0.372583 0.000000 
-0.371583 0.000000 
-0.370583 0.000000 
-0.369583 0.000000 
-0.368583 0.000000 
-0.367583 0.000000 
-0.366583 0.000000 
-0.365583 0.000000 
-0.364583 0.000000 
-0.363583 0.000000 
-0.362583 0.000000 
-0.361583 0.000000 
-0.360583 0.000000 
-0.359583 0.000000 
-0.358583 0.000000 
-0.357583 0.000000 
-0.356583 0.000000 
-0.355583 0.000000 
-0.354583 0.000000 
-0.353583 0.000000 
-0.352583 0.000000 
-0.351583 0.000000 
-0.350583 0.000000 
-0.349583 0.000000 
-0.348583 0.000000 
-0.347583 0.000000 
-0.346583 0.000000 
-0.345583 0.000000 
-0.344583 0.000000 
-0.343583 0.000000 
-0.342583 0.000000 
-0.341583 0.000000 
-0.340583 0.000000 
-0.339583 0.000000 
-0.338583 0.000000 
-0.337583 0.000000 
-0.336583 0.000000 
-0.335583 0.000000 
-0.334583 0.000000 
-0.333583 0.000000 
-0.332583 0.000000 
-0.331583 0.000000 
-0.330583 0.000000 
-0.329583 0.000000 
-0.328583 0.000000 
-0.327583 0.000000 
-0.326583 0.000000 
-0.325583 0.000000 
-0.324583 0.000000 
-0.323583 0.000000 
-0.322583 0.000000 
-0.321583 0.000000 
-0.320583 0.000000 
-0.319583 0.000000 
-0.318583 0.000000 
-0.317583 0.000000 
-0.316583 0.000000 
-0.315583 0.000000 
-0.314583 0.000000 
-0.313583 0.000000 
-0.312583 0.000000 
-0.311583 0.000000 
-0.310583 0.000000 
-0.309583 0.000000 
-0.308583 0.000000 
-0.307583 0.000000 
-0.306583 0.000000 
-0.305583 0.000000 
-0.304583 0.000000 
-0.303583 0.000000 
-0.302583 0.000000 
-0.301583 0.000000 
-0.300583 0.000000 
-0.299583 0.000000 
-0.298583 0.000000 
-0.297583 0.000000 
-0.296583 0.000000 
-0.295583 0.000000 
-0.294583 0.000000 
-0.293583 0.000000 
-0.292583 0.000000 
-0.291583 0.000000 
-0.290583 0.000000 
-0.289583 0.000000 
-0.288583 0.000000 
-0.287583 0.000000 
-0.286583 0.000000 
-0.285583 0.000000 
-0.284583 0.000000 
-0.283583 0.000000 
-0.282583 0.000000 
-0.281583 0.000000 
-0.280583 0.000000 
-0.279583 0.000000 
-0.278583 0.000000 
-0.277583 0.000000 
-0.276583 0.000000 
-0.275583 0.000000 
-0.274583 0.000000 
-0.273583 0.000000 
-0.272583 0.000000 
-0.271583 0.000000 
-0.270583 0.000000 
-0.269583 0.000000 
-0.268583 0.000000 
-0.267583 0.000000 
-0.266583 0.000000 
-0.265583 0.000000 
-0.264583 0.000000 
-0.263583 0.000000 
-0.262583 0.000000 
-0.261583 0.000000 
-0.260583 0.000000 
-0.259583 0.000000 
-0.258583 0.000000 
-0.257583 0.000000 
-0.256583 0.000000 
-0.255583 0.000000 
-0.254583 0.000000 
-0.253583 0.000000 
-0.252583 0.000000 
-0.251583 0.000000 
-0.250583 0.000000 
-0.249583 0.000000 
-0.248583 0.000000 
-0.247583 0.000000 
-0.246583 0.000000 
-0.245583 0.000000 
-0.244583 0.000000 
-0.243583 0.000000 
-0.242583 0.000000 
-0.241583 0.000000 
-0.240583 0.000000 
-0.239583 0.000000 
-0.238583 0.000000 
-0.237583 0.000000 
-0.236583 0.000000 
-0.235583 0.000000 
-0.234583 0.000000 
-0.233583 0.000000 
-0.232583 0.000000 
-0.231583 0.000000 
-0.230583 0.000000 
-0.229583 0.000000 
-0.228583 0.000000 
-0.227583 0.000000 
-0.226583 0.000000 
-0.225583 0.000000 
-0.224583 0.000000 
-0.223583 0.000000 
-0.222583 0.000000 
-0.221583 0.000000 
-0.220583 0.000000 
-0.219583 0.000000 
-0.218583 0.000000 
-0.217583 0.000000 
-0.216583 0.000000 
-0.215583 0.000000 
-0.214583 0.000000 
-0.213583 0.000000 
-0.212583 0.000000 
-0.211583 0.000000 
-0.210583 0.000000 
-0.209583 0.000000 
-0.208583 0.000000 
-0.207583 0.000000 
-0.206583 0.000000 
-0.205583 0.000000 
-0.204583 0.000000 
-0.203583 0.000000 
-0.202583 0.000000 
-0.201583 0.000000 
-0.200583 0.000000 
-0.199583 0.000000 
-0.198583 0.000000 
-0.197583 0.000000 
-0.196583 0.000000 
-0.195583 0.000000 
-0.194583 0.000000 
-0.193583 0.000000 
-0.192583 0.000000 
-0.191583 0.000000 
-0.190583 0.000000 
-0.189583 0.000000 
-0.188583 0.000000 
-0.187583 0.000000 
-0.186583 0.000000 
-0.185583 0.000000 
-0.184583 0.000000 
-0.183583 0.000000 
-0.182583 0.000000 
-0.181583 0.000000 
-0.180583 0.000000 
-0.179583 0.000000 
-0.178583 0.000000 
-0.177583 0.000000 
-0.176583 0.000000 
-0.175583 0.000000 
-0.174583 0.000000 
-0.173583 0.000000 
-0.172583 0.000000 
-0.171583 0.000000 
-0.170583 0.000000 
-0.169583 0.000000 
-0.168583 0.000000 
-0.167583 0.000000 
-0.166583 0.000000 
-0.165583 0.000000 
-0.164583 0.000000 
-0.163583 0.000000 
-0.162583 0.000000 
-0.161583 0.000000 
-0.160583 0.000000 
-0.159583 0.000000 
-0.158583 0.000000 
-0.157583 0.000000 
-0.156583 0.000000 
-0.155583 0.000000 
-0.154583 0.000000 
-0.153583 0.000000 
-0.152583 0.000000 
-0.151583 0.000000 
-0.150583 0.000000 
-0.149583 0.000000 
-0.148583 0.000000 
-0.147583 0.000000 
-0.146583 0.000000 
-0.145583 0.000000 
-0.144583 0.000000 
-0.143583 0.000000 
-0.142583 0.000000 
-0.141583 0.000000 
-0.140583 0.000000 
-0.139583 0.000000 
-0.138583 0.000000 
-0.137583 0.000000 
-0.136583 0.000000 
-0.135583 0.000000 
-0.134583 0.000000 
-0.133583 0.000000 
-0.132583 0.000000 
-0.131583 0.000000 
-0.130583 0.000000 
-0.129583 0.000000 
-0.128583 0.000000 
-0.127583 0.000000 
-0.126583 0.000000 
-0.125583 0.000000 
-0.124583 0.000000 
-0.123583 0.000000 
-0.122583 0.000000 
-0.121583 0.000000 
-0.120583 0.000000 
-0.119583 0.000000 
-0.118583 0.000000 
-0.117583 0.000000 
-0.116583 0.000000 
-0.115583 0.000000 
-0.114583 0.000000 
-0.113583 0.000000 
-0.112583 0.000000 
-0.111583 0.000000 
-0.110583 0.000000 
-0.109583 0.000000 
-0.108583 0.000000 
-0.107583 0.000000 
-0.106583 0.000000 
-0.105583 0.000000 
-0.104583 0.000000 
-0.103583 0.000000 
-0.102583 0.000000 
-0.101583 0.000000 
-0.100583 0.000000 
-0.099583 0.000000 
-0.098583 0.000000 
-0.097583 0.000000 
-0.096583 0.000000 
-0.095583 0.000000 
-0.094583 0.000000 
-0.093583 0.000000 
-0.092583 0.000000 
-0.091583 0.000000 
-0.090583 0.000000 
-0.089583 0.000000 
-0.088583 0.000000 
-0.087583 0.000000 
-0.086583 0.000000 
-0.085583 0.000000 
-0.084583 0.000000 
-0.083583 0.000000 
-0.082583 0.000000 
-0.081583 0.000000 
-0.080583 0.000000 
-0.079583 0.000000 
-0.078583 0.000000 
-0.077583 0.000000 
-0.076583 0.000000 
-0.075583 0.000000 
-0.074583 0.000000 
-0.073583 0.000000 
-0.072583 0.000000 
-0.071583 0.000000 
-0.070583 0.000000 
-0.069583 0.000000 
-0.068583 0.000000 
-0.067583 0.000000 
-0.066583 0.000000 
-0.065583 0.000000 
-0.064583 0.000000 
-0.063583 0.000000 
-0.062583 0.000000 
-0.061583 0.000000 
-0.060583 0.000000 
-0.059583 0.000000 
-0.058583 0.000000 
-0.057583 0.000000 
-0.056583 0.000000 
-0.055583 0.000000 
-0.054583 0.000000 
-0.053583 0.000000 
-0.052583 0.000000 
-0.051583 0.000000 
-0.050583 0.000000 
-0.049583 0.000000 
-0.048583 0.000000 
-0.047583 0.000000 
-0.046583 -0.000148 
-0.045583 -0.000626 
-0.044583 -0.001302 
-0.043583 -0.002129 
-0.042583 -0.003075 
-0.041583 -0.004115 
-0.040583 -0.005227 
-0.039583 -0.006391 
-0.038583 -0.007588 
-0.037583 -0.008799 
-0.036583 -0.010003 
-0.035583 -0.011180 
-0.034583 -0.012306 
-0.033583 -0.013352 
-0.032583 -0.014281 
-0.031583 -0.015025 
-0.030583 -0.015432 
-0.029583 -0.015743 
-0.028583 -0.016015 
-0.027583 -0.016259 
-0.026583 -0.016478 
-0.025583 -0.016678 
-0.024583 -0.016860 
-0.023583 -0.017027 
-0.022583 -0.017181 
-0.021583 -0.017322 
-0.020583 -0.017452 
-0.019583 -0.017572 
-0.018583 -0.017683 
-0.017583 -0.017785 
-0.016583 -0.017879 
-0.015583 -0.017966 
-0.014583 -0.018045 
-0.013583 -0.018118 
-0.012583 -0.018184 
-0.011583 -0.018244 
-0.010583 -0.018299 
-0.009583 -0.018348 
-0.008583 -0.018391 
-0.007583 -0.018429 
-0.006583 -0.018463 
-0.005583 -0.018491 
-0.004583 -0.018514 
-0.003583 -0.018533 
-0.002583 -0.018547 
-0.001583 -0.018557 
-0.000583 -0.018562 
0.000417 -0.018562 
0.001417 -0.018558 
0.002417 -0.018549 
0.003417 -0.018536 
0.004417 -0.018518 
0.005417 -0.018495 
0.006417 -0.018468 
0.007417 -0.018435 
0.008417 -0.018398 
0.009417 -0.018355 
0.010417 -0.018307 
0.011417 -0.018254 
0.012417 -0.018194 
0.013417 -0.018129 
0.014417 -0.018057 
0.015417 -0.017979 
0.016417 -0.017894 
0.017417 -0.017801 
0.018417 -0.017700 
0.019417 -0.017591 
0.020417 -0.017473 
0.021417 -0.017344 
0.022417 -0.017205 
0.023417 -0.017053 
0.024417 -0.016889 
0.025417 -0.016709 
0.026417 -0.016513 
0.027417 -0.016297 
0.028417 -0.016057 
0.029417 -0.015790 
0.030417 -0.015486 
0.031417 -0.015118 
0.032417 -0.014420 
0.033417 -0.013515 
0.034417 -0.012485 
0.035417 -0.011370 
0.036417 -0.010200 
0.037417 -0.008999 
0.038417 -0.007788 
0.039417 -0.006587 
0.040417 -0.005416 
0.041417 -0.004294 
0.042417 -0.003241 
0.043417 -0.002278 
0.044417 -0.001430 
0.045417 -0.000726 
0.046417 -0.000210 
0.047417 0.000000 
0.048417 0.000000 
0.049417 0.000000 
0.050417 0.000000 
0.051417 0.000000 
0.052417 0.000000 
0.053417 0.000000 
0.054417 0.000000 
0.055417 0.000000 
0.056417 0.000000 
0.057417 0.000000 
0.058417 0.000000 
0.059417 0.000000 
0.060417 0.000000 
0.061417 0.000000 
0.062417 0.000000 
0.063417 0.000000 
0.064417 0.000000 
0.065417 0.000000 
0.066417 0.000000 
0.067417 0.000000 
0.068417 0.000000 
0.069417 0.000000 
0.070417 0.000000 
0.071417 0.000000 
0.072417 0.000000 
0.073417 0.000000 
0.074417 0.000000 
0.075417 0.000000 
0.076417 0.000000 
0.077417 0.000000 
0.078417 0.000000 
0.079417 0.000000 
0.080417 0.000000 
0.081417 0.000000 
0.082417 0.000000 
0.083417 0.000000 
0.084417 0.000000 
0.085417 0.000000 
0.086417 0.000000 
0.087417 0.000000 
0.088417 0.000000 
0.089417 0.000000 
0.090417 0.000000 
0.091417 0.000000 
0.092417 0.000000 
0.093417 0.000000 
0.094417 0.000000 
0.095417 0.000000 
0.096417 0.000000 
0.097417 0.000000 
0.098417 0.000000 
0.099417 0.000000 
0.100417 0.000000 
0.101417 0.000000 
0.102417 0.000000 
0.103417 0.000000 
0.104417 0.000000 
0.105417 0.000000 
0.106417 0.000000 
0.107417 0.000000 
0.108417 0.000000 
0.109417 0.000000 
0.110417 0.000000 
0.111417 0.000000 
0.112417 0.000000 
0.113417 0.000000 
0.114417 0.000000 
0.115417 0.000000 
0.116417 0.000000 
0.117417 0.000000 
0.118417 0.000000 
0.119417 0.000000 
0.120417 0.000000 
0.121417 0.000000 
0.122417 0.000000 
0.123417 0.000000 
0.124417 0.000000 
0.125417 0.000000 
0.126417 0.000000 
0.127417 0.000000 
0.128417 0.000000 
0.129417 0.000000 
0.130417 0.000000 
0.131417 0.000000 
0.132417 0.000000 
0.133417 0.000000 
0.134417 0.000000 
0.135417 0.000000 
0.136417 0.000000 
0.137417 0.000000 
0.138417 0.000000 
0.139417 0.000000 
0.140417 0.000000 
0.141417 0.000000 
0.142417 0.000000 
0.143417 0.000000 
0.144417 0.000000 
0.145417 0.000000 
0.146417 0.000000 
0.147417 0.000000 
0.148417 0.000000 
0.149417 0.000000 
0.150417 0.000000 
0.151417 0.000000 
0.152417 0.000000 
0.153417 0.000000 
0.154417 0.000000 
0.155417 0.000000 
0.156417 0.000000 
0.157417 0.000000 
0.158417 0.000000 
0.159417 0.000000 
0.160417 0.000000 
0.161417 0.000000 
0.162417 0.000000 
0.163417 0.000000 
0.164417 0.000000 
0.165417 0.000000 
0.166417 0.000000 
0.167417 0.000000 
0.168417 0.000000 
0.169417 0.000000 
0.170417 0.000000 
0.171417 0.000000 
0.172417 0.000000 
0.173417 0.000000 
0.174417 0.000000 
0.175417 0.000000 
0.176417 0.000000 
0.177417 0.000000 
0.178417 0.000000 
0.179417 0.000000 
0.180417 0.000000 
0.181417 0.000000 
0.182417 0.000000 
0.183417 0.000000 
0.184417 0.000000 
0.185417 0.000000 
0.186417 0.000000 
0.187417 0.000000 
0.188417 0.000000 
0.189417 0.000000 
0.190417 0.000000 
0.191417 0.000000 
0.192417 0.000000 
0.193417 0.000000 
0.194417 0.000000 
0.195417 0.000000 
0.196417 0.000000 
0.197417 0.000000 
0.198417 0.000000 
0.199417 0.000000 
0.200417 0.000000 
0.201417 0.000000 
0.202417 0.000000 
0.203417 0.000000 
0.204417 0.000000 
0.205417 0.000000 
0.206417 0.000000 
0.207417 0.000000 
0.208417 0.000000 
0.209417 0.000000 
0.210417 0.000000 
0.211417 0.000000 
0.212417 0.000000 
0.213417 0.000000 
0.214417 0.000000 
0.215417 0.000000 
0.216417 0.000000 
0.217417 0.000000 
0.218417 0.000000 
0.219417 0.000000 
0.220417 0.000000 
0.221417 0.000000 
0.222417 0.000000 
0.223417 0.000000 
0.224417 0.000000 
0.225417 0.000000 
0.226417 0.000000 
0.227417 0.000000 
0.228417 0.000000 
0.229417 0.000000 
0.230417 0.000000 
0.231417 0.000000 
0.232417 0.000000 
0.233417 0.000000 
0.234417 0.000000 
0.235417 0.000000 
0.236417 0.000000 
0.237417 0.000000 
0.238417 0.000000 
0.239417 0.000000 
0.240417 0.000000 
0.241417 0.000000 
0.242417 0.000000 
0.243417 0.000000 
0.244417 0.000000 
0.245417 0.000000 
0.246417 0.000000 
0.247417 0.000000 
0.248417 0.000000 
0.249417 0.000000 
0.250417 0.000000 
0.251417 0.000000 
0.252417 0.000000 
0.253417 0.000000 
0.254417 0.000000 
0.255417 0.000000 
0.256417 0.000000 
0.257417 0.000000 
0.258417 0.000000 
0.259417 0.000000 
0.260417 0.000000 
0.261417 0.000000 
0.262417 0.000000 
0.263417 0.000000 
0.264417 0.000000 
0.265417 0.000000 
0.266417 0.000000 
0.267417 0.000000 
0.268417 0.000000 
0.269417 0.000000 
0.270417 0.000000 
0.271417 0.000000 
0.272417 0.000000 
0.273417 0.000000 
0.274417 0.000000 
0.275417 0.000000 
0.276417 0.000000 
0.277417 0.000000 
0.278417 0.000000 
0.279417 0.000000 
0.280417 0.000000 
0.281417 0.000000 
0.282417 0.000000 
0.283417 0.000000 
0.284417 0.000000 
0.285417 0.000000 
0.286417 0.000000 
0.287417 0.000000 
0.288417 0.000000 
0.289417 0.000000 
0.290417 0.000000 
0.291417 0.000000 
0.292417 0.000000 
0.293417 0.000000 
0.294417 0.000000 
0.295417 0.000000 
0.296417 0.000000 
0.297417 0.000000 
0.298417 0.000000 
0.299417 0.000000 
0.300417 0.000000 
0.301417 0.000000 
0.302417 0.000000 
0.303417 0.000000 
0.304417 0.000000 
0.305417 0.000000 
0.306417 0.000000 
0.307417 0.000000 
0.308417 0.000000 
0.309417 0.000000 
0.310417 0.000000 
0.311417 0.000000 
0.312417 0.000000 
0.313417 0.000000 
0.314417 0.000000 
0.315417 0.000000 
0.316417 0.000000 
0.317417 0.000000 
0.318417 0.000000 
0.319417 0.000000 
0.320417 0.000000 
0.321417 0.000000 
0.322417 0.000000 
0.323417 0.000000 
0.324417 0.000000 
0.325417 0.000000 
0.326417 0.000000 
0.327417 0.000000 
0.328417 0.000000 
0.329417 0.000000 
0.330417 0.000000 
0.331417 0.000000 
0.332417 0.000000 
0.333417 0.000000 
0.334417 0.000000 
0.335417 0.000000 
0.336417 0.000000 
0.337417 0.000000 
0.338417 0.000000 
0.339417 0.000000 
0.340417 0.000000 
0.341417 0.000000 
0.342417 0.000000 
0.343417 0.000000 
0.344417 0.000000 
0.345417 0.000000 
0.346417 0.000000 
0.347417 0.000000 
0.348417 0.000000 
0.349417 0.000000 
0.350417 0.000000 
0.351417 0.000000 
0.352417 0.000000 
0.353417 0.000000 
0.354417 0.000000 
0.355417 0.000000 
0.356417 0.000000 
0.357417 0.000000 
0.358417 0.000000 
0.359417 0.000000 
0.360417 0.000000 
0.361417 0.000000 
0.362417 0.000000 
0.363417 0.000000 
0.364417 0.000000 
0.365417 0.000000 
0.366417 0.000000 
0.367417 0.000000 
0.368417 0.000000 
0.369417 0.000000 
0.370417 0.000000 
0.371417 0.000000 
0.372417 0.000000 
0.373417 0.000000 
0.374417 0.000000 
0.375417 0.000000 
0.376417 0.000000 
0.377417 0.000000 
0.378417 0.000000 
0.379417 0.000000 
0.380417 0.000000 
0.381417 0.000000 
0.382417 0.000000 
0.383417 0.000000 
0.384417 0.000000 
0.385417 0.000000 
0.386417 0.000000 
0.387417 0.000000 
0.388417 0.000000 
0.389417 0.000000 
0.390417 0.000000 
0.391417 0.000000 
0.392417 0.000000 
0.393417 0.000000 
0.394417 0.000000 
0.395417 0.000000 
0.396417 0.000000 
0.397417 0.000000 
0.398417 0.000000 
0.399417 0.000000 
0.400417 0.000000 
0.401417 0.000000 
0.402417 0.000000 
0.403417 0.000000 
0.404417 0.000000 
0.405417 0.000000 
0.406417 0.000000 
0.407417 0.000000 
0.408417 0.000000 
0.409417 0.000000 
0.410417 0.000000 
0.411417 0.000000 
0.412417 0.000000 
0.413417 0.000000 
0.414417 0.000000 
0.415417 0.000000 
0.416417 0.000000 
0.417417 0.000000 
0.418417 0.000000 
0.419417 0.000000 
0.420417 0.000000 
0.421417 0.000000 
0.422417 0.000000 
0.423417 0.000000 
0.424417 0.000000 
0.425417 0.000000 
0.426417 0.000000 
0.427417 0.000000 
0.428417 0.000000 
0.429417 0.000000 
0.430417 0.000000 
0.431417 0.000000 
0.432417 0.000000 
0.433417 0.000000 
0.434417 0.000000 
0.435417 0.000000 
0.436417 0.000000 
0.437417 0.000000 
0.438417 0.000000 
0.439417 0.000000 
0.440417 0.000000 
0.441417 0.000000 
0.442417 0.000000 
0.443417 0.000000 
0.444417 0.000000 
0.445417 0.000000 
0.446417 0.000000 
0.447417 0.000000 
0.448417 0.000000 
0.449417 0.000000 
0.450417 0.000000 
0.451417 0.000000 
0.452417 0.000000 
0.453417 0.000000 
0.454417 0.000000 
0.455417 0.000000 
0.456417 0.000000 
0.457417 0.000000 
0.458417 0.000000 
0.459417 0.000000 
0.460417 0.000000 
0.461417 0.000000 
0.462417 0.000000 
0.463417 0.000000 
0.464417 0.000000 
0.465417 0.000000 
0.466417 0.000000 
0.467417 0.000000 
0.468417 0.000000 
0.469417 0.000000 
0.470417 0.000000 
0.471417 0.000000 
0.472417 0.000000 
0.473417 0.000000 
0.474417 0.000000 
0.475417 0.000000 
0.476417 0.000000 
0.477417 0.000000 
0.478417 0.000000 
0.479417 0.000000 
0.480417 0.000000 
0.481417 0.000000 
0.482417 0.000000 
0.483417 0.000000 
0.484417 0.000000 
0.485417 0.000000 
0.486417 0.000000 
0.487417 0.000000 
0.488417 0.000000 
0.489417 0.000000 
0.490417 0.000000 
0.491417 0.000000 
0.492417 0.000000 
0.493417 0.000000 
0.494417 0.000000 
0.495417 0.000000 
0.496417 0.000000 
0.497417 0.000000 
0.498417 0.000000 
0.499417 0.000000 
0.500417 0.000000 
0.501417 0.000000 
0.502417 0.000000 
0.503417 0.000000 
0.504417 0.000000 
0.505417 0.000000 
0.506417 0.000000 
0.507417 0.000000 
0.508417 0.000000 
0.509417 0.000000 
0.510417 0.000000 
0.511417 0.000000 
0.512417 0.000000 
0.513417 0.000000 
0.514417 0.000000 
0.515417 0.000000 
0.516417 0.000000 
0.517417 0.000000 
0.518417 0.000000 
0.519417 0.000000 
0.520417 0.000000 
0.521417 0.000000 
0.522417 0.000000 
0.523417 0.000000 
0.524417 0.000000 
0.525417 0.000000 
0.526417 0.000000 
0.527417 0.000000 
0.528417 0.000000 
0.529417 0.000000 
0.530417 0.000000 
0.531417 0.000000 
0.532417 0.000000 
0.533417 0.000000 
0.534417 0.000000 
0.535417 0.000000 
0.536417 0.000000 
0.537417 0.000000 
0.538417 0.000000 
0.539417 0.000000 
0.540417 0.000000 
0.541417 0.000000 
0.542417 0.000000 
0.543417 0.000000 
0.544417 0.000000 
0.545417 0.000000 
0.546417 0.000000 
0.547417 0.000000 
0.548417 0.000000 
0.549417 0.000000 
0.550417 0.000000 
0.551417 0.000000 
0.552417 0.000000 
0.553417 0.000000 
0.554417 0.000000 
0.555417 0.000000 
0.556417 0.000000 
0.557417 0.000000 
0.558417 0.000000 
0.559417 0.000000 
0.560417 0.000000 
0.561417 0.000000 
0.562417 0.000000 
0.563417 0.000000 
0.564417 0.000000 
0.565417 0.000000 
0.566417 0.000000 
0.567417 0.000000 
0.568417 0.000000 
0.569417 0.000000 
0.570417 0.000000 
0.571417 0.000000 
0.572417 0.000000 
0.573417 0.000000 
0.574417 0.000000 
0.575417 0.000000 
0.576417 0.000000 
0.577417 0.000000 
0.578417 0.000000 
0.579417 0.000000 
0.580417 0.000000 
0.581417 0.000000 
0.582417 0.000000 
0.583417 0.000000 
0.584417 0.000000 
0.585417 0.000000 
0.586417 0.000000 
0.587417 0.000000 
0.588417 0.000000 
0.589417 0.000000 
0.590417 0.000000 
0.591417 0.000000 
0.592417 0.000000 
0.593417 0.000000 
0.594417 0.000000 
0.595417 0.000000 
0.596417 0.000000 
0.597417 0.000000 
0.598417 0.000000 
0.599417 0.000000 
0.600417 0.000000 
0.601417 0.000000 
0.602417 0.000000 
0.603417 0.000000 
0.604417 0.000000 
0.605417 0.000000 
0.606417 0.000000 
0.607417 0.000000 
0.608417 0.000000 
0.609417 0.000000 
0.610417 0.000000 
0.611417 0.000000 
0.612417 0.000000 
0.613417 0.000000 
0.614417 0.000000 
0.615417 0.000000 
0.616417 0.000000 
0.617417 0.000000 
0.618417 0.000000 
0.619417 0.000000 
0.620417 0.000000 
0.621417 0.000000 
0.622417 0.000000 
0.623417 0.000000 
0.624417 0.000000 
0.625417 0.000000 
0.626417 0.000000 
0.627417 0.000000 
0.628417 0.000000 
0.629417 0.000000 
0.630417 0.000000 
0.631417 0.000000 
0.632417 0.000000 
0.633417 0.000000 
0.634417 0.000000 
0.635417 0.000000 
0.636417 0.000000 
0.637417 0.000000 
0.638417 0.000000 
0.639417 0.000000 
0.640417 0.000000 
0.641417 0.000000 
0.642417 0.000000 
0.643417 0.000000 
0.644417 0.000000 
0.645417 0.000000 
0.646417 0.000000 
0.647417 0.000000 
0.648417 0.000000 
0.649417 0.000000 
0.650417 0.000000 
0.651417 0.000000 
0.652417 0.000000 
0.653417 0.000000 
0.654417 0.000000 
0.655417 0.000000 
0.656417 0.000000 
0.657417 0.000000 
0.658417 0.000000 
0.659417 0.000000 
0.660417 0.000000 
0.661417 0.000000 
0.662417 0.000000 
0.663417 0.000000 
0.664417 0.000000 
0.665417 0.000000 
0.666417 0.000000 
0.667417 0.000000 
0.668417 0.000000 
0.669417 0.000000 
0.670417 0.000000 
0.671417 0.000000 
0.672417 0.000000 
0.673417 0.000000 
0.674417 0.000000 
0.675417 0.000000 
0.676417 0.000000 
0.677417 0.000000 
0.678417 0.000000 
0.679417 0.000000 
0.680417 0.000000 
0.681417 0.000000 
0.682417 0.000000 
0.683417 0.000000 
0.684417 0.000000 
0.685417 0.000000 
0.686417 0.000000 
0.687417 0.000000 
0.688417 0.000000 
0.689417 0.000000 
0.690417 0.000000 
0.691417 0.000000 
0.692417 0.000000 
0.693417 0.000000 
0.694417 0.000000 
0.695417 0.000000 
0.696417 0.000000 
0.697417 0.000000 
0.698417 0.000000 
0.699417 0.000000 
0.700417 0.000000 
0.701417 0.000000 
0.702417 0.000000 
0.703417 0.000000 
0.704417 0.000000 
0.705417 0.000000 
0.706417 0.000000 
0.707417 0.000000 
0.708417 0.000000 
0.709417 0.000000 
0.710417 0.000000 
0.711417 0.000000 
0.712417 0.000000 
0.713417 0.000000 
0.714417 0.000000 
0.715417 0.000000 
0.716417 0.000000 
0.717417 0.000000 
0.718417 0.000000 
0.719417 0.000000 
0.720417 0.000000 
0.721417 0.000000 
0.722417 0.000000 
0.723417 0.000000 
0.724417 0.000000 
0.725417 0.000000 
0.726417 0.000000 
0.727417 0.000000 
0.728417 0.000000 
0.729417 0.000000 
0.730417 0.000000 
0.731417 0.000000 
0.732417 0.000000 
0.733417 0.000000 
0.734417 0.000000 
0.735417 0.000000 
0.736417 0.000000 
0.737417 0.000000 
0.738417 0.000000 
0.739417 0.000000 
0.740417 0.000000 
0.741417 0.000000 
0.742417 0.000000 
0.743417 0.000000 
0.744417 0.000000 
0.745417 0.000000 
0.746417 0.000000 
0.747417 0.000000 
0.748417 0.000000 
0.749417 0.000000 
0.750417 0.000000 
0.751417 0.000000 
0.752417 0.000000 
0.753417 0.000000 
0.754417 0.000000 
0.755417 0.000000 
0.756417 0.000000 
0.757417 0.000000 
0.758417 0.000000 
0.759417 0.000000 
0.760417 0.000000 
0.761417 0.000000 
0.762417 0.000000 
0.763417 0.000000 
0.764417 0.000000 
0.765417 0.000000 
0.766417 0.000000 
0.767417 0.000000 
0.768417 0.000000 
0.769417 0.000000 
0.770417 0.000000 
0.771417 0.000000 
0.772417 0.000000 
0.773417 0.000000 
0.774417 0.000000 
0.775417 0.000000 
0.776417 0.000000 
0.777417 0.000000 
0.778417 0.000000 
0.779417 0.000000 
0.780417 0.000000 
0.781417 0.000000 
0.782417 0.000000 
0.783417 0.000000 
0.784417 0.000000 
0.785417 0.000000 
0.786417 0.000000 
0.787417 0.000000 
0.788417 0.000000 
0.789417 0.000000 
0.790417 0.000000 
0.791417 0.000000 
0.792417 0.000000 
0.793417 0.000000 
0.794417 0.000000 
0.795417 0.000000 
0.796417 0.000000 
0.797417 0.000000 
0.798417 0.000000 
0.799417 0.000000 
0.800417 0.000000 
0.801417 0.000000 
0.802417 0.000000 
0.803417 0.000000 
0.804417 0.000000 
0.805417 0.000000 
0.806417 0.000000 
0.807417 0.000000 
0.808417 0.000000 
0.809417 0.000000 
0.810417 0.000000 
0.811417 0.000000 
0.812417 0.000000 
0.813417 0.000000 
0.814417 0.000000 
0.815417 0.000000 
0.816417 0.000000 
0.817417 0.000000 
0.818417 0.000000 
0.819417 0.000000 
0.820417 0.000000 
0.821417 0.000000 
0.822417 0.000000 
0.823417 0.000000 
0.824417 0.000000 
0.825417 0.000000 
0.826417 0.000000 
0.827417 0.000000 
0.828417 0.000000 
0.829417 0.000000 
0.830417 0.000000 
0.831417 0.000000 
0.832417 0.000000 
0.833417 0.000000 
0.834417 0.000000 
0.835417 0.000000 
0.836417 0.000000 
0.837417 0.000000 
0.838417 0.000000 
0.839417 0.000000 
0.840417 0.000000 
0.841417 0.000000 
0.842417 0.000000 
0.843417 0.000000 
0.844417 0.000000 
0.845417 0.000000 
0.846417 0.000000 
0.847417 0.000000 
0.848417 0.000000 
0.849417 0.000000 
0.850417 0.000000 
0.851417 0.000000 
0.852417 0.000000 
0.853417 0.000000 
0.854417 0.000000 
0.855417 0.000000 
0.856417 0.000000 
0.857417 0.000000 
0.858417 0.000000 
0.859417 0.000000 
0.860417 0.000000 
0.861417 0.000000 
0.862417 0.000000 
0.863417 0.000000 
0.864417 0.000000 
0.865417 0.000000 
0.866417 0.000000 
0.867417 0.000000 
0.868417 0.000000 
0.869417 0.000000 
0.870417 0.000000 
0.871417 0.000000 
0.872417 0.000000 
0.873417 0.000000 
0.874417 0.000000 
0.875417 0.000000 
0.876417 0.000000 
0.877417 0.000000 
0.878417 0.000000 
0.879417 0.000000 
0.880417 0.000000 
0.881417 0.000000 
0.882417 0.000000 
0.883417 0.000000 
0.884417 0.000000 
0.885417 0.000000 
0.886417 0.000000 
0.887417 0.000000 
0.888417 0.000000 
0.889417 0.000000 
0.890417 0.000000 
0.891417 0.000000 
0.892417 0.000000 
0.893417 0.000000 
0.894417 0.000000 
0.895417 0.000000 
0.896417 0.000000 
0.897417 0.000000 
0.898417 0.000000 
0.899417 0.000000 
0.900417 0.000000 
0.901417 0.000000 
0.902417 0.000000 
0.903417 0.000000 
0.904417 0.000000 
0.905417 0.000000 
0.906417 0.000000 
0.907417 0.000000 
0.908417 0.000000 
0.909417 0.000000 
0.910417 0.000000 
0.911417 0.000000 
0.912417 0.000000 
0.913417 0.000000 
0.914417 0.000000 
0.915417 0.000000 
0.916417 0.000000 
0.917417 0.000000 
0.918417 0.000000 
0.919417 0.000000 
0.920417 0.000000 
0.921417 0.000000 
0.922417 0.000000 
0.923417 0.000000 
0.924417 0.000000 
0.925417 0.000000 
0.926417 0.000000 
0.927417 0.000000 
0.928417 0.000000 
0.929417 0.000000 
0.930417 0.000000 
0.931417 0.000000 
0.932417 0.000000 
0.933417 0.000000 
0.934417 0.000000 
0.935417 0.000000 
0.936417 0.000000 
0.937417 0.000000 
0.938417 0.000000 
0.939417 0.000000 
0.940417 0.000000 
0.941417 0.000000 
0.942417 0.000000 
0.943417 0.000000 
0.944417 0.000000 
0.945417 0.000000 
0.946417 0.000000 
0.947417 0.000000 
0.948417 0.000000 
0.949417 0.000000 
0.950417 0.000000 
0.951417 0.000000 
0.952417 0.000000 
0.953417 0.000000 
0.954417 0.000000 
0.955417 0.000000 
0.956417 0.000000 
0.957417 0.000000 
0.958417 0.000000 
0.959417 0.000000 
0.960417 0.000000 
0.961417 0.000000 
0.962417 0.000000 
0.963417 0.000000 
0.964417 0.000000 
0.965417 0.000000 
0.966417 0.000000 
0.967417 0.000000 
0.968417 0.000000 
0.969417 0.000000 
0.970417 0.000000 
0.971417 0.000000 
0.972417 0.000000 
0.973417 0.000000 
0.974417 0.000000 
0.975417 0.000000 
0.976417 0.000000 
0.977417 0.000000 
0.978417 0.000000 
0.979417 0.000000 
0.980417 0.000000 
0.981417 0.000000 
0.982417 0.000000 
0.983417 0.000000 
0.984417 0.000000 
0.985417 0.000000 
0.986417 0.000000 
0.987417 0.000000 
0.988417 0.000000 
0.989417 0.000000 
0.990417 0.000000 
0.991417 0.000000 
0.992417 0.000000 
0.993417 0.000000 
0.994417 0.000000 
0.995417 0.000000 
0.996417 0.000000 
0.997417 0.000000 
0.998417 0.000000 
0.999417 0.000000 
1.000417 0.000000 
1.001417 0.000000 
1.002417 0.000000 
1.003417 0.000000 
1.004417 0.000000 
1.005417 0.000000 
1.006417 0.000000 
1.007417 0.000000 
1.008417 0.000000 
1.009417 0.000000 
1.010417 0.000000 
1.011417 0.000000 
1.012417 0.000000 
1.013417 0.000000 
1.014417 0.000000 
1.015417 0.000000 
1.016417 0.000000 
1.017417 0.000000 
1.018417 0.000000 
1.019417 0.000000 
1.020417 0.000000 
1.021417 0.000000 
1.022417 0.000000 
1.023417 0.000000 
1.024417 0.000000 
1.025417 0.000000 
1.026417 0.000000 
1.027417 0.000000 
1.028417 0.000000 
1.029417 0.000000 
1.030417 0.000000 
1.031417 0.000000 
1.032417 0.000000 
1.033417 0.000000 
1.034417 0.000000 
1.035417 0.000000 
1.036417 0.000000 
1.037417 0.000000 
1.038417 0.000000 
1.039417 0.000000 
1.040417 0.000000 
1.041417 0.000000 
1.042417 0.000000 
1.043417 0.000000 
1.044417 0.000000 
1.045417 0.000000 
1.046417 0.000000 
1.047417 0.000000 
1.048417 0.000000 
1.049417 0.000000 
1.050417 0.000000 
1.051417 0.000000 
1.052417 0.000000 
1.053417 0.000000 
1.054417 0.000000 
1.055417 0.000000 
1.056417 0.000000 
1.057417 0.000000 
1.058417 0.000000 
1.059417 0.000000 
1.060417 0.000000 
1.061417 0.000000 
1.062417 0.000000 
1.063417 0.000000 
1.064417 0.000000 
1.065417 0.000000 
1.066417 0.000000 
1.067417 0.000000 
1.068417 0.000000 
1.069417 0.000000 
1.070417 0.000000 
1.071417 0.000000 
1.072417 0.000000 
1.073417 0.000000 
1.074417 0.000000 
1.075417 0.000000 
1.076417 0.000000 
1.077417 0.000000 
1.078417 0.000000 
1.079417 0.000000 
1.080417 0.000000 
1.081417 0.000000 
1.082417 0.000000 
1.083417 0.000000 
1.084417 0.000000 
1.085417 0.000000 
1.086417 0.000000 
1.087417 0.000000 
1.088417 0.000000 
1.089417 0.000000 
1.090417 0.000000 
1.091417 0.000000 
1.092417 0.000000 
1.093417 0.000000 
1.094417 0.000000 
1.095417 0.000000 
1.096417 0.000000 
1.097417 0.000000 
1.098417 0.000000 
1.099417 0.000000 
1.100417 0.000000 
1.101417 0.000000 
1.102417 0.000000 
1.103417 0.000000 
1.104417 0.000000 
1.105417 0.000000 
1.106417 0.000000 
1.107417 0.000000 
1.108417 0.000000 
1.109417 0.000000 
1.110417 0.000000 
1.111417 0.000000 
1.112417 0.000000 
1.113417 0.000000 
1.114417 0.000000 
1.115417 0.000000 
1.116417 0.000000 
1.117417 0.000000 
1.118417 0.000000 
1.119417 0.000000 
1.120417 0.000000 
1.121417 0.000000 
1.122417 0.000000 
1.123417 0.000000 
1.124417 0.000000 
1.125417 0.000000 
1.126417 0.000000 
1.127417 0.000000 
1.128417 0.000000 
1.129417 0.000000 
1.130417 0.000000 
1.131417 0.000000 
1.132417 0.000000 
1.133417 0.000000 
1.134417 0.000000 
1.135417 0.000000 
1.136417 0.000000 
1.137417 0.000000 
1.138417 0.000000 
1.139417 0.000000 
1.140417 0.000000 
1.141417 0.000000 
1.142417 0.000000 
1.143417 0.000000 
1.144417 0.000000 
1.145417 0.000000 
1.146417 0.000000 
1.147417 0.000000 
1.148417 0.000000 
1.149417 0.000000 
1.150417 0.000000 
1.151417 0.000000 
1.152417 0.000000 
1.153417 0.000000 
1.154417 0.000000 
1.155417 0.000000 
1.156417 0.000000 
1.157417 0.000000 
1.158417 0.000000 
1.159417 0.000000 
1.160417 0.000000 
1.161417 0.000000 
1.162417 0.000000 
1.163417 0.000000 
1.164417 0.000000 
1.165417 0.000000 
1.166417 0.000000 
1.167417 0.000000 
1.168417 0.000000 
1.169417 0.000000 
1.170417 0.000000 
1.171417 0.000000 
1.172417 0.000000 
1.173417 0.000000 
1.174417 0.000000 
1.175417 0.000000 
1.176417 0.000000 
1.177417 0.000000 
1.178417 0.000000 
1.179417 0.000000 
1.180417 0.000000 
1.181417 0.000000 
1.182417 0.000000 
1.183417 0.000000 
1.184417 0.000000 
1.185417 0.000000 
1.186417 0.000000 
1.187417 0.000000 
1.188417 0.000000 
1.189417 0.000000 
1.190417 0.000000 
1.191417 0.000000 
1.192417 0.000000 
1.193417 0.000000 
1.194417 0.000000 
1.195417 0.000000 
1.196417 0.000000 
1.197417 0.000000 
1.198417 0.000000 
1.199417 0.000000 
1.200417 0.000000 
1.201417 0.000000 
1.202417 0.000000 
1.203417 0.000000 
1.204417 0.000000 
1.205417 0.000000 
1.206417 0.000000 
1.207417 0.000000 
1.208417 0.000000 
1.209417 0.000000 
1.210417 0.000000 
1.211417 0.000000 
1.212417 0.000000 
1.213417 0.000000 
1.214417 0.000000 
1.215417 0.000000 
