descriptor Tc_folded  mod 
-1.211923 0.000000 
-1.210923 0.000000 
-1.209923 0.000000 
-1.208923 0.000000 
-1.207923 0.000000 
-1.206923 0.000000 
-1.205923 0.000000 
-1.204923 0.000000 
-1.203923 0.000000 
-1.202923 0.000000 
-1.201923 0.000000 
-1.200923 0.000000 
-1.199923 0.000000 
-1.198923 0.000000 
-1.197923 0.000000 
-1.196923 0.000000 
-1.195923 0.000000 
-1.194923 0.000000 
-1.193923 0.000000 
-1.192923 0.000000 
-1.191923 0.000000 
-1.190923 0.000000 
-1.189923 0.000000 
-1.188923 0.000000 
-1.187923 0.000000 
-1.186923 0.000000 
-1.185923 0.000000 
-1.184923 0.000000 
-1.183923 0.000000 
-1.182923 0.000000 
-1.181923 0.000000 
-1.180923 0.000000 
-1.179923 0.000000 
-1.178923 0.000000 
-1.177923 0.000000 
-1.176923 0.000000 
-1.175923 0.000000 
-1.174923 0.000000 
-1.173923 0.000000 
-1.172923 0.000000 
-1.171923 0.000000 
-1.170923 0.000000 
-1.169923 0.000000 
-1.168923 0.000000 
-1.167923 0.000000 
-1.166923 0.000000 
-1.165923 0.000000 
-1.164923 0.000000 
-1.163923 0.000000 
-1.162923 0.000000 
-1.161923 0.000000 
-1.160923 0.000000 
-1.159923 0.000000 
-1.158923 0.000000 
-1.157923 0.000000 
-1.156923 0.000000 
-1.155923 0.000000 
-1.154923 0.000000 
-1.153923 0.000000 
-1.152923 0.000000 
-1.151923 0.000000 
-1.150923 0.000000 
-1.149923 0.000000 
-1.148923 0.000000 
-1.147923 0.000000 
-1.146923 0.000000 
-1.145923 0.000000 
-1.144923 0.000000 
-1.143923 0.000000 
-1.142923 0.000000 
-1.141923 0.000000 
-1.140923 0.000000 
-1.139923 0.000000 
-1.138923 0.000000 
-1.137923 0.000000 
-1.136923 0.000000 
-1.135923 0.000000 
-1.134923 0.000000 
-1.133923 0.000000 
-1.132923 0.000000 
-1.131923 0.000000 
-1.130923 0.000000 
-1.129923 0.000000 
-1.128923 0.000000 
-1.127923 0.000000 
-1.126923 0.000000 
-1.125923 0.000000 
-1.124923 0.000000 
-1.123923 0.000000 
-1.122923 0.000000 
-1.121923 0.000000 
-1.120923 0.000000 
-1.119923 0.000000 
-1.118923 0.000000 
-1.117923 0.000000 
-1.116923 0.000000 
-1.115923 0.000000 
-1.114923 0.000000 
-1.113923 0.000000 
-1.112923 0.000000 
-1.111923 0.000000 
-1.110923 0.000000 
-1.109923 0.000000 
-1.108923 0.000000 
-1.107923 0.000000 
-1.106923 0.000000 
-1.105923 0.000000 
-1.104923 0.000000 
-1.103923 0.000000 
-1.102923 0.000000 
-1.101923 0.000000 
-1.100923 0.000000 
-1.099923 0.000000 
-1.098923 0.000000 
-1.097923 0.000000 
-1.096923 0.000000 
-1.095923 0.000000 
-1.094923 0.000000 
-1.093923 0.000000 
-1.092923 0.000000 
-1.091923 0.000000 
-1.090923 0.000000 
-1.089923 0.000000 
-1.088923 0.000000 
-1.087923 0.000000 
-1.086923 0.000000 
-1.085923 0.000000 
-1.084923 0.000000 
-1.083923 0.000000 
-1.082923 0.000000 
-1.081923 0.000000 
-1.080923 0.000000 
-1.079923 0.000000 
-1.078923 0.000000 
-1.077923 0.000000 
-1.076923 0.000000 
-1.075923 0.000000 
-1.074923 0.000000 
-1.073923 0.000000 
-1.072923 0.000000 
-1.071923 0.000000 
-1.070923 0.000000 
-1.069923 0.000000 
-1.068923 0.000000 
-1.067923 0.000000 
-1.066923 0.000000 
-1.065923 0.000000 
-1.064923 0.000000 
-1.063923 0.000000 
-1.062923 0.000000 
-1.061923 0.000000 
-1.060923 0.000000 
-1.059923 0.000000 
-1.058923 0.000000 
-1.057923 0.000000 
-1.056923 0.000000 
-1.055923 0.000000 
-1.054923 0.000000 
-1.053923 0.000000 
-1.052923 0.000000 
-1.051923 0.000000 
-1.050923 0.000000 
-1.049923 0.000000 
-1.048923 0.000000 
-1.047923 0.000000 
-1.046923 0.000000 
-1.045923 0.000000 
-1.044923 0.000000 
-1.043923 0.000000 
-1.042923 0.000000 
-1.041923 0.000000 
-1.040923 0.000000 
-1.039923 0.000000 
-1.038923 0.000000 
-1.037923 0.000000 
-1.036923 0.000000 
-1.035923 0.000000 
-1.034923 0.000000 
-1.033923 0.000000 
-1.032923 0.000000 
-1.031923 0.000000 
-1.030923 0.000000 
-1.029923 0.000000 
-1.028923 0.000000 
-1.027923 0.000000 
-1.026923 0.000000 
-1.025923 0.000000 
-1.024923 0.000000 
-1.023923 0.000000 
-1.022923 0.000000 
-1.021923 0.000000 
-1.020923 0.000000 
-1.019923 0.000000 
-1.018923 0.000000 
-1.017923 0.000000 
-1.016923 0.000000 
-1.015923 0.000000 
-1.014923 0.000000 
-1.013923 0.000000 
-1.012923 0.000000 
-1.011923 0.000000 
-1.010923 0.000000 
-1.009923 0.000000 
-1.008923 0.000000 
-1.007923 0.000000 
-1.006923 0.000000 
-1.005923 0.000000 
-1.004923 0.000000 
-1.003923 0.000000 
-1.002923 0.000000 
-1.001923 0.000000 
-1.000923 0.000000 
-0.999923 0.000000 
-0.998923 0.000000 
-0.997923 0.000000 
-0.996923 0.000000 
-0.995923 0.000000 
-0.994923 0.000000 
-0.993923 0.000000 
-0.992923 0.000000 
-0.991923 0.000000 
-0.990923 0.000000 
-0.989923 0.000000 
-0.988923 0.000000 
-0.987923 0.000000 
-0.986923 0.000000 
-0.985923 0.000000 
-0.984923 0.000000 
-0.983923 0.000000 
-0.982923 0.000000 
-0.981923 0.000000 
-0.980923 0.000000 
-0.979923 0.000000 
-0.978923 0.000000 
-0.977923 0.000000 
-0.976923 0.000000 
-0.975923 0.000000 
-0.974923 0.000000 
-0.973923 0.000000 
-0.972923 0.000000 
-0.971923 0.000000 
-0.970923 0.000000 
-0.969923 0.000000 
-0.968923 0.000000 
-0.967923 0.000000 
-0.966923 0.000000 
-0.965923 0.000000 
-0.964923 0.000000 
-0.963923 0.000000 
-0.962923 0.000000 
-0.961923 0.000000 
-0.960923 0.000000 
-0.959923 0.000000 
-0.958923 0.000000 
-0.957923 0.000000 
-0.956923 0.000000 
-0.955923 0.000000 
-0.954923 0.000000 
-0.953923 0.000000 
-0.952923 0.000000 
-0.951923 0.000000 
-0.950923 0.000000 
-0.949923 0.000000 
-0.948923 0.000000 
-0.947923 0.000000 
-0.946923 0.000000 
-0.945923 0.000000 
-0.944923 0.000000 
-0.943923 0.000000 
-0.942923 0.000000 
-0.941923 0.000000 
-0.940923 0.000000 
-0.939923 0.000000 
-0.938923 0.000000 
-0.937923 0.000000 
-0.936923 0.000000 
-0.935923 0.000000 
-0.934923 0.000000 
-0.933923 0.000000 
-0.932923 0.000000 
-0.931923 0.000000 
-0.930923 0.000000 
-0.929923 0.000000 
-0.928923 0.000000 
-0.927923 0.000000 
-0.926923 0.000000 
-0.925923 0.000000 
-0.924923 0.000000 
-0.923923 0.000000 
-0.922923 0.000000 
-0.921923 0.000000 
-0.920923 0.000000 
-0.919923 0.000000 
-0.918923 0.000000 
-0.917923 0.000000 
-0.916923 0.000000 
-0.915923 0.000000 
-0.914923 0.000000 
-0.913923 0.000000 
-0.912923 0.000000 
-0.911923 0.000000 
-0.910923 0.000000 
-0.909923 0.000000 
-0.908923 0.000000 
-0.907923 0.000000 
-0.906923 0.000000 
-0.905923 0.000000 
-0.904923 0.000000 
-0.903923 0.000000 
-0.902923 0.000000 
-0.901923 0.000000 
-0.900923 0.000000 
-0.899923 0.000000 
-0.898923 0.000000 
-0.897923 0.000000 
-0.896923 0.000000 
-0.895923 0.000000 
-0.894923 0.000000 
-0.893923 0.000000 
-0.892923 0.000000 
-0.891923 0.000000 
-0.890923 0.000000 
-0.889923 0.000000 
-0.888923 0.000000 
-0.887923 0.000000 
-0.886923 0.000000 
-0.885923 0.000000 
-0.884923 0.000000 
-0.883923 0.000000 
-0.882923 0.000000 
-0.881923 0.000000 
-0.880923 0.000000 
-0.879923 0.000000 
-0.878923 0.000000 
-0.877923 0.000000 
-0.876923 0.000000 
-0.875923 0.000000 
-0.874923 0.000000 
-0.873923 0.000000 
-0.872923 0.000000 
-0.871923 0.000000 
-0.870923 0.000000 
-0.869923 0.000000 
-0.868923 0.000000 
-0.867923 0.000000 
-0.866923 0.000000 
-0.865923 0.000000 
-0.864923 0.000000 
-0.863923 0.000000 
-0.862923 0.000000 
-0.861923 0.000000 
-0.860923 0.000000 
-0.859923 0.000000 
-0.858923 0.000000 
-0.857923 0.000000 
-0.856923 0.000000 
-0.855923 0.000000 
-0.854923 0.000000 
-0.853923 0.000000 
-0.852923 0.000000 
-0.851923 0.000000 
-0.850923 0.000000 
-0.849923 0.000000 
-0.848923 0.000000 
-0.847923 0.000000 
-0.846923 0.000000 
-0.845923 0.000000 
-0.844923 0.000000 
-0.843923 0.000000 
-0.842923 0.000000 
-0.841923 0.000000 
-0.840923 0.000000 
-0.839923 0.000000 
-0.838923 0.000000 
-0.837923 0.000000 
-0.836923 0.000000 
-0.835923 0.000000 
-0.834923 0.000000 
-0.833923 0.000000 
-0.832923 0.000000 
-0.831923 0.000000 
-0.830923 0.000000 
-0.829923 0.000000 
-0.828923 0.000000 
-0.827923 0.000000 
-0.826923 0.000000 
-0.825923 0.000000 
-0.824923 0.000000 
-0.823923 0.000000 
-0.822923 0.000000 
-0.821923 0.000000 
-0.820923 0.000000 
-0.819923 0.000000 
-0.818923 0.000000 
-0.817923 0.000000 
-0.816923 0.000000 
-0.815923 0.000000 
-0.814923 0.000000 
-0.813923 0.000000 
-0.812923 0.000000 
-0.811923 0.000000 
-0.810923 0.000000 
-0.809923 0.000000 
-0.808923 0.000000 
-0.807923 0.000000 
-0.806923 0.000000 
-0.805923 0.000000 
-0.804923 0.000000 
-0.803923 0.000000 
-0.802923 0.000000 
-0.801923 0.000000 
-0.800923 0.000000 
-0.799923 0.000000 
-0.798923 0.000000 
-0.797923 0.000000 
-0.796923 0.000000 
-0.795923 0.000000 
-0.794923 0.000000 
-0.793923 0.000000 
-0.792923 0.000000 
-0.791923 0.000000 
-0.790923 0.000000 
-0.789923 0.000000 
-0.788923 0.000000 
-0.787923 0.000000 
-0.786923 0.000000 
-0.785923 0.000000 
-0.784923 0.000000 
-0.783923 0.000000 
-0.782923 0.000000 
-0.781923 0.000000 
-0.780923 0.000000 
-0.779923 0.000000 
-0.778923 0.000000 
-0.777923 0.000000 
-0.776923 0.000000 
-0.775923 0.000000 
-0.774923 0.000000 
-0.773923 0.000000 
-0.772923 0.000000 
-0.771923 0.000000 
-0.770923 0.000000 
-0.769923 0.000000 
-0.768923 0.000000 
-0.767923 0.000000 
-0.766923 0.000000 
-0.765923 0.000000 
-0.764923 0.000000 
-0.763923 0.000000 
-0.762923 0.000000 
-0.761923 0.000000 
-0.760923 0.000000 
-0.759923 0.000000 
-0.758923 0.000000 
-0.757923 0.000000 
-0.756923 0.000000 
-0.755923 0.000000 
-0.754923 0.000000 
-0.753923 0.000000 
-0.752923 0.000000 
-0.751923 0.000000 
-0.750923 0.000000 
-0.749923 0.000000 
-0.748923 0.000000 
-0.747923 0.000000 
-0.746923 0.000000 
-0.745923 0.000000 
-0.744923 0.000000 
-0.743923 0.000000 
-0.742923 0.000000 
-0.741923 0.000000 
-0.740923 0.000000 
-0.739923 0.000000 
-0.738923 0.000000 
-0.737923 0.000000 
-0.736923 0.000000 
-0.735923 0.000000 
-0.734923 0.000000 
-0.733923 0.000000 
-0.732923 0.000000 
-0.731923 0.000000 
-0.730923 0.000000 
-0.729923 0.000000 
-0.728923 0.000000 
-0.727923 0.000000 
-0.726923 0.000000 
-0.725923 0.000000 
-0.724923 0.000000 
-0.723923 0.000000 
-0.722923 0.000000 
-0.721923 0.000000 
-0.720923 0.000000 
-0.719923 0.000000 
-0.718923 0.000000 
-0.717923 0.000000 
-0.716923 0.000000 
-0.715923 0.000000 
-0.714923 0.000000 
-0.713923 0.000000 
-0.712923 0.000000 
-0.711923 0.000000 
-0.710923 0.000000 
-0.709923 0.000000 
-0.708923 0.000000 
-0.707923 0.000000 
-0.706923 0.000000 
-0.705923 0.000000 
-0.704923 0.000000 
-0.703923 0.000000 
-0.702923 0.000000 
-0.701923 0.000000 
-0.700923 0.000000 
-0.699923 0.000000 
-0.698923 0.000000 
-0.697923 0.000000 
-0.696923 0.000000 
-0.695923 0.000000 
-0.694923 0.000000 
-0.693923 0.000000 
-0.692923 0.000000 
-0.691923 0.000000 
-0.690923 0.000000 
-0.689923 0.000000 
-0.688923 0.000000 
-0.687923 0.000000 
-0.686923 0.000000 
-0.685923 0.000000 
-0.684923 0.000000 
-0.683923 0.000000 
-0.682923 0.000000 
-0.681923 0.000000 
-0.680923 0.000000 
-0.679923 0.000000 
-0.678923 0.000000 
-0.677923 0.000000 
-0.676923 0.000000 
-0.675923 0.000000 
-0.674923 0.000000 
-0.673923 0.000000 
-0.672923 0.000000 
-0.671923 0.000000 
-0.670923 0.000000 
-0.669923 0.000000 
-0.668923 0.000000 
-0.667923 0.000000 
-0.666923 0.000000 
-0.665923 0.000000 
-0.664923 0.000000 
-0.663923 0.000000 
-0.662923 0.000000 
-0.661923 0.000000 
-0.660923 0.000000 
-0.659923 0.000000 
-0.658923 0.000000 
-0.657923 0.000000 
-0.656923 0.000000 
-0.655923 0.000000 
-0.654923 0.000000 
-0.653923 0.000000 
-0.652923 0.000000 
-0.651923 0.000000 
-0.650923 0.000000 
-0.649923 0.000000 
-0.648923 0.000000 
-0.647923 0.000000 
-0.646923 0.000000 
-0.645923 0.000000 
-0.644923 0.000000 
-0.643923 0.000000 
-0.642923 0.000000 
-0.641923 0.000000 
-0.640923 0.000000 
-0.639923 0.000000 
-0.638923 0.000000 
-0.637923 0.000000 
-0.636923 0.000000 
-0.635923 0.000000 
-0.634923 0.000000 
-0.633923 0.000000 
-0.632923 0.000000 
-0.631923 0.000000 
-0.630923 0.000000 
-0.629923 0.000000 
-0.628923 0.000000 
-0.627923 0.000000 
-0.626923 0.000000 
-0.625923 0.000000 
-0.624923 0.000000 
-0.623923 0.000000 
-0.622923 0.000000 
-0.621923 0.000000 
-0.620923 0.000000 
-0.619923 0.000000 
-0.618923 0.000000 
-0.617923 0.000000 
-0.616923 0.000000 
-0.615923 0.000000 
-0.614923 0.000000 
-0.613923 0.000000 
-0.612923 0.000000 
-0.611923 0.000000 
-0.610923 0.000000 
-0.609923 0.000000 
-0.608923 0.000000 
-0.607923 0.000000 
-0.606923 0.000000 
-0.605923 0.000000 
-0.604923 0.000000 
-0.603923 0.000000 
-0.602923 0.000000 
-0.601923 0.000000 
-0.600923 0.000000 
-0.599923 0.000000 
-0.598923 0.000000 
-0.597923 0.000000 
-0.596923 0.000000 
-0.595923 0.000000 
-0.594923 0.000000 
-0.593923 0.000000 
-0.592923 0.000000 
-0.591923 0.000000 
-0.590923 0.000000 
-0.589923 0.000000 
-0.588923 0.000000 
-0.587923 0.000000 
-0.586923 0.000000 
-0.585923 0.000000 
-0.584923 0.000000 
-0.583923 0.000000 
-0.582923 0.000000 
-0.581923 0.000000 
-0.580923 0.000000 
-0.579923 0.000000 
-0.578923 0.000000 
-0.577923 0.000000 
-0.576923 0.000000 
-0.575923 0.000000 
-0.574923 0.000000 
-0.573923 0.000000 
-0.572923 0.000000 
-0.571923 0.000000 
-0.570923 0.000000 
-0.569923 0.000000 
-0.568923 0.000000 
-0.567923 0.000000 
-0.566923 0.000000 
-0.565923 0.000000 
-0.564923 0.000000 
-0.563923 0.000000 
-0.562923 0.000000 
-0.561923 0.000000 
-0.560923 0.000000 
-0.559923 0.000000 
-0.558923 0.000000 
-0.557923 0.000000 
-0.556923 0.000000 
-0.555923 0.000000 
-0.554923 0.000000 
-0.553923 0.000000 
-0.552923 0.000000 
-0.551923 0.000000 
-0.550923 0.000000 
-0.549923 0.000000 
-0.548923 0.000000 
-0.547923 0.000000 
-0.546923 0.000000 
-0.545923 0.000000 
-0.544923 0.000000 
-0.543923 0.000000 
-0.542923 0.000000 
-0.541923 0.000000 
-0.540923 0.000000 
-0.539923 0.000000 
-0.538923 0.000000 
-0.537923 0.000000 
-0.536923 0.000000 
-0.535923 0.000000 
-0.534923 0.000000 
-0.533923 0.000000 
-0.532923 0.000000 
-0.531923 0.000000 
-0.530923 0.000000 
-0.529923 0.000000 
-0.528923 0.000000 
-0.527923 0.000000 
-0.526923 0.000000 
-0.525923 0.000000 
-0.524923 0.000000 
-0.523923 0.000000 
-0.522923 0.000000 
-0.521923 0.000000 
-0.520923 0.000000 
-0.519923 0.000000 
-0.518923 0.000000 
-0.517923 0.000000 
-0.516923 0.000000 
-0.515923 0.000000 
-0.514923 0.000000 
-0.513923 0.000000 
-0.512923 0.000000 
-0.511923 0.000000 
-0.510923 0.000000 
-0.509923 0.000000 
-0.508923 0.000000 
-0.507923 0.000000 
-0.506923 0.000000 
-0.505923 0.000000 
-0.504923 0.000000 
-0.503923 0.000000 
-0.502923 0.000000 
-0.501923 0.000000 
-0.500923 0.000000 
-0.499923 0.000000 
-0.498923 0.000000 
-0.497923 0.000000 
-0.496923 0.000000 
-0.495923 0.000000 
-0.494923 0.000000 
-0.493923 0.000000 
-0.492923 0.000000 
-0.491923 0.000000 
-0.490923 0.000000 
-0.489923 0.000000 
-0.488923 0.000000 
-0.487923 0.000000 
-0.486923 0.000000 
-0.485923 0.000000 
-0.484923 0.000000 
-0.483923 0.000000 
-0.482923 0.000000 
-0.481923 0.000000 
-0.480923 0.000000 
-0.479923 0.000000 
-0.478923 0.000000 
-0.477923 0.000000 
-0.476923 0.000000 
-0.475923 0.000000 
-0.474923 0.000000 
-0.473923 0.000000 
-0.472923 0.000000 
-0.471923 0.000000 
-0.470923 0.000000 
-0.469923 0.000000 
-0.468923 0.000000 
-0.467923 0.000000 
-0.466923 0.000000 
-0.465923 0.000000 
-0.464923 0.000000 
-0.463923 0.000000 
-0.462923 0.000000 
-0.461923 0.000000 
-0.460923 0.000000 
-0.459923 0.000000 
-0.458923 0.000000 
-0.457923 0.000000 
-0.456923 0.000000 
-0.455923 0.000000 
-0.454923 0.000000 
-0.453923 0.000000 
-0.452923 0.000000 
-0.451923 0.000000 
-0.450923 0.000000 
-0.449923 0.000000 
-0.448923 0.000000 
-0.447923 0.000000 
-0.446923 0.000000 
-0.445923 0.000000 
-0.444923 0.000000 
-0.443923 0.000000 
-0.442923 0.000000 
-0.441923 0.000000 
-0.440923 0.000000 
-0.439923 0.000000 
-0.438923 0.000000 
-0.437923 0.000000 
-0.436923 0.000000 
-0.435923 0.000000 
-0.434923 0.000000 
-0.433923 0.000000 
-0.432923 0.000000 
-0.431923 0.000000 
-0.430923 0.000000 
-0.429923 0.000000 
-0.428923 0.000000 
-0.427923 0.000000 
-0.426923 0.000000 
-0.425923 0.000000 
-0.424923 0.000000 
-0.423923 0.000000 
-0.422923 0.000000 
-0.421923 0.000000 
-0.420923 0.000000 
-0.419923 0.000000 
-0.418923 0.000000 
-0.417923 0.000000 
-0.416923 0.000000 
-0.415923 0.000000 
-0.414923 0.000000 
-0.413923 0.000000 
-0.412923 0.000000 
-0.411923 0.000000 
-0.410923 0.000000 
-0.409923 0.000000 
-0.408923 0.000000 
-0.407923 0.000000 
-0.406923 0.000000 
-0.405923 0.000000 
-0.404923 0.000000 
-0.403923 0.000000 
-0.402923 0.000000 
-0.401923 0.000000 
-0.400923 0.000000 
-0.399923 0.000000 
-0.398923 0.000000 
-0.397923 0.000000 
-0.396923 0.000000 
-0.395923 0.000000 
-0.394923 0.000000 
-0.393923 0.000000 
-0.392923 0.000000 
-0.391923 0.000000 
-0.390923 0.000000 
-0.389923 0.000000 
-0.388923 0.000000 
-0.387923 0.000000 
-0.386923 0.000000 
-0.385923 0.000000 
-0.384923 0.000000 
-0.383923 0.000000 
-0.382923 0.000000 
-0.381923 0.000000 
-0.380923 0.000000 
-0.379923 0.000000 
-0.378923 0.000000 
-0.377923 0.000000 
-0.376923 0.000000 
-0.375923 0.000000 
-0.374923 0.000000 
-0.373923 0.000000 
-0.372923 0.000000 
-0.371923 0.000000 
-0.370923 0.000000 
-0.369923 0.000000 
-0.368923 0.000000 
-0.367923 0.000000 
-0.366923 0.000000 
-0.365923 0.000000 
-0.364923 0.000000 
-0.363923 0.000000 
-0.362923 0.000000 
-0.361923 0.000000 
-0.360923 0.000000 
-0.359923 0.000000 
-0.358923 0.000000 
-0.357923 0.000000 
-0.356923 0.000000 
-0.355923 0.000000 
-0.354923 0.000000 
-0.353923 0.000000 
-0.352923 0.000000 
-0.351923 0.000000 
-0.350923 0.000000 
-0.349923 0.000000 
-0.348923 0.000000 
-0.347923 0.000000 
-0.346923 0.000000 
-0.345923 0.000000 
-0.344923 0.000000 
-0.343923 0.000000 
-0.342923 0.000000 
-0.341923 0.000000 
-0.340923 0.000000 
-0.339923 0.000000 
-0.338923 0.000000 
-0.337923 0.000000 
-0.336923 0.000000 
-0.335923 0.000000 
-0.334923 0.000000 
-0.333923 0.000000 
-0.332923 0.000000 
-0.331923 0.000000 
-0.330923 0.000000 
-0.329923 0.000000 
-0.328923 0.000000 
-0.327923 0.000000 
-0.326923 0.000000 
-0.325923 0.000000 
-0.324923 0.000000 
-0.323923 0.000000 
-0.322923 0.000000 
-0.321923 0.000000 
-0.320923 0.000000 
-0.319923 0.000000 
-0.318923 0.000000 
-0.317923 0.000000 
-0.316923 0.000000 
-0.315923 0.000000 
-0.314923 0.000000 
-0.313923 0.000000 
-0.312923 0.000000 
-0.311923 0.000000 
-0.310923 0.000000 
-0.309923 0.000000 
-0.308923 0.000000 
-0.307923 0.000000 
-0.306923 0.000000 
-0.305923 0.000000 
-0.304923 0.000000 
-0.303923 0.000000 
-0.302923 0.000000 
-0.301923 0.000000 
-0.300923 0.000000 
-0.299923 0.000000 
-0.298923 0.000000 
-0.297923 0.000000 
-0.296923 0.000000 
-0.295923 0.000000 
-0.294923 0.000000 
-0.293923 0.000000 
-0.292923 0.000000 
-0.291923 0.000000 
-0.290923 0.000000 
-0.289923 0.000000 
-0.288923 0.000000 
-0.287923 0.000000 
-0.286923 0.000000 
-0.285923 0.000000 
-0.284923 0.000000 
-0.283923 0.000000 
-0.282923 0.000000 
-0.281923 0.000000 
-0.280923 0.000000 
-0.279923 0.000000 
-0.278923 0.000000 
-0.277923 0.000000 
-0.276923 0.000000 
-0.275923 0.000000 
-0.274923 0.000000 
-0.273923 0.000000 
-0.272923 0.000000 
-0.271923 0.000000 
-0.270923 0.000000 
-0.269923 0.000000 
-0.268923 0.000000 
-0.267923 0.000000 
-0.266923 0.000000 
-0.265923 0.000000 
-0.264923 0.000000 
-0.263923 0.000000 
-0.262923 0.000000 
-0.261923 0.000000 
-0.260923 0.000000 
-0.259923 0.000000 
-0.258923 0.000000 
-0.257923 0.000000 
-0.256923 0.000000 
-0.255923 0.000000 
-0.254923 0.000000 
-0.253923 0.000000 
-0.252923 0.000000 
-0.251923 0.000000 
-0.250923 0.000000 
-0.249923 0.000000 
-0.248923 0.000000 
-0.247923 0.000000 
-0.246923 0.000000 
-0.245923 0.000000 
-0.244923 0.000000 
-0.243923 0.000000 
-0.242923 0.000000 
-0.241923 0.000000 
-0.240923 0.000000 
-0.239923 0.000000 
-0.238923 0.000000 
-0.237923 0.000000 
-0.236923 0.000000 
-0.235923 0.000000 
-0.234923 0.000000 
-0.233923 0.000000 
-0.232923 0.000000 
-0.231923 0.000000 
-0.230923 0.000000 
-0.229923 0.000000 
-0.228923 0.000000 
-0.227923 0.000000 
-0.226923 0.000000 
-0.225923 0.000000 
-0.224923 0.000000 
-0.223923 0.000000 
-0.222923 0.000000 
-0.221923 0.000000 
-0.220923 0.000000 
-0.219923 0.000000 
-0.218923 0.000000 
-0.217923 0.000000 
-0.216923 0.000000 
-0.215923 0.000000 
-0.214923 0.000000 
-0.213923 0.000000 
-0.212923 0.000000 
-0.211923 0.000000 
-0.210923 0.000000 
-0.209923 0.000000 
-0.208923 0.000000 
-0.207923 0.000000 
-0.206923 0.000000 
-0.205923 0.000000 
-0.204923 0.000000 
-0.203923 0.000000 
-0.202923 0.000000 
-0.201923 0.000000 
-0.200923 0.000000 
-0.199923 0.000000 
-0.198923 0.000000 
-0.197923 0.000000 
-0.196923 0.000000 
-0.195923 0.000000 
-0.194923 0.000000 
-0.193923 0.000000 
-0.192923 0.000000 
-0.191923 0.000000 
-0.190923 0.000000 
-0.189923 0.000000 
-0.188923 0.000000 
-0.187923 0.000000 
-0.186923 0.000000 
-0.185923 0.000000 
-0.184923 0.000000 
-0.183923 0.000000 
-0.182923 0.000000 
-0.181923 0.000000 
-0.180923 0.000000 
-0.179923 0.000000 
-0.178923 0.000000 
-0.177923 0.000000 
-0.176923 0.000000 
-0.175923 0.000000 
-0.174923 0.000000 
-0.173923 0.000000 
-0.172923 0.000000 
-0.171923 0.000000 
-0.170923 0.000000 
-0.169923 0.000000 
-0.168923 0.000000 
-0.167923 0.000000 
-0.166923 0.000000 
-0.165923 0.000000 
-0.164923 0.000000 
-0.163923 0.000000 
-0.162923 0.000000 
-0.161923 0.000000 
-0.160923 0.000000 
-0.159923 0.000000 
-0.158923 0.000000 
-0.157923 0.000000 
-0.156923 0.000000 
-0.155923 0.000000 
-0.154923 0.000000 
-0.153923 0.000000 
-0.152923 0.000000 
-0.151923 0.000000 
-0.150923 0.000000 
-0.149923 0.000000 
-0.148923 0.000000 
-0.147923 0.000000 
-0.146923 0.000000 
-0.145923 0.000000 
-0.144923 0.000000 
-0.143923 0.000000 
-0.142923 0.000000 
-0.141923 0.000000 
-0.140923 0.000000 
-0.139923 0.000000 
-0.138923 0.000000 
-0.137923 0.000000 
-0.136923 0.000000 
-0.135923 0.000000 
-0.134923 0.000000 
-0.133923 0.000000 
-0.132923 0.000000 
-0.131923 0.000000 
-0.130923 0.000000 
-0.129923 0.000000 
-0.128923 0.000000 
-0.127923 0.000000 
-0.126923 0.000000 
-0.125923 0.000000 
-0.124923 0.000000 
-0.123923 0.000000 
-0.122923 0.000000 
-0.121923 0.000000 
-0.120923 0.000000 
-0.119923 0.000000 
-0.118923 0.000000 
-0.117923 0.000000 
-0.116923 0.000000 
-0.115923 0.000000 
-0.114923 0.000000 
-0.113923 0.000000 
-0.112923 0.000000 
-0.111923 0.000000 
-0.110923 0.000000 
-0.109923 0.000000 
-0.108923 0.000000 
-0.107923 0.000000 
-0.106923 0.000000 
-0.105923 0.000000 
-0.104923 0.000000 
-0.103923 0.000000 
-0.102923 0.000000 
-0.101923 0.000000 
-0.100923 0.000000 
-0.099923 0.000000 
-0.098923 0.000000 
-0.097923 0.000000 
-0.096923 0.000000 
-0.095923 0.000000 
-0.094923 0.000000 
-0.093923 0.000000 
-0.092923 0.000000 
-0.091923 0.000000 
-0.090923 0.000000 
-0.089923 0.000000 
-0.088923 0.000000 
-0.087923 0.000000 
-0.086923 0.000000 
-0.085923 0.000000 
-0.084923 0.000000 
-0.083923 0.000000 
-0.082923 0.000000 
-0.081923 0.000000 
-0.080923 0.000000 
-0.079923 0.000000 
-0.078923 0.000000 
-0.077923 0.000000 
-0.076923 0.000000 
-0.075923 0.000000 
-0.074923 0.000000 
-0.073923 0.000000 
-0.072923 0.000000 
-0.071923 0.000000 
-0.070923 0.000000 
-0.069923 0.000000 
-0.068923 0.000000 
-0.067923 0.000000 
-0.066923 0.000000 
-0.065923 0.000000 
-0.064923 0.000000 
-0.063923 0.000000 
-0.062923 0.000000 
-0.061923 0.000000 
-0.060923 0.000000 
-0.059923 0.000000 
-0.058923 0.000000 
-0.057923 0.000000 
-0.056923 0.000000 
-0.055923 0.000000 
-0.054923 0.000000 
-0.053923 0.000000 
-0.052923 0.000000 
-0.051923 0.000000 
-0.050923 0.000000 
-0.049923 0.000000 
-0.048923 0.000000 
-0.047923 0.000000 
-0.046923 -0.000036 
-0.045923 -0.000369 
-0.044923 -0.000915 
-0.043923 -0.001621 
-0.042923 -0.002453 
-0.041923 -0.003384 
-0.040923 -0.004390 
-0.039923 -0.005449 
-0.038923 -0.006537 
-0.037923 -0.007630 
-0.036923 -0.008699 
-0.035923 -0.009711 
-0.034923 -0.010619 
-0.033923 -0.011325 
-0.032923 -0.011745 
-0.031923 -0.012102 
-0.030923 -0.012418 
-0.029923 -0.012701 
-0.028923 -0.012958 
-0.027923 -0.013193 
-0.026923 -0.013409 
-0.025923 -0.013608 
-0.024923 -0.013792 
-0.023923 -0.013963 
-0.022923 -0.014121 
-0.021923 -0.014267 
-0.020923 -0.014404 
-0.019923 -0.014531 
-0.018923 -0.014648 
-0.017923 -0.014757 
-0.016923 -0.014858 
-0.015923 -0.014952 
-0.014923 -0.015038 
-0.013923 -0.015118 
-0.012923 -0.015191 
-0.011923 -0.015257 
-0.010923 -0.015318 
-0.009923 -0.015372 
-0.008923 -0.015421 
-0.007923 -0.015465 
-0.006923 -0.015502 
-0.005923 -0.015535 
-0.004923 -0.015562 
-0.003923 -0.015585 
-0.002923 -0.015602 
-0.001923 -0.015614 
-0.000923 -0.015621 
0.000077 -0.015623 
0.001077 -0.015620 
0.002077 -0.015612 
0.003077 -0.015599 
0.004077 -0.015581 
0.005077 -0.015558 
0.006077 -0.015530 
0.007077 -0.015497 
0.008077 -0.015458 
0.009077 -0.015414 
0.010077 -0.015364 
0.011077 -0.015309 
0.012077 -0.015248 
0.013077 -0.015180 
0.014077 -0.015106 
0.015077 -0.015026 
0.016077 -0.014938 
0.017077 -0.014843 
0.018077 -0.014741 
0.019077 -0.014631 
0.020077 -0.014512 
0.021077 -0.014384 
0.022077 -0.014246 
0.023077 -0.014097 
0.024077 -0.013937 
0.025077 -0.013765 
0.026077 -0.013579 
0.027077 -0.013377 
0.028077 -0.013159 
0.029077 -0.012920 
0.030077 -0.012659 
0.031077 -0.012371 
0.032077 -0.012050 
0.033077 -0.011685 
0.034077 -0.011242 
0.035077 -0.010489 
0.036077 -0.009561 
0.037077 -0.008537 
0.038077 -0.007463 
0.039077 -0.006369 
0.040077 -0.005284 
0.041077 -0.004232 
0.042077 -0.003235 
0.043077 -0.002318 
0.044077 -0.001504 
0.045077 -0.000820 
0.046077 -0.000302 
0.047077 -0.000011 
0.048077 0.000000 
0.049077 0.000000 
0.050077 0.000000 
0.051077 0.000000 
0.052077 0.000000 
0.053077 0.000000 
0.054077 0.000000 
0.055077 0.000000 
0.056077 0.000000 
0.057077 0.000000 
0.058077 0.000000 
0.059077 0.000000 
0.060077 0.000000 
0.061077 0.000000 
0.062077 0.000000 
0.063077 0.000000 
0.064077 0.000000 
0.065077 0.000000 
0.066077 0.000000 
0.067077 0.000000 
0.068077 0.000000 
0.069077 0.000000 
0.070077 0.000000 
0.071077 0.000000 
0.072077 0.000000 
0.073077 0.000000 
0.074077 0.000000 
0.075077 0.000000 
0.076077 0.000000 
0.077077 0.000000 
0.078077 0.000000 
0.079077 0.000000 
0.080077 0.000000 
0.081077 0.000000 
0.082077 0.000000 
0.083077 0.000000 
0.084077 0.000000 
0.085077 0.000000 
0.086077 0.000000 
0.087077 0.000000 
0.088077 0.000000 
0.089077 0.000000 
0.090077 0.000000 
0.091077 0.000000 
0.092077 0.000000 
0.093077 0.000000 
0.094077 0.000000 
0.095077 0.000000 
0.096077 0.000000 
0.097077 0.000000 
0.098077 0.000000 
0.099077 0.000000 
0.100077 0.000000 
0.101077 0.000000 
0.102077 0.000000 
0.103077 0.000000 
0.104077 0.000000 
0.105077 0.000000 
0.106077 0.000000 
0.107077 0.000000 
0.108077 0.000000 
0.109077 0.000000 
0.110077 0.000000 
0.111077 0.000000 
0.112077 0.000000 
0.113077 0.000000 
0.114077 0.000000 
0.115077 0.000000 
0.116077 0.000000 
0.117077 0.000000 
0.118077 0.000000 
0.119077 0.000000 
0.120077 0.000000 
0.121077 0.000000 
0.122077 0.000000 
0.123077 0.000000 
0.124077 0.000000 
0.125077 0.000000 
0.126077 0.000000 
0.127077 0.000000 
0.128077 0.000000 
0.129077 0.000000 
0.130077 0.000000 
0.131077 0.000000 
0.132077 0.000000 
0.133077 0.000000 
0.134077 0.000000 
0.135077 0.000000 
0.136077 0.000000 
0.137077 0.000000 
0.138077 0.000000 
0.139077 0.000000 
0.140077 0.000000 
0.141077 0.000000 
0.142077 0.000000 
0.143077 0.000000 
0.144077 0.000000 
0.145077 0.000000 
0.146077 0.000000 
0.147077 0.000000 
0.148077 0.000000 
0.149077 0.000000 
0.150077 0.000000 
0.151077 0.000000 
0.152077 0.000000 
0.153077 0.000000 
0.154077 0.000000 
0.155077 0.000000 
0.156077 0.000000 
0.157077 0.000000 
0.158077 0.000000 
0.159077 0.000000 
0.160077 0.000000 
0.161077 0.000000 
0.162077 0.000000 
0.163077 0.000000 
0.164077 0.000000 
0.165077 0.000000 
0.166077 0.000000 
0.167077 0.000000 
0.168077 0.000000 
0.169077 0.000000 
0.170077 0.000000 
0.171077 0.000000 
0.172077 0.000000 
0.173077 0.000000 
0.174077 0.000000 
0.175077 0.000000 
0.176077 0.000000 
0.177077 0.000000 
0.178077 0.000000 
0.179077 0.000000 
0.180077 0.000000 
0.181077 0.000000 
0.182077 0.000000 
0.183077 0.000000 
0.184077 0.000000 
0.185077 0.000000 
0.186077 0.000000 
0.187077 0.000000 
0.188077 0.000000 
0.189077 0.000000 
0.190077 0.000000 
0.191077 0.000000 
0.192077 0.000000 
0.193077 0.000000 
0.194077 0.000000 
0.195077 0.000000 
0.196077 0.000000 
0.197077 0.000000 
0.198077 0.000000 
0.199077 0.000000 
0.200077 0.000000 
0.201077 0.000000 
0.202077 0.000000 
0.203077 0.000000 
0.204077 0.000000 
0.205077 0.000000 
0.206077 0.000000 
0.207077 0.000000 
0.208077 0.000000 
0.209077 0.000000 
0.210077 0.000000 
0.211077 0.000000 
0.212077 0.000000 
0.213077 0.000000 
0.214077 0.000000 
0.215077 0.000000 
0.216077 0.000000 
0.217077 0.000000 
0.218077 0.000000 
0.219077 0.000000 
0.220077 0.000000 
0.221077 0.000000 
0.222077 0.000000 
0.223077 0.000000 
0.224077 0.000000 
0.225077 0.000000 
0.226077 0.000000 
0.227077 0.000000 
0.228077 0.000000 
0.229077 0.000000 
0.230077 0.000000 
0.231077 0.000000 
0.232077 0.000000 
0.233077 0.000000 
0.234077 0.000000 
0.235077 0.000000 
0.236077 0.000000 
0.237077 0.000000 
0.238077 0.000000 
0.239077 0.000000 
0.240077 0.000000 
0.241077 0.000000 
0.242077 0.000000 
0.243077 0.000000 
0.244077 0.000000 
0.245077 0.000000 
0.246077 0.000000 
0.247077 0.000000 
0.248077 0.000000 
0.249077 0.000000 
0.250077 0.000000 
0.251077 0.000000 
0.252077 0.000000 
0.253077 0.000000 
0.254077 0.000000 
0.255077 0.000000 
0.256077 0.000000 
0.257077 0.000000 
0.258077 0.000000 
0.259077 0.000000 
0.260077 0.000000 
0.261077 0.000000 
0.262077 0.000000 
0.263077 0.000000 
0.264077 0.000000 
0.265077 0.000000 
0.266077 0.000000 
0.267077 0.000000 
0.268077 0.000000 
0.269077 0.000000 
0.270077 0.000000 
0.271077 0.000000 
0.272077 0.000000 
0.273077 0.000000 
0.274077 0.000000 
0.275077 0.000000 
0.276077 0.000000 
0.277077 0.000000 
0.278077 0.000000 
0.279077 0.000000 
0.280077 0.000000 
0.281077 0.000000 
0.282077 0.000000 
0.283077 0.000000 
0.284077 0.000000 
0.285077 0.000000 
0.286077 0.000000 
0.287077 0.000000 
0.288077 0.000000 
0.289077 0.000000 
0.290077 0.000000 
0.291077 0.000000 
0.292077 0.000000 
0.293077 0.000000 
0.294077 0.000000 
0.295077 0.000000 
0.296077 0.000000 
0.297077 0.000000 
0.298077 0.000000 
0.299077 0.000000 
0.300077 0.000000 
0.301077 0.000000 
0.302077 0.000000 
0.303077 0.000000 
0.304077 0.000000 
0.305077 0.000000 
0.306077 0.000000 
0.307077 0.000000 
0.308077 0.000000 
0.309077 0.000000 
0.310077 0.000000 
0.311077 0.000000 
0.312077 0.000000 
0.313077 0.000000 
0.314077 0.000000 
0.315077 0.000000 
0.316077 0.000000 
0.317077 0.000000 
0.318077 0.000000 
0.319077 0.000000 
0.320077 0.000000 
0.321077 0.000000 
0.322077 0.000000 
0.323077 0.000000 
0.324077 0.000000 
0.325077 0.000000 
0.326077 0.000000 
0.327077 0.000000 
0.328077 0.000000 
0.329077 0.000000 
0.330077 0.000000 
0.331077 0.000000 
0.332077 0.000000 
0.333077 0.000000 
0.334077 0.000000 
0.335077 0.000000 
0.336077 0.000000 
0.337077 0.000000 
0.338077 0.000000 
0.339077 0.000000 
0.340077 0.000000 
0.341077 0.000000 
0.342077 0.000000 
0.343077 0.000000 
0.344077 0.000000 
0.345077 0.000000 
0.346077 0.000000 
0.347077 0.000000 
0.348077 0.000000 
0.349077 0.000000 
0.350077 0.000000 
0.351077 0.000000 
0.352077 0.000000 
0.353077 0.000000 
0.354077 0.000000 
0.355077 0.000000 
0.356077 0.000000 
0.357077 0.000000 
0.358077 0.000000 
0.359077 0.000000 
0.360077 0.000000 
0.361077 0.000000 
0.362077 0.000000 
0.363077 0.000000 
0.364077 0.000000 
0.365077 0.000000 
0.366077 0.000000 
0.367077 0.000000 
0.368077 0.000000 
0.369077 0.000000 
0.370077 0.000000 
0.371077 0.000000 
0.372077 0.000000 
0.373077 0.000000 
0.374077 0.000000 
0.375077 0.000000 
0.376077 0.000000 
0.377077 0.000000 
0.378077 0.000000 
0.379077 0.000000 
0.380077 0.000000 
0.381077 0.000000 
0.382077 0.000000 
0.383077 0.000000 
0.384077 0.000000 
0.385077 0.000000 
0.386077 0.000000 
0.387077 0.000000 
0.388077 0.000000 
0.389077 0.000000 
0.390077 0.000000 
0.391077 0.000000 
0.392077 0.000000 
0.393077 0.000000 
0.394077 0.000000 
0.395077 0.000000 
0.396077 0.000000 
0.397077 0.000000 
0.398077 0.000000 
0.399077 0.000000 
0.400077 0.000000 
0.401077 0.000000 
0.402077 0.000000 
0.403077 0.000000 
0.404077 0.000000 
0.405077 0.000000 
0.406077 0.000000 
0.407077 0.000000 
0.408077 0.000000 
0.409077 0.000000 
0.410077 0.000000 
0.411077 0.000000 
0.412077 0.000000 
0.413077 0.000000 
0.414077 0.000000 
0.415077 0.000000 
0.416077 0.000000 
0.417077 0.000000 
0.418077 0.000000 
0.419077 0.000000 
0.420077 0.000000 
0.421077 0.000000 
0.422077 0.000000 
0.423077 0.000000 
0.424077 0.000000 
0.425077 0.000000 
0.426077 0.000000 
0.427077 0.000000 
0.428077 0.000000 
0.429077 0.000000 
0.430077 0.000000 
0.431077 0.000000 
0.432077 0.000000 
0.433077 0.000000 
0.434077 0.000000 
0.435077 0.000000 
0.436077 0.000000 
0.437077 0.000000 
0.438077 0.000000 
0.439077 0.000000 
0.440077 0.000000 
0.441077 0.000000 
0.442077 0.000000 
0.443077 0.000000 
0.444077 0.000000 
0.445077 0.000000 
0.446077 0.000000 
0.447077 0.000000 
0.448077 0.000000 
0.449077 0.000000 
0.450077 0.000000 
0.451077 0.000000 
0.452077 0.000000 
0.453077 0.000000 
0.454077 0.000000 
0.455077 0.000000 
0.456077 0.000000 
0.457077 0.000000 
0.458077 0.000000 
0.459077 0.000000 
0.460077 0.000000 
0.461077 0.000000 
0.462077 0.000000 
0.463077 0.000000 
0.464077 0.000000 
0.465077 0.000000 
0.466077 0.000000 
0.467077 0.000000 
0.468077 0.000000 
0.469077 0.000000 
0.470077 0.000000 
0.471077 0.000000 
0.472077 0.000000 
0.473077 0.000000 
0.474077 0.000000 
0.475077 0.000000 
0.476077 0.000000 
0.477077 0.000000 
0.478077 0.000000 
0.479077 0.000000 
0.480077 0.000000 
0.481077 0.000000 
0.482077 0.000000 
0.483077 0.000000 
0.484077 0.000000 
0.485077 0.000000 
0.486077 0.000000 
0.487077 0.000000 
0.488077 0.000000 
0.489077 0.000000 
0.490077 0.000000 
0.491077 0.000000 
0.492077 0.000000 
0.493077 0.000000 
0.494077 0.000000 
0.495077 0.000000 
0.496077 0.000000 
0.497077 0.000000 
0.498077 0.000000 
0.499077 0.000000 
0.500077 0.000000 
0.501077 0.000000 
0.502077 0.000000 
0.503077 0.000000 
0.504077 0.000000 
0.505077 0.000000 
0.506077 0.000000 
0.507077 0.000000 
0.508077 0.000000 
0.509077 0.000000 
0.510077 0.000000 
0.511077 0.000000 
0.512077 0.000000 
0.513077 0.000000 
0.514077 0.000000 
0.515077 0.000000 
0.516077 0.000000 
0.517077 0.000000 
0.518077 0.000000 
0.519077 0.000000 
0.520077 0.000000 
0.521077 0.000000 
0.522077 0.000000 
0.523077 0.000000 
0.524077 0.000000 
0.525077 0.000000 
0.526077 0.000000 
0.527077 0.000000 
0.528077 0.000000 
0.529077 0.000000 
0.530077 0.000000 
0.531077 0.000000 
0.532077 0.000000 
0.533077 0.000000 
0.534077 0.000000 
0.535077 0.000000 
0.536077 0.000000 
0.537077 0.000000 
0.538077 0.000000 
0.539077 0.000000 
0.540077 0.000000 
0.541077 0.000000 
0.542077 0.000000 
0.543077 0.000000 
0.544077 0.000000 
0.545077 0.000000 
0.546077 0.000000 
0.547077 0.000000 
0.548077 0.000000 
0.549077 0.000000 
0.550077 0.000000 
0.551077 0.000000 
0.552077 0.000000 
0.553077 0.000000 
0.554077 0.000000 
0.555077 0.000000 
0.556077 0.000000 
0.557077 0.000000 
0.558077 0.000000 
0.559077 0.000000 
0.560077 0.000000 
0.561077 0.000000 
0.562077 0.000000 
0.563077 0.000000 
0.564077 0.000000 
0.565077 0.000000 
0.566077 0.000000 
0.567077 0.000000 
0.568077 0.000000 
0.569077 0.000000 
0.570077 0.000000 
0.571077 0.000000 
0.572077 0.000000 
0.573077 0.000000 
0.574077 0.000000 
0.575077 0.000000 
0.576077 0.000000 
0.577077 0.000000 
0.578077 0.000000 
0.579077 0.000000 
0.580077 0.000000 
0.581077 0.000000 
0.582077 0.000000 
0.583077 0.000000 
0.584077 0.000000 
0.585077 0.000000 
0.586077 0.000000 
0.587077 0.000000 
0.588077 0.000000 
0.589077 0.000000 
0.590077 0.000000 
0.591077 0.000000 
0.592077 0.000000 
0.593077 0.000000 
0.594077 0.000000 
0.595077 0.000000 
0.596077 0.000000 
0.597077 0.000000 
0.598077 0.000000 
0.599077 0.000000 
0.600077 0.000000 
0.601077 0.000000 
0.602077 0.000000 
0.603077 0.000000 
0.604077 0.000000 
0.605077 0.000000 
0.606077 0.000000 
0.607077 0.000000 
0.608077 0.000000 
0.609077 0.000000 
0.610077 0.000000 
0.611077 0.000000 
0.612077 0.000000 
0.613077 0.000000 
0.614077 0.000000 
0.615077 0.000000 
0.616077 0.000000 
0.617077 0.000000 
0.618077 0.000000 
0.619077 0.000000 
0.620077 0.000000 
0.621077 0.000000 
0.622077 0.000000 
0.623077 0.000000 
0.624077 0.000000 
0.625077 0.000000 
0.626077 0.000000 
0.627077 0.000000 
0.628077 0.000000 
0.629077 0.000000 
0.630077 0.000000 
0.631077 0.000000 
0.632077 0.000000 
0.633077 0.000000 
0.634077 0.000000 
0.635077 0.000000 
0.636077 0.000000 
0.637077 0.000000 
0.638077 0.000000 
0.639077 0.000000 
0.640077 0.000000 
0.641077 0.000000 
0.642077 0.000000 
0.643077 0.000000 
0.644077 0.000000 
0.645077 0.000000 
0.646077 0.000000 
0.647077 0.000000 
0.648077 0.000000 
0.649077 0.000000 
0.650077 0.000000 
0.651077 0.000000 
0.652077 0.000000 
0.653077 0.000000 
0.654077 0.000000 
0.655077 0.000000 
0.656077 0.000000 
0.657077 0.000000 
0.658077 0.000000 
0.659077 0.000000 
0.660077 0.000000 
0.661077 0.000000 
0.662077 0.000000 
0.663077 0.000000 
0.664077 0.000000 
0.665077 0.000000 
0.666077 0.000000 
0.667077 0.000000 
0.668077 0.000000 
0.669077 0.000000 
0.670077 0.000000 
0.671077 0.000000 
0.672077 0.000000 
0.673077 0.000000 
0.674077 0.000000 
0.675077 0.000000 
0.676077 0.000000 
0.677077 0.000000 
0.678077 0.000000 
0.679077 0.000000 
0.680077 0.000000 
0.681077 0.000000 
0.682077 0.000000 
0.683077 0.000000 
0.684077 0.000000 
0.685077 0.000000 
0.686077 0.000000 
0.687077 0.000000 
0.688077 0.000000 
0.689077 0.000000 
0.690077 0.000000 
0.691077 0.000000 
0.692077 0.000000 
0.693077 0.000000 
0.694077 0.000000 
0.695077 0.000000 
0.696077 0.000000 
0.697077 0.000000 
0.698077 0.000000 
0.699077 0.000000 
0.700077 0.000000 
0.701077 0.000000 
0.702077 0.000000 
0.703077 0.000000 
0.704077 0.000000 
0.705077 0.000000 
0.706077 0.000000 
0.707077 0.000000 
0.708077 0.000000 
0.709077 0.000000 
0.710077 0.000000 
0.711077 0.000000 
0.712077 0.000000 
0.713077 0.000000 
0.714077 0.000000 
0.715077 0.000000 
0.716077 0.000000 
0.717077 0.000000 
0.718077 0.000000 
0.719077 0.000000 
0.720077 0.000000 
0.721077 0.000000 
0.722077 0.000000 
0.723077 0.000000 
0.724077 0.000000 
0.725077 0.000000 
0.726077 0.000000 
0.727077 0.000000 
0.728077 0.000000 
0.729077 0.000000 
0.730077 0.000000 
0.731077 0.000000 
0.732077 0.000000 
0.733077 0.000000 
0.734077 0.000000 
0.735077 0.000000 
0.736077 0.000000 
0.737077 0.000000 
0.738077 0.000000 
0.739077 0.000000 
0.740077 0.000000 
0.741077 0.000000 
0.742077 0.000000 
0.743077 0.000000 
0.744077 0.000000 
0.745077 0.000000 
0.746077 0.000000 
0.747077 0.000000 
0.748077 0.000000 
0.749077 0.000000 
0.750077 0.000000 
0.751077 0.000000 
0.752077 0.000000 
0.753077 0.000000 
0.754077 0.000000 
0.755077 0.000000 
0.756077 0.000000 
0.757077 0.000000 
0.758077 0.000000 
0.759077 0.000000 
0.760077 0.000000 
0.761077 0.000000 
0.762077 0.000000 
0.763077 0.000000 
0.764077 0.000000 
0.765077 0.000000 
0.766077 0.000000 
0.767077 0.000000 
0.768077 0.000000 
0.769077 0.000000 
0.770077 0.000000 
0.771077 0.000000 
0.772077 0.000000 
0.773077 0.000000 
0.774077 0.000000 
0.775077 0.000000 
0.776077 0.000000 
0.777077 0.000000 
0.778077 0.000000 
0.779077 0.000000 
0.780077 0.000000 
0.781077 0.000000 
0.782077 0.000000 
0.783077 0.000000 
0.784077 0.000000 
0.785077 0.000000 
0.786077 0.000000 
0.787077 0.000000 
0.788077 0.000000 
0.789077 0.000000 
0.790077 0.000000 
0.791077 0.000000 
0.792077 0.000000 
0.793077 0.000000 
0.794077 0.000000 
0.795077 0.000000 
0.796077 0.000000 
0.797077 0.000000 
0.798077 0.000000 
0.799077 0.000000 
0.800077 0.000000 
0.801077 0.000000 
0.802077 0.000000 
0.803077 0.000000 
0.804077 0.000000 
0.805077 0.000000 
0.806077 0.000000 
0.807077 0.000000 
0.808077 0.000000 
0.809077 0.000000 
0.810077 0.000000 
0.811077 0.000000 
0.812077 0.000000 
0.813077 0.000000 
0.814077 0.000000 
0.815077 0.000000 
0.816077 0.000000 
0.817077 0.000000 
0.818077 0.000000 
0.819077 0.000000 
0.820077 0.000000 
0.821077 0.000000 
0.822077 0.000000 
0.823077 0.000000 
0.824077 0.000000 
0.825077 0.000000 
0.826077 0.000000 
0.827077 0.000000 
0.828077 0.000000 
0.829077 0.000000 
0.830077 0.000000 
0.831077 0.000000 
0.832077 0.000000 
0.833077 0.000000 
0.834077 0.000000 
0.835077 0.000000 
0.836077 0.000000 
0.837077 0.000000 
0.838077 0.000000 
0.839077 0.000000 
0.840077 0.000000 
0.841077 0.000000 
0.842077 0.000000 
0.843077 0.000000 
0.844077 0.000000 
0.845077 0.000000 
0.846077 0.000000 
0.847077 0.000000 
0.848077 0.000000 
0.849077 0.000000 
0.850077 0.000000 
0.851077 0.000000 
0.852077 0.000000 
0.853077 0.000000 
0.854077 0.000000 
0.855077 0.000000 
0.856077 0.000000 
0.857077 0.000000 
0.858077 0.000000 
0.859077 0.000000 
0.860077 0.000000 
0.861077 0.000000 
0.862077 0.000000 
0.863077 0.000000 
0.864077 0.000000 
0.865077 0.000000 
0.866077 0.000000 
0.867077 0.000000 
0.868077 0.000000 
0.869077 0.000000 
0.870077 0.000000 
0.871077 0.000000 
0.872077 0.000000 
0.873077 0.000000 
0.874077 0.000000 
0.875077 0.000000 
0.876077 0.000000 
0.877077 0.000000 
0.878077 0.000000 
0.879077 0.000000 
0.880077 0.000000 
0.881077 0.000000 
0.882077 0.000000 
0.883077 0.000000 
0.884077 0.000000 
0.885077 0.000000 
0.886077 0.000000 
0.887077 0.000000 
0.888077 0.000000 
0.889077 0.000000 
0.890077 0.000000 
0.891077 0.000000 
0.892077 0.000000 
0.893077 0.000000 
0.894077 0.000000 
0.895077 0.000000 
0.896077 0.000000 
0.897077 0.000000 
0.898077 0.000000 
0.899077 0.000000 
0.900077 0.000000 
0.901077 0.000000 
0.902077 0.000000 
0.903077 0.000000 
0.904077 0.000000 
0.905077 0.000000 
0.906077 0.000000 
0.907077 0.000000 
0.908077 0.000000 
0.909077 0.000000 
0.910077 0.000000 
0.911077 0.000000 
0.912077 0.000000 
0.913077 0.000000 
0.914077 0.000000 
0.915077 0.000000 
0.916077 0.000000 
0.917077 0.000000 
0.918077 0.000000 
0.919077 0.000000 
0.920077 0.000000 
0.921077 0.000000 
0.922077 0.000000 
0.923077 0.000000 
0.924077 0.000000 
0.925077 0.000000 
0.926077 0.000000 
0.927077 0.000000 
0.928077 0.000000 
0.929077 0.000000 
0.930077 0.000000 
0.931077 0.000000 
0.932077 0.000000 
0.933077 0.000000 
0.934077 0.000000 
0.935077 0.000000 
0.936077 0.000000 
0.937077 0.000000 
0.938077 0.000000 
0.939077 0.000000 
0.940077 0.000000 
0.941077 0.000000 
0.942077 0.000000 
0.943077 0.000000 
0.944077 0.000000 
0.945077 0.000000 
0.946077 0.000000 
0.947077 0.000000 
0.948077 0.000000 
0.949077 0.000000 
0.950077 0.000000 
0.951077 0.000000 
0.952077 0.000000 
0.953077 0.000000 
0.954077 0.000000 
0.955077 0.000000 
0.956077 0.000000 
0.957077 0.000000 
0.958077 0.000000 
0.959077 0.000000 
0.960077 0.000000 
0.961077 0.000000 
0.962077 0.000000 
0.963077 0.000000 
0.964077 0.000000 
0.965077 0.000000 
0.966077 0.000000 
0.967077 0.000000 
0.968077 0.000000 
0.969077 0.000000 
0.970077 0.000000 
0.971077 0.000000 
0.972077 0.000000 
0.973077 0.000000 
0.974077 0.000000 
0.975077 0.000000 
0.976077 0.000000 
0.977077 0.000000 
0.978077 0.000000 
0.979077 0.000000 
0.980077 0.000000 
0.981077 0.000000 
0.982077 0.000000 
0.983077 0.000000 
0.984077 0.000000 
0.985077 0.000000 
0.986077 0.000000 
0.987077 0.000000 
0.988077 0.000000 
0.989077 0.000000 
0.990077 0.000000 
0.991077 0.000000 
0.992077 0.000000 
0.993077 0.000000 
0.994077 0.000000 
0.995077 0.000000 
0.996077 0.000000 
0.997077 0.000000 
0.998077 0.000000 
0.999077 0.000000 
1.000077 0.000000 
1.001077 0.000000 
1.002077 0.000000 
1.003077 0.000000 
1.004077 0.000000 
1.005077 0.000000 
1.006077 0.000000 
1.007077 0.000000 
1.008077 0.000000 
1.009077 0.000000 
1.010077 0.000000 
1.011077 0.000000 
1.012077 0.000000 
1.013077 0.000000 
1.014077 0.000000 
1.015077 0.000000 
1.016077 0.000000 
1.017077 0.000000 
1.018077 0.000000 
1.019077 0.000000 
1.020077 0.000000 
1.021077 0.000000 
1.022077 0.000000 
1.023077 0.000000 
1.024077 0.000000 
1.025077 0.000000 
1.026077 0.000000 
1.027077 0.000000 
1.028077 0.000000 
1.029077 0.000000 
1.030077 0.000000 
1.031077 0.000000 
1.032077 0.000000 
1.033077 0.000000 
1.034077 0.000000 
1.035077 0.000000 
1.036077 0.000000 
1.037077 0.000000 
1.038077 0.000000 
1.039077 0.000000 
1.040077 0.000000 
1.041077 0.000000 
1.042077 0.000000 
1.043077 0.000000 
1.044077 0.000000 
1.045077 0.000000 
1.046077 0.000000 
1.047077 0.000000 
1.048077 0.000000 
1.049077 0.000000 
1.050077 0.000000 
1.051077 0.000000 
1.052077 0.000000 
1.053077 0.000000 
1.054077 0.000000 
1.055077 0.000000 
1.056077 0.000000 
1.057077 0.000000 
1.058077 0.000000 
1.059077 0.000000 
1.060077 0.000000 
1.061077 0.000000 
1.062077 0.000000 
1.063077 0.000000 
1.064077 0.000000 
1.065077 0.000000 
1.066077 0.000000 
1.067077 0.000000 
1.068077 0.000000 
1.069077 0.000000 
1.070077 0.000000 
1.071077 0.000000 
1.072077 0.000000 
1.073077 0.000000 
1.074077 0.000000 
1.075077 0.000000 
1.076077 0.000000 
1.077077 0.000000 
1.078077 0.000000 
1.079077 0.000000 
1.080077 0.000000 
1.081077 0.000000 
1.082077 0.000000 
1.083077 0.000000 
1.084077 0.000000 
1.085077 0.000000 
1.086077 0.000000 
1.087077 0.000000 
1.088077 0.000000 
1.089077 0.000000 
1.090077 0.000000 
1.091077 0.000000 
1.092077 0.000000 
1.093077 0.000000 
1.094077 0.000000 
1.095077 0.000000 
1.096077 0.000000 
1.097077 0.000000 
1.098077 0.000000 
1.099077 0.000000 
1.100077 0.000000 
1.101077 0.000000 
1.102077 0.000000 
1.103077 0.000000 
1.104077 0.000000 
1.105077 0.000000 
1.106077 0.000000 
1.107077 0.000000 
1.108077 0.000000 
1.109077 0.000000 
1.110077 0.000000 
1.111077 0.000000 
1.112077 0.000000 
1.113077 0.000000 
1.114077 0.000000 
1.115077 0.000000 
1.116077 0.000000 
1.117077 0.000000 
1.118077 0.000000 
1.119077 0.000000 
1.120077 0.000000 
1.121077 0.000000 
1.122077 0.000000 
1.123077 0.000000 
1.124077 0.000000 
1.125077 0.000000 
1.126077 0.000000 
1.127077 0.000000 
1.128077 0.000000 
1.129077 0.000000 
1.130077 0.000000 
1.131077 0.000000 
1.132077 0.000000 
1.133077 0.000000 
1.134077 0.000000 
1.135077 0.000000 
1.136077 0.000000 
1.137077 0.000000 
1.138077 0.000000 
1.139077 0.000000 
1.140077 0.000000 
1.141077 0.000000 
1.142077 0.000000 
1.143077 0.000000 
1.144077 0.000000 
1.145077 0.000000 
1.146077 0.000000 
1.147077 0.000000 
1.148077 0.000000 
1.149077 0.000000 
1.150077 0.000000 
1.151077 0.000000 
1.152077 0.000000 
1.153077 0.000000 
1.154077 0.000000 
1.155077 0.000000 
1.156077 0.000000 
1.157077 0.000000 
1.158077 0.000000 
1.159077 0.000000 
1.160077 0.000000 
1.161077 0.000000 
1.162077 0.000000 
1.163077 0.000000 
1.164077 0.000000 
1.165077 0.000000 
1.166077 0.000000 
1.167077 0.000000 
1.168077 0.000000 
1.169077 0.000000 
1.170077 0.000000 
1.171077 0.000000 
1.172077 0.000000 
1.173077 0.000000 
1.174077 0.000000 
1.175077 0.000000 
1.176077 0.000000 
1.177077 0.000000 
1.178077 0.000000 
1.179077 0.000000 
1.180077 0.000000 
1.181077 0.000000 
1.182077 0.000000 
1.183077 0.000000 
1.184077 0.000000 
1.185077 0.000000 
1.186077 0.000000 
1.187077 0.000000 
1.188077 0.000000 
1.189077 0.000000 
1.190077 0.000000 
1.191077 0.000000 
1.192077 0.000000 
1.193077 0.000000 
1.194077 0.000000 
1.195077 0.000000 
1.196077 0.000000 
1.197077 0.000000 
1.198077 0.000000 
1.199077 0.000000 
1.200077 0.000000 
1.201077 0.000000 
1.202077 0.000000 
1.203077 0.000000 
1.204077 0.000000 
1.205077 0.000000 
1.206077 0.000000 
1.207077 0.000000 
1.208077 0.000000 
1.209077 0.000000 
1.210077 0.000000 
1.211077 0.000000 
