descriptor x_phase m_phase 
-1.500000 -0.541320 
-1.499000 -0.537648 
-1.498000 -0.533954 
-1.497000 -0.530239 
-1.496000 -0.526503 
-1.495000 -0.522746 
-1.494000 -0.518969 
-1.493000 -0.515171 
-1.492000 -0.511353 
-1.491000 -0.507514 
-1.490000 -0.503656 
-1.489000 -0.499778 
-1.488000 -0.495880 
-1.487000 -0.491962 
-1.486000 -0.488025 
-1.485000 -0.484069 
-1.484000 -0.480093 
-1.483000 -0.476099 
-1.482000 -0.472086 
-1.481000 -0.468054 
-1.480000 -0.464004 
-1.479000 -0.459935 
-1.478000 -0.455849 
-1.477000 -0.451744 
-1.476000 -0.447621 
-1.475000 -0.443481 
-1.474000 -0.439323 
-1.473000 -0.435148 
-1.472000 -0.430956 
-1.471000 -0.426747 
-1.470000 -0.422521 
-1.469000 -0.418278 
-1.468000 -0.414019 
-1.467000 -0.409743 
-1.466000 -0.405451 
-1.465000 -0.401143 
-1.464000 -0.396820 
-1.463000 -0.392480 
-1.462000 -0.388126 
-1.461000 -0.383755 
-1.460000 -0.379370 
-1.459000 -0.374970 
-1.458000 -0.370555 
-1.457000 -0.366125 
-1.456000 -0.361681 
-1.455000 -0.357222 
-1.454000 -0.352750 
-1.453000 -0.348263 
-1.452000 -0.343763 
-1.451000 -0.339249 
-1.450000 -0.334722 
-1.449000 -0.330182 
-1.448000 -0.325628 
-1.447000 -0.321062 
-1.446000 -0.316483 
-1.445000 -0.311892 
-1.444000 -0.307288 
-1.443000 -0.302672 
-1.442000 -0.298044 
-1.441000 -0.293404 
-1.440000 -0.288753 
-1.439000 -0.284091 
-1.438000 -0.279417 
-1.437000 -0.274732 
-1.436000 -0.270036 
-1.435000 -0.265330 
-1.434000 -0.260613 
-1.433000 -0.255886 
-1.432000 -0.251149 
-1.431000 -0.246402 
-1.430000 -0.241645 
-1.429000 -0.236878 
-1.428000 -0.232103 
-1.427000 -0.227318 
-1.426000 -0.222524 
-1.425000 -0.217721 
-1.424000 -0.212910 
-1.423000 -0.208090 
-1.422000 -0.203262 
-1.421000 -0.198426 
-1.420000 -0.193583 
-1.419000 -0.188731 
-1.418000 -0.183872 
-1.417000 -0.179006 
-1.416000 -0.174133 
-1.415000 -0.169253 
-1.414000 -0.164366 
-1.413000 -0.159473 
-1.412000 -0.154574 
-1.411000 -0.149668 
-1.410000 -0.144757 
-1.409000 -0.139839 
-1.408000 -0.134917 
-1.407000 -0.129989 
-1.406000 -0.125055 
-1.405000 -0.120117 
-1.404000 -0.115174 
-1.403000 -0.110227 
-1.402000 -0.105275 
-1.401000 -0.100319 
-1.400000 -0.095359 
-1.399000 -0.090396 
-1.398000 -0.085428 
-1.397000 -0.080458 
-1.396000 -0.075484 
-1.395000 -0.070507 
-1.394000 -0.065528 
-1.393000 -0.060545 
-1.392000 -0.055561 
-1.391000 -0.050574 
-1.390000 -0.045585 
-1.389000 -0.040595 
-1.388000 -0.035603 
-1.387000 -0.030609 
-1.386000 -0.025615 
-1.385000 -0.020619 
-1.384000 -0.015622 
-1.383000 -0.010625 
-1.382000 -0.005627 
-1.381000 -0.000630 
-1.380000 0.004368 
-1.379000 0.009366 
-1.378000 0.014363 
-1.377000 0.019360 
-1.376000 0.024356 
-1.375000 0.029351 
-1.374000 0.034345 
-1.373000 0.039337 
-1.372000 0.044328 
-1.371000 0.049317 
-1.370000 0.054305 
-1.369000 0.059290 
-1.368000 0.064272 
-1.367000 0.069253 
-1.366000 0.074230 
-1.365000 0.079205 
-1.364000 0.084176 
-1.363000 0.089144 
-1.362000 0.094109 
-1.361000 0.099070 
-1.360000 0.104027 
-1.359000 0.108979 
-1.358000 0.113928 
-1.357000 0.118872 
-1.356000 0.123811 
-1.355000 0.128746 
-1.354000 0.133675 
-1.353000 0.138599 
-1.352000 0.143518 
-1.351000 0.148431 
-1.350000 0.153338 
-1.349000 0.158239 
-1.348000 0.163134 
-1.347000 0.168022 
-1.346000 0.172904 
-1.345000 0.177779 
-1.344000 0.182647 
-1.343000 0.187508 
-1.342000 0.192361 
-1.341000 0.197207 
-1.340000 0.202045 
-1.339000 0.206874 
-1.338000 0.211696 
-1.337000 0.216510 
-1.336000 0.221315 
-1.335000 0.226111 
-1.334000 0.230898 
-1.333000 0.235676 
-1.332000 0.240445 
-1.331000 0.245204 
-1.330000 0.249954 
-1.329000 0.254693 
-1.328000 0.259423 
-1.327000 0.264142 
-1.326000 0.268851 
-1.325000 0.273550 
-1.324000 0.278237 
-1.323000 0.282914 
-1.322000 0.287579 
-1.321000 0.292234 
-1.320000 0.296876 
-1.319000 0.301507 
-1.318000 0.306126 
-1.317000 0.310733 
-1.316000 0.315327 
-1.315000 0.319909 
-1.314000 0.324479 
-1.313000 0.329036 
-1.312000 0.333579 
-1.311000 0.338110 
-1.310000 0.342627 
-1.309000 0.347131 
-1.308000 0.351621 
-1.307000 0.356097 
-1.306000 0.360559 
-1.305000 0.365007 
-1.304000 0.369440 
-1.303000 0.373859 
-1.302000 0.378263 
-1.301000 0.382652 
-1.300000 0.387026 
-1.299000 0.391384 
-1.298000 0.395728 
-1.297000 0.400055 
-1.296000 0.404367 
-1.295000 0.408663 
-1.294000 0.412943 
-1.293000 0.417206 
-1.292000 0.421453 
-1.291000 0.425684 
-1.290000 0.429897 
-1.289000 0.434094 
-1.288000 0.438273 
-1.287000 0.442435 
-1.286000 0.446580 
-1.285000 0.450707 
-1.284000 0.454816 
-1.283000 0.458907 
-1.282000 0.462980 
-1.281000 0.467035 
-1.280000 0.471072 
-1.279000 0.475090 
-1.278000 0.479089 
-1.277000 0.483069 
-1.276000 0.487030 
-1.275000 0.490972 
-1.274000 0.494894 
-1.273000 0.498797 
-1.272000 0.502681 
-1.271000 0.506544 
-1.270000 0.510387 
-1.269000 0.514211 
-1.268000 0.518014 
-1.267000 0.521796 
-1.266000 0.525558 
-1.265000 0.529299 
-1.264000 0.533019 
-1.263000 0.536719 
-1.262000 0.540397 
-1.261000 0.544053 
-1.260000 0.547689 
-1.259000 0.551302 
-1.258000 0.554894 
-1.257000 0.558464 
-1.256000 0.562012 
-1.255000 0.565538 
-1.254000 0.569041 
-1.253000 0.572522 
-1.252000 0.575980 
-1.251000 0.579416 
-1.250000 0.582829 
-1.249000 0.586218 
-1.248000 0.589585 
-1.247000 0.592928 
-1.246000 0.596248 
-1.245000 0.599544 
-1.244000 0.602817 
-1.243000 0.606066 
-1.242000 0.609291 
-1.241000 0.612492 
-1.240000 0.615668 
-1.239000 0.618821 
-1.238000 0.621949 
-1.237000 0.625052 
-1.236000 0.628131 
-1.235000 0.631185 
-1.234000 0.634214 
-1.233000 0.637218 
-1.232000 0.640196 
-1.231000 0.643150 
-1.230000 0.646078 
-1.229000 0.648981 
-1.228000 0.651858 
-1.227000 0.654709 
-1.226000 0.657535 
-1.225000 0.660334 
-1.224000 0.663108 
-1.223000 0.665855 
-1.222000 0.668576 
-1.221000 0.671270 
-1.220000 0.673938 
-1.219000 0.676580 
-1.218000 0.679195 
-1.217000 0.681782 
-1.216000 0.684344 
-1.215000 0.686878 
-1.214000 0.689384 
-1.213000 0.691864 
-1.212000 0.694316 
-1.211000 0.696741 
-1.210000 0.699139 
-1.209000 0.701509 
-1.208000 0.703851 
-1.207000 0.706165 
-1.206000 0.708452 
-1.205000 0.710710 
-1.204000 0.712941 
-1.203000 0.715143 
-1.202000 0.717317 
-1.201000 0.719463 
-1.200000 0.721580 
-1.199000 0.723669 
-1.198000 0.725729 
-1.197000 0.727761 
-1.196000 0.729764 
-1.195000 0.731738 
-1.194000 0.733683 
-1.193000 0.735599 
-1.192000 0.737487 
-1.191000 0.739345 
-1.190000 0.741174 
-1.189000 0.742973 
-1.188000 0.744744 
-1.187000 0.746484 
-1.186000 0.748196 
-1.185000 0.749878 
-1.184000 0.751530 
-1.183000 0.753153 
-1.182000 0.754746 
-1.181000 0.756309 
-1.180000 0.757842 
-1.179000 0.759345 
-1.178000 0.760819 
-1.177000 0.762262 
-1.176000 0.763675 
-1.175000 0.765058 
-1.174000 0.766411 
-1.173000 0.767734 
-1.172000 0.769026 
-1.171000 0.770288 
-1.170000 0.771520 
-1.169000 0.772721 
-1.168000 0.773891 
-1.167000 0.775031 
-1.166000 0.776141 
-1.165000 0.777219 
-1.164000 0.778268 
-1.163000 0.779285 
-1.162000 0.780272 
-1.161000 0.781227 
-1.160000 0.782152 
-1.159000 0.783046 
-1.158000 0.783910 
-1.157000 0.784742 
-1.156000 0.785543 
-1.155000 0.786313 
-1.154000 0.787052 
-1.153000 0.787761 
-1.152000 0.788438 
-1.151000 0.789084 
-1.150000 0.789698 
-1.149000 0.790282 
-1.148000 0.790834 
-1.147000 0.791355 
-1.146000 0.791845 
-1.145000 0.792304 
-1.144000 0.792731 
-1.143000 0.793127 
-1.142000 0.793492 
-1.141000 0.793826 
-1.140000 0.794128 
-1.139000 0.794398 
-1.138000 0.794638 
-1.137000 0.794846 
-1.136000 0.795022 
-1.135000 0.795168 
-1.134000 0.795281 
-1.133000 0.795364 
-1.132000 0.795415 
-1.131000 0.795435 
-1.130000 0.795423 
-1.129000 0.795380 
-1.128000 0.795305 
-1.127000 0.795199 
-1.126000 0.795062 
-1.125000 0.794893 
-1.124000 0.794693 
-1.123000 0.794462 
-1.122000 0.794199 
-1.121000 0.793905 
-1.120000 0.793579 
-1.119000 0.793222 
-1.118000 0.792834 
-1.117000 0.792415 
-1.116000 0.791964 
-1.115000 0.791482 
-1.114000 0.790968 
-1.113000 0.790424 
-1.112000 0.789848 
-1.111000 0.789241 
-1.110000 0.788603 
-1.109000 0.787934 
-1.108000 0.787234 
-1.107000 0.786502 
-1.106000 0.785740 
-1.105000 0.784947 
-1.104000 0.784122 
-1.103000 0.783267 
-1.102000 0.782381 
-1.101000 0.781463 
-1.100000 0.780515 
-1.099000 0.779536 
-1.098000 0.778527 
-1.097000 0.777486 
-1.096000 0.776415 
-1.095000 0.775314 
-1.094000 0.774181 
-1.093000 0.773018 
-1.092000 0.771825 
-1.091000 0.770601 
-1.090000 0.769347 
-1.089000 0.768062 
-1.088000 0.766747 
-1.087000 0.765402 
-1.086000 0.764027 
-1.085000 0.762621 
-1.084000 0.761185 
-1.083000 0.759719 
-1.082000 0.758224 
-1.081000 0.756698 
-1.080000 0.755142 
-1.079000 0.753557 
-1.078000 0.751942 
-1.077000 0.750297 
-1.076000 0.748622 
-1.075000 0.746918 
-1.074000 0.745185 
-1.073000 0.743422 
-1.072000 0.741630 
-1.071000 0.739808 
-1.070000 0.737958 
-1.069000 0.736078 
-1.068000 0.734169 
-1.067000 0.732231 
-1.066000 0.730264 
-1.065000 0.728268 
-1.064000 0.726244 
-1.063000 0.724191 
-1.062000 0.722109 
-1.061000 0.719999 
-1.060000 0.717860 
-1.059000 0.715693 
-1.058000 0.713498 
-1.057000 0.711275 
-1.056000 0.709023 
-1.055000 0.706744 
-1.054000 0.704437 
-1.053000 0.702101 
-1.052000 0.699739 
-1.051000 0.697348 
-1.050000 0.694930 
-1.049000 0.692485 
-1.048000 0.690012 
-1.047000 0.687512 
-1.046000 0.684985 
-1.045000 0.682430 
-1.044000 0.679849 
-1.043000 0.677241 
-1.042000 0.674606 
-1.041000 0.671945 
-1.040000 0.669257 
-1.039000 0.666543 
-1.038000 0.663802 
-1.037000 0.661035 
-1.036000 0.658242 
-1.035000 0.655424 
-1.034000 0.652579 
-1.033000 0.649708 
-1.032000 0.646812 
-1.031000 0.643890 
-1.030000 0.640943 
-1.029000 0.637971 
-1.028000 0.634973 
-1.027000 0.631950 
-1.026000 0.628903 
-1.025000 0.625830 
-1.024000 0.622733 
-1.023000 0.619611 
-1.022000 0.616465 
-1.021000 0.613294 
-1.020000 0.610100 
-1.019000 0.606881 
-1.018000 0.603638 
-1.017000 0.600371 
-1.016000 0.597081 
-1.015000 0.593767 
-1.014000 0.590429 
-1.013000 0.587069 
-1.012000 0.583685 
-1.011000 0.580278 
-1.010000 0.576848 
-1.009000 0.573396 
-1.008000 0.569920 
-1.007000 0.566423 
-1.006000 0.562902 
-1.005000 0.559360 
-1.004000 0.555796 
-1.003000 0.552209 
-1.002000 0.548601 
-1.001000 0.544972 
-1.000000 0.541320 
-0.999000 0.537648 
-0.998000 0.533954 
-0.997000 0.530239 
-0.996000 0.526503 
-0.995000 0.522746 
-0.994000 0.518969 
-0.993000 0.515171 
-0.992000 0.511353 
-0.991000 0.507514 
-0.990000 0.503656 
-0.989000 0.499778 
-0.988000 0.495880 
-0.987000 0.491962 
-0.986000 0.488025 
-0.985000 0.484069 
-0.984000 0.480093 
-0.983000 0.476099 
-0.982000 0.472086 
-0.981000 0.468054 
-0.980000 0.464004 
-0.979000 0.459935 
-0.978000 0.455849 
-0.977000 0.451744 
-0.976000 0.447621 
-0.975000 0.443481 
-0.974000 0.439323 
-0.973000 0.435148 
-0.972000 0.430956 
-0.971000 0.426747 
-0.970000 0.422521 
-0.969000 0.418278 
-0.968000 0.414019 
-0.967000 0.409743 
-0.966000 0.405451 
-0.965000 0.401143 
-0.964000 0.396820 
-0.963000 0.392480 
-0.962000 0.388126 
-0.961000 0.383755 
-0.960000 0.379370 
-0.959000 0.374970 
-0.958000 0.370555 
-0.957000 0.366125 
-0.956000 0.361681 
-0.955000 0.357222 
-0.954000 0.352750 
-0.953000 0.348263 
-0.952000 0.343763 
-0.951000 0.339249 
-0.950000 0.334722 
-0.949000 0.330182 
-0.948000 0.325628 
-0.947000 0.321062 
-0.946000 0.316483 
-0.945000 0.311892 
-0.944000 0.307288 
-0.943000 0.302672 
-0.942000 0.298044 
-0.941000 0.293404 
-0.940000 0.288753 
-0.939000 0.284091 
-0.938000 0.279417 
-0.937000 0.274732 
-0.936000 0.270036 
-0.935000 0.265330 
-0.934000 0.260613 
-0.933000 0.255886 
-0.932000 0.251149 
-0.931000 0.246402 
-0.930000 0.241645 
-0.929000 0.236878 
-0.928000 0.232103 
-0.927000 0.227318 
-0.926000 0.222524 
-0.925000 0.217721 
-0.924000 0.212910 
-0.923000 0.208090 
-0.922000 0.203262 
-0.921000 0.198426 
-0.920000 0.193583 
-0.919000 0.188731 
-0.918000 0.183872 
-0.917000 0.179006 
-0.916000 0.174133 
-0.915000 0.169253 
-0.914000 0.164366 
-0.913000 0.159473 
-0.912000 0.154574 
-0.911000 0.149668 
-0.910000 0.144757 
-0.909000 0.139839 
-0.908000 0.134917 
-0.907000 0.129989 
-0.906000 0.125055 
-0.905000 0.120117 
-0.904000 0.115174 
-0.903000 0.110227 
-0.902000 0.105275 
-0.901000 0.100319 
-0.900000 0.095359 
-0.899000 0.090396 
-0.898000 0.085428 
-0.897000 0.080458 
-0.896000 0.075484 
-0.895000 0.070507 
-0.894000 0.065528 
-0.893000 0.060545 
-0.892000 0.055561 
-0.891000 0.050574 
-0.890000 0.045585 
-0.889000 0.040595 
-0.888000 0.035603 
-0.887000 0.030609 
-0.886000 0.025615 
-0.885000 0.020619 
-0.884000 0.015622 
-0.883000 0.010625 
-0.882000 0.005627 
-0.881000 0.000630 
-0.880000 -0.004368 
-0.879000 -0.009366 
-0.878000 -0.014363 
-0.877000 -0.019360 
-0.876000 -0.024356 
-0.875000 -0.029351 
-0.874000 -0.034345 
-0.873000 -0.039337 
-0.872000 -0.044328 
-0.871000 -0.049317 
-0.870000 -0.054305 
-0.869000 -0.059290 
-0.868000 -0.064272 
-0.867000 -0.069253 
-0.866000 -0.074230 
-0.865000 -0.079205 
-0.864000 -0.084176 
-0.863000 -0.089144 
-0.862000 -0.094109 
-0.861000 -0.099070 
-0.860000 -0.104027 
-0.859000 -0.108979 
-0.858000 -0.113928 
-0.857000 -0.118872 
-0.856000 -0.123811 
-0.855000 -0.128746 
-0.854000 -0.133675 
-0.853000 -0.138599 
-0.852000 -0.143518 
-0.851000 -0.148431 
-0.850000 -0.153338 
-0.849000 -0.158239 
-0.848000 -0.163134 
-0.847000 -0.168022 
-0.846000 -0.172904 
-0.845000 -0.177779 
-0.844000 -0.182647 
-0.843000 -0.187508 
-0.842000 -0.192361 
-0.841000 -0.197207 
-0.840000 -0.202045 
-0.839000 -0.206874 
-0.838000 -0.211696 
-0.837000 -0.216510 
-0.836000 -0.221315 
-0.835000 -0.226111 
-0.834000 -0.230898 
-0.833000 -0.235676 
-0.832000 -0.240445 
-0.831000 -0.245204 
-0.830000 -0.249954 
-0.829000 -0.254693 
-0.828000 -0.259423 
-0.827000 -0.264142 
-0.826000 -0.268851 
-0.825000 -0.273550 
-0.824000 -0.278237 
-0.823000 -0.282914 
-0.822000 -0.287579 
-0.821000 -0.292234 
-0.820000 -0.296876 
-0.819000 -0.301507 
-0.818000 -0.306126 
-0.817000 -0.310733 
-0.816000 -0.315327 
-0.815000 -0.319909 
-0.814000 -0.324479 
-0.813000 -0.329036 
-0.812000 -0.333579 
-0.811000 -0.338110 
-0.810000 -0.342627 
-0.809000 -0.347131 
-0.808000 -0.351621 
-0.807000 -0.356097 
-0.806000 -0.360559 
-0.805000 -0.365007 
-0.804000 -0.369440 
-0.803000 -0.373859 
-0.802000 -0.378263 
-0.801000 -0.382652 
-0.800000 -0.387026 
-0.799000 -0.391384 
-0.798000 -0.395728 
-0.797000 -0.400055 
-0.796000 -0.404367 
-0.795000 -0.408663 
-0.794000 -0.412943 
-0.793000 -0.417206 
-0.792000 -0.421453 
-0.791000 -0.425684 
-0.790000 -0.429897 
-0.789000 -0.434094 
-0.788000 -0.438273 
-0.787000 -0.442435 
-0.786000 -0.446580 
-0.785000 -0.450707 
-0.784000 -0.454816 
-0.783000 -0.458907 
-0.782000 -0.462980 
-0.781000 -0.467035 
-0.780000 -0.471072 
-0.779000 -0.475090 
-0.778000 -0.479089 
-0.777000 -0.483069 
-0.776000 -0.487030 
-0.775000 -0.490972 
-0.774000 -0.494894 
-0.773000 -0.498797 
-0.772000 -0.502681 
-0.771000 -0.506544 
-0.770000 -0.510387 
-0.769000 -0.514211 
-0.768000 -0.518014 
-0.767000 -0.521796 
-0.766000 -0.525558 
-0.765000 -0.529299 
-0.764000 -0.533019 
-0.763000 -0.536719 
-0.762000 -0.540397 
-0.761000 -0.544053 
-0.760000 -0.547689 
-0.759000 -0.551302 
-0.758000 -0.554894 
-0.757000 -0.558464 
-0.756000 -0.562012 
-0.755000 -0.565538 
-0.754000 -0.569041 
-0.753000 -0.572522 
-0.752000 -0.575980 
-0.751000 -0.579416 
-0.750000 -0.582829 
-0.749000 -0.586218 
-0.748000 -0.589585 
-0.747000 -0.592928 
-0.746000 -0.596248 
-0.745000 -0.599544 
-0.744000 -0.602817 
-0.743000 -0.606066 
-0.742000 -0.609291 
-0.741000 -0.612492 
-0.740000 -0.615668 
-0.739000 -0.618821 
-0.738000 -0.621949 
-0.737000 -0.625052 
-0.736000 -0.628131 
-0.735000 -0.631185 
-0.734000 -0.634214 
-0.733000 -0.637218 
-0.732000 -0.640196 
-0.731000 -0.643150 
-0.730000 -0.646078 
-0.729000 -0.648981 
-0.728000 -0.651858 
-0.727000 -0.654709 
-0.726000 -0.657535 
-0.725000 -0.660334 
-0.724000 -0.663108 
-0.723000 -0.665855 
-0.722000 -0.668576 
-0.721000 -0.671270 
-0.720000 -0.673938 
-0.719000 -0.676580 
-0.718000 -0.679195 
-0.717000 -0.681782 
-0.716000 -0.684344 
-0.715000 -0.686878 
-0.714000 -0.689384 
-0.713000 -0.691864 
-0.712000 -0.694316 
-0.711000 -0.696741 
-0.710000 -0.699139 
-0.709000 -0.701509 
-0.708000 -0.703851 
-0.707000 -0.706165 
-0.706000 -0.708452 
-0.705000 -0.710710 
-0.704000 -0.712941 
-0.703000 -0.715143 
-0.702000 -0.717317 
-0.701000 -0.719463 
-0.700000 -0.721580 
-0.699000 -0.723669 
-0.698000 -0.725729 
-0.697000 -0.727761 
-0.696000 -0.729764 
-0.695000 -0.731738 
-0.694000 -0.733683 
-0.693000 -0.735599 
-0.692000 -0.737487 
-0.691000 -0.739345 
-0.690000 -0.741174 
-0.689000 -0.742973 
-0.688000 -0.744744 
-0.687000 -0.746484 
-0.686000 -0.748196 
-0.685000 -0.749878 
-0.684000 -0.751530 
-0.683000 -0.753153 
-0.682000 -0.754746 
-0.681000 -0.756309 
-0.680000 -0.757842 
-0.679000 -0.759345 
-0.678000 -0.760819 
-0.677000 -0.762262 
-0.676000 -0.763675 
-0.675000 -0.765058 
-0.674000 -0.766411 
-0.673000 -0.767734 
-0.672000 -0.769026 
-0.671000 -0.770288 
-0.670000 -0.771520 
-0.669000 -0.772721 
-0.668000 -0.773891 
-0.667000 -0.775031 
-0.666000 -0.776141 
-0.665000 -0.777219 
-0.664000 -0.778268 
-0.663000 -0.779285 
-0.662000 -0.780272 
-0.661000 -0.781227 
-0.660000 -0.782152 
-0.659000 -0.783046 
-0.658000 -0.783910 
-0.657000 -0.784742 
-0.656000 -0.785543 
-0.655000 -0.786313 
-0.654000 -0.787052 
-0.653000 -0.787761 
-0.652000 -0.788438 
-0.651000 -0.789084 
-0.650000 -0.789698 
-0.649000 -0.790282 
-0.648000 -0.790834 
-0.647000 -0.791355 
-0.646000 -0.791845 
-0.645000 -0.792304 
-0.644000 -0.792731 
-0.643000 -0.793127 
-0.642000 -0.793492 
-0.641000 -0.793826 
-0.640000 -0.794128 
-0.639000 -0.794398 
-0.638000 -0.794638 
-0.637000 -0.794846 
-0.636000 -0.795022 
-0.635000 -0.795168 
-0.634000 -0.795281 
-0.633000 -0.795364 
-0.632000 -0.795415 
-0.631000 -0.795435 
-0.630000 -0.795423 
-0.629000 -0.795380 
-0.628000 -0.795305 
-0.627000 -0.795199 
-0.626000 -0.795062 
-0.625000 -0.794893 
-0.624000 -0.794693 
-0.623000 -0.794462 
-0.622000 -0.794199 
-0.621000 -0.793905 
-0.620000 -0.793579 
-0.619000 -0.793222 
-0.618000 -0.792834 
-0.617000 -0.792415 
-0.616000 -0.791964 
-0.615000 -0.791482 
-0.614000 -0.790968 
-0.613000 -0.790424 
-0.612000 -0.789848 
-0.611000 -0.789241 
-0.610000 -0.788603 
-0.609000 -0.787934 
-0.608000 -0.787234 
-0.607000 -0.786502 
-0.606000 -0.785740 
-0.605000 -0.784947 
-0.604000 -0.784122 
-0.603000 -0.783267 
-0.602000 -0.782381 
-0.601000 -0.781463 
-0.600000 -0.780515 
-0.599000 -0.779536 
-0.598000 -0.778527 
-0.597000 -0.777486 
-0.596000 -0.776415 
-0.595000 -0.775314 
-0.594000 -0.774181 
-0.593000 -0.773018 
-0.592000 -0.771825 
-0.591000 -0.770601 
-0.590000 -0.769347 
-0.589000 -0.768062 
-0.588000 -0.766747 
-0.587000 -0.765402 
-0.586000 -0.764027 
-0.585000 -0.762621 
-0.584000 -0.761185 
-0.583000 -0.759719 
-0.582000 -0.758224 
-0.581000 -0.756698 
-0.580000 -0.755142 
-0.579000 -0.753557 
-0.578000 -0.751942 
-0.577000 -0.750297 
-0.576000 -0.748622 
-0.575000 -0.746918 
-0.574000 -0.745185 
-0.573000 -0.743422 
-0.572000 -0.741630 
-0.571000 -0.739808 
-0.570000 -0.737958 
-0.569000 -0.736078 
-0.568000 -0.734169 
-0.567000 -0.732231 
-0.566000 -0.730264 
-0.565000 -0.728268 
-0.564000 -0.726244 
-0.563000 -0.724191 
-0.562000 -0.722109 
-0.561000 -0.719999 
-0.560000 -0.717860 
-0.559000 -0.715693 
-0.558000 -0.713498 
-0.557000 -0.711275 
-0.556000 -0.709023 
-0.555000 -0.706744 
-0.554000 -0.704437 
-0.553000 -0.702101 
-0.552000 -0.699739 
-0.551000 -0.697348 
-0.550000 -0.694930 
-0.549000 -0.692485 
-0.548000 -0.690012 
-0.547000 -0.687512 
-0.546000 -0.684985 
-0.545000 -0.682430 
-0.544000 -0.679849 
-0.543000 -0.677241 
-0.542000 -0.674606 
-0.541000 -0.671945 
-0.540000 -0.669257 
-0.539000 -0.666543 
-0.538000 -0.663802 
-0.537000 -0.661035 
-0.536000 -0.658242 
-0.535000 -0.655424 
-0.534000 -0.652579 
-0.533000 -0.649708 
-0.532000 -0.646812 
-0.531000 -0.643890 
-0.530000 -0.640943 
-0.529000 -0.637971 
-0.528000 -0.634973 
-0.527000 -0.631950 
-0.526000 -0.628903 
-0.525000 -0.625830 
-0.524000 -0.622733 
-0.523000 -0.619611 
-0.522000 -0.616465 
-0.521000 -0.613294 
-0.520000 -0.610100 
-0.519000 -0.606881 
-0.518000 -0.603638 
-0.517000 -0.600371 
-0.516000 -0.597081 
-0.515000 -0.593767 
-0.514000 -0.590429 
-0.513000 -0.587069 
-0.512000 -0.583685 
-0.511000 -0.580278 
-0.510000 -0.576848 
-0.509000 -0.573396 
-0.508000 -0.569920 
-0.507000 -0.566423 
-0.506000 -0.562902 
-0.505000 -0.559360 
-0.504000 -0.555796 
-0.503000 -0.552209 
-0.502000 -0.548601 
-0.501000 -0.544972 
-0.500000 -0.541320 
-0.499000 -0.537648 
-0.498000 -0.533954 
-0.497000 -0.530239 
-0.496000 -0.526503 
-0.495000 -0.522746 
-0.494000 -0.518969 
-0.493000 -0.515171 
-0.492000 -0.511353 
-0.491000 -0.507514 
-0.490000 -0.503656 
-0.489000 -0.499778 
-0.488000 -0.495880 
-0.487000 -0.491962 
-0.486000 -0.488025 
-0.485000 -0.484069 
-0.484000 -0.480093 
-0.483000 -0.476099 
-0.482000 -0.472086 
-0.481000 -0.468054 
-0.480000 -0.464004 
-0.479000 -0.459935 
-0.478000 -0.455849 
-0.477000 -0.451744 
-0.476000 -0.447621 
-0.475000 -0.443481 
-0.474000 -0.439323 
-0.473000 -0.435148 
-0.472000 -0.430956 
-0.471000 -0.426747 
-0.470000 -0.422521 
-0.469000 -0.418278 
-0.468000 -0.414019 
-0.467000 -0.409743 
-0.466000 -0.405451 
-0.465000 -0.401143 
-0.464000 -0.396820 
-0.463000 -0.392480 
-0.462000 -0.388126 
-0.461000 -0.383755 
-0.460000 -0.379370 
-0.459000 -0.374970 
-0.458000 -0.370555 
-0.457000 -0.366125 
-0.456000 -0.361681 
-0.455000 -0.357222 
-0.454000 -0.352750 
-0.453000 -0.348263 
-0.452000 -0.343763 
-0.451000 -0.339249 
-0.450000 -0.334722 
-0.449000 -0.330182 
-0.448000 -0.325628 
-0.447000 -0.321062 
-0.446000 -0.316483 
-0.445000 -0.311892 
-0.444000 -0.307288 
-0.443000 -0.302672 
-0.442000 -0.298044 
-0.441000 -0.293404 
-0.440000 -0.288753 
-0.439000 -0.284091 
-0.438000 -0.279417 
-0.437000 -0.274732 
-0.436000 -0.270036 
-0.435000 -0.265330 
-0.434000 -0.260613 
-0.433000 -0.255886 
-0.432000 -0.251149 
-0.431000 -0.246402 
-0.430000 -0.241645 
-0.429000 -0.236878 
-0.428000 -0.232103 
-0.427000 -0.227318 
-0.426000 -0.222524 
-0.425000 -0.217721 
-0.424000 -0.212910 
-0.423000 -0.208090 
-0.422000 -0.203262 
-0.421000 -0.198426 
-0.420000 -0.193583 
-0.419000 -0.188731 
-0.418000 -0.183872 
-0.417000 -0.179006 
-0.416000 -0.174133 
-0.415000 -0.169253 
-0.414000 -0.164366 
-0.413000 -0.159473 
-0.412000 -0.154574 
-0.411000 -0.149668 
-0.410000 -0.144757 
-0.409000 -0.139839 
-0.408000 -0.134917 
-0.407000 -0.129989 
-0.406000 -0.125055 
-0.405000 -0.120117 
-0.404000 -0.115174 
-0.403000 -0.110227 
-0.402000 -0.105275 
-0.401000 -0.100319 
-0.400000 -0.095359 
-0.399000 -0.090396 
-0.398000 -0.085428 
-0.397000 -0.080458 
-0.396000 -0.075484 
-0.395000 -0.070507 
-0.394000 -0.065528 
-0.393000 -0.060545 
-0.392000 -0.055561 
-0.391000 -0.050574 
-0.390000 -0.045585 
-0.389000 -0.040595 
-0.388000 -0.035603 
-0.387000 -0.030609 
-0.386000 -0.025615 
-0.385000 -0.020619 
-0.384000 -0.015622 
-0.383000 -0.010625 
-0.382000 -0.005627 
-0.381000 -0.000630 
-0.380000 0.004368 
-0.379000 0.009366 
-0.378000 0.014363 
-0.377000 0.019360 
-0.376000 0.024356 
-0.375000 0.029351 
-0.374000 0.034345 
-0.373000 0.039337 
-0.372000 0.044328 
-0.371000 0.049317 
-0.370000 0.054305 
-0.369000 0.059290 
-0.368000 0.064272 
-0.367000 0.069253 
-0.366000 0.074230 
-0.365000 0.079205 
-0.364000 0.084176 
-0.363000 0.089144 
-0.362000 0.094109 
-0.361000 0.099070 
-0.360000 0.104027 
-0.359000 0.108979 
-0.358000 0.113928 
-0.357000 0.118872 
-0.356000 0.123811 
-0.355000 0.128746 
-0.354000 0.133675 
-0.353000 0.138599 
-0.352000 0.143518 
-0.351000 0.148431 
-0.350000 0.153338 
-0.349000 0.158239 
-0.348000 0.163134 
-0.347000 0.168022 
-0.346000 0.172904 
-0.345000 0.177779 
-0.344000 0.182647 
-0.343000 0.187508 
-0.342000 0.192361 
-0.341000 0.197207 
-0.340000 0.202045 
-0.339000 0.206874 
-0.338000 0.211696 
-0.337000 0.216510 
-0.336000 0.221315 
-0.335000 0.226111 
-0.334000 0.230898 
-0.333000 0.235676 
-0.332000 0.240445 
-0.331000 0.245204 
-0.330000 0.249954 
-0.329000 0.254693 
-0.328000 0.259423 
-0.327000 0.264142 
-0.326000 0.268851 
-0.325000 0.273550 
-0.324000 0.278237 
-0.323000 0.282914 
-0.322000 0.287579 
-0.321000 0.292234 
-0.320000 0.296876 
-0.319000 0.301507 
-0.318000 0.306126 
-0.317000 0.310733 
-0.316000 0.315327 
-0.315000 0.319909 
-0.314000 0.324479 
-0.313000 0.329036 
-0.312000 0.333579 
-0.311000 0.338110 
-0.310000 0.342627 
-0.309000 0.347131 
-0.308000 0.351621 
-0.307000 0.356097 
-0.306000 0.360559 
-0.305000 0.365007 
-0.304000 0.369440 
-0.303000 0.373859 
-0.302000 0.378263 
-0.301000 0.382652 
-0.300000 0.387026 
-0.299000 0.391384 
-0.298000 0.395728 
-0.297000 0.400055 
-0.296000 0.404367 
-0.295000 0.408663 
-0.294000 0.412943 
-0.293000 0.417206 
-0.292000 0.421453 
-0.291000 0.425684 
-0.290000 0.429897 
-0.289000 0.434094 
-0.288000 0.438273 
-0.287000 0.442435 
-0.286000 0.446580 
-0.285000 0.450707 
-0.284000 0.454816 
-0.283000 0.458907 
-0.282000 0.462980 
-0.281000 0.467035 
-0.280000 0.471072 
-0.279000 0.475090 
-0.278000 0.479089 
-0.277000 0.483069 
-0.276000 0.487030 
-0.275000 0.490972 
-0.274000 0.494894 
-0.273000 0.498797 
-0.272000 0.502681 
-0.271000 0.506544 
-0.270000 0.510387 
-0.269000 0.514211 
-0.268000 0.518014 
-0.267000 0.521796 
-0.266000 0.525558 
-0.265000 0.529299 
-0.264000 0.533019 
-0.263000 0.536719 
-0.262000 0.540397 
-0.261000 0.544053 
-0.260000 0.547689 
-0.259000 0.551302 
-0.258000 0.554894 
-0.257000 0.558464 
-0.256000 0.562012 
-0.255000 0.565538 
-0.254000 0.569041 
-0.253000 0.572522 
-0.252000 0.575980 
-0.251000 0.579416 
-0.250000 0.582829 
-0.249000 0.586218 
-0.248000 0.589585 
-0.247000 0.592928 
-0.246000 0.596248 
-0.245000 0.599544 
-0.244000 0.602817 
-0.243000 0.606066 
-0.242000 0.609291 
-0.241000 0.612492 
-0.240000 0.615668 
-0.239000 0.618821 
-0.238000 0.621949 
-0.237000 0.625052 
-0.236000 0.628131 
-0.235000 0.631185 
-0.234000 0.634214 
-0.233000 0.637218 
-0.232000 0.640196 
-0.231000 0.643150 
-0.230000 0.646078 
-0.229000 0.648981 
-0.228000 0.651858 
-0.227000 0.654709 
-0.226000 0.657535 
-0.225000 0.660334 
-0.224000 0.663108 
-0.223000 0.665855 
-0.222000 0.668576 
-0.221000 0.671270 
-0.220000 0.673938 
-0.219000 0.676580 
-0.218000 0.679195 
-0.217000 0.681782 
-0.216000 0.684344 
-0.215000 0.686878 
-0.214000 0.689384 
-0.213000 0.691864 
-0.212000 0.694316 
-0.211000 0.696741 
-0.210000 0.699139 
-0.209000 0.701509 
-0.208000 0.703851 
-0.207000 0.706165 
-0.206000 0.708452 
-0.205000 0.710710 
-0.204000 0.712941 
-0.203000 0.715143 
-0.202000 0.717317 
-0.201000 0.719463 
-0.200000 0.721580 
-0.199000 0.723669 
-0.198000 0.725729 
-0.197000 0.727761 
-0.196000 0.729764 
-0.195000 0.731738 
-0.194000 0.733683 
-0.193000 0.735599 
-0.192000 0.737487 
-0.191000 0.739345 
-0.190000 0.741174 
-0.189000 0.742973 
-0.188000 0.744744 
-0.187000 0.746484 
-0.186000 0.748196 
-0.185000 0.749878 
-0.184000 0.751530 
-0.183000 0.753153 
-0.182000 0.754746 
-0.181000 0.756309 
-0.180000 0.757842 
-0.179000 0.759345 
-0.178000 0.760819 
-0.177000 0.762262 
-0.176000 0.763675 
-0.175000 0.765058 
-0.174000 0.766411 
-0.173000 0.767734 
-0.172000 0.769026 
-0.171000 0.770288 
-0.170000 0.771520 
-0.169000 0.772721 
-0.168000 0.773891 
-0.167000 0.775031 
-0.166000 0.776141 
-0.165000 0.777219 
-0.164000 0.778268 
-0.163000 0.779285 
-0.162000 0.780272 
-0.161000 0.781227 
-0.160000 0.782152 
-0.159000 0.783046 
-0.158000 0.783910 
-0.157000 0.784742 
-0.156000 0.785543 
-0.155000 0.786313 
-0.154000 0.787052 
-0.153000 0.787761 
-0.152000 0.788438 
-0.151000 0.789084 
-0.150000 0.789698 
-0.149000 0.790282 
-0.148000 0.790834 
-0.147000 0.791355 
-0.146000 0.791845 
-0.145000 0.792304 
-0.144000 0.792731 
-0.143000 0.793127 
-0.142000 0.793492 
-0.141000 0.793826 
-0.140000 0.794128 
-0.139000 0.794398 
-0.138000 0.794638 
-0.137000 0.794846 
-0.136000 0.795022 
-0.135000 0.795168 
-0.134000 0.795281 
-0.133000 0.795364 
-0.132000 0.795415 
-0.131000 0.795435 
-0.130000 0.795423 
-0.129000 0.795380 
-0.128000 0.795305 
-0.127000 0.795199 
-0.126000 0.795062 
-0.125000 0.794893 
-0.124000 0.794693 
-0.123000 0.794462 
-0.122000 0.794199 
-0.121000 0.793905 
-0.120000 0.793579 
-0.119000 0.793222 
-0.118000 0.792834 
-0.117000 0.792415 
-0.116000 0.791964 
-0.115000 0.791482 
-0.114000 0.790968 
-0.113000 0.790424 
-0.112000 0.789848 
-0.111000 0.789241 
-0.110000 0.788603 
-0.109000 0.787934 
-0.108000 0.787234 
-0.107000 0.786502 
-0.106000 0.785740 
-0.105000 0.784947 
-0.104000 0.784122 
-0.103000 0.783267 
-0.102000 0.782381 
-0.101000 0.781463 
-0.100000 0.780515 
-0.099000 0.779536 
-0.098000 0.778527 
-0.097000 0.777486 
-0.096000 0.776415 
-0.095000 0.775314 
-0.094000 0.774181 
-0.093000 0.773018 
-0.092000 0.771825 
-0.091000 0.770601 
-0.090000 0.769347 
-0.089000 0.768062 
-0.088000 0.766747 
-0.087000 0.765402 
-0.086000 0.764027 
-0.085000 0.762621 
-0.084000 0.761185 
-0.083000 0.759719 
-0.082000 0.758224 
-0.081000 0.756698 
-0.080000 0.755142 
-0.079000 0.753557 
-0.078000 0.751942 
-0.077000 0.750297 
-0.076000 0.748622 
-0.075000 0.746918 
-0.074000 0.745185 
-0.073000 0.743422 
-0.072000 0.741630 
-0.071000 0.739808 
-0.070000 0.737958 
-0.069000 0.736078 
-0.068000 0.734169 
-0.067000 0.732231 
-0.066000 0.730264 
-0.065000 0.728268 
-0.064000 0.726244 
-0.063000 0.724191 
-0.062000 0.722109 
-0.061000 0.719999 
-0.060000 0.717860 
-0.059000 0.715693 
-0.058000 0.713498 
-0.057000 0.711275 
-0.056000 0.709023 
-0.055000 0.706744 
-0.054000 0.704437 
-0.053000 0.702101 
-0.052000 0.699739 
-0.051000 0.697348 
-0.050000 0.694930 
-0.049000 0.692485 
-0.048000 0.690012 
-0.047000 0.687512 
-0.046000 0.684985 
-0.045000 0.682430 
-0.044000 0.679849 
-0.043000 0.677241 
-0.042000 0.674606 
-0.041000 0.671945 
-0.040000 0.669257 
-0.039000 0.666543 
-0.038000 0.663802 
-0.037000 0.661035 
-0.036000 0.658242 
-0.035000 0.655424 
-0.034000 0.652579 
-0.033000 0.649708 
-0.032000 0.646812 
-0.031000 0.643890 
-0.030000 0.640943 
-0.029000 0.637971 
-0.028000 0.634973 
-0.027000 0.631950 
-0.026000 0.628903 
-0.025000 0.625830 
-0.024000 0.622733 
-0.023000 0.619611 
-0.022000 0.616465 
-0.021000 0.613294 
-0.020000 0.610100 
-0.019000 0.606881 
-0.018000 0.603638 
-0.017000 0.600371 
-0.016000 0.597081 
-0.015000 0.593767 
-0.014000 0.590429 
-0.013000 0.587069 
-0.012000 0.583685 
-0.011000 0.580278 
-0.010000 0.576848 
-0.009000 0.573396 
-0.008000 0.569920 
-0.007000 0.566423 
-0.006000 0.562902 
-0.005000 0.559360 
-0.004000 0.555796 
-0.003000 0.552209 
-0.002000 0.548601 
-0.001000 0.544972 
-0.000000 0.541320 
0.001000 0.537648 
0.002000 0.533954 
0.003000 0.530239 
0.004000 0.526503 
0.005000 0.522746 
0.006000 0.518969 
0.007000 0.515171 
0.008000 0.511353 
0.009000 0.507514 
0.010000 0.503656 
0.011000 0.499778 
0.012000 0.495880 
0.013000 0.491962 
0.014000 0.488025 
0.015000 0.484069 
0.016000 0.480093 
0.017000 0.476099 
0.018000 0.472086 
0.019000 0.468054 
0.020000 0.464004 
0.021000 0.459935 
0.022000 0.455849 
0.023000 0.451744 
0.024000 0.447621 
0.025000 0.443481 
0.026000 0.439323 
0.027000 0.435148 
0.028000 0.430956 
0.029000 0.426747 
0.030000 0.422521 
0.031000 0.418278 
0.032000 0.414019 
0.033000 0.409743 
0.034000 0.405451 
0.035000 0.401143 
0.036000 0.396820 
0.037000 0.392480 
0.038000 0.388126 
0.039000 0.383755 
0.040000 0.379370 
0.041000 0.374970 
0.042000 0.370555 
0.043000 0.366125 
0.044000 0.361681 
0.045000 0.357222 
0.046000 0.352750 
0.047000 0.348263 
0.048000 0.343763 
0.049000 0.339249 
0.050000 0.334722 
0.051000 0.330182 
0.052000 0.325628 
0.053000 0.321062 
0.054000 0.316483 
0.055000 0.311892 
0.056000 0.307288 
0.057000 0.302672 
0.058000 0.298044 
0.059000 0.293404 
0.060000 0.288753 
0.061000 0.284091 
0.062000 0.279417 
0.063000 0.274732 
0.064000 0.270036 
0.065000 0.265330 
0.066000 0.260613 
0.067000 0.255886 
0.068000 0.251149 
0.069000 0.246402 
0.070000 0.241645 
0.071000 0.236878 
0.072000 0.232103 
0.073000 0.227318 
0.074000 0.222524 
0.075000 0.217721 
0.076000 0.212910 
0.077000 0.208090 
0.078000 0.203262 
0.079000 0.198426 
0.080000 0.193583 
0.081000 0.188731 
0.082000 0.183872 
0.083000 0.179006 
0.084000 0.174133 
0.085000 0.169253 
0.086000 0.164366 
0.087000 0.159473 
0.088000 0.154574 
0.089000 0.149668 
0.090000 0.144757 
0.091000 0.139839 
0.092000 0.134917 
0.093000 0.129989 
0.094000 0.125055 
0.095000 0.120117 
0.096000 0.115174 
0.097000 0.110227 
0.098000 0.105275 
0.099000 0.100319 
0.100000 0.095359 
0.101000 0.090396 
0.102000 0.085428 
0.103000 0.080458 
0.104000 0.075484 
0.105000 0.070507 
0.106000 0.065528 
0.107000 0.060545 
0.108000 0.055561 
0.109000 0.050574 
0.110000 0.045585 
0.111000 0.040595 
0.112000 0.035603 
0.113000 0.030609 
0.114000 0.025615 
0.115000 0.020619 
0.116000 0.015622 
0.117000 0.010625 
0.118000 0.005627 
0.119000 0.000630 
0.120000 -0.004368 
0.121000 -0.009366 
0.122000 -0.014363 
0.123000 -0.019360 
0.124000 -0.024356 
0.125000 -0.029351 
0.126000 -0.034345 
0.127000 -0.039337 
0.128000 -0.044328 
0.129000 -0.049317 
0.130000 -0.054305 
0.131000 -0.059290 
0.132000 -0.064272 
0.133000 -0.069253 
0.134000 -0.074230 
0.135000 -0.079205 
0.136000 -0.084176 
0.137000 -0.089144 
0.138000 -0.094109 
0.139000 -0.099070 
0.140000 -0.104027 
0.141000 -0.108979 
0.142000 -0.113928 
0.143000 -0.118872 
0.144000 -0.123811 
0.145000 -0.128746 
0.146000 -0.133675 
0.147000 -0.138599 
0.148000 -0.143518 
0.149000 -0.148431 
0.150000 -0.153338 
0.151000 -0.158239 
0.152000 -0.163134 
0.153000 -0.168022 
0.154000 -0.172904 
0.155000 -0.177779 
0.156000 -0.182647 
0.157000 -0.187508 
0.158000 -0.192361 
0.159000 -0.197207 
0.160000 -0.202045 
0.161000 -0.206874 
0.162000 -0.211696 
0.163000 -0.216510 
0.164000 -0.221315 
0.165000 -0.226111 
0.166000 -0.230898 
0.167000 -0.235676 
0.168000 -0.240445 
0.169000 -0.245204 
0.170000 -0.249954 
0.171000 -0.254693 
0.172000 -0.259423 
0.173000 -0.264142 
0.174000 -0.268851 
0.175000 -0.273550 
0.176000 -0.278237 
0.177000 -0.282914 
0.178000 -0.287579 
0.179000 -0.292234 
0.180000 -0.296876 
0.181000 -0.301507 
0.182000 -0.306126 
0.183000 -0.310733 
0.184000 -0.315327 
0.185000 -0.319909 
0.186000 -0.324479 
0.187000 -0.329036 
0.188000 -0.333579 
0.189000 -0.338110 
0.190000 -0.342627 
0.191000 -0.347131 
0.192000 -0.351621 
0.193000 -0.356097 
0.194000 -0.360559 
0.195000 -0.365007 
0.196000 -0.369440 
0.197000 -0.373859 
0.198000 -0.378263 
0.199000 -0.382652 
0.200000 -0.387026 
0.201000 -0.391384 
0.202000 -0.395728 
0.203000 -0.400055 
0.204000 -0.404367 
0.205000 -0.408663 
0.206000 -0.412943 
0.207000 -0.417206 
0.208000 -0.421453 
0.209000 -0.425684 
0.210000 -0.429897 
0.211000 -0.434094 
0.212000 -0.438273 
0.213000 -0.442435 
0.214000 -0.446580 
0.215000 -0.450707 
0.216000 -0.454816 
0.217000 -0.458907 
0.218000 -0.462980 
0.219000 -0.467035 
0.220000 -0.471072 
0.221000 -0.475090 
0.222000 -0.479089 
0.223000 -0.483069 
0.224000 -0.487030 
0.225000 -0.490972 
0.226000 -0.494894 
0.227000 -0.498797 
0.228000 -0.502681 
0.229000 -0.506544 
0.230000 -0.510387 
0.231000 -0.514211 
0.232000 -0.518014 
0.233000 -0.521796 
0.234000 -0.525558 
0.235000 -0.529299 
0.236000 -0.533019 
0.237000 -0.536719 
0.238000 -0.540397 
0.239000 -0.544053 
0.240000 -0.547689 
0.241000 -0.551302 
0.242000 -0.554894 
0.243000 -0.558464 
0.244000 -0.562012 
0.245000 -0.565538 
0.246000 -0.569041 
0.247000 -0.572522 
0.248000 -0.575980 
0.249000 -0.579416 
0.250000 -0.582829 
0.251000 -0.586218 
0.252000 -0.589585 
0.253000 -0.592928 
0.254000 -0.596248 
0.255000 -0.599544 
0.256000 -0.602817 
0.257000 -0.606066 
0.258000 -0.609291 
0.259000 -0.612492 
0.260000 -0.615668 
0.261000 -0.618821 
0.262000 -0.621949 
0.263000 -0.625052 
0.264000 -0.628131 
0.265000 -0.631185 
0.266000 -0.634214 
0.267000 -0.637218 
0.268000 -0.640196 
0.269000 -0.643150 
0.270000 -0.646078 
0.271000 -0.648981 
0.272000 -0.651858 
0.273000 -0.654709 
0.274000 -0.657535 
0.275000 -0.660334 
0.276000 -0.663108 
0.277000 -0.665855 
0.278000 -0.668576 
0.279000 -0.671270 
0.280000 -0.673938 
0.281000 -0.676580 
0.282000 -0.679195 
0.283000 -0.681782 
0.284000 -0.684344 
0.285000 -0.686878 
0.286000 -0.689384 
0.287000 -0.691864 
0.288000 -0.694316 
0.289000 -0.696741 
0.290000 -0.699139 
0.291000 -0.701509 
0.292000 -0.703851 
0.293000 -0.706165 
0.294000 -0.708452 
0.295000 -0.710710 
0.296000 -0.712941 
0.297000 -0.715143 
0.298000 -0.717317 
0.299000 -0.719463 
0.300000 -0.721580 
0.301000 -0.723669 
0.302000 -0.725729 
0.303000 -0.727761 
0.304000 -0.729764 
0.305000 -0.731738 
0.306000 -0.733683 
0.307000 -0.735599 
0.308000 -0.737487 
0.309000 -0.739345 
0.310000 -0.741174 
0.311000 -0.742973 
0.312000 -0.744744 
0.313000 -0.746484 
0.314000 -0.748196 
0.315000 -0.749878 
0.316000 -0.751530 
0.317000 -0.753153 
0.318000 -0.754746 
0.319000 -0.756309 
0.320000 -0.757842 
0.321000 -0.759345 
0.322000 -0.760819 
0.323000 -0.762262 
0.324000 -0.763675 
0.325000 -0.765058 
0.326000 -0.766411 
0.327000 -0.767734 
0.328000 -0.769026 
0.329000 -0.770288 
0.330000 -0.771520 
0.331000 -0.772721 
0.332000 -0.773891 
0.333000 -0.775031 
0.334000 -0.776141 
0.335000 -0.777219 
0.336000 -0.778268 
0.337000 -0.779285 
0.338000 -0.780272 
0.339000 -0.781227 
0.340000 -0.782152 
0.341000 -0.783046 
0.342000 -0.783910 
0.343000 -0.784742 
0.344000 -0.785543 
0.345000 -0.786313 
0.346000 -0.787052 
0.347000 -0.787761 
0.348000 -0.788438 
0.349000 -0.789084 
0.350000 -0.789698 
0.351000 -0.790282 
0.352000 -0.790834 
0.353000 -0.791355 
0.354000 -0.791845 
0.355000 -0.792304 
0.356000 -0.792731 
0.357000 -0.793127 
0.358000 -0.793492 
0.359000 -0.793826 
0.360000 -0.794128 
0.361000 -0.794398 
0.362000 -0.794638 
0.363000 -0.794846 
0.364000 -0.795022 
0.365000 -0.795168 
0.366000 -0.795281 
0.367000 -0.795364 
0.368000 -0.795415 
0.369000 -0.795435 
0.370000 -0.795423 
0.371000 -0.795380 
0.372000 -0.795305 
0.373000 -0.795199 
0.374000 -0.795062 
0.375000 -0.794893 
0.376000 -0.794693 
0.377000 -0.794462 
0.378000 -0.794199 
0.379000 -0.793905 
0.380000 -0.793579 
0.381000 -0.793222 
0.382000 -0.792834 
0.383000 -0.792415 
0.384000 -0.791964 
0.385000 -0.791482 
0.386000 -0.790968 
0.387000 -0.790424 
0.388000 -0.789848 
0.389000 -0.789241 
0.390000 -0.788603 
0.391000 -0.787934 
0.392000 -0.787234 
0.393000 -0.786502 
0.394000 -0.785740 
0.395000 -0.784947 
0.396000 -0.784122 
0.397000 -0.783267 
0.398000 -0.782381 
0.399000 -0.781463 
0.400000 -0.780515 
0.401000 -0.779536 
0.402000 -0.778527 
0.403000 -0.777486 
0.404000 -0.776415 
0.405000 -0.775314 
0.406000 -0.774181 
0.407000 -0.773018 
0.408000 -0.771825 
0.409000 -0.770601 
0.410000 -0.769347 
0.411000 -0.768062 
0.412000 -0.766747 
0.413000 -0.765402 
0.414000 -0.764027 
0.415000 -0.762621 
0.416000 -0.761185 
0.417000 -0.759719 
0.418000 -0.758224 
0.419000 -0.756698 
0.420000 -0.755142 
0.421000 -0.753557 
0.422000 -0.751942 
0.423000 -0.750297 
0.424000 -0.748622 
0.425000 -0.746918 
0.426000 -0.745185 
0.427000 -0.743422 
0.428000 -0.741630 
0.429000 -0.739808 
0.430000 -0.737958 
0.431000 -0.736078 
0.432000 -0.734169 
0.433000 -0.732231 
0.434000 -0.730264 
0.435000 -0.728268 
0.436000 -0.726244 
0.437000 -0.724191 
0.438000 -0.722109 
0.439000 -0.719999 
0.440000 -0.717860 
0.441000 -0.715693 
0.442000 -0.713498 
0.443000 -0.711275 
0.444000 -0.709023 
0.445000 -0.706744 
0.446000 -0.704437 
0.447000 -0.702101 
0.448000 -0.699739 
0.449000 -0.697348 
0.450000 -0.694930 
0.451000 -0.692485 
0.452000 -0.690012 
0.453000 -0.687512 
0.454000 -0.684985 
0.455000 -0.682430 
0.456000 -0.679849 
0.457000 -0.677241 
0.458000 -0.674606 
0.459000 -0.671945 
0.460000 -0.669257 
0.461000 -0.666543 
0.462000 -0.663802 
0.463000 -0.661035 
0.464000 -0.658242 
0.465000 -0.655424 
0.466000 -0.652579 
0.467000 -0.649708 
0.468000 -0.646812 
0.469000 -0.643890 
0.470000 -0.640943 
0.471000 -0.637971 
0.472000 -0.634973 
0.473000 -0.631950 
0.474000 -0.628903 
0.475000 -0.625830 
0.476000 -0.622733 
0.477000 -0.619611 
0.478000 -0.616465 
0.479000 -0.613294 
0.480000 -0.610100 
0.481000 -0.606881 
0.482000 -0.603638 
0.483000 -0.600371 
0.484000 -0.597081 
0.485000 -0.593767 
0.486000 -0.590429 
0.487000 -0.587069 
0.488000 -0.583685 
0.489000 -0.580278 
0.490000 -0.576848 
0.491000 -0.573396 
0.492000 -0.569920 
0.493000 -0.566423 
0.494000 -0.562902 
0.495000 -0.559360 
0.496000 -0.555796 
0.497000 -0.552209 
0.498000 -0.548601 
0.499000 -0.544972 
0.500000 -0.541320 
0.501000 -0.537648 
0.502000 -0.533954 
0.503000 -0.530239 
0.504000 -0.526503 
0.505000 -0.522746 
0.506000 -0.518969 
0.507000 -0.515171 
0.508000 -0.511353 
0.509000 -0.507514 
0.510000 -0.503656 
0.511000 -0.499778 
0.512000 -0.495880 
0.513000 -0.491962 
0.514000 -0.488025 
0.515000 -0.484069 
0.516000 -0.480093 
0.517000 -0.476099 
0.518000 -0.472086 
0.519000 -0.468054 
0.520000 -0.464004 
0.521000 -0.459935 
0.522000 -0.455849 
0.523000 -0.451744 
0.524000 -0.447621 
0.525000 -0.443481 
0.526000 -0.439323 
0.527000 -0.435148 
0.528000 -0.430956 
0.529000 -0.426747 
0.530000 -0.422521 
0.531000 -0.418278 
0.532000 -0.414019 
0.533000 -0.409743 
0.534000 -0.405451 
0.535000 -0.401143 
0.536000 -0.396820 
0.537000 -0.392480 
0.538000 -0.388126 
0.539000 -0.383755 
0.540000 -0.379370 
0.541000 -0.374970 
0.542000 -0.370555 
0.543000 -0.366125 
0.544000 -0.361681 
0.545000 -0.357222 
0.546000 -0.352750 
0.547000 -0.348263 
0.548000 -0.343763 
0.549000 -0.339249 
0.550000 -0.334722 
0.551000 -0.330182 
0.552000 -0.325628 
0.553000 -0.321062 
0.554000 -0.316483 
0.555000 -0.311892 
0.556000 -0.307288 
0.557000 -0.302672 
0.558000 -0.298044 
0.559000 -0.293404 
0.560000 -0.288753 
0.561000 -0.284091 
0.562000 -0.279417 
0.563000 -0.274732 
0.564000 -0.270036 
0.565000 -0.265330 
0.566000 -0.260613 
0.567000 -0.255886 
0.568000 -0.251149 
0.569000 -0.246402 
0.570000 -0.241645 
0.571000 -0.236878 
0.572000 -0.232103 
0.573000 -0.227318 
0.574000 -0.222524 
0.575000 -0.217721 
0.576000 -0.212910 
0.577000 -0.208090 
0.578000 -0.203262 
0.579000 -0.198426 
0.580000 -0.193583 
0.581000 -0.188731 
0.582000 -0.183872 
0.583000 -0.179006 
0.584000 -0.174133 
0.585000 -0.169253 
0.586000 -0.164366 
0.587000 -0.159473 
0.588000 -0.154574 
0.589000 -0.149668 
0.590000 -0.144757 
0.591000 -0.139839 
0.592000 -0.134917 
0.593000 -0.129989 
0.594000 -0.125055 
0.595000 -0.120117 
0.596000 -0.115174 
0.597000 -0.110227 
0.598000 -0.105275 
0.599000 -0.100319 
0.600000 -0.095359 
0.601000 -0.090396 
0.602000 -0.085428 
0.603000 -0.080458 
0.604000 -0.075484 
0.605000 -0.070507 
0.606000 -0.065528 
0.607000 -0.060545 
0.608000 -0.055561 
0.609000 -0.050574 
0.610000 -0.045585 
0.611000 -0.040595 
0.612000 -0.035603 
0.613000 -0.030609 
0.614000 -0.025615 
0.615000 -0.020619 
0.616000 -0.015622 
0.617000 -0.010625 
0.618000 -0.005627 
0.619000 -0.000630 
0.620000 0.004368 
0.621000 0.009366 
0.622000 0.014363 
0.623000 0.019360 
0.624000 0.024356 
0.625000 0.029351 
0.626000 0.034345 
0.627000 0.039337 
0.628000 0.044328 
0.629000 0.049317 
0.630000 0.054305 
0.631000 0.059290 
0.632000 0.064272 
0.633000 0.069253 
0.634000 0.074230 
0.635000 0.079205 
0.636000 0.084176 
0.637000 0.089144 
0.638000 0.094109 
0.639000 0.099070 
0.640000 0.104027 
0.641000 0.108979 
0.642000 0.113928 
0.643000 0.118872 
0.644000 0.123811 
0.645000 0.128746 
0.646000 0.133675 
0.647000 0.138599 
0.648000 0.143518 
0.649000 0.148431 
0.650000 0.153338 
0.651000 0.158239 
0.652000 0.163134 
0.653000 0.168022 
0.654000 0.172904 
0.655000 0.177779 
0.656000 0.182647 
0.657000 0.187508 
0.658000 0.192361 
0.659000 0.197207 
0.660000 0.202045 
0.661000 0.206874 
0.662000 0.211696 
0.663000 0.216510 
0.664000 0.221315 
0.665000 0.226111 
0.666000 0.230898 
0.667000 0.235676 
0.668000 0.240445 
0.669000 0.245204 
0.670000 0.249954 
0.671000 0.254693 
0.672000 0.259423 
0.673000 0.264142 
0.674000 0.268851 
0.675000 0.273550 
0.676000 0.278237 
0.677000 0.282914 
0.678000 0.287579 
0.679000 0.292234 
0.680000 0.296876 
0.681000 0.301507 
0.682000 0.306126 
0.683000 0.310733 
0.684000 0.315327 
0.685000 0.319909 
0.686000 0.324479 
0.687000 0.329036 
0.688000 0.333579 
0.689000 0.338110 
0.690000 0.342627 
0.691000 0.347131 
0.692000 0.351621 
0.693000 0.356097 
0.694000 0.360559 
0.695000 0.365007 
0.696000 0.369440 
0.697000 0.373859 
0.698000 0.378263 
0.699000 0.382652 
0.700000 0.387026 
0.701000 0.391384 
0.702000 0.395728 
0.703000 0.400055 
0.704000 0.404367 
0.705000 0.408663 
0.706000 0.412943 
0.707000 0.417206 
0.708000 0.421453 
0.709000 0.425684 
0.710000 0.429897 
0.711000 0.434094 
0.712000 0.438273 
0.713000 0.442435 
0.714000 0.446580 
0.715000 0.450707 
0.716000 0.454816 
0.717000 0.458907 
0.718000 0.462980 
0.719000 0.467035 
0.720000 0.471072 
0.721000 0.475090 
0.722000 0.479089 
0.723000 0.483069 
0.724000 0.487030 
0.725000 0.490972 
0.726000 0.494894 
0.727000 0.498797 
0.728000 0.502681 
0.729000 0.506544 
0.730000 0.510387 
0.731000 0.514211 
0.732000 0.518014 
0.733000 0.521796 
0.734000 0.525558 
0.735000 0.529299 
0.736000 0.533019 
0.737000 0.536719 
0.738000 0.540397 
0.739000 0.544053 
0.740000 0.547689 
0.741000 0.551302 
0.742000 0.554894 
0.743000 0.558464 
0.744000 0.562012 
0.745000 0.565538 
0.746000 0.569041 
0.747000 0.572522 
0.748000 0.575980 
0.749000 0.579416 
0.750000 0.582829 
0.751000 0.586218 
0.752000 0.589585 
0.753000 0.592928 
0.754000 0.596248 
0.755000 0.599544 
0.756000 0.602817 
0.757000 0.606066 
0.758000 0.609291 
0.759000 0.612492 
0.760000 0.615668 
0.761000 0.618821 
0.762000 0.621949 
0.763000 0.625052 
0.764000 0.628131 
0.765000 0.631185 
0.766000 0.634214 
0.767000 0.637218 
0.768000 0.640196 
0.769000 0.643150 
0.770000 0.646078 
0.771000 0.648981 
0.772000 0.651858 
0.773000 0.654709 
0.774000 0.657535 
0.775000 0.660334 
0.776000 0.663108 
0.777000 0.665855 
0.778000 0.668576 
0.779000 0.671270 
0.780000 0.673938 
0.781000 0.676580 
0.782000 0.679195 
0.783000 0.681782 
0.784000 0.684344 
0.785000 0.686878 
0.786000 0.689384 
0.787000 0.691864 
0.788000 0.694316 
0.789000 0.696741 
0.790000 0.699139 
0.791000 0.701509 
0.792000 0.703851 
0.793000 0.706165 
0.794000 0.708452 
0.795000 0.710710 
0.796000 0.712941 
0.797000 0.715143 
0.798000 0.717317 
0.799000 0.719463 
0.800000 0.721580 
0.801000 0.723669 
0.802000 0.725729 
0.803000 0.727761 
0.804000 0.729764 
0.805000 0.731738 
0.806000 0.733683 
0.807000 0.735599 
0.808000 0.737487 
0.809000 0.739345 
0.810000 0.741174 
0.811000 0.742973 
0.812000 0.744744 
0.813000 0.746484 
0.814000 0.748196 
0.815000 0.749878 
0.816000 0.751530 
0.817000 0.753153 
0.818000 0.754746 
0.819000 0.756309 
0.820000 0.757842 
0.821000 0.759345 
0.822000 0.760819 
0.823000 0.762262 
0.824000 0.763675 
0.825000 0.765058 
0.826000 0.766411 
0.827000 0.767734 
0.828000 0.769026 
0.829000 0.770288 
0.830000 0.771520 
0.831000 0.772721 
0.832000 0.773891 
0.833000 0.775031 
0.834000 0.776141 
0.835000 0.777219 
0.836000 0.778268 
0.837000 0.779285 
0.838000 0.780272 
0.839000 0.781227 
0.840000 0.782152 
0.841000 0.783046 
0.842000 0.783910 
0.843000 0.784742 
0.844000 0.785543 
0.845000 0.786313 
0.846000 0.787052 
0.847000 0.787761 
0.848000 0.788438 
0.849000 0.789084 
0.850000 0.789698 
0.851000 0.790282 
0.852000 0.790834 
0.853000 0.791355 
0.854000 0.791845 
0.855000 0.792304 
0.856000 0.792731 
0.857000 0.793127 
0.858000 0.793492 
0.859000 0.793826 
0.860000 0.794128 
0.861000 0.794398 
0.862000 0.794638 
0.863000 0.794846 
0.864000 0.795022 
0.865000 0.795168 
0.866000 0.795281 
0.867000 0.795364 
0.868000 0.795415 
0.869000 0.795435 
0.870000 0.795423 
0.871000 0.795380 
0.872000 0.795305 
0.873000 0.795199 
0.874000 0.795062 
0.875000 0.794893 
0.876000 0.794693 
0.877000 0.794462 
0.878000 0.794199 
0.879000 0.793905 
0.880000 0.793579 
0.881000 0.793222 
0.882000 0.792834 
0.883000 0.792415 
0.884000 0.791964 
0.885000 0.791482 
0.886000 0.790968 
0.887000 0.790424 
0.888000 0.789848 
0.889000 0.789241 
0.890000 0.788603 
0.891000 0.787934 
0.892000 0.787234 
0.893000 0.786502 
0.894000 0.785740 
0.895000 0.784947 
0.896000 0.784122 
0.897000 0.783267 
0.898000 0.782381 
0.899000 0.781463 
0.900000 0.780515 
0.901000 0.779536 
0.902000 0.778527 
0.903000 0.777486 
0.904000 0.776415 
0.905000 0.775314 
0.906000 0.774181 
0.907000 0.773018 
0.908000 0.771825 
0.909000 0.770601 
0.910000 0.769347 
0.911000 0.768062 
0.912000 0.766747 
0.913000 0.765402 
0.914000 0.764027 
0.915000 0.762621 
0.916000 0.761185 
0.917000 0.759719 
0.918000 0.758224 
0.919000 0.756698 
0.920000 0.755142 
0.921000 0.753557 
0.922000 0.751942 
0.923000 0.750297 
0.924000 0.748622 
0.925000 0.746918 
0.926000 0.745185 
0.927000 0.743422 
0.928000 0.741630 
0.929000 0.739808 
0.930000 0.737958 
0.931000 0.736078 
0.932000 0.734169 
0.933000 0.732231 
0.934000 0.730264 
0.935000 0.728268 
0.936000 0.726244 
0.937000 0.724191 
0.938000 0.722109 
0.939000 0.719999 
0.940000 0.717860 
0.941000 0.715693 
0.942000 0.713498 
0.943000 0.711275 
0.944000 0.709023 
0.945000 0.706744 
0.946000 0.704437 
0.947000 0.702101 
0.948000 0.699739 
0.949000 0.697348 
0.950000 0.694930 
0.951000 0.692485 
0.952000 0.690012 
0.953000 0.687512 
0.954000 0.684985 
0.955000 0.682430 
0.956000 0.679849 
0.957000 0.677241 
0.958000 0.674606 
0.959000 0.671945 
0.960000 0.669257 
0.961000 0.666543 
0.962000 0.663802 
0.963000 0.661035 
0.964000 0.658242 
0.965000 0.655424 
0.966000 0.652579 
0.967000 0.649708 
0.968000 0.646812 
0.969000 0.643890 
0.970000 0.640943 
0.971000 0.637971 
0.972000 0.634973 
0.973000 0.631950 
0.974000 0.628903 
0.975000 0.625830 
0.976000 0.622733 
0.977000 0.619611 
0.978000 0.616465 
0.979000 0.613294 
0.980000 0.610100 
0.981000 0.606881 
0.982000 0.603638 
0.983000 0.600371 
0.984000 0.597081 
0.985000 0.593767 
0.986000 0.590429 
0.987000 0.587069 
0.988000 0.583685 
0.989000 0.580278 
0.990000 0.576848 
0.991000 0.573396 
0.992000 0.569920 
0.993000 0.566423 
0.994000 0.562902 
0.995000 0.559360 
0.996000 0.555796 
0.997000 0.552209 
0.998000 0.548601 
0.999000 0.544972 
1.000000 0.541320 
1.001000 0.537648 
1.002000 0.533954 
1.003000 0.530239 
1.004000 0.526503 
1.005000 0.522746 
1.006000 0.518969 
1.007000 0.515171 
1.008000 0.511353 
1.009000 0.507514 
1.010000 0.503656 
1.011000 0.499778 
1.012000 0.495880 
1.013000 0.491962 
1.014000 0.488025 
1.015000 0.484069 
1.016000 0.480093 
1.017000 0.476099 
1.018000 0.472086 
1.019000 0.468054 
1.020000 0.464004 
1.021000 0.459935 
1.022000 0.455849 
1.023000 0.451744 
1.024000 0.447621 
1.025000 0.443481 
1.026000 0.439323 
1.027000 0.435148 
1.028000 0.430956 
1.029000 0.426747 
1.030000 0.422521 
1.031000 0.418278 
1.032000 0.414019 
1.033000 0.409743 
1.034000 0.405451 
1.035000 0.401143 
1.036000 0.396820 
1.037000 0.392480 
1.038000 0.388126 
1.039000 0.383755 
1.040000 0.379370 
1.041000 0.374970 
1.042000 0.370555 
1.043000 0.366125 
1.044000 0.361681 
1.045000 0.357222 
1.046000 0.352750 
1.047000 0.348263 
1.048000 0.343763 
1.049000 0.339249 
1.050000 0.334722 
1.051000 0.330182 
1.052000 0.325628 
1.053000 0.321062 
1.054000 0.316483 
1.055000 0.311892 
1.056000 0.307288 
1.057000 0.302672 
1.058000 0.298044 
1.059000 0.293404 
1.060000 0.288753 
1.061000 0.284091 
1.062000 0.279417 
1.063000 0.274732 
1.064000 0.270036 
1.065000 0.265330 
1.066000 0.260613 
1.067000 0.255886 
1.068000 0.251149 
1.069000 0.246402 
1.070000 0.241645 
1.071000 0.236878 
1.072000 0.232103 
1.073000 0.227318 
1.074000 0.222524 
1.075000 0.217721 
1.076000 0.212910 
1.077000 0.208090 
1.078000 0.203262 
1.079000 0.198426 
1.080000 0.193583 
1.081000 0.188731 
1.082000 0.183872 
1.083000 0.179006 
1.084000 0.174133 
1.085000 0.169253 
1.086000 0.164366 
1.087000 0.159473 
1.088000 0.154574 
1.089000 0.149668 
1.090000 0.144757 
1.091000 0.139839 
1.092000 0.134917 
1.093000 0.129989 
1.094000 0.125055 
1.095000 0.120117 
1.096000 0.115174 
1.097000 0.110227 
1.098000 0.105275 
1.099000 0.100319 
1.100000 0.095359 
1.101000 0.090396 
1.102000 0.085428 
1.103000 0.080458 
1.104000 0.075484 
1.105000 0.070507 
1.106000 0.065528 
1.107000 0.060545 
1.108000 0.055561 
1.109000 0.050574 
1.110000 0.045585 
1.111000 0.040595 
1.112000 0.035603 
1.113000 0.030609 
1.114000 0.025615 
1.115000 0.020619 
1.116000 0.015622 
1.117000 0.010625 
1.118000 0.005627 
1.119000 0.000630 
1.120000 -0.004368 
1.121000 -0.009366 
1.122000 -0.014363 
1.123000 -0.019360 
1.124000 -0.024356 
1.125000 -0.029351 
1.126000 -0.034345 
1.127000 -0.039337 
1.128000 -0.044328 
1.129000 -0.049317 
1.130000 -0.054305 
1.131000 -0.059290 
1.132000 -0.064272 
1.133000 -0.069253 
1.134000 -0.074230 
1.135000 -0.079205 
1.136000 -0.084176 
1.137000 -0.089144 
1.138000 -0.094109 
1.139000 -0.099070 
1.140000 -0.104027 
1.141000 -0.108979 
1.142000 -0.113928 
1.143000 -0.118872 
1.144000 -0.123811 
1.145000 -0.128746 
1.146000 -0.133675 
1.147000 -0.138599 
1.148000 -0.143518 
1.149000 -0.148431 
1.150000 -0.153338 
1.151000 -0.158239 
1.152000 -0.163134 
1.153000 -0.168022 
1.154000 -0.172904 
1.155000 -0.177779 
1.156000 -0.182647 
1.157000 -0.187508 
1.158000 -0.192361 
1.159000 -0.197207 
1.160000 -0.202045 
1.161000 -0.206874 
1.162000 -0.211696 
1.163000 -0.216510 
1.164000 -0.221315 
1.165000 -0.226111 
1.166000 -0.230898 
1.167000 -0.235676 
1.168000 -0.240445 
1.169000 -0.245204 
1.170000 -0.249954 
1.171000 -0.254693 
1.172000 -0.259423 
1.173000 -0.264142 
1.174000 -0.268851 
1.175000 -0.273550 
1.176000 -0.278237 
1.177000 -0.282914 
1.178000 -0.287579 
1.179000 -0.292234 
1.180000 -0.296876 
1.181000 -0.301507 
1.182000 -0.306126 
1.183000 -0.310733 
1.184000 -0.315327 
1.185000 -0.319909 
1.186000 -0.324479 
1.187000 -0.329036 
1.188000 -0.333579 
1.189000 -0.338110 
1.190000 -0.342627 
1.191000 -0.347131 
1.192000 -0.351621 
1.193000 -0.356097 
1.194000 -0.360559 
1.195000 -0.365007 
1.196000 -0.369440 
1.197000 -0.373859 
1.198000 -0.378263 
1.199000 -0.382652 
1.200000 -0.387026 
1.201000 -0.391384 
1.202000 -0.395728 
1.203000 -0.400055 
1.204000 -0.404367 
1.205000 -0.408663 
1.206000 -0.412943 
1.207000 -0.417206 
1.208000 -0.421453 
1.209000 -0.425684 
1.210000 -0.429897 
1.211000 -0.434094 
1.212000 -0.438273 
1.213000 -0.442435 
1.214000 -0.446580 
1.215000 -0.450707 
1.216000 -0.454816 
1.217000 -0.458907 
1.218000 -0.462980 
1.219000 -0.467035 
1.220000 -0.471072 
1.221000 -0.475090 
1.222000 -0.479089 
1.223000 -0.483069 
1.224000 -0.487030 
1.225000 -0.490972 
1.226000 -0.494894 
1.227000 -0.498797 
1.228000 -0.502681 
1.229000 -0.506544 
1.230000 -0.510387 
1.231000 -0.514211 
1.232000 -0.518014 
1.233000 -0.521796 
1.234000 -0.525558 
1.235000 -0.529299 
1.236000 -0.533019 
1.237000 -0.536719 
1.238000 -0.540397 
1.239000 -0.544053 
1.240000 -0.547689 
1.241000 -0.551302 
1.242000 -0.554894 
1.243000 -0.558464 
1.244000 -0.562012 
1.245000 -0.565538 
1.246000 -0.569041 
1.247000 -0.572522 
1.248000 -0.575980 
1.249000 -0.579416 
1.250000 -0.582829 
1.251000 -0.586218 
1.252000 -0.589585 
1.253000 -0.592928 
1.254000 -0.596248 
1.255000 -0.599544 
1.256000 -0.602817 
1.257000 -0.606066 
1.258000 -0.609291 
1.259000 -0.612492 
1.260000 -0.615668 
1.261000 -0.618821 
1.262000 -0.621949 
1.263000 -0.625052 
1.264000 -0.628131 
1.265000 -0.631185 
1.266000 -0.634214 
1.267000 -0.637218 
1.268000 -0.640196 
1.269000 -0.643150 
1.270000 -0.646078 
1.271000 -0.648981 
1.272000 -0.651858 
1.273000 -0.654709 
1.274000 -0.657535 
1.275000 -0.660334 
1.276000 -0.663108 
1.277000 -0.665855 
1.278000 -0.668576 
1.279000 -0.671270 
1.280000 -0.673938 
1.281000 -0.676580 
1.282000 -0.679195 
1.283000 -0.681782 
1.284000 -0.684344 
1.285000 -0.686878 
1.286000 -0.689384 
1.287000 -0.691864 
1.288000 -0.694316 
1.289000 -0.696741 
1.290000 -0.699139 
1.291000 -0.701509 
1.292000 -0.703851 
1.293000 -0.706165 
1.294000 -0.708452 
1.295000 -0.710710 
1.296000 -0.712941 
1.297000 -0.715143 
1.298000 -0.717317 
1.299000 -0.719463 
1.300000 -0.721580 
1.301000 -0.723669 
1.302000 -0.725729 
1.303000 -0.727761 
1.304000 -0.729764 
1.305000 -0.731738 
1.306000 -0.733683 
1.307000 -0.735599 
1.308000 -0.737487 
1.309000 -0.739345 
1.310000 -0.741174 
1.311000 -0.742973 
1.312000 -0.744744 
1.313000 -0.746484 
1.314000 -0.748196 
1.315000 -0.749878 
1.316000 -0.751530 
1.317000 -0.753153 
1.318000 -0.754746 
1.319000 -0.756309 
1.320000 -0.757842 
1.321000 -0.759345 
1.322000 -0.760819 
1.323000 -0.762262 
1.324000 -0.763675 
1.325000 -0.765058 
1.326000 -0.766411 
1.327000 -0.767734 
1.328000 -0.769026 
1.329000 -0.770288 
1.330000 -0.771520 
1.331000 -0.772721 
1.332000 -0.773891 
1.333000 -0.775031 
1.334000 -0.776141 
1.335000 -0.777219 
1.336000 -0.778268 
1.337000 -0.779285 
1.338000 -0.780272 
1.339000 -0.781227 
1.340000 -0.782152 
1.341000 -0.783046 
1.342000 -0.783910 
1.343000 -0.784742 
1.344000 -0.785543 
1.345000 -0.786313 
1.346000 -0.787052 
1.347000 -0.787761 
1.348000 -0.788438 
1.349000 -0.789084 
1.350000 -0.789698 
1.351000 -0.790282 
1.352000 -0.790834 
1.353000 -0.791355 
1.354000 -0.791845 
1.355000 -0.792304 
1.356000 -0.792731 
1.357000 -0.793127 
1.358000 -0.793492 
1.359000 -0.793826 
1.360000 -0.794128 
1.361000 -0.794398 
1.362000 -0.794638 
1.363000 -0.794846 
1.364000 -0.795022 
1.365000 -0.795168 
1.366000 -0.795281 
1.367000 -0.795364 
1.368000 -0.795415 
1.369000 -0.795435 
1.370000 -0.795423 
1.371000 -0.795380 
1.372000 -0.795305 
1.373000 -0.795199 
1.374000 -0.795062 
1.375000 -0.794893 
1.376000 -0.794693 
1.377000 -0.794462 
1.378000 -0.794199 
1.379000 -0.793905 
1.380000 -0.793579 
1.381000 -0.793222 
1.382000 -0.792834 
1.383000 -0.792415 
1.384000 -0.791964 
1.385000 -0.791482 
1.386000 -0.790968 
1.387000 -0.790424 
1.388000 -0.789848 
1.389000 -0.789241 
1.390000 -0.788603 
1.391000 -0.787934 
1.392000 -0.787234 
1.393000 -0.786502 
1.394000 -0.785740 
1.395000 -0.784947 
1.396000 -0.784122 
1.397000 -0.783267 
1.398000 -0.782381 
1.399000 -0.781463 
1.400000 -0.780515 
1.401000 -0.779536 
1.402000 -0.778527 
1.403000 -0.777486 
1.404000 -0.776415 
1.405000 -0.775314 
1.406000 -0.774181 
1.407000 -0.773018 
1.408000 -0.771825 
1.409000 -0.770601 
1.410000 -0.769347 
1.411000 -0.768062 
1.412000 -0.766747 
1.413000 -0.765402 
1.414000 -0.764027 
1.415000 -0.762621 
1.416000 -0.761185 
1.417000 -0.759719 
1.418000 -0.758224 
1.419000 -0.756698 
1.420000 -0.755142 
1.421000 -0.753557 
1.422000 -0.751942 
1.423000 -0.750297 
1.424000 -0.748622 
1.425000 -0.746918 
1.426000 -0.745185 
1.427000 -0.743422 
1.428000 -0.741630 
1.429000 -0.739808 
1.430000 -0.737958 
1.431000 -0.736078 
1.432000 -0.734169 
1.433000 -0.732231 
1.434000 -0.730264 
1.435000 -0.728268 
1.436000 -0.726244 
1.437000 -0.724191 
1.438000 -0.722109 
1.439000 -0.719999 
1.440000 -0.717860 
1.441000 -0.715693 
1.442000 -0.713498 
1.443000 -0.711275 
1.444000 -0.709023 
1.445000 -0.706744 
1.446000 -0.704437 
1.447000 -0.702101 
1.448000 -0.699739 
1.449000 -0.697348 
1.450000 -0.694930 
1.451000 -0.692485 
1.452000 -0.690012 
1.453000 -0.687512 
1.454000 -0.684985 
1.455000 -0.682430 
1.456000 -0.679849 
1.457000 -0.677241 
1.458000 -0.674606 
1.459000 -0.671945 
1.460000 -0.669257 
1.461000 -0.666543 
1.462000 -0.663802 
1.463000 -0.661035 
1.464000 -0.658242 
1.465000 -0.655424 
1.466000 -0.652579 
1.467000 -0.649708 
1.468000 -0.646812 
1.469000 -0.643890 
1.470000 -0.640943 
1.471000 -0.637971 
1.472000 -0.634973 
1.473000 -0.631950 
1.474000 -0.628903 
1.475000 -0.625830 
1.476000 -0.622733 
1.477000 -0.619611 
1.478000 -0.616465 
1.479000 -0.613294 
1.480000 -0.610100 
1.481000 -0.606881 
1.482000 -0.603638 
1.483000 -0.600371 
1.484000 -0.597081 
1.485000 -0.593767 
1.486000 -0.590429 
1.487000 -0.587069 
1.488000 -0.583685 
1.489000 -0.580278 
1.490000 -0.576848 
1.491000 -0.573396 
1.492000 -0.569920 
1.493000 -0.566423 
1.494000 -0.562902 
1.495000 -0.559360 
1.496000 -0.555796 
1.497000 -0.552209 
1.498000 -0.548601 
1.499000 -0.544972 
