descriptor Tc_phase m_phase 
-1.500000 -0.000000 
-1.499000 0.004998 
-1.498000 0.009995 
-1.497000 0.014993 
-1.496000 0.019989 
-1.495000 0.024985 
-1.494000 0.029980 
-1.493000 0.034974 
-1.492000 0.039966 
-1.491000 0.044957 
-1.490000 0.049946 
-1.489000 0.054933 
-1.488000 0.059918 
-1.487000 0.064900 
-1.486000 0.069880 
-1.485000 0.074857 
-1.484000 0.079831 
-1.483000 0.084802 
-1.482000 0.089770 
-1.481000 0.094734 
-1.480000 0.099694 
-1.479000 0.104651 
-1.478000 0.109603 
-1.477000 0.114551 
-1.476000 0.119495 
-1.475000 0.124433 
-1.474000 0.129367 
-1.473000 0.134296 
-1.472000 0.139219 
-1.471000 0.144137 
-1.470000 0.149050 
-1.469000 0.153956 
-1.468000 0.158856 
-1.467000 0.163750 
-1.466000 0.168638 
-1.465000 0.173519 
-1.464000 0.178393 
-1.463000 0.183260 
-1.462000 0.188120 
-1.461000 0.192972 
-1.460000 0.197817 
-1.459000 0.202654 
-1.458000 0.207482 
-1.457000 0.212303 
-1.456000 0.217115 
-1.455000 0.221919 
-1.454000 0.226714 
-1.453000 0.231500 
-1.452000 0.236277 
-1.451000 0.241045 
-1.450000 0.245803 
-1.449000 0.250551 
-1.448000 0.255290 
-1.447000 0.260018 
-1.446000 0.264736 
-1.445000 0.269444 
-1.444000 0.274141 
-1.443000 0.278827 
-1.442000 0.283502 
-1.441000 0.288166 
-1.440000 0.292819 
-1.439000 0.297460 
-1.438000 0.302090 
-1.437000 0.306707 
-1.436000 0.311312 
-1.435000 0.315905 
-1.434000 0.320486 
-1.433000 0.325054 
-1.432000 0.329609 
-1.431000 0.334151 
-1.430000 0.338680 
-1.429000 0.343195 
-1.428000 0.347697 
-1.427000 0.352185 
-1.426000 0.356660 
-1.425000 0.361120 
-1.424000 0.365566 
-1.423000 0.369997 
-1.422000 0.374414 
-1.421000 0.378816 
-1.420000 0.383204 
-1.419000 0.387576 
-1.418000 0.391933 
-1.417000 0.396274 
-1.416000 0.400599 
-1.415000 0.404909 
-1.414000 0.409203 
-1.413000 0.413481 
-1.412000 0.417742 
-1.411000 0.421987 
-1.410000 0.426215 
-1.409000 0.430427 
-1.408000 0.434621 
-1.407000 0.438798 
-1.406000 0.442958 
-1.405000 0.447101 
-1.404000 0.451226 
-1.403000 0.455332 
-1.402000 0.459421 
-1.401000 0.463492 
-1.400000 0.467545 
-1.399000 0.471579 
-1.398000 0.475595 
-1.397000 0.479591 
-1.396000 0.483569 
-1.395000 0.487528 
-1.394000 0.491467 
-1.393000 0.495387 
-1.392000 0.499288 
-1.391000 0.503168 
-1.390000 0.507029 
-1.389000 0.510870 
-1.388000 0.514691 
-1.387000 0.518491 
-1.386000 0.522271 
-1.385000 0.526031 
-1.384000 0.529769 
-1.383000 0.533487 
-1.382000 0.537183 
-1.381000 0.540859 
-1.380000 0.544513 
-1.379000 0.548145 
-1.378000 0.551756 
-1.377000 0.555345 
-1.376000 0.558912 
-1.375000 0.562457 
-1.374000 0.565980 
-1.373000 0.569481 
-1.372000 0.572959 
-1.371000 0.576414 
-1.370000 0.579847 
-1.369000 0.583257 
-1.368000 0.586644 
-1.367000 0.590007 
-1.366000 0.593348 
-1.365000 0.596665 
-1.364000 0.599958 
-1.363000 0.603228 
-1.362000 0.606473 
-1.361000 0.609695 
-1.360000 0.612893 
-1.359000 0.616067 
-1.358000 0.619216 
-1.357000 0.622341 
-1.356000 0.625441 
-1.355000 0.628517 
-1.354000 0.631568 
-1.353000 0.634594 
-1.352000 0.637594 
-1.351000 0.640570 
-1.350000 0.643520 
-1.349000 0.646445 
-1.348000 0.649345 
-1.347000 0.652219 
-1.346000 0.655067 
-1.345000 0.657889 
-1.344000 0.660685 
-1.343000 0.663455 
-1.342000 0.666199 
-1.341000 0.668917 
-1.340000 0.671608 
-1.339000 0.674273 
-1.338000 0.676911 
-1.337000 0.679522 
-1.336000 0.682107 
-1.335000 0.684664 
-1.334000 0.687195 
-1.333000 0.689698 
-1.332000 0.692175 
-1.331000 0.694623 
-1.330000 0.697045 
-1.329000 0.699439 
-1.328000 0.701805 
-1.327000 0.704144 
-1.326000 0.706455 
-1.325000 0.708738 
-1.324000 0.710993 
-1.323000 0.713220 
-1.322000 0.715418 
-1.321000 0.717589 
-1.320000 0.719731 
-1.319000 0.721845 
-1.318000 0.723930 
-1.317000 0.725987 
-1.316000 0.728015 
-1.315000 0.730014 
-1.314000 0.731985 
-1.313000 0.733926 
-1.312000 0.735839 
-1.311000 0.737722 
-1.310000 0.739577 
-1.309000 0.741402 
-1.308000 0.743198 
-1.307000 0.744964 
-1.306000 0.746702 
-1.305000 0.748409 
-1.304000 0.750088 
-1.303000 0.751736 
-1.302000 0.753355 
-1.301000 0.754944 
-1.300000 0.756504 
-1.299000 0.758033 
-1.298000 0.759533 
-1.297000 0.761002 
-1.296000 0.762442 
-1.295000 0.763851 
-1.294000 0.765230 
-1.293000 0.766579 
-1.292000 0.767898 
-1.291000 0.769187 
-1.290000 0.770445 
-1.289000 0.771673 
-1.288000 0.772870 
-1.287000 0.774037 
-1.286000 0.775173 
-1.285000 0.776278 
-1.284000 0.777353 
-1.283000 0.778397 
-1.282000 0.779411 
-1.281000 0.780394 
-1.280000 0.781346 
-1.279000 0.782267 
-1.278000 0.783157 
-1.277000 0.784016 
-1.276000 0.784844 
-1.275000 0.785642 
-1.274000 0.786408 
-1.273000 0.787143 
-1.272000 0.787848 
-1.271000 0.788521 
-1.270000 0.789163 
-1.269000 0.789773 
-1.268000 0.790353 
-1.267000 0.790902 
-1.266000 0.791419 
-1.265000 0.791905 
-1.264000 0.792359 
-1.263000 0.792783 
-1.262000 0.793175 
-1.261000 0.793536 
-1.260000 0.793865 
-1.259000 0.794163 
-1.258000 0.794430 
-1.257000 0.794666 
-1.256000 0.794870 
-1.255000 0.795042 
-1.254000 0.795184 
-1.253000 0.795294 
-1.252000 0.795372 
-1.251000 0.795419 
-1.250000 0.795435 
-1.249000 0.795419 
-1.248000 0.795372 
-1.247000 0.795294 
-1.246000 0.795184 
-1.245000 0.795042 
-1.244000 0.794870 
-1.243000 0.794666 
-1.242000 0.794430 
-1.241000 0.794163 
-1.240000 0.793865 
-1.239000 0.793536 
-1.238000 0.793175 
-1.237000 0.792783 
-1.236000 0.792359 
-1.235000 0.791905 
-1.234000 0.791419 
-1.233000 0.790902 
-1.232000 0.790353 
-1.231000 0.789773 
-1.230000 0.789163 
-1.229000 0.788521 
-1.228000 0.787848 
-1.227000 0.787143 
-1.226000 0.786408 
-1.225000 0.785642 
-1.224000 0.784844 
-1.223000 0.784016 
-1.222000 0.783157 
-1.221000 0.782267 
-1.220000 0.781346 
-1.219000 0.780394 
-1.218000 0.779411 
-1.217000 0.778397 
-1.216000 0.777353 
-1.215000 0.776278 
-1.214000 0.775173 
-1.213000 0.774037 
-1.212000 0.772870 
-1.211000 0.771673 
-1.210000 0.770445 
-1.209000 0.769187 
-1.208000 0.767898 
-1.207000 0.766579 
-1.206000 0.765230 
-1.205000 0.763851 
-1.204000 0.762442 
-1.203000 0.761002 
-1.202000 0.759533 
-1.201000 0.758033 
-1.200000 0.756504 
-1.199000 0.754944 
-1.198000 0.753355 
-1.197000 0.751736 
-1.196000 0.750088 
-1.195000 0.748409 
-1.194000 0.746702 
-1.193000 0.744964 
-1.192000 0.743198 
-1.191000 0.741402 
-1.190000 0.739577 
-1.189000 0.737722 
-1.188000 0.735839 
-1.187000 0.733926 
-1.186000 0.731985 
-1.185000 0.730014 
-1.184000 0.728015 
-1.183000 0.725987 
-1.182000 0.723930 
-1.181000 0.721845 
-1.180000 0.719731 
-1.179000 0.717589 
-1.178000 0.715418 
-1.177000 0.713220 
-1.176000 0.710993 
-1.175000 0.708738 
-1.174000 0.706455 
-1.173000 0.704144 
-1.172000 0.701805 
-1.171000 0.699439 
-1.170000 0.697045 
-1.169000 0.694623 
-1.168000 0.692175 
-1.167000 0.689698 
-1.166000 0.687195 
-1.165000 0.684664 
-1.164000 0.682107 
-1.163000 0.679522 
-1.162000 0.676911 
-1.161000 0.674273 
-1.160000 0.671608 
-1.159000 0.668917 
-1.158000 0.666199 
-1.157000 0.663455 
-1.156000 0.660685 
-1.155000 0.657889 
-1.154000 0.655067 
-1.153000 0.652219 
-1.152000 0.649345 
-1.151000 0.646445 
-1.150000 0.643520 
-1.149000 0.640570 
-1.148000 0.637594 
-1.147000 0.634594 
-1.146000 0.631568 
-1.145000 0.628517 
-1.144000 0.625441 
-1.143000 0.622341 
-1.142000 0.619216 
-1.141000 0.616067 
-1.140000 0.612893 
-1.139000 0.609695 
-1.138000 0.606473 
-1.137000 0.603228 
-1.136000 0.599958 
-1.135000 0.596665 
-1.134000 0.593348 
-1.133000 0.590007 
-1.132000 0.586644 
-1.131000 0.583257 
-1.130000 0.579847 
-1.129000 0.576414 
-1.128000 0.572959 
-1.127000 0.569481 
-1.126000 0.565980 
-1.125000 0.562457 
-1.124000 0.558912 
-1.123000 0.555345 
-1.122000 0.551756 
-1.121000 0.548145 
-1.120000 0.544513 
-1.119000 0.540859 
-1.118000 0.537183 
-1.117000 0.533487 
-1.116000 0.529769 
-1.115000 0.526031 
-1.114000 0.522271 
-1.113000 0.518491 
-1.112000 0.514691 
-1.111000 0.510870 
-1.110000 0.507029 
-1.109000 0.503168 
-1.108000 0.499288 
-1.107000 0.495387 
-1.106000 0.491467 
-1.105000 0.487528 
-1.104000 0.483569 
-1.103000 0.479591 
-1.102000 0.475595 
-1.101000 0.471579 
-1.100000 0.467545 
-1.099000 0.463492 
-1.098000 0.459421 
-1.097000 0.455333 
-1.096000 0.451226 
-1.095000 0.447101 
-1.094000 0.442958 
-1.093000 0.438798 
-1.092000 0.434621 
-1.091000 0.430427 
-1.090000 0.426215 
-1.089000 0.421987 
-1.088000 0.417742 
-1.087000 0.413481 
-1.086000 0.409203 
-1.085000 0.404909 
-1.084000 0.400599 
-1.083000 0.396274 
-1.082000 0.391933 
-1.081000 0.387576 
-1.080000 0.383204 
-1.079000 0.378816 
-1.078000 0.374414 
-1.077000 0.369997 
-1.076000 0.365566 
-1.075000 0.361120 
-1.074000 0.356660 
-1.073000 0.352185 
-1.072000 0.347697 
-1.071000 0.343195 
-1.070000 0.338680 
-1.069000 0.334151 
-1.068000 0.329609 
-1.067000 0.325054 
-1.066000 0.320486 
-1.065000 0.315905 
-1.064000 0.311312 
-1.063000 0.306707 
-1.062000 0.302090 
-1.061000 0.297460 
-1.060000 0.292819 
-1.059000 0.288166 
-1.058000 0.283502 
-1.057000 0.278827 
-1.056000 0.274141 
-1.055000 0.269444 
-1.054000 0.264736 
-1.053000 0.260018 
-1.052000 0.255290 
-1.051000 0.250551 
-1.050000 0.245803 
-1.049000 0.241045 
-1.048000 0.236277 
-1.047000 0.231500 
-1.046000 0.226714 
-1.045000 0.221919 
-1.044000 0.217115 
-1.043000 0.212303 
-1.042000 0.207482 
-1.041000 0.202654 
-1.040000 0.197817 
-1.039000 0.192972 
-1.038000 0.188120 
-1.037000 0.183260 
-1.036000 0.178393 
-1.035000 0.173519 
-1.034000 0.168638 
-1.033000 0.163750 
-1.032000 0.158856 
-1.031000 0.153956 
-1.030000 0.149050 
-1.029000 0.144137 
-1.028000 0.139219 
-1.027000 0.134296 
-1.026000 0.129367 
-1.025000 0.124433 
-1.024000 0.119495 
-1.023000 0.114551 
-1.022000 0.109603 
-1.021000 0.104651 
-1.020000 0.099694 
-1.019000 0.094734 
-1.018000 0.089770 
-1.017000 0.084802 
-1.016000 0.079831 
-1.015000 0.074857 
-1.014000 0.069880 
-1.013000 0.064900 
-1.012000 0.059918 
-1.011000 0.054933 
-1.010000 0.049946 
-1.009000 0.044957 
-1.008000 0.039966 
-1.007000 0.034974 
-1.006000 0.029980 
-1.005000 0.024985 
-1.004000 0.019989 
-1.003000 0.014993 
-1.002000 0.009995 
-1.001000 0.004998 
-1.000000 0.000000 
-0.999000 -0.004998 
-0.998000 -0.009995 
-0.997000 -0.014993 
-0.996000 -0.019989 
-0.995000 -0.024985 
-0.994000 -0.029980 
-0.993000 -0.034974 
-0.992000 -0.039966 
-0.991000 -0.044957 
-0.990000 -0.049946 
-0.989000 -0.054933 
-0.988000 -0.059918 
-0.987000 -0.064900 
-0.986000 -0.069880 
-0.985000 -0.074857 
-0.984000 -0.079831 
-0.983000 -0.084802 
-0.982000 -0.089770 
-0.981000 -0.094734 
-0.980000 -0.099694 
-0.979000 -0.104651 
-0.978000 -0.109603 
-0.977000 -0.114551 
-0.976000 -0.119495 
-0.975000 -0.124433 
-0.974000 -0.129367 
-0.973000 -0.134296 
-0.972000 -0.139219 
-0.971000 -0.144137 
-0.970000 -0.149050 
-0.969000 -0.153956 
-0.968000 -0.158856 
-0.967000 -0.163750 
-0.966000 -0.168638 
-0.965000 -0.173519 
-0.964000 -0.178393 
-0.963000 -0.183260 
-0.962000 -0.188120 
-0.961000 -0.192972 
-0.960000 -0.197817 
-0.959000 -0.202654 
-0.958000 -0.207482 
-0.957000 -0.212303 
-0.956000 -0.217115 
-0.955000 -0.221919 
-0.954000 -0.226714 
-0.953000 -0.231500 
-0.952000 -0.236277 
-0.951000 -0.241045 
-0.950000 -0.245803 
-0.949000 -0.250551 
-0.948000 -0.255290 
-0.947000 -0.260018 
-0.946000 -0.264736 
-0.945000 -0.269444 
-0.944000 -0.274141 
-0.943000 -0.278827 
-0.942000 -0.283502 
-0.941000 -0.288166 
-0.940000 -0.292819 
-0.939000 -0.297460 
-0.938000 -0.302090 
-0.937000 -0.306707 
-0.936000 -0.311312 
-0.935000 -0.315905 
-0.934000 -0.320486 
-0.933000 -0.325054 
-0.932000 -0.329609 
-0.931000 -0.334151 
-0.930000 -0.338680 
-0.929000 -0.343195 
-0.928000 -0.347697 
-0.927000 -0.352185 
-0.926000 -0.356660 
-0.925000 -0.361120 
-0.924000 -0.365566 
-0.923000 -0.369997 
-0.922000 -0.374414 
-0.921000 -0.378816 
-0.920000 -0.383204 
-0.919000 -0.387576 
-0.918000 -0.391933 
-0.917000 -0.396274 
-0.916000 -0.400599 
-0.915000 -0.404909 
-0.914000 -0.409203 
-0.913000 -0.413481 
-0.912000 -0.417742 
-0.911000 -0.421987 
-0.910000 -0.426215 
-0.909000 -0.430427 
-0.908000 -0.434621 
-0.907000 -0.438798 
-0.906000 -0.442958 
-0.905000 -0.447101 
-0.904000 -0.451226 
-0.903000 -0.455333 
-0.902000 -0.459421 
-0.901000 -0.463492 
-0.900000 -0.467545 
-0.899000 -0.471579 
-0.898000 -0.475595 
-0.897000 -0.479591 
-0.896000 -0.483569 
-0.895000 -0.487528 
-0.894000 -0.491467 
-0.893000 -0.495387 
-0.892000 -0.499288 
-0.891000 -0.503168 
-0.890000 -0.507029 
-0.889000 -0.510870 
-0.888000 -0.514691 
-0.887000 -0.518491 
-0.886000 -0.522271 
-0.885000 -0.526031 
-0.884000 -0.529769 
-0.883000 -0.533487 
-0.882000 -0.537183 
-0.881000 -0.540859 
-0.880000 -0.544513 
-0.879000 -0.548145 
-0.878000 -0.551756 
-0.877000 -0.555345 
-0.876000 -0.558912 
-0.875000 -0.562457 
-0.874000 -0.565980 
-0.873000 -0.569481 
-0.872000 -0.572959 
-0.871000 -0.576414 
-0.870000 -0.579847 
-0.869000 -0.583257 
-0.868000 -0.586644 
-0.867000 -0.590007 
-0.866000 -0.593348 
-0.865000 -0.596665 
-0.864000 -0.599958 
-0.863000 -0.603228 
-0.862000 -0.606473 
-0.861000 -0.609695 
-0.860000 -0.612893 
-0.859000 -0.616067 
-0.858000 -0.619216 
-0.857000 -0.622341 
-0.856000 -0.625441 
-0.855000 -0.628517 
-0.854000 -0.631568 
-0.853000 -0.634594 
-0.852000 -0.637594 
-0.851000 -0.640570 
-0.850000 -0.643520 
-0.849000 -0.646445 
-0.848000 -0.649345 
-0.847000 -0.652219 
-0.846000 -0.655067 
-0.845000 -0.657889 
-0.844000 -0.660685 
-0.843000 -0.663455 
-0.842000 -0.666199 
-0.841000 -0.668917 
-0.840000 -0.671608 
-0.839000 -0.674273 
-0.838000 -0.676911 
-0.837000 -0.679522 
-0.836000 -0.682107 
-0.835000 -0.684664 
-0.834000 -0.687195 
-0.833000 -0.689698 
-0.832000 -0.692175 
-0.831000 -0.694623 
-0.830000 -0.697045 
-0.829000 -0.699439 
-0.828000 -0.701805 
-0.827000 -0.704144 
-0.826000 -0.706455 
-0.825000 -0.708738 
-0.824000 -0.710993 
-0.823000 -0.713220 
-0.822000 -0.715418 
-0.821000 -0.717589 
-0.820000 -0.719731 
-0.819000 -0.721845 
-0.818000 -0.723930 
-0.817000 -0.725987 
-0.816000 -0.728015 
-0.815000 -0.730014 
-0.814000 -0.731985 
-0.813000 -0.733926 
-0.812000 -0.735839 
-0.811000 -0.737722 
-0.810000 -0.739577 
-0.809000 -0.741402 
-0.808000 -0.743198 
-0.807000 -0.744964 
-0.806000 -0.746702 
-0.805000 -0.748409 
-0.804000 -0.750088 
-0.803000 -0.751736 
-0.802000 -0.753355 
-0.801000 -0.754944 
-0.800000 -0.756504 
-0.799000 -0.758033 
-0.798000 -0.759533 
-0.797000 -0.761002 
-0.796000 -0.762442 
-0.795000 -0.763851 
-0.794000 -0.765230 
-0.793000 -0.766579 
-0.792000 -0.767898 
-0.791000 -0.769187 
-0.790000 -0.770445 
-0.789000 -0.771673 
-0.788000 -0.772870 
-0.787000 -0.774037 
-0.786000 -0.775173 
-0.785000 -0.776278 
-0.784000 -0.777353 
-0.783000 -0.778397 
-0.782000 -0.779411 
-0.781000 -0.780394 
-0.780000 -0.781346 
-0.779000 -0.782267 
-0.778000 -0.783157 
-0.777000 -0.784016 
-0.776000 -0.784844 
-0.775000 -0.785642 
-0.774000 -0.786408 
-0.773000 -0.787143 
-0.772000 -0.787848 
-0.771000 -0.788521 
-0.770000 -0.789163 
-0.769000 -0.789773 
-0.768000 -0.790353 
-0.767000 -0.790902 
-0.766000 -0.791419 
-0.765000 -0.791905 
-0.764000 -0.792359 
-0.763000 -0.792783 
-0.762000 -0.793175 
-0.761000 -0.793536 
-0.760000 -0.793865 
-0.759000 -0.794163 
-0.758000 -0.794430 
-0.757000 -0.794666 
-0.756000 -0.794870 
-0.755000 -0.795042 
-0.754000 -0.795184 
-0.753000 -0.795294 
-0.752000 -0.795372 
-0.751000 -0.795419 
-0.750000 -0.795435 
-0.749000 -0.795419 
-0.748000 -0.795372 
-0.747000 -0.795294 
-0.746000 -0.795184 
-0.745000 -0.795042 
-0.744000 -0.794870 
-0.743000 -0.794666 
-0.742000 -0.794430 
-0.741000 -0.794163 
-0.740000 -0.793865 
-0.739000 -0.793536 
-0.738000 -0.793175 
-0.737000 -0.792783 
-0.736000 -0.792359 
-0.735000 -0.791905 
-0.734000 -0.791419 
-0.733000 -0.790902 
-0.732000 -0.790353 
-0.731000 -0.789773 
-0.730000 -0.789163 
-0.729000 -0.788521 
-0.728000 -0.787848 
-0.727000 -0.787143 
-0.726000 -0.786408 
-0.725000 -0.785642 
-0.724000 -0.784844 
-0.723000 -0.784016 
-0.722000 -0.783157 
-0.721000 -0.782267 
-0.720000 -0.781346 
-0.719000 -0.780394 
-0.718000 -0.779411 
-0.717000 -0.778397 
-0.716000 -0.777353 
-0.715000 -0.776278 
-0.714000 -0.775173 
-0.713000 -0.774037 
-0.712000 -0.772870 
-0.711000 -0.771673 
-0.710000 -0.770445 
-0.709000 -0.769187 
-0.708000 -0.767898 
-0.707000 -0.766579 
-0.706000 -0.765230 
-0.705000 -0.763851 
-0.704000 -0.762442 
-0.703000 -0.761002 
-0.702000 -0.759533 
-0.701000 -0.758033 
-0.700000 -0.756504 
-0.699000 -0.754944 
-0.698000 -0.753355 
-0.697000 -0.751736 
-0.696000 -0.750088 
-0.695000 -0.748409 
-0.694000 -0.746702 
-0.693000 -0.744964 
-0.692000 -0.743198 
-0.691000 -0.741402 
-0.690000 -0.739577 
-0.689000 -0.737722 
-0.688000 -0.735839 
-0.687000 -0.733926 
-0.686000 -0.731985 
-0.685000 -0.730014 
-0.684000 -0.728015 
-0.683000 -0.725987 
-0.682000 -0.723930 
-0.681000 -0.721845 
-0.680000 -0.719731 
-0.679000 -0.717589 
-0.678000 -0.715418 
-0.677000 -0.713220 
-0.676000 -0.710993 
-0.675000 -0.708738 
-0.674000 -0.706455 
-0.673000 -0.704144 
-0.672000 -0.701805 
-0.671000 -0.699439 
-0.670000 -0.697045 
-0.669000 -0.694623 
-0.668000 -0.692175 
-0.667000 -0.689698 
-0.666000 -0.687195 
-0.665000 -0.684664 
-0.664000 -0.682107 
-0.663000 -0.679522 
-0.662000 -0.676911 
-0.661000 -0.674273 
-0.660000 -0.671608 
-0.659000 -0.668917 
-0.658000 -0.666199 
-0.657000 -0.663455 
-0.656000 -0.660685 
-0.655000 -0.657889 
-0.654000 -0.655067 
-0.653000 -0.652219 
-0.652000 -0.649345 
-0.651000 -0.646445 
-0.650000 -0.643520 
-0.649000 -0.640570 
-0.648000 -0.637594 
-0.647000 -0.634594 
-0.646000 -0.631568 
-0.645000 -0.628517 
-0.644000 -0.625441 
-0.643000 -0.622341 
-0.642000 -0.619216 
-0.641000 -0.616067 
-0.640000 -0.612893 
-0.639000 -0.609695 
-0.638000 -0.606473 
-0.637000 -0.603228 
-0.636000 -0.599958 
-0.635000 -0.596665 
-0.634000 -0.593348 
-0.633000 -0.590007 
-0.632000 -0.586644 
-0.631000 -0.583257 
-0.630000 -0.579847 
-0.629000 -0.576414 
-0.628000 -0.572959 
-0.627000 -0.569481 
-0.626000 -0.565980 
-0.625000 -0.562457 
-0.624000 -0.558912 
-0.623000 -0.555345 
-0.622000 -0.551756 
-0.621000 -0.548145 
-0.620000 -0.544513 
-0.619000 -0.540859 
-0.618000 -0.537183 
-0.617000 -0.533487 
-0.616000 -0.529769 
-0.615000 -0.526031 
-0.614000 -0.522271 
-0.613000 -0.518491 
-0.612000 -0.514691 
-0.611000 -0.510870 
-0.610000 -0.507029 
-0.609000 -0.503168 
-0.608000 -0.499288 
-0.607000 -0.495387 
-0.606000 -0.491467 
-0.605000 -0.487528 
-0.604000 -0.483569 
-0.603000 -0.479591 
-0.602000 -0.475595 
-0.601000 -0.471579 
-0.600000 -0.467545 
-0.599000 -0.463492 
-0.598000 -0.459421 
-0.597000 -0.455333 
-0.596000 -0.451226 
-0.595000 -0.447101 
-0.594000 -0.442958 
-0.593000 -0.438798 
-0.592000 -0.434621 
-0.591000 -0.430427 
-0.590000 -0.426215 
-0.589000 -0.421987 
-0.588000 -0.417742 
-0.587000 -0.413481 
-0.586000 -0.409203 
-0.585000 -0.404909 
-0.584000 -0.400599 
-0.583000 -0.396274 
-0.582000 -0.391933 
-0.581000 -0.387576 
-0.580000 -0.383204 
-0.579000 -0.378816 
-0.578000 -0.374414 
-0.577000 -0.369997 
-0.576000 -0.365566 
-0.575000 -0.361120 
-0.574000 -0.356660 
-0.573000 -0.352185 
-0.572000 -0.347697 
-0.571000 -0.343195 
-0.570000 -0.338680 
-0.569000 -0.334151 
-0.568000 -0.329609 
-0.567000 -0.325054 
-0.566000 -0.320486 
-0.565000 -0.315905 
-0.564000 -0.311312 
-0.563000 -0.306707 
-0.562000 -0.302090 
-0.561000 -0.297460 
-0.560000 -0.292819 
-0.559000 -0.288166 
-0.558000 -0.283502 
-0.557000 -0.278827 
-0.556000 -0.274141 
-0.555000 -0.269444 
-0.554000 -0.264736 
-0.553000 -0.260018 
-0.552000 -0.255290 
-0.551000 -0.250551 
-0.550000 -0.245803 
-0.549000 -0.241045 
-0.548000 -0.236277 
-0.547000 -0.231500 
-0.546000 -0.226714 
-0.545000 -0.221919 
-0.544000 -0.217115 
-0.543000 -0.212303 
-0.542000 -0.207482 
-0.541000 -0.202654 
-0.540000 -0.197817 
-0.539000 -0.192972 
-0.538000 -0.188120 
-0.537000 -0.183260 
-0.536000 -0.178393 
-0.535000 -0.173519 
-0.534000 -0.168638 
-0.533000 -0.163750 
-0.532000 -0.158856 
-0.531000 -0.153956 
-0.530000 -0.149050 
-0.529000 -0.144137 
-0.528000 -0.139219 
-0.527000 -0.134296 
-0.526000 -0.129367 
-0.525000 -0.124433 
-0.524000 -0.119495 
-0.523000 -0.114551 
-0.522000 -0.109603 
-0.521000 -0.104651 
-0.520000 -0.099694 
-0.519000 -0.094734 
-0.518000 -0.089770 
-0.517000 -0.084802 
-0.516000 -0.079831 
-0.515000 -0.074857 
-0.514000 -0.069880 
-0.513000 -0.064900 
-0.512000 -0.059918 
-0.511000 -0.054933 
-0.510000 -0.049946 
-0.509000 -0.044957 
-0.508000 -0.039966 
-0.507000 -0.034974 
-0.506000 -0.029980 
-0.505000 -0.024985 
-0.504000 -0.019989 
-0.503000 -0.014993 
-0.502000 -0.009995 
-0.501000 -0.004998 
-0.500000 -0.000000 
-0.499000 0.004998 
-0.498000 0.009995 
-0.497000 0.014993 
-0.496000 0.019989 
-0.495000 0.024985 
-0.494000 0.029980 
-0.493000 0.034974 
-0.492000 0.039966 
-0.491000 0.044957 
-0.490000 0.049946 
-0.489000 0.054933 
-0.488000 0.059918 
-0.487000 0.064900 
-0.486000 0.069880 
-0.485000 0.074857 
-0.484000 0.079831 
-0.483000 0.084802 
-0.482000 0.089770 
-0.481000 0.094734 
-0.480000 0.099694 
-0.479000 0.104651 
-0.478000 0.109603 
-0.477000 0.114551 
-0.476000 0.119495 
-0.475000 0.124433 
-0.474000 0.129367 
-0.473000 0.134296 
-0.472000 0.139219 
-0.471000 0.144137 
-0.470000 0.149050 
-0.469000 0.153956 
-0.468000 0.158856 
-0.467000 0.163750 
-0.466000 0.168638 
-0.465000 0.173519 
-0.464000 0.178393 
-0.463000 0.183260 
-0.462000 0.188120 
-0.461000 0.192972 
-0.460000 0.197817 
-0.459000 0.202654 
-0.458000 0.207482 
-0.457000 0.212303 
-0.456000 0.217115 
-0.455000 0.221919 
-0.454000 0.226714 
-0.453000 0.231500 
-0.452000 0.236277 
-0.451000 0.241045 
-0.450000 0.245803 
-0.449000 0.250551 
-0.448000 0.255290 
-0.447000 0.260018 
-0.446000 0.264736 
-0.445000 0.269444 
-0.444000 0.274141 
-0.443000 0.278827 
-0.442000 0.283502 
-0.441000 0.288166 
-0.440000 0.292819 
-0.439000 0.297460 
-0.438000 0.302090 
-0.437000 0.306707 
-0.436000 0.311312 
-0.435000 0.315905 
-0.434000 0.320486 
-0.433000 0.325054 
-0.432000 0.329609 
-0.431000 0.334151 
-0.430000 0.338680 
-0.429000 0.343195 
-0.428000 0.347697 
-0.427000 0.352185 
-0.426000 0.356660 
-0.425000 0.361120 
-0.424000 0.365566 
-0.423000 0.369997 
-0.422000 0.374414 
-0.421000 0.378816 
-0.420000 0.383204 
-0.419000 0.387576 
-0.418000 0.391933 
-0.417000 0.396274 
-0.416000 0.400599 
-0.415000 0.404909 
-0.414000 0.409203 
-0.413000 0.413481 
-0.412000 0.417742 
-0.411000 0.421987 
-0.410000 0.426215 
-0.409000 0.430427 
-0.408000 0.434621 
-0.407000 0.438798 
-0.406000 0.442958 
-0.405000 0.447101 
-0.404000 0.451226 
-0.403000 0.455332 
-0.402000 0.459421 
-0.401000 0.463492 
-0.400000 0.467545 
-0.399000 0.471579 
-0.398000 0.475595 
-0.397000 0.479591 
-0.396000 0.483569 
-0.395000 0.487528 
-0.394000 0.491467 
-0.393000 0.495387 
-0.392000 0.499288 
-0.391000 0.503168 
-0.390000 0.507029 
-0.389000 0.510870 
-0.388000 0.514691 
-0.387000 0.518491 
-0.386000 0.522271 
-0.385000 0.526031 
-0.384000 0.529769 
-0.383000 0.533487 
-0.382000 0.537183 
-0.381000 0.540859 
-0.380000 0.544513 
-0.379000 0.548145 
-0.378000 0.551756 
-0.377000 0.555345 
-0.376000 0.558912 
-0.375000 0.562457 
-0.374000 0.565980 
-0.373000 0.569481 
-0.372000 0.572959 
-0.371000 0.576414 
-0.370000 0.579847 
-0.369000 0.583257 
-0.368000 0.586644 
-0.367000 0.590007 
-0.366000 0.593348 
-0.365000 0.596665 
-0.364000 0.599958 
-0.363000 0.603228 
-0.362000 0.606473 
-0.361000 0.609695 
-0.360000 0.612893 
-0.359000 0.616067 
-0.358000 0.619216 
-0.357000 0.622341 
-0.356000 0.625441 
-0.355000 0.628517 
-0.354000 0.631568 
-0.353000 0.634594 
-0.352000 0.637594 
-0.351000 0.640570 
-0.350000 0.643520 
-0.349000 0.646445 
-0.348000 0.649345 
-0.347000 0.652219 
-0.346000 0.655067 
-0.345000 0.657889 
-0.344000 0.660685 
-0.343000 0.663455 
-0.342000 0.666199 
-0.341000 0.668917 
-0.340000 0.671608 
-0.339000 0.674273 
-0.338000 0.676911 
-0.337000 0.679522 
-0.336000 0.682107 
-0.335000 0.684664 
-0.334000 0.687195 
-0.333000 0.689698 
-0.332000 0.692175 
-0.331000 0.694623 
-0.330000 0.697045 
-0.329000 0.699439 
-0.328000 0.701805 
-0.327000 0.704144 
-0.326000 0.706455 
-0.325000 0.708738 
-0.324000 0.710993 
-0.323000 0.713220 
-0.322000 0.715418 
-0.321000 0.717589 
-0.320000 0.719731 
-0.319000 0.721845 
-0.318000 0.723930 
-0.317000 0.725987 
-0.316000 0.728015 
-0.315000 0.730014 
-0.314000 0.731985 
-0.313000 0.733926 
-0.312000 0.735839 
-0.311000 0.737722 
-0.310000 0.739577 
-0.309000 0.741402 
-0.308000 0.743198 
-0.307000 0.744964 
-0.306000 0.746702 
-0.305000 0.748409 
-0.304000 0.750088 
-0.303000 0.751736 
-0.302000 0.753355 
-0.301000 0.754944 
-0.300000 0.756504 
-0.299000 0.758033 
-0.298000 0.759533 
-0.297000 0.761002 
-0.296000 0.762442 
-0.295000 0.763851 
-0.294000 0.765230 
-0.293000 0.766579 
-0.292000 0.767898 
-0.291000 0.769187 
-0.290000 0.770445 
-0.289000 0.771673 
-0.288000 0.772870 
-0.287000 0.774037 
-0.286000 0.775173 
-0.285000 0.776278 
-0.284000 0.777353 
-0.283000 0.778397 
-0.282000 0.779411 
-0.281000 0.780394 
-0.280000 0.781346 
-0.279000 0.782267 
-0.278000 0.783157 
-0.277000 0.784016 
-0.276000 0.784844 
-0.275000 0.785642 
-0.274000 0.786408 
-0.273000 0.787143 
-0.272000 0.787848 
-0.271000 0.788521 
-0.270000 0.789163 
-0.269000 0.789773 
-0.268000 0.790353 
-0.267000 0.790902 
-0.266000 0.791419 
-0.265000 0.791905 
-0.264000 0.792359 
-0.263000 0.792783 
-0.262000 0.793175 
-0.261000 0.793536 
-0.260000 0.793865 
-0.259000 0.794163 
-0.258000 0.794430 
-0.257000 0.794666 
-0.256000 0.794870 
-0.255000 0.795042 
-0.254000 0.795184 
-0.253000 0.795294 
-0.252000 0.795372 
-0.251000 0.795419 
-0.250000 0.795435 
-0.249000 0.795419 
-0.248000 0.795372 
-0.247000 0.795294 
-0.246000 0.795184 
-0.245000 0.795042 
-0.244000 0.794870 
-0.243000 0.794666 
-0.242000 0.794430 
-0.241000 0.794163 
-0.240000 0.793865 
-0.239000 0.793536 
-0.238000 0.793175 
-0.237000 0.792783 
-0.236000 0.792359 
-0.235000 0.791905 
-0.234000 0.791419 
-0.233000 0.790902 
-0.232000 0.790353 
-0.231000 0.789773 
-0.230000 0.789163 
-0.229000 0.788521 
-0.228000 0.787848 
-0.227000 0.787143 
-0.226000 0.786408 
-0.225000 0.785642 
-0.224000 0.784844 
-0.223000 0.784016 
-0.222000 0.783157 
-0.221000 0.782267 
-0.220000 0.781346 
-0.219000 0.780394 
-0.218000 0.779411 
-0.217000 0.778397 
-0.216000 0.777353 
-0.215000 0.776278 
-0.214000 0.775173 
-0.213000 0.774037 
-0.212000 0.772870 
-0.211000 0.771673 
-0.210000 0.770445 
-0.209000 0.769187 
-0.208000 0.767898 
-0.207000 0.766579 
-0.206000 0.765230 
-0.205000 0.763851 
-0.204000 0.762442 
-0.203000 0.761002 
-0.202000 0.759533 
-0.201000 0.758033 
-0.200000 0.756504 
-0.199000 0.754944 
-0.198000 0.753355 
-0.197000 0.751736 
-0.196000 0.750088 
-0.195000 0.748409 
-0.194000 0.746702 
-0.193000 0.744964 
-0.192000 0.743198 
-0.191000 0.741402 
-0.190000 0.739577 
-0.189000 0.737722 
-0.188000 0.735839 
-0.187000 0.733926 
-0.186000 0.731985 
-0.185000 0.730014 
-0.184000 0.728015 
-0.183000 0.725987 
-0.182000 0.723930 
-0.181000 0.721845 
-0.180000 0.719731 
-0.179000 0.717589 
-0.178000 0.715418 
-0.177000 0.713220 
-0.176000 0.710993 
-0.175000 0.708738 
-0.174000 0.706455 
-0.173000 0.704144 
-0.172000 0.701805 
-0.171000 0.699439 
-0.170000 0.697045 
-0.169000 0.694623 
-0.168000 0.692175 
-0.167000 0.689698 
-0.166000 0.687195 
-0.165000 0.684664 
-0.164000 0.682107 
-0.163000 0.679522 
-0.162000 0.676911 
-0.161000 0.674273 
-0.160000 0.671608 
-0.159000 0.668917 
-0.158000 0.666199 
-0.157000 0.663455 
-0.156000 0.660685 
-0.155000 0.657889 
-0.154000 0.655067 
-0.153000 0.652219 
-0.152000 0.649345 
-0.151000 0.646445 
-0.150000 0.643520 
-0.149000 0.640570 
-0.148000 0.637594 
-0.147000 0.634594 
-0.146000 0.631568 
-0.145000 0.628517 
-0.144000 0.625441 
-0.143000 0.622341 
-0.142000 0.619216 
-0.141000 0.616067 
-0.140000 0.612893 
-0.139000 0.609695 
-0.138000 0.606473 
-0.137000 0.603228 
-0.136000 0.599958 
-0.135000 0.596665 
-0.134000 0.593348 
-0.133000 0.590007 
-0.132000 0.586644 
-0.131000 0.583257 
-0.130000 0.579847 
-0.129000 0.576414 
-0.128000 0.572959 
-0.127000 0.569481 
-0.126000 0.565980 
-0.125000 0.562457 
-0.124000 0.558912 
-0.123000 0.555345 
-0.122000 0.551756 
-0.121000 0.548145 
-0.120000 0.544513 
-0.119000 0.540859 
-0.118000 0.537183 
-0.117000 0.533487 
-0.116000 0.529769 
-0.115000 0.526031 
-0.114000 0.522271 
-0.113000 0.518491 
-0.112000 0.514691 
-0.111000 0.510870 
-0.110000 0.507029 
-0.109000 0.503168 
-0.108000 0.499288 
-0.107000 0.495387 
-0.106000 0.491467 
-0.105000 0.487528 
-0.104000 0.483569 
-0.103000 0.479591 
-0.102000 0.475595 
-0.101000 0.471579 
-0.100000 0.467545 
-0.099000 0.463492 
-0.098000 0.459421 
-0.097000 0.455332 
-0.096000 0.451226 
-0.095000 0.447101 
-0.094000 0.442958 
-0.093000 0.438798 
-0.092000 0.434621 
-0.091000 0.430427 
-0.090000 0.426215 
-0.089000 0.421987 
-0.088000 0.417742 
-0.087000 0.413481 
-0.086000 0.409203 
-0.085000 0.404909 
-0.084000 0.400599 
-0.083000 0.396274 
-0.082000 0.391933 
-0.081000 0.387576 
-0.080000 0.383204 
-0.079000 0.378816 
-0.078000 0.374414 
-0.077000 0.369997 
-0.076000 0.365566 
-0.075000 0.361120 
-0.074000 0.356660 
-0.073000 0.352185 
-0.072000 0.347697 
-0.071000 0.343195 
-0.070000 0.338680 
-0.069000 0.334151 
-0.068000 0.329609 
-0.067000 0.325054 
-0.066000 0.320486 
-0.065000 0.315905 
-0.064000 0.311312 
-0.063000 0.306707 
-0.062000 0.302090 
-0.061000 0.297460 
-0.060000 0.292819 
-0.059000 0.288166 
-0.058000 0.283502 
-0.057000 0.278827 
-0.056000 0.274141 
-0.055000 0.269444 
-0.054000 0.264736 
-0.053000 0.260018 
-0.052000 0.255290 
-0.051000 0.250551 
-0.050000 0.245803 
-0.049000 0.241045 
-0.048000 0.236277 
-0.047000 0.231500 
-0.046000 0.226714 
-0.045000 0.221919 
-0.044000 0.217116 
-0.043000 0.212303 
-0.042000 0.207482 
-0.041000 0.202654 
-0.040000 0.197817 
-0.039000 0.192972 
-0.038000 0.188120 
-0.037000 0.183260 
-0.036000 0.178393 
-0.035000 0.173519 
-0.034000 0.168638 
-0.033000 0.163750 
-0.032000 0.158856 
-0.031000 0.153956 
-0.030000 0.149050 
-0.029000 0.144137 
-0.028000 0.139219 
-0.027000 0.134296 
-0.026000 0.129367 
-0.025000 0.124433 
-0.024000 0.119495 
-0.023000 0.114551 
-0.022000 0.109603 
-0.021000 0.104651 
-0.020000 0.099694 
-0.019000 0.094734 
-0.018000 0.089770 
-0.017000 0.084802 
-0.016000 0.079831 
-0.015000 0.074857 
-0.014000 0.069880 
-0.013000 0.064900 
-0.012000 0.059918 
-0.011000 0.054933 
-0.010000 0.049946 
-0.009000 0.044957 
-0.008000 0.039966 
-0.007000 0.034974 
-0.006000 0.029980 
-0.005000 0.024985 
-0.004000 0.019989 
-0.003000 0.014993 
-0.002000 0.009995 
-0.001000 0.004998 
-0.000000 0.000000 
0.001000 -0.004998 
0.002000 -0.009995 
0.003000 -0.014993 
0.004000 -0.019989 
0.005000 -0.024985 
0.006000 -0.029980 
0.007000 -0.034974 
0.008000 -0.039966 
0.009000 -0.044957 
0.010000 -0.049946 
0.011000 -0.054933 
0.012000 -0.059918 
0.013000 -0.064900 
0.014000 -0.069880 
0.015000 -0.074857 
0.016000 -0.079831 
0.017000 -0.084802 
0.018000 -0.089770 
0.019000 -0.094734 
0.020000 -0.099694 
0.021000 -0.104651 
0.022000 -0.109603 
0.023000 -0.114551 
0.024000 -0.119495 
0.025000 -0.124433 
0.026000 -0.129367 
0.027000 -0.134296 
0.028000 -0.139219 
0.029000 -0.144137 
0.030000 -0.149050 
0.031000 -0.153956 
0.032000 -0.158856 
0.033000 -0.163750 
0.034000 -0.168638 
0.035000 -0.173519 
0.036000 -0.178393 
0.037000 -0.183260 
0.038000 -0.188120 
0.039000 -0.192972 
0.040000 -0.197817 
0.041000 -0.202654 
0.042000 -0.207482 
0.043000 -0.212303 
0.044000 -0.217115 
0.045000 -0.221919 
0.046000 -0.226714 
0.047000 -0.231500 
0.048000 -0.236277 
0.049000 -0.241045 
0.050000 -0.245803 
0.051000 -0.250551 
0.052000 -0.255290 
0.053000 -0.260018 
0.054000 -0.264736 
0.055000 -0.269444 
0.056000 -0.274141 
0.057000 -0.278827 
0.058000 -0.283502 
0.059000 -0.288166 
0.060000 -0.292819 
0.061000 -0.297460 
0.062000 -0.302090 
0.063000 -0.306707 
0.064000 -0.311312 
0.065000 -0.315905 
0.066000 -0.320486 
0.067000 -0.325054 
0.068000 -0.329609 
0.069000 -0.334151 
0.070000 -0.338680 
0.071000 -0.343195 
0.072000 -0.347697 
0.073000 -0.352185 
0.074000 -0.356660 
0.075000 -0.361120 
0.076000 -0.365566 
0.077000 -0.369997 
0.078000 -0.374414 
0.079000 -0.378816 
0.080000 -0.383204 
0.081000 -0.387576 
0.082000 -0.391933 
0.083000 -0.396274 
0.084000 -0.400599 
0.085000 -0.404909 
0.086000 -0.409203 
0.087000 -0.413481 
0.088000 -0.417742 
0.089000 -0.421987 
0.090000 -0.426215 
0.091000 -0.430427 
0.092000 -0.434621 
0.093000 -0.438798 
0.094000 -0.442958 
0.095000 -0.447101 
0.096000 -0.451226 
0.097000 -0.455332 
0.098000 -0.459421 
0.099000 -0.463492 
0.100000 -0.467545 
0.101000 -0.471579 
0.102000 -0.475595 
0.103000 -0.479591 
0.104000 -0.483569 
0.105000 -0.487528 
0.106000 -0.491467 
0.107000 -0.495387 
0.108000 -0.499288 
0.109000 -0.503168 
0.110000 -0.507029 
0.111000 -0.510870 
0.112000 -0.514691 
0.113000 -0.518491 
0.114000 -0.522271 
0.115000 -0.526031 
0.116000 -0.529769 
0.117000 -0.533487 
0.118000 -0.537183 
0.119000 -0.540859 
0.120000 -0.544513 
0.121000 -0.548145 
0.122000 -0.551756 
0.123000 -0.555345 
0.124000 -0.558912 
0.125000 -0.562457 
0.126000 -0.565980 
0.127000 -0.569481 
0.128000 -0.572959 
0.129000 -0.576414 
0.130000 -0.579847 
0.131000 -0.583257 
0.132000 -0.586644 
0.133000 -0.590007 
0.134000 -0.593348 
0.135000 -0.596665 
0.136000 -0.599958 
0.137000 -0.603228 
0.138000 -0.606473 
0.139000 -0.609695 
0.140000 -0.612893 
0.141000 -0.616067 
0.142000 -0.619216 
0.143000 -0.622341 
0.144000 -0.625441 
0.145000 -0.628517 
0.146000 -0.631568 
0.147000 -0.634594 
0.148000 -0.637594 
0.149000 -0.640570 
0.150000 -0.643520 
0.151000 -0.646445 
0.152000 -0.649345 
0.153000 -0.652219 
0.154000 -0.655067 
0.155000 -0.657889 
0.156000 -0.660685 
0.157000 -0.663455 
0.158000 -0.666199 
0.159000 -0.668917 
0.160000 -0.671608 
0.161000 -0.674273 
0.162000 -0.676911 
0.163000 -0.679522 
0.164000 -0.682107 
0.165000 -0.684664 
0.166000 -0.687195 
0.167000 -0.689698 
0.168000 -0.692175 
0.169000 -0.694623 
0.170000 -0.697045 
0.171000 -0.699439 
0.172000 -0.701805 
0.173000 -0.704144 
0.174000 -0.706455 
0.175000 -0.708738 
0.176000 -0.710993 
0.177000 -0.713220 
0.178000 -0.715418 
0.179000 -0.717589 
0.180000 -0.719731 
0.181000 -0.721845 
0.182000 -0.723930 
0.183000 -0.725987 
0.184000 -0.728015 
0.185000 -0.730014 
0.186000 -0.731985 
0.187000 -0.733926 
0.188000 -0.735839 
0.189000 -0.737722 
0.190000 -0.739577 
0.191000 -0.741402 
0.192000 -0.743198 
0.193000 -0.744964 
0.194000 -0.746702 
0.195000 -0.748409 
0.196000 -0.750088 
0.197000 -0.751736 
0.198000 -0.753355 
0.199000 -0.754944 
0.200000 -0.756504 
0.201000 -0.758033 
0.202000 -0.759533 
0.203000 -0.761002 
0.204000 -0.762442 
0.205000 -0.763851 
0.206000 -0.765230 
0.207000 -0.766579 
0.208000 -0.767898 
0.209000 -0.769187 
0.210000 -0.770445 
0.211000 -0.771673 
0.212000 -0.772870 
0.213000 -0.774037 
0.214000 -0.775173 
0.215000 -0.776278 
0.216000 -0.777353 
0.217000 -0.778397 
0.218000 -0.779411 
0.219000 -0.780394 
0.220000 -0.781346 
0.221000 -0.782267 
0.222000 -0.783157 
0.223000 -0.784016 
0.224000 -0.784844 
0.225000 -0.785642 
0.226000 -0.786408 
0.227000 -0.787143 
0.228000 -0.787848 
0.229000 -0.788521 
0.230000 -0.789163 
0.231000 -0.789773 
0.232000 -0.790353 
0.233000 -0.790902 
0.234000 -0.791419 
0.235000 -0.791905 
0.236000 -0.792359 
0.237000 -0.792783 
0.238000 -0.793175 
0.239000 -0.793536 
0.240000 -0.793865 
0.241000 -0.794163 
0.242000 -0.794430 
0.243000 -0.794666 
0.244000 -0.794870 
0.245000 -0.795042 
0.246000 -0.795184 
0.247000 -0.795294 
0.248000 -0.795372 
0.249000 -0.795419 
0.250000 -0.795435 
0.251000 -0.795419 
0.252000 -0.795372 
0.253000 -0.795294 
0.254000 -0.795184 
0.255000 -0.795042 
0.256000 -0.794870 
0.257000 -0.794666 
0.258000 -0.794430 
0.259000 -0.794163 
0.260000 -0.793865 
0.261000 -0.793536 
0.262000 -0.793175 
0.263000 -0.792783 
0.264000 -0.792359 
0.265000 -0.791905 
0.266000 -0.791419 
0.267000 -0.790902 
0.268000 -0.790353 
0.269000 -0.789773 
0.270000 -0.789163 
0.271000 -0.788521 
0.272000 -0.787848 
0.273000 -0.787143 
0.274000 -0.786408 
0.275000 -0.785642 
0.276000 -0.784844 
0.277000 -0.784016 
0.278000 -0.783157 
0.279000 -0.782267 
0.280000 -0.781346 
0.281000 -0.780394 
0.282000 -0.779411 
0.283000 -0.778397 
0.284000 -0.777353 
0.285000 -0.776278 
0.286000 -0.775173 
0.287000 -0.774037 
0.288000 -0.772870 
0.289000 -0.771673 
0.290000 -0.770445 
0.291000 -0.769187 
0.292000 -0.767898 
0.293000 -0.766579 
0.294000 -0.765230 
0.295000 -0.763851 
0.296000 -0.762442 
0.297000 -0.761002 
0.298000 -0.759533 
0.299000 -0.758033 
0.300000 -0.756504 
0.301000 -0.754944 
0.302000 -0.753355 
0.303000 -0.751736 
0.304000 -0.750088 
0.305000 -0.748409 
0.306000 -0.746702 
0.307000 -0.744964 
0.308000 -0.743198 
0.309000 -0.741402 
0.310000 -0.739577 
0.311000 -0.737722 
0.312000 -0.735839 
0.313000 -0.733926 
0.314000 -0.731985 
0.315000 -0.730014 
0.316000 -0.728015 
0.317000 -0.725987 
0.318000 -0.723930 
0.319000 -0.721845 
0.320000 -0.719731 
0.321000 -0.717589 
0.322000 -0.715418 
0.323000 -0.713220 
0.324000 -0.710993 
0.325000 -0.708738 
0.326000 -0.706455 
0.327000 -0.704144 
0.328000 -0.701805 
0.329000 -0.699439 
0.330000 -0.697045 
0.331000 -0.694623 
0.332000 -0.692175 
0.333000 -0.689698 
0.334000 -0.687195 
0.335000 -0.684664 
0.336000 -0.682107 
0.337000 -0.679522 
0.338000 -0.676911 
0.339000 -0.674273 
0.340000 -0.671608 
0.341000 -0.668917 
0.342000 -0.666199 
0.343000 -0.663455 
0.344000 -0.660685 
0.345000 -0.657889 
0.346000 -0.655067 
0.347000 -0.652219 
0.348000 -0.649345 
0.349000 -0.646445 
0.350000 -0.643520 
0.351000 -0.640570 
0.352000 -0.637594 
0.353000 -0.634594 
0.354000 -0.631568 
0.355000 -0.628517 
0.356000 -0.625441 
0.357000 -0.622341 
0.358000 -0.619216 
0.359000 -0.616067 
0.360000 -0.612893 
0.361000 -0.609695 
0.362000 -0.606473 
0.363000 -0.603228 
0.364000 -0.599958 
0.365000 -0.596665 
0.366000 -0.593348 
0.367000 -0.590007 
0.368000 -0.586644 
0.369000 -0.583257 
0.370000 -0.579847 
0.371000 -0.576414 
0.372000 -0.572959 
0.373000 -0.569481 
0.374000 -0.565980 
0.375000 -0.562457 
0.376000 -0.558912 
0.377000 -0.555345 
0.378000 -0.551756 
0.379000 -0.548145 
0.380000 -0.544513 
0.381000 -0.540859 
0.382000 -0.537183 
0.383000 -0.533487 
0.384000 -0.529769 
0.385000 -0.526031 
0.386000 -0.522271 
0.387000 -0.518491 
0.388000 -0.514691 
0.389000 -0.510870 
0.390000 -0.507029 
0.391000 -0.503168 
0.392000 -0.499288 
0.393000 -0.495387 
0.394000 -0.491467 
0.395000 -0.487528 
0.396000 -0.483569 
0.397000 -0.479591 
0.398000 -0.475595 
0.399000 -0.471579 
0.400000 -0.467545 
0.401000 -0.463492 
0.402000 -0.459421 
0.403000 -0.455333 
0.404000 -0.451226 
0.405000 -0.447101 
0.406000 -0.442958 
0.407000 -0.438798 
0.408000 -0.434621 
0.409000 -0.430427 
0.410000 -0.426215 
0.411000 -0.421987 
0.412000 -0.417742 
0.413000 -0.413481 
0.414000 -0.409203 
0.415000 -0.404909 
0.416000 -0.400599 
0.417000 -0.396274 
0.418000 -0.391933 
0.419000 -0.387576 
0.420000 -0.383204 
0.421000 -0.378816 
0.422000 -0.374414 
0.423000 -0.369997 
0.424000 -0.365566 
0.425000 -0.361120 
0.426000 -0.356660 
0.427000 -0.352185 
0.428000 -0.347697 
0.429000 -0.343195 
0.430000 -0.338680 
0.431000 -0.334151 
0.432000 -0.329609 
0.433000 -0.325054 
0.434000 -0.320486 
0.435000 -0.315905 
0.436000 -0.311312 
0.437000 -0.306707 
0.438000 -0.302090 
0.439000 -0.297460 
0.440000 -0.292819 
0.441000 -0.288166 
0.442000 -0.283502 
0.443000 -0.278827 
0.444000 -0.274141 
0.445000 -0.269444 
0.446000 -0.264736 
0.447000 -0.260018 
0.448000 -0.255290 
0.449000 -0.250551 
0.450000 -0.245803 
0.451000 -0.241045 
0.452000 -0.236277 
0.453000 -0.231500 
0.454000 -0.226714 
0.455000 -0.221919 
0.456000 -0.217115 
0.457000 -0.212303 
0.458000 -0.207482 
0.459000 -0.202654 
0.460000 -0.197817 
0.461000 -0.192972 
0.462000 -0.188120 
0.463000 -0.183260 
0.464000 -0.178393 
0.465000 -0.173519 
0.466000 -0.168638 
0.467000 -0.163750 
0.468000 -0.158856 
0.469000 -0.153956 
0.470000 -0.149050 
0.471000 -0.144137 
0.472000 -0.139219 
0.473000 -0.134296 
0.474000 -0.129367 
0.475000 -0.124433 
0.476000 -0.119495 
0.477000 -0.114551 
0.478000 -0.109603 
0.479000 -0.104651 
0.480000 -0.099694 
0.481000 -0.094734 
0.482000 -0.089770 
0.483000 -0.084802 
0.484000 -0.079831 
0.485000 -0.074857 
0.486000 -0.069880 
0.487000 -0.064900 
0.488000 -0.059918 
0.489000 -0.054933 
0.490000 -0.049946 
0.491000 -0.044957 
0.492000 -0.039966 
0.493000 -0.034974 
0.494000 -0.029980 
0.495000 -0.024985 
0.496000 -0.019989 
0.497000 -0.014993 
0.498000 -0.009995 
0.499000 -0.004998 
0.500000 -0.000000 
0.501000 0.004998 
0.502000 0.009995 
0.503000 0.014993 
0.504000 0.019989 
0.505000 0.024985 
0.506000 0.029980 
0.507000 0.034974 
0.508000 0.039966 
0.509000 0.044957 
0.510000 0.049946 
0.511000 0.054933 
0.512000 0.059918 
0.513000 0.064900 
0.514000 0.069880 
0.515000 0.074857 
0.516000 0.079831 
0.517000 0.084802 
0.518000 0.089770 
0.519000 0.094734 
0.520000 0.099694 
0.521000 0.104651 
0.522000 0.109603 
0.523000 0.114551 
0.524000 0.119495 
0.525000 0.124433 
0.526000 0.129367 
0.527000 0.134296 
0.528000 0.139219 
0.529000 0.144137 
0.530000 0.149050 
0.531000 0.153956 
0.532000 0.158856 
0.533000 0.163750 
0.534000 0.168638 
0.535000 0.173519 
0.536000 0.178393 
0.537000 0.183260 
0.538000 0.188120 
0.539000 0.192972 
0.540000 0.197817 
0.541000 0.202654 
0.542000 0.207482 
0.543000 0.212303 
0.544000 0.217115 
0.545000 0.221919 
0.546000 0.226714 
0.547000 0.231500 
0.548000 0.236277 
0.549000 0.241045 
0.550000 0.245803 
0.551000 0.250551 
0.552000 0.255290 
0.553000 0.260018 
0.554000 0.264736 
0.555000 0.269444 
0.556000 0.274141 
0.557000 0.278827 
0.558000 0.283502 
0.559000 0.288166 
0.560000 0.292819 
0.561000 0.297460 
0.562000 0.302090 
0.563000 0.306707 
0.564000 0.311312 
0.565000 0.315905 
0.566000 0.320486 
0.567000 0.325054 
0.568000 0.329609 
0.569000 0.334151 
0.570000 0.338680 
0.571000 0.343195 
0.572000 0.347697 
0.573000 0.352185 
0.574000 0.356660 
0.575000 0.361120 
0.576000 0.365566 
0.577000 0.369997 
0.578000 0.374414 
0.579000 0.378816 
0.580000 0.383204 
0.581000 0.387576 
0.582000 0.391933 
0.583000 0.396274 
0.584000 0.400599 
0.585000 0.404909 
0.586000 0.409203 
0.587000 0.413481 
0.588000 0.417742 
0.589000 0.421987 
0.590000 0.426215 
0.591000 0.430427 
0.592000 0.434621 
0.593000 0.438798 
0.594000 0.442958 
0.595000 0.447101 
0.596000 0.451226 
0.597000 0.455333 
0.598000 0.459421 
0.599000 0.463492 
0.600000 0.467545 
0.601000 0.471579 
0.602000 0.475594 
0.603000 0.479591 
0.604000 0.483569 
0.605000 0.487528 
0.606000 0.491467 
0.607000 0.495387 
0.608000 0.499288 
0.609000 0.503168 
0.610000 0.507029 
0.611000 0.510870 
0.612000 0.514691 
0.613000 0.518491 
0.614000 0.522271 
0.615000 0.526031 
0.616000 0.529769 
0.617000 0.533487 
0.618000 0.537183 
0.619000 0.540859 
0.620000 0.544513 
0.621000 0.548145 
0.622000 0.551756 
0.623000 0.555345 
0.624000 0.558912 
0.625000 0.562457 
0.626000 0.565980 
0.627000 0.569481 
0.628000 0.572959 
0.629000 0.576414 
0.630000 0.579847 
0.631000 0.583257 
0.632000 0.586644 
0.633000 0.590007 
0.634000 0.593348 
0.635000 0.596665 
0.636000 0.599958 
0.637000 0.603228 
0.638000 0.606473 
0.639000 0.609695 
0.640000 0.612893 
0.641000 0.616067 
0.642000 0.619216 
0.643000 0.622341 
0.644000 0.625441 
0.645000 0.628517 
0.646000 0.631568 
0.647000 0.634594 
0.648000 0.637594 
0.649000 0.640570 
0.650000 0.643520 
0.651000 0.646445 
0.652000 0.649345 
0.653000 0.652219 
0.654000 0.655067 
0.655000 0.657889 
0.656000 0.660685 
0.657000 0.663455 
0.658000 0.666199 
0.659000 0.668917 
0.660000 0.671608 
0.661000 0.674273 
0.662000 0.676911 
0.663000 0.679522 
0.664000 0.682107 
0.665000 0.684664 
0.666000 0.687195 
0.667000 0.689698 
0.668000 0.692175 
0.669000 0.694623 
0.670000 0.697045 
0.671000 0.699439 
0.672000 0.701805 
0.673000 0.704144 
0.674000 0.706455 
0.675000 0.708738 
0.676000 0.710993 
0.677000 0.713220 
0.678000 0.715418 
0.679000 0.717589 
0.680000 0.719731 
0.681000 0.721845 
0.682000 0.723930 
0.683000 0.725987 
0.684000 0.728015 
0.685000 0.730014 
0.686000 0.731985 
0.687000 0.733926 
0.688000 0.735839 
0.689000 0.737722 
0.690000 0.739577 
0.691000 0.741402 
0.692000 0.743198 
0.693000 0.744964 
0.694000 0.746702 
0.695000 0.748409 
0.696000 0.750088 
0.697000 0.751736 
0.698000 0.753355 
0.699000 0.754944 
0.700000 0.756504 
0.701000 0.758033 
0.702000 0.759533 
0.703000 0.761002 
0.704000 0.762442 
0.705000 0.763851 
0.706000 0.765230 
0.707000 0.766579 
0.708000 0.767898 
0.709000 0.769187 
0.710000 0.770445 
0.711000 0.771673 
0.712000 0.772870 
0.713000 0.774037 
0.714000 0.775173 
0.715000 0.776278 
0.716000 0.777353 
0.717000 0.778397 
0.718000 0.779411 
0.719000 0.780394 
0.720000 0.781346 
0.721000 0.782267 
0.722000 0.783157 
0.723000 0.784016 
0.724000 0.784844 
0.725000 0.785642 
0.726000 0.786408 
0.727000 0.787143 
0.728000 0.787848 
0.729000 0.788521 
0.730000 0.789163 
0.731000 0.789773 
0.732000 0.790353 
0.733000 0.790902 
0.734000 0.791419 
0.735000 0.791905 
0.736000 0.792359 
0.737000 0.792783 
0.738000 0.793175 
0.739000 0.793536 
0.740000 0.793865 
0.741000 0.794163 
0.742000 0.794430 
0.743000 0.794666 
0.744000 0.794870 
0.745000 0.795042 
0.746000 0.795184 
0.747000 0.795294 
0.748000 0.795372 
0.749000 0.795419 
0.750000 0.795435 
0.751000 0.795419 
0.752000 0.795372 
0.753000 0.795294 
0.754000 0.795184 
0.755000 0.795042 
0.756000 0.794870 
0.757000 0.794666 
0.758000 0.794430 
0.759000 0.794163 
0.760000 0.793865 
0.761000 0.793536 
0.762000 0.793175 
0.763000 0.792783 
0.764000 0.792359 
0.765000 0.791905 
0.766000 0.791419 
0.767000 0.790902 
0.768000 0.790353 
0.769000 0.789773 
0.770000 0.789163 
0.771000 0.788521 
0.772000 0.787848 
0.773000 0.787143 
0.774000 0.786408 
0.775000 0.785642 
0.776000 0.784844 
0.777000 0.784016 
0.778000 0.783157 
0.779000 0.782267 
0.780000 0.781346 
0.781000 0.780394 
0.782000 0.779411 
0.783000 0.778397 
0.784000 0.777353 
0.785000 0.776278 
0.786000 0.775173 
0.787000 0.774037 
0.788000 0.772870 
0.789000 0.771673 
0.790000 0.770445 
0.791000 0.769187 
0.792000 0.767898 
0.793000 0.766579 
0.794000 0.765230 
0.795000 0.763851 
0.796000 0.762442 
0.797000 0.761002 
0.798000 0.759533 
0.799000 0.758033 
0.800000 0.756504 
0.801000 0.754944 
0.802000 0.753355 
0.803000 0.751736 
0.804000 0.750088 
0.805000 0.748409 
0.806000 0.746702 
0.807000 0.744964 
0.808000 0.743198 
0.809000 0.741402 
0.810000 0.739577 
0.811000 0.737722 
0.812000 0.735839 
0.813000 0.733926 
0.814000 0.731985 
0.815000 0.730014 
0.816000 0.728015 
0.817000 0.725987 
0.818000 0.723930 
0.819000 0.721845 
0.820000 0.719731 
0.821000 0.717589 
0.822000 0.715418 
0.823000 0.713220 
0.824000 0.710993 
0.825000 0.708738 
0.826000 0.706455 
0.827000 0.704144 
0.828000 0.701805 
0.829000 0.699439 
0.830000 0.697045 
0.831000 0.694623 
0.832000 0.692175 
0.833000 0.689698 
0.834000 0.687195 
0.835000 0.684664 
0.836000 0.682107 
0.837000 0.679522 
0.838000 0.676911 
0.839000 0.674273 
0.840000 0.671608 
0.841000 0.668917 
0.842000 0.666199 
0.843000 0.663455 
0.844000 0.660685 
0.845000 0.657889 
0.846000 0.655067 
0.847000 0.652219 
0.848000 0.649345 
0.849000 0.646445 
0.850000 0.643520 
0.851000 0.640570 
0.852000 0.637594 
0.853000 0.634594 
0.854000 0.631568 
0.855000 0.628517 
0.856000 0.625441 
0.857000 0.622341 
0.858000 0.619216 
0.859000 0.616067 
0.860000 0.612893 
0.861000 0.609695 
0.862000 0.606473 
0.863000 0.603228 
0.864000 0.599958 
0.865000 0.596665 
0.866000 0.593348 
0.867000 0.590007 
0.868000 0.586644 
0.869000 0.583257 
0.870000 0.579847 
0.871000 0.576414 
0.872000 0.572959 
0.873000 0.569481 
0.874000 0.565980 
0.875000 0.562457 
0.876000 0.558912 
0.877000 0.555345 
0.878000 0.551756 
0.879000 0.548145 
0.880000 0.544513 
0.881000 0.540859 
0.882000 0.537183 
0.883000 0.533487 
0.884000 0.529769 
0.885000 0.526031 
0.886000 0.522271 
0.887000 0.518491 
0.888000 0.514691 
0.889000 0.510870 
0.890000 0.507029 
0.891000 0.503168 
0.892000 0.499288 
0.893000 0.495387 
0.894000 0.491467 
0.895000 0.487528 
0.896000 0.483569 
0.897000 0.479591 
0.898000 0.475595 
0.899000 0.471579 
0.900000 0.467545 
0.901000 0.463492 
0.902000 0.459421 
0.903000 0.455333 
0.904000 0.451226 
0.905000 0.447101 
0.906000 0.442958 
0.907000 0.438798 
0.908000 0.434621 
0.909000 0.430427 
0.910000 0.426215 
0.911000 0.421987 
0.912000 0.417742 
0.913000 0.413481 
0.914000 0.409203 
0.915000 0.404909 
0.916000 0.400599 
0.917000 0.396274 
0.918000 0.391933 
0.919000 0.387576 
0.920000 0.383204 
0.921000 0.378816 
0.922000 0.374414 
0.923000 0.369997 
0.924000 0.365566 
0.925000 0.361120 
0.926000 0.356660 
0.927000 0.352185 
0.928000 0.347697 
0.929000 0.343195 
0.930000 0.338680 
0.931000 0.334151 
0.932000 0.329609 
0.933000 0.325054 
0.934000 0.320486 
0.935000 0.315905 
0.936000 0.311312 
0.937000 0.306707 
0.938000 0.302090 
0.939000 0.297460 
0.940000 0.292819 
0.941000 0.288166 
0.942000 0.283502 
0.943000 0.278827 
0.944000 0.274141 
0.945000 0.269444 
0.946000 0.264736 
0.947000 0.260018 
0.948000 0.255290 
0.949000 0.250551 
0.950000 0.245803 
0.951000 0.241045 
0.952000 0.236277 
0.953000 0.231500 
0.954000 0.226714 
0.955000 0.221919 
0.956000 0.217115 
0.957000 0.212303 
0.958000 0.207482 
0.959000 0.202654 
0.960000 0.197817 
0.961000 0.192972 
0.962000 0.188120 
0.963000 0.183260 
0.964000 0.178393 
0.965000 0.173519 
0.966000 0.168638 
0.967000 0.163750 
0.968000 0.158856 
0.969000 0.153956 
0.970000 0.149050 
0.971000 0.144137 
0.972000 0.139219 
0.973000 0.134296 
0.974000 0.129367 
0.975000 0.124433 
0.976000 0.119495 
0.977000 0.114551 
0.978000 0.109603 
0.979000 0.104651 
0.980000 0.099694 
0.981000 0.094734 
0.982000 0.089770 
0.983000 0.084802 
0.984000 0.079831 
0.985000 0.074857 
0.986000 0.069880 
0.987000 0.064900 
0.988000 0.059918 
0.989000 0.054933 
0.990000 0.049946 
0.991000 0.044957 
0.992000 0.039966 
0.993000 0.034974 
0.994000 0.029980 
0.995000 0.024985 
0.996000 0.019989 
0.997000 0.014993 
0.998000 0.009995 
0.999000 0.004998 
1.000000 0.000000 
1.001000 -0.004998 
1.002000 -0.009995 
1.003000 -0.014993 
1.004000 -0.019989 
1.005000 -0.024985 
1.006000 -0.029980 
1.007000 -0.034974 
1.008000 -0.039966 
1.009000 -0.044957 
1.010000 -0.049946 
1.011000 -0.054933 
1.012000 -0.059918 
1.013000 -0.064900 
1.014000 -0.069880 
1.015000 -0.074857 
1.016000 -0.079831 
1.017000 -0.084802 
1.018000 -0.089770 
1.019000 -0.094734 
1.020000 -0.099694 
1.021000 -0.104651 
1.022000 -0.109603 
1.023000 -0.114551 
1.024000 -0.119495 
1.025000 -0.124433 
1.026000 -0.129367 
1.027000 -0.134296 
1.028000 -0.139219 
1.029000 -0.144137 
1.030000 -0.149050 
1.031000 -0.153956 
1.032000 -0.158856 
1.033000 -0.163750 
1.034000 -0.168638 
1.035000 -0.173519 
1.036000 -0.178393 
1.037000 -0.183260 
1.038000 -0.188120 
1.039000 -0.192972 
1.040000 -0.197817 
1.041000 -0.202654 
1.042000 -0.207482 
1.043000 -0.212303 
1.044000 -0.217115 
1.045000 -0.221919 
1.046000 -0.226714 
1.047000 -0.231500 
1.048000 -0.236277 
1.049000 -0.241045 
1.050000 -0.245803 
1.051000 -0.250551 
1.052000 -0.255290 
1.053000 -0.260018 
1.054000 -0.264736 
1.055000 -0.269444 
1.056000 -0.274141 
1.057000 -0.278827 
1.058000 -0.283502 
1.059000 -0.288166 
1.060000 -0.292819 
1.061000 -0.297460 
1.062000 -0.302090 
1.063000 -0.306707 
1.064000 -0.311312 
1.065000 -0.315905 
1.066000 -0.320486 
1.067000 -0.325054 
1.068000 -0.329609 
1.069000 -0.334151 
1.070000 -0.338680 
1.071000 -0.343195 
1.072000 -0.347697 
1.073000 -0.352185 
1.074000 -0.356660 
1.075000 -0.361120 
1.076000 -0.365566 
1.077000 -0.369997 
1.078000 -0.374414 
1.079000 -0.378816 
1.080000 -0.383204 
1.081000 -0.387576 
1.082000 -0.391933 
1.083000 -0.396274 
1.084000 -0.400599 
1.085000 -0.404909 
1.086000 -0.409203 
1.087000 -0.413481 
1.088000 -0.417742 
1.089000 -0.421987 
1.090000 -0.426215 
1.091000 -0.430427 
1.092000 -0.434621 
1.093000 -0.438798 
1.094000 -0.442958 
1.095000 -0.447101 
1.096000 -0.451226 
1.097000 -0.455332 
1.098000 -0.459421 
1.099000 -0.463492 
1.100000 -0.467545 
1.101000 -0.471579 
1.102000 -0.475595 
1.103000 -0.479591 
1.104000 -0.483569 
1.105000 -0.487528 
1.106000 -0.491467 
1.107000 -0.495387 
1.108000 -0.499288 
1.109000 -0.503168 
1.110000 -0.507029 
1.111000 -0.510870 
1.112000 -0.514691 
1.113000 -0.518491 
1.114000 -0.522271 
1.115000 -0.526031 
1.116000 -0.529769 
1.117000 -0.533487 
1.118000 -0.537183 
1.119000 -0.540859 
1.120000 -0.544513 
1.121000 -0.548145 
1.122000 -0.551756 
1.123000 -0.555345 
1.124000 -0.558912 
1.125000 -0.562457 
1.126000 -0.565980 
1.127000 -0.569481 
1.128000 -0.572959 
1.129000 -0.576414 
1.130000 -0.579847 
1.131000 -0.583257 
1.132000 -0.586644 
1.133000 -0.590007 
1.134000 -0.593348 
1.135000 -0.596665 
1.136000 -0.599958 
1.137000 -0.603228 
1.138000 -0.606473 
1.139000 -0.609695 
1.140000 -0.612893 
1.141000 -0.616067 
1.142000 -0.619216 
1.143000 -0.622341 
1.144000 -0.625441 
1.145000 -0.628517 
1.146000 -0.631568 
1.147000 -0.634594 
1.148000 -0.637594 
1.149000 -0.640570 
1.150000 -0.643520 
1.151000 -0.646445 
1.152000 -0.649345 
1.153000 -0.652219 
1.154000 -0.655067 
1.155000 -0.657889 
1.156000 -0.660685 
1.157000 -0.663455 
1.158000 -0.666199 
1.159000 -0.668917 
1.160000 -0.671608 
1.161000 -0.674273 
1.162000 -0.676911 
1.163000 -0.679522 
1.164000 -0.682107 
1.165000 -0.684664 
1.166000 -0.687195 
1.167000 -0.689698 
1.168000 -0.692175 
1.169000 -0.694623 
1.170000 -0.697045 
1.171000 -0.699439 
1.172000 -0.701805 
1.173000 -0.704144 
1.174000 -0.706455 
1.175000 -0.708738 
1.176000 -0.710993 
1.177000 -0.713220 
1.178000 -0.715418 
1.179000 -0.717589 
1.180000 -0.719731 
1.181000 -0.721845 
1.182000 -0.723930 
1.183000 -0.725987 
1.184000 -0.728015 
1.185000 -0.730014 
1.186000 -0.731985 
1.187000 -0.733926 
1.188000 -0.735839 
1.189000 -0.737722 
1.190000 -0.739577 
1.191000 -0.741402 
1.192000 -0.743198 
1.193000 -0.744964 
1.194000 -0.746702 
1.195000 -0.748409 
1.196000 -0.750088 
1.197000 -0.751736 
1.198000 -0.753355 
1.199000 -0.754944 
1.200000 -0.756504 
1.201000 -0.758033 
1.202000 -0.759533 
1.203000 -0.761002 
1.204000 -0.762442 
1.205000 -0.763851 
1.206000 -0.765230 
1.207000 -0.766579 
1.208000 -0.767898 
1.209000 -0.769187 
1.210000 -0.770445 
1.211000 -0.771673 
1.212000 -0.772870 
1.213000 -0.774037 
1.214000 -0.775173 
1.215000 -0.776278 
1.216000 -0.777353 
1.217000 -0.778397 
1.218000 -0.779411 
1.219000 -0.780394 
1.220000 -0.781346 
1.221000 -0.782267 
1.222000 -0.783157 
1.223000 -0.784016 
1.224000 -0.784844 
1.225000 -0.785642 
1.226000 -0.786408 
1.227000 -0.787143 
1.228000 -0.787848 
1.229000 -0.788521 
1.230000 -0.789163 
1.231000 -0.789773 
1.232000 -0.790353 
1.233000 -0.790902 
1.234000 -0.791419 
1.235000 -0.791905 
1.236000 -0.792359 
1.237000 -0.792783 
1.238000 -0.793175 
1.239000 -0.793536 
1.240000 -0.793865 
1.241000 -0.794163 
1.242000 -0.794430 
1.243000 -0.794666 
1.244000 -0.794870 
1.245000 -0.795042 
1.246000 -0.795184 
1.247000 -0.795294 
1.248000 -0.795372 
1.249000 -0.795419 
1.250000 -0.795435 
1.251000 -0.795419 
1.252000 -0.795372 
1.253000 -0.795294 
1.254000 -0.795184 
1.255000 -0.795042 
1.256000 -0.794870 
1.257000 -0.794666 
1.258000 -0.794430 
1.259000 -0.794163 
1.260000 -0.793865 
1.261000 -0.793536 
1.262000 -0.793175 
1.263000 -0.792783 
1.264000 -0.792359 
1.265000 -0.791905 
1.266000 -0.791419 
1.267000 -0.790902 
1.268000 -0.790353 
1.269000 -0.789773 
1.270000 -0.789163 
1.271000 -0.788521 
1.272000 -0.787848 
1.273000 -0.787143 
1.274000 -0.786408 
1.275000 -0.785642 
1.276000 -0.784844 
1.277000 -0.784016 
1.278000 -0.783157 
1.279000 -0.782267 
1.280000 -0.781346 
1.281000 -0.780394 
1.282000 -0.779411 
1.283000 -0.778397 
1.284000 -0.777353 
1.285000 -0.776278 
1.286000 -0.775173 
1.287000 -0.774037 
1.288000 -0.772870 
1.289000 -0.771673 
1.290000 -0.770445 
1.291000 -0.769187 
1.292000 -0.767898 
1.293000 -0.766579 
1.294000 -0.765230 
1.295000 -0.763851 
1.296000 -0.762442 
1.297000 -0.761002 
1.298000 -0.759533 
1.299000 -0.758033 
1.300000 -0.756504 
1.301000 -0.754944 
1.302000 -0.753355 
1.303000 -0.751736 
1.304000 -0.750088 
1.305000 -0.748409 
1.306000 -0.746702 
1.307000 -0.744964 
1.308000 -0.743198 
1.309000 -0.741402 
1.310000 -0.739577 
1.311000 -0.737722 
1.312000 -0.735839 
1.313000 -0.733926 
1.314000 -0.731985 
1.315000 -0.730014 
1.316000 -0.728015 
1.317000 -0.725987 
1.318000 -0.723930 
1.319000 -0.721845 
1.320000 -0.719731 
1.321000 -0.717589 
1.322000 -0.715418 
1.323000 -0.713220 
1.324000 -0.710993 
1.325000 -0.708738 
1.326000 -0.706455 
1.327000 -0.704144 
1.328000 -0.701805 
1.329000 -0.699439 
1.330000 -0.697045 
1.331000 -0.694623 
1.332000 -0.692175 
1.333000 -0.689698 
1.334000 -0.687195 
1.335000 -0.684664 
1.336000 -0.682107 
1.337000 -0.679522 
1.338000 -0.676911 
1.339000 -0.674273 
1.340000 -0.671608 
1.341000 -0.668917 
1.342000 -0.666199 
1.343000 -0.663455 
1.344000 -0.660685 
1.345000 -0.657889 
1.346000 -0.655067 
1.347000 -0.652219 
1.348000 -0.649345 
1.349000 -0.646445 
1.350000 -0.643520 
1.351000 -0.640570 
1.352000 -0.637594 
1.353000 -0.634594 
1.354000 -0.631568 
1.355000 -0.628517 
1.356000 -0.625441 
1.357000 -0.622341 
1.358000 -0.619216 
1.359000 -0.616067 
1.360000 -0.612893 
1.361000 -0.609695 
1.362000 -0.606473 
1.363000 -0.603228 
1.364000 -0.599958 
1.365000 -0.596665 
1.366000 -0.593348 
1.367000 -0.590007 
1.368000 -0.586644 
1.369000 -0.583257 
1.370000 -0.579847 
1.371000 -0.576414 
1.372000 -0.572959 
1.373000 -0.569481 
1.374000 -0.565980 
1.375000 -0.562457 
1.376000 -0.558912 
1.377000 -0.555345 
1.378000 -0.551756 
1.379000 -0.548145 
1.380000 -0.544513 
1.381000 -0.540859 
1.382000 -0.537183 
1.383000 -0.533487 
1.384000 -0.529769 
1.385000 -0.526031 
1.386000 -0.522271 
1.387000 -0.518491 
1.388000 -0.514691 
1.389000 -0.510870 
1.390000 -0.507029 
1.391000 -0.503168 
1.392000 -0.499288 
1.393000 -0.495387 
1.394000 -0.491467 
1.395000 -0.487528 
1.396000 -0.483569 
1.397000 -0.479591 
1.398000 -0.475595 
1.399000 -0.471579 
1.400000 -0.467545 
1.401000 -0.463492 
1.402000 -0.459421 
1.403000 -0.455332 
1.404000 -0.451226 
1.405000 -0.447101 
1.406000 -0.442958 
1.407000 -0.438798 
1.408000 -0.434621 
1.409000 -0.430427 
1.410000 -0.426215 
1.411000 -0.421987 
1.412000 -0.417742 
1.413000 -0.413481 
1.414000 -0.409203 
1.415000 -0.404909 
1.416000 -0.400599 
1.417000 -0.396274 
1.418000 -0.391933 
1.419000 -0.387576 
1.420000 -0.383204 
1.421000 -0.378816 
1.422000 -0.374414 
1.423000 -0.369997 
1.424000 -0.365566 
1.425000 -0.361120 
1.426000 -0.356660 
1.427000 -0.352185 
1.428000 -0.347697 
1.429000 -0.343195 
1.430000 -0.338680 
1.431000 -0.334151 
1.432000 -0.329609 
1.433000 -0.325054 
1.434000 -0.320486 
1.435000 -0.315905 
1.436000 -0.311312 
1.437000 -0.306707 
1.438000 -0.302090 
1.439000 -0.297460 
1.440000 -0.292819 
1.441000 -0.288166 
1.442000 -0.283502 
1.443000 -0.278827 
1.444000 -0.274141 
1.445000 -0.269444 
1.446000 -0.264736 
1.447000 -0.260018 
1.448000 -0.255290 
1.449000 -0.250551 
1.450000 -0.245803 
1.451000 -0.241045 
1.452000 -0.236277 
1.453000 -0.231500 
1.454000 -0.226714 
1.455000 -0.221919 
1.456000 -0.217116 
1.457000 -0.212303 
1.458000 -0.207482 
1.459000 -0.202654 
1.460000 -0.197817 
1.461000 -0.192972 
1.462000 -0.188120 
1.463000 -0.183260 
1.464000 -0.178393 
1.465000 -0.173519 
1.466000 -0.168638 
1.467000 -0.163750 
1.468000 -0.158856 
1.469000 -0.153956 
1.470000 -0.149050 
1.471000 -0.144137 
1.472000 -0.139219 
1.473000 -0.134296 
1.474000 -0.129367 
1.475000 -0.124433 
1.476000 -0.119495 
1.477000 -0.114551 
1.478000 -0.109603 
1.479000 -0.104651 
1.480000 -0.099694 
1.481000 -0.094734 
1.482000 -0.089770 
1.483000 -0.084802 
1.484000 -0.079831 
1.485000 -0.074857 
1.486000 -0.069880 
1.487000 -0.064900 
1.488000 -0.059918 
1.489000 -0.054933 
1.490000 -0.049946 
1.491000 -0.044957 
1.492000 -0.039966 
1.493000 -0.034974 
1.494000 -0.029980 
1.495000 -0.024985 
1.496000 -0.019989 
1.497000 -0.014993 
1.498000 -0.009995 
1.499000 -0.004998 
