descriptor x_range  m_kepler 
2455326.949950 0.493251 
2455327.049950 0.316812 
2455327.149950 0.119203 
2455327.249950 -0.086372 
2455327.349950 -0.286175 
2455327.449950 -0.466855 
2455327.549950 -0.616339 
2455327.649950 -0.724639 
2455327.749950 -0.784517 
2455327.849950 -0.791972 
2455327.949950 -0.746506 
2455328.049950 -0.651158 
2455328.149950 -0.512298 
2455328.249950 -0.339206 
2455328.349950 -0.143447 
2455328.449950 0.061897 
2455328.549950 0.263105 
2455328.649950 0.446732 
2455328.749950 0.600508 
2455328.849950 0.714156 
2455328.949950 0.780084 
2455329.049950 0.793885 
2455329.149950 0.754637 
2455329.249950 0.664963 
2455329.349950 0.530856 
2455329.449950 0.361275 
2455329.549950 0.167554 
2455329.649950 -0.037363 
2455329.749950 -0.239784 
2455329.849950 -0.426182 
2455329.949950 -0.584102 
2455330.049950 -0.702991 
2455330.149950 -0.774906 
2455330.249950 -0.795039 
2455330.349950 -0.762047 
2455330.449950 -0.678134 
2455330.549950 -0.548907 
2455330.649950 -0.383000 
2455330.749950 -0.191501 
2455330.849950 0.012794 
2455330.949950 0.216234 
2455331.049950 0.405226 
2455331.149950 0.567139 
2455331.249950 0.691155 
2455331.349950 0.768988 
2455331.449950 0.795435 
2455331.549950 0.768730 
2455331.649950 0.690657 
2455331.749950 0.566433 
2455331.849950 0.404359 
2455331.949950 0.215266 
2455332.049950 0.011788 
2455332.149950 -0.192478 
2455332.249950 -0.383882 
2455332.349950 -0.549634 
2455332.449950 -0.678659 
2455332.549950 -0.762335 
2455332.649950 -0.795070 
2455332.749950 -0.774678 
2455332.849950 -0.702520 
2455332.949950 -0.583419 
2455333.049950 -0.425332 
2455333.149950 -0.238825 
2455333.249950 -0.036358 
2455333.349950 0.168538 
2455333.449950 0.362172 
2455333.549950 0.531605 
2455333.649950 0.665515 
2455333.749950 0.754955 
2455333.849950 0.793947 
2455333.949950 0.779886 
2455334.049950 0.713712 
2455334.149950 0.599847 
2455334.249950 0.445899 
2455334.349950 0.262155 
2455334.449950 0.060894 
2455334.549950 -0.144437 
2455334.649950 -0.340116 
2455334.749950 -0.513067 
2455334.849950 -0.651735 
2455334.949950 -0.746853 
2455335.049950 -0.792065 
2455335.149950 -0.784350 
2455335.249950 -0.724223 
2455335.349950 -0.615703 
2455335.449950 -0.466040 
2455335.549950 -0.285236 
2455335.649950 -0.085371 
2455335.749950 0.120197 
2455335.849950 0.317735 
2455335.949950 0.494040 
2455336.049950 0.637333 
2455336.149950 0.738038 
2455336.249950 0.789427 
2455336.349950 0.788064 
2455336.449950 0.734042 
2455336.549950 0.630970 
2455336.649950 0.485736 
2455336.749950 0.308044 
2455336.849950 0.109767 
2455336.949950 -0.095844 
2455337.049950 -0.295050 
2455337.149950 -0.474541 
2455337.249950 -0.622322 
2455337.349950 -0.728519 
2455337.449950 -0.786035 
2455337.549950 -0.791026 
2455337.649950 -0.743160 
2455337.749950 -0.645635 
2455337.849950 -0.504968 
2455337.949950 -0.330557 
2455338.049950 -0.134059 
2455338.149950 0.071398 
2455338.249950 0.272084 
2455338.349950 0.454589 
2455338.449950 0.606717 
2455338.549950 0.718303 
2455338.649950 0.781892 
2455338.749950 0.793233 
2455338.849950 0.751569 
2455338.949950 0.659684 
2455339.049950 0.523717 
2455339.149950 0.352755 
2455339.249950 0.158222 
2455339.349950 -0.046884 
2455339.449950 -0.248858 
2455339.549950 -0.434202 
2455339.649950 -0.590532 
2455339.749950 -0.707402 
2455339.849950 -0.777002 
2455339.949950 -0.794682 
2455340.049950 -0.759259 
2455340.149950 -0.673102 
2455340.249950 -0.541967 
2455340.349950 -0.374617 
2455340.449950 -0.182234 
2455340.549950 0.022326 
2455340.649950 0.225394 
2455340.749950 0.413401 
2455340.849950 0.573784 
2455340.949950 0.695825 
2455341.049950 0.771370 
2455341.149950 0.795372 
2455341.249950 0.766225 
2455341.349950 0.685877 
2455341.449950 0.559699 
2455341.549950 0.396120 
2455341.649950 0.206072 
2455341.749950 0.002254 
2455341.849950 -0.201715 
2455341.949950 -0.392205 
2455342.049950 -0.556487 
2455342.149950 -0.683584 
2455342.249950 -0.765002 
2455342.349950 -0.795302 
2455342.449950 -0.772458 
2455342.549950 -0.697998 
2455342.649950 -0.576896 
2455342.749950 -0.417245 
2455342.849950 -0.229713 
2455342.949950 -0.026831 
2455343.049950 0.177843 
2455343.149950 0.370634 
2455343.249950 0.538659 
2455343.349950 0.670689 
2455343.449950 0.757903 
2455343.549950 0.794473 
2455343.649950 0.777954 
2455343.749950 0.709452 
2455343.849950 0.593542 
2455343.949950 0.437972 
2455344.049950 0.253135 
2455344.149950 0.051383 
2455344.249950 -0.153802 
2455344.349950 -0.348710 
2455344.449950 -0.520316 
2455344.549950 -0.657154 
2455344.649950 -0.750080 
2455344.749950 -0.792885 
2455344.849950 -0.782707 
2455344.949950 -0.720228 
2455345.049950 -0.609622 
2455345.149950 -0.458280 
2455345.249950 -0.276315 
2455345.349950 -0.075886 
2455345.449950 0.129614 
2455345.549950 0.326452 
2455345.649950 0.501477 
2455345.749950 0.642992 
2455345.849950 0.741541 
2455345.949950 0.790540 
2455346.049950 0.786713 
2455346.149950 0.730317 
2455346.249950 0.625119 
2455346.349950 0.478151 
2455346.449950 0.299231 
2455346.549950 0.100317 
2455346.649950 -0.105301 
2455346.749950 -0.303883 
2455346.849950 -0.482159 
2455346.949950 -0.628216 
2455347.049950 -0.732294 
2455347.149950 -0.787440 
2455347.249950 -0.789967 
2455347.349950 -0.739708 
2455347.449950 -0.640020 
2455347.549950 -0.497565 
2455347.649950 -0.321862 
2455347.749950 -0.124651 
2455347.849950 0.080889 
2455347.949950 0.281023 
2455348.049950 0.462380 
2455348.149950 0.612839 
2455348.249950 0.722347 
2455348.349950 0.783587 
2455348.449950 0.792467 
2455348.549950 0.748392 
2455348.649950 0.654309 
2455348.749950 0.516504 
2455348.849950 0.344185 
2455348.949950 0.148867 
2455349.049950 -0.056399 
2455349.149950 -0.257896 
2455349.249950 -0.442159 
2455349.349950 -0.596877 
2455349.449950 -0.711711 
2455349.549950 -0.778987 
2455349.649950 -0.794210 
2455349.749950 -0.756362 
2455349.849950 -0.667973 
2455349.949950 -0.534949 
2455350.049950 -0.366179 
2455350.149950 -0.172940 
2455350.249950 0.031855 
2455350.349950 0.234521 
2455350.449950 0.421517 
2455350.549950 0.580346 
2455350.649950 0.700395 
2455350.749950 0.773642 
2455350.849950 0.795194 
2455350.949950 0.763610 
2455351.049950 0.680999 
2455351.149950 0.552884 
2455351.249950 0.387824 
2455351.349950 0.196848 
2455351.449950 -0.007281 
2455351.549950 -0.210923 
2455351.649950 -0.400471 
2455351.749950 -0.563260 
2455351.849950 -0.688410 
2455351.949950 -0.767559 
2455352.049950 -0.795419 
2455352.149950 -0.770128 
2455352.249950 -0.693375 
2455352.349950 -0.570290 
2455352.449950 -0.409098 
2455352.549950 -0.220568 
2455352.649950 -0.017300 
2455352.749950 0.187124 
2455352.849950 0.379044 
2455352.949950 0.545636 
2455353.049950 0.675767 
2455353.149950 0.760743 
2455353.249950 0.794884 
2455353.349950 0.775911 
2455353.449950 0.705089 
2455353.549950 0.587152 
2455353.649950 0.429981 
2455353.749950 0.244078 
2455353.849950 0.041865 
2455353.949950 -0.163145 
2455354.049950 -0.357254 
2455354.149950 -0.527491 
2455354.249950 -0.662479 
2455354.349950 -0.753200 
2455354.449950 -0.793591 
2455354.549950 -0.780952 
2455354.649950 -0.716130 
2455354.749950 -0.603454 
2455354.849950 -0.450454 
2455354.949950 -0.267355 
2455355.049950 -0.066390 
2455355.149950 0.139011 
2455355.249950 0.335123 
2455355.349950 0.508842 
2455355.449950 0.648559 
2455355.549950 0.744938 
2455355.649950 0.791539 
2455355.749950 0.785248 
2455355.849950 0.726486 
2455355.949950 0.619179 
2455356.049950 0.470497 
2455356.149950 0.290376 
2455356.249950 0.090851 
2455356.349950 -0.114744 
2455356.449950 -0.312672 
2455356.549950 -0.489707 
2455356.649950 -0.634019 
2455356.749950 -0.735964 
2455356.849950 -0.788731 
2455356.949950 -0.788794 
2455357.049950 -0.736149 
2455357.149950 -0.634312 
2455357.249950 -0.490090 
2455357.349950 -0.313120 
2455357.449950 -0.115226 
2455357.549950 0.090368 
2455357.649950 0.289923 
2455357.749950 0.470105 
2455357.849950 0.618873 
2455357.949950 0.726288 
2455358.049950 0.785171 
2455358.149950 0.791587 
2455358.249950 0.745108 
2455358.349950 0.648840 
2455358.449950 0.509216 
2455358.549950 0.335564 
2455358.649950 0.139490 
2455358.749950 -0.065905 
2455358.849950 -0.266896 
2455358.949950 -0.450053 
2455359.049950 -0.603137 
2455359.149950 -0.715918 
2455359.249950 -0.780860 
2455359.349950 -0.793624 
2455359.449950 -0.753356 
2455359.549950 -0.662748 
2455359.649950 -0.527855 
2455359.749950 -0.357689 
2455359.849950 -0.163621 
2455359.949950 0.041379 
2455360.049950 0.243615 
2455360.149950 0.429572 
2455360.249950 0.586824 
2455360.349950 0.704864 
2455360.449950 0.775803 
2455360.549950 0.794902 
2455360.649950 0.760885 
2455360.749950 0.676024 
2455360.849950 0.545989 
2455360.949950 0.379471 
2455361.049950 0.187596 
2455361.149950 -0.016814 
2455361.249950 -0.220101 
2455361.349950 -0.408680 
2455361.449950 -0.569951 
2455361.549950 -0.693137 
2455361.649950 -0.770006 
2455361.749950 -0.795422 
2455361.849950 -0.767687 
2455361.949950 -0.688653 
2455362.049950 -0.563603 
2455362.149950 -0.400892 
2455362.249950 -0.211392 
2455362.349950 -0.007767 
2455362.449950 0.196377 
2455362.549950 0.387399 
2455362.649950 0.552534 
2455362.749950 0.680748 
2455362.849950 0.763473 
2455362.949950 0.795182 
2455363.049950 0.773755 
2455363.149950 0.700625 
2455363.249950 0.580678 
2455363.349950 0.421929 
2455363.449950 0.234986 
2455363.549950 0.032341 
2455363.649950 -0.172465 
2455363.749950 -0.365747 
2455363.849950 -0.534589 
2455363.949950 -0.667709 
2455364.049950 -0.756211 
2455364.149950 -0.794183 
2455364.249950 -0.779085 
2455364.349950 -0.711928 
2455364.449950 -0.597199 
2455364.549950 -0.442564 
2455364.649950 -0.258356 
2455364.749950 -0.056884 
2455364.849950 0.148389 
2455364.949950 0.343746 
2455365.049950 0.516133 
2455365.149950 0.654032 
2455365.249950 0.748227 
2455365.349950 0.792425 
2455365.449950 0.783671 
2455365.549950 0.722551 
2455365.649950 0.613149 
2455365.749950 0.462776 
2455365.849950 0.281479 
2455365.949950 0.081373 
2455366.049950 -0.124171 
2455366.149950 -0.321417 
2455366.249950 -0.497185 
2455366.349950 -0.639731 
2455366.449950 -0.739529 
2455366.549950 -0.789910 
2455366.649950 -0.787508 
2455366.749950 -0.732484 
2455366.849950 -0.628514 
2455366.949950 -0.482545 
2455367.049950 -0.304333 
2455367.149950 -0.105784 
2455367.249950 0.099834 
2455367.349950 0.298780 
2455367.449950 0.477762 
2455367.549950 0.624818 
2455367.649950 0.730124 
2455367.749950 0.786641 
2455367.849950 0.790593 
2455367.949950 0.741717 
2455368.049950 0.643278 
2455368.149950 0.501854 
2455368.249950 0.326896 
2455368.349950 0.130094 
2455368.449950 -0.075402 
2455368.549950 -0.275859 
2455368.649950 -0.457882 
2455368.749950 -0.609309 
2455368.849950 -0.720021 
2455368.949950 -0.782621 
2455369.049950 -0.792924 
2455369.149950 -0.750242 
2455369.249950 -0.657428 
2455369.349950 -0.520684 
2455369.449950 -0.349147 
2455369.549950 -0.154279 
2455369.649950 0.050898 
2455369.749950 0.252674 
2455369.849950 0.437565 
2455369.949950 0.593218 
2455370.049950 0.709232 
2455370.149950 0.777853 
2455370.249950 0.794497 
2455370.349950 0.758051 
2455370.449950 0.670951 
2455370.549950 0.539017 
2455370.649950 0.371065 
2455370.749950 0.178318 
2455370.849950 -0.026345 
2455370.949950 -0.229247 
2455371.049950 -0.416831 
2455371.149950 -0.576561 
2455371.249950 -0.697764 
2455371.349950 -0.772342 
2455371.449950 -0.795311 
2455371.549950 -0.765135 
2455371.649950 -0.683832 
2455371.749950 -0.556834 
2455371.849950 -0.392628 
2455371.949950 -0.202186 
2455372.049950 0.001767 
2455372.149950 0.205602 
2455372.249950 0.395698 
2455372.349950 0.559353 
2455372.449950 0.685631 
2455372.549950 0.766094 
2455372.649950 0.795365 
2455372.749950 0.771489 
2455372.849950 0.696061 
2455372.949950 0.574120 
2455373.049950 0.413816 
2455373.149950 0.225861 
2455373.249950 0.022812 
2455373.349950 -0.181760 
2455373.449950 -0.374187 
2455373.549950 -0.541611 
2455373.649950 -0.672843 
2455373.749950 -0.759114 
2455373.849950 -0.794660 
2455373.949950 -0.777106 
2455374.049950 -0.707624 
2455374.149950 -0.590858 
2455374.249950 -0.434610 
2455374.349950 -0.249320 
2455374.449950 -0.047370 
2455374.549950 0.157745 
2455374.649950 0.352319 
2455374.749950 0.523351 
2455374.849950 0.659412 
2455374.949950 0.751409 
2455375.049950 0.793196 
2455375.149950 0.781981 
2455375.249950 0.718512 
2455375.349950 0.607031 
2455375.449950 0.454988 
2455375.549950 0.272541 
2455375.649950 0.071883 
2455375.749950 -0.133579 
2455375.849950 -0.330115 
2455375.949950 -0.504592 
2455376.049950 -0.645351 
2455376.149950 -0.742987 
2455376.249950 -0.790975 
2455376.349950 -0.786109 
2455376.449950 -0.728714 
2455376.549950 -0.622625 
2455376.649950 -0.474931 
2455376.749950 -0.295502 
2455376.849950 -0.096326 
2455376.949950 0.109286 
2455377.049950 0.307595 
2455377.149950 0.485350 
2455377.249950 0.630674 
2455377.349950 0.733855 
2455377.449950 0.787998 
2455377.549950 0.789486 
2455377.649950 0.738220 
2455377.749950 0.637624 
2455377.849950 0.494421 
2455377.949950 0.318180 
2455378.049950 0.120678 
2455378.149950 -0.084888 
2455378.249950 -0.284781 
2455378.349950 -0.465646 
2455378.449950 -0.615395 
2455378.549950 -0.724022 
2455378.649950 -0.784269 
2455378.749950 -0.792110 
2455378.849950 -0.747020 
2455378.949950 -0.652014 
2455379.049950 -0.513439 
2455379.149950 -0.340555 
2455379.249950 -0.144915 
2455379.349950 0.060409 
2455379.449950 0.261696 
2455379.549950 0.445496 
2455379.649950 0.599528 
2455379.749950 0.713498 
2455379.849950 0.779790 
2455379.949950 0.793976 
2455380.049950 0.755108 
2455380.149950 0.665781 
2455380.249950 0.531967 
2455380.349950 0.362605 
2455380.449950 0.169013 
2455380.549950 -0.035872 
2455380.649950 -0.238361 
2455380.749950 -0.424921 
2455380.849950 -0.583088 
2455380.949950 -0.702292 
2455381.049950 -0.774567 
2455381.149950 -0.795085 
2455381.249950 -0.762474 
2455381.349950 -0.678913 
2455381.449950 -0.549986 
2455381.549950 -0.384308 
2455381.649950 -0.192950 
2455381.749950 0.011301 
2455381.849950 0.214797 
2455381.949950 0.403940 
2455382.049950 0.566091 
2455382.149950 0.690415 
2455382.249950 0.768605 
2455382.349950 0.795434 
2455382.449950 0.769112 
2455382.549950 0.691396 
2455382.649950 0.567480 
2455382.749950 0.405644 
2455382.849950 0.216702 
2455382.949950 0.013280 
2455383.049950 -0.191029 
2455383.149950 -0.382574 
2455383.249950 -0.548554 
2455383.349950 -0.677880 
2455383.449950 -0.761908 
2455383.549950 -0.795024 
2455383.649950 -0.775015 
2455383.749950 -0.703219 
2455383.849950 -0.584432 
2455383.949950 -0.426593 
2455384.049950 -0.240248 
2455384.149950 -0.037849 
2455384.249950 0.167079 
2455384.349950 0.360842 
2455384.449950 0.530493 
2455384.549950 0.664696 
2455384.649950 0.754483 
2455384.749950 0.793854 
2455384.849950 0.780179 
2455384.949950 0.714370 
2455385.049950 0.600826 
2455385.149950 0.447134 
2455385.249950 0.263564 
2455385.349950 0.062382 
2455385.449950 -0.142968 
2455385.549950 -0.338765 
2455385.649950 -0.511926 
2455385.749950 -0.650878 
2455385.849950 -0.746338 
2455385.949950 -0.791926 
2455386.049950 -0.784597 
2455386.149950 -0.724839 
2455386.249950 -0.616647 
2455386.349950 -0.467249 
2455386.449950 -0.286629 
2455386.549950 -0.086855 
2455386.649950 0.118722 
2455386.749950 0.316365 
2455386.849950 0.492869 
2455386.949950 0.636439 
2455387.049950 0.737480 
2455387.149950 0.789242 
2455387.249950 0.788266 
2455387.349950 0.734616 
2455387.449950 0.631878 
2455387.549950 0.486917 
2455387.649950 0.309419 
2455387.749950 0.111246 
2455387.849950 -0.094361 
2455387.949950 -0.293663 
2455388.049950 -0.473342 
2455388.149950 -0.621391 
2455388.249950 -0.727918 
2455388.349950 -0.785804 
2455388.449950 -0.791182 
2455388.549950 -0.743691 
2455388.649950 -0.646506 
2455388.749950 -0.506120 
2455388.849950 -0.331914 
2455388.949950 -0.135530 
2455389.049950 0.069911 
2455389.149950 0.270681 
2455389.249950 0.453363 
2455389.349950 0.605750 
2455389.449950 0.717661 
2455389.549950 0.781616 
2455389.649950 0.793342 
2455389.749950 0.752056 
2455389.849950 0.660516 
2455389.949950 0.524840 
2455390.049950 0.354093 
2455390.149950 0.159684 
2455390.249950 -0.045394 
2455390.349950 -0.247440 
2455390.449950 -0.432951 
2455390.549950 -0.589531 
2455390.649950 -0.706718 
2455390.749950 -0.776681 
2455390.849950 -0.794745 
2455390.949950 -0.759703 
2455391.049950 -0.673896 
2455391.149950 -0.543058 
2455391.249950 -0.375933 
2455391.349950 -0.183687 
2455391.449950 0.020834 
2455391.549950 0.223962 
2455391.649950 0.412125 
2455391.749950 0.572749 
2455391.849950 0.695101 
2455391.949950 0.771005 
2455392.049950 0.795389 
2455392.149950 0.766624 
2455392.249950 0.686632 
2455392.349950 0.560758 
2455392.449950 0.397414 
2455392.549950 0.207513 
2455392.649950 0.003746 
2455392.749950 -0.200271 
2455392.849950 -0.390906 
2455392.949950 -0.555419 
2455393.049950 -0.682819 
2455393.149950 -0.764592 
2455393.249950 -0.795273 
2455393.349950 -0.772813 
2455393.449950 -0.698713 
2455393.549950 -0.577923 
2455393.649950 -0.418515 
2455393.749950 -0.231142 
2455393.849950 -0.028323 
2455393.949950 0.176388 
2455394.049950 0.369313 
2455394.149950 0.537560 
2455394.249950 0.669886 
2455394.349950 0.757449 
2455394.449950 0.794398 
2455394.549950 0.778264 
2455394.649950 0.710126 
2455394.749950 0.594535 
2455394.849950 0.439217 
2455394.949950 0.254550 
2455395.049950 0.052873 
2455395.149950 -0.152337 
2455395.249950 -0.347368 
2455395.349950 -0.519186 
2455395.449950 -0.656312 
2455395.549950 -0.749582 
2455395.649950 -0.792764 
2455395.749950 -0.782972 
2455395.849950 -0.720860 
2455395.949950 -0.610580 
2455396.049950 -0.459499 
2455396.149950 -0.277714 
2455396.249950 -0.077372 
2455396.349950 0.128141 
2455396.449950 0.325090 
2455396.549950 0.500317 
2455396.649950 0.642112 
2455396.749950 0.741000 
2455396.849950 0.790373 
2455396.949950 0.786932 
2455397.049950 0.730907 
2455397.149950 0.626041 
2455397.249950 0.479343 
2455397.349950 0.300614 
2455397.449950 0.101797 
2455397.549950 -0.103822 
2455397.649950 -0.302503 
2455397.749950 -0.480970 
2455397.849950 -0.627299 
2455397.949950 -0.731710 
2455398.049950 -0.787227 
2455398.149950 -0.790140 
2455398.249950 -0.740255 
2455398.349950 -0.640905 
2455398.449950 -0.498728 
2455398.549950 -0.323226 
2455398.649950 -0.126125 
2455398.749950 0.079404 
2455398.849950 0.279626 
2455398.949950 0.461164 
2455399.049950 0.611886 
2455399.149950 0.721721 
2455399.249950 0.783329 
2455399.349950 0.792594 
2455399.449950 0.748897 
2455399.549950 0.655157 
2455399.649950 0.517638 
2455399.749950 0.345530 
2455399.849950 0.150333 
2455399.949950 -0.054910 
2455400.049950 -0.256483 
2455400.149950 -0.440918 
2455400.249950 -0.595890 
2455400.349950 -0.711043 
2455400.449950 -0.778684 
2455400.549950 -0.794291 
2455400.649950 -0.756823 
2455400.749950 -0.668782 
2455400.849950 -0.536053 
2455400.949950 -0.367503 
2455401.049950 -0.174397 
2455401.149950 0.030363 
2455401.249950 0.233095 
2455401.349950 0.420250 
2455401.449950 0.579324 
2455401.549950 0.699686 
2455401.649950 0.773294 
2455401.749950 0.795229 
2455401.849950 0.764026 
2455401.949950 0.681770 
2455402.049950 0.553956 
2455402.149950 0.389126 
2455402.249950 0.198294 
2455402.349950 -0.005788 
2455402.449950 -0.209484 
2455402.549950 -0.399181 
2455402.649950 -0.562205 
2455402.749950 -0.687661 
2455402.849950 -0.767166 
2455402.949950 -0.795408 
2455403.049950 -0.770500 
2455403.149950 -0.694106 
2455403.249950 -0.571330 
2455403.349950 -0.410377 
2455403.449950 -0.222002 
2455403.549950 -0.018793 
2455403.649950 0.185672 
2455403.749950 0.377731 
2455403.849950 0.544548 
2455403.949950 0.674979 
2455404.049950 0.760305 
2455404.149950 0.794828 
2455404.249950 0.776238 
2455404.349950 0.705779 
2455404.449950 0.588158 
2455404.549950 0.431236 
2455404.649950 0.245498 
2455404.749950 0.043356 
2455404.849950 -0.161684 
2455404.949950 -0.355920 
2455405.049950 -0.526372 
2455405.149950 -0.661652 
2455405.249950 -0.752719 
2455405.349950 -0.793488 
2455405.449950 -0.781235 
2455405.549950 -0.716778 
2455405.649950 -0.604425 
2455405.749950 -0.451684 
2455405.849950 -0.268760 
2455405.949950 -0.067877 
2455406.049950 0.137541 
2455406.149950 0.333769 
2455406.249950 0.507693 
2455406.349950 0.647693 
2455406.449950 0.744413 
2455406.549950 0.791390 
2455406.649950 0.785485 
2455406.749950 0.727093 
2455406.849950 0.620115 
2455406.949950 0.471700 
2455407.049950 0.291765 
2455407.149950 0.092334 
2455407.249950 -0.113267 
2455407.349950 -0.311299 
2455407.449950 -0.488530 
2455407.549950 -0.633116 
2455407.649950 -0.735397 
2455407.749950 -0.788537 
2455407.849950 -0.788985 
2455407.949950 -0.736713 
2455408.049950 -0.635212 
2455408.149950 -0.491265 
2455408.249950 -0.314491 
2455408.349950 -0.116702 
2455408.449950 0.088885 
2455408.549950 0.288532 
2455408.649950 0.468900 
2455408.749950 0.617934 
2455408.849950 0.725678 
2455408.949950 0.784930 
2455409.049950 0.791732 
2455409.149950 0.745629 
2455409.249950 0.649703 
2455409.349950 0.510361 
2455409.449950 0.336917 
2455409.549950 0.140960 
2455409.649950 -0.064417 
2455409.749950 -0.265490 
2455409.849950 -0.448822 
2455409.949950 -0.602162 
2455410.049950 -0.715266 
2455410.149950 -0.780574 
2455410.249950 -0.793723 
2455410.349950 -0.753834 
2455410.449950 -0.663573 
2455410.549950 -0.528970 
2455410.649950 -0.359021 
2455410.749950 -0.165082 
2455410.849950 0.039889 
2455410.949950 0.242194 
2455411.049950 0.428315 
2455411.149950 0.585815 
2455411.249950 0.704171 
2455411.349950 0.775472 
2455411.449950 0.794956 
2455411.549950 0.761319 
2455411.649950 0.676809 
2455411.749950 0.547074 
2455411.849950 0.380783 
2455411.949950 0.189047 
2455412.049950 -0.015322 
2455412.149950 -0.218666 
2455412.249950 -0.407399 
2455412.349950 -0.568909 
2455412.449950 -0.692403 
2455412.549950 -0.769630 
2455412.649950 -0.795429 
2455412.749950 -0.768076 
2455412.849950 -0.689399 
2455412.949950 -0.564655 
2455413.049950 -0.402180 
2455413.149950 -0.212831 
2455413.249950 -0.009260 
2455413.349950 0.194930 
2455413.449950 0.386094 
2455413.549950 0.551459 
2455413.649950 0.679975 
2455413.749950 0.763053 
2455413.849950 0.795143 
2455413.949950 0.774100 
2455414.049950 0.701331 
2455414.149950 0.581697 
2455414.249950 0.423194 
2455414.349950 0.236412 
2455414.449950 0.033833 
2455414.549950 -0.171008 
2455414.649950 -0.364421 
2455414.749950 -0.533483 
2455414.849950 -0.666896 
2455414.949950 -0.755747 
2455415.049950 -0.794097 
2455415.149950 -0.779385 
2455415.249950 -0.712593 
2455415.349950 -0.598184 
2455415.449950 -0.443803 
2455415.549950 -0.259767 
2455415.649950 -0.058373 
2455415.749950 0.146922 
2455415.849950 0.342399 
2455415.949950 0.514997 
2455416.049950 0.653181 
2455416.149950 0.747719 
2455416.249950 0.792294 
2455416.349950 0.783925 
2455416.449950 0.723174 
2455416.549950 0.614099 
2455416.649950 0.463989 
2455416.749950 0.282874 
2455416.849950 0.082857 
2455416.949950 -0.122696 
2455417.049950 -0.320051 
2455417.149950 -0.496019 
2455417.249950 -0.638843 
2455417.349950 -0.738978 
2455417.449950 -0.789733 
2455417.549950 -0.787717 
2455417.649950 -0.733065 
2455417.749950 -0.629428 
2455417.849950 -0.483731 
2455417.949950 -0.305711 
2455418.049950 -0.107263 
2455418.149950 0.098353 
2455418.249950 0.297396 
2455418.349950 0.476567 
2455418.449950 0.623894 
2455418.549950 0.729530 
2455418.649950 0.786418 
2455418.749950 0.790756 
2455418.849950 0.742255 
2455418.949950 0.644155 
2455419.049950 0.503012 
2455419.149950 0.328256 
2455419.249950 0.131566 
2455419.349950 -0.073916 
2455419.449950 -0.274458 
2455419.549950 -0.456661 
2455419.649950 -0.608349 
2455419.749950 -0.719386 
2455419.849950 -0.782352 
2455419.949950 -0.793041 
2455420.049950 -0.750737 
2455420.149950 -0.658268 
2455420.249950 -0.521812 
2455420.349950 -0.350488 
2455420.449950 -0.155743 
2455420.549950 0.049408 
2455420.649950 0.251258 
2455420.749950 0.436318 
2455420.849950 0.592223 
2455420.949950 0.708555 
2455421.049950 0.777539 
2455421.149950 0.794568 
2455421.249950 0.758502 
2455421.349950 0.671751 
2455421.449950 0.540114 
2455421.549950 0.372384 
2455421.649950 0.179772 
2455421.749950 -0.024853 
2455421.849950 -0.227817 
2455421.949950 -0.415559 
2455422.049950 -0.575532 
2455422.149950 -0.697047 
2455422.249950 -0.771984 
2455422.349950 -0.795336 
2455422.449950 -0.765542 
2455422.549950 -0.684594 
2455422.649950 -0.557899 
2455422.749950 -0.393926 
2455422.849950 -0.203629 
2455422.949950 0.000274 
2455423.049950 0.204160 
2455423.149950 0.394402 
2455423.249950 0.558291 
2455423.349950 0.684873 
2455423.449950 0.765691 
2455423.549950 0.795344 
2455423.649950 0.771851 
2455423.749950 0.696782 
2455423.849950 0.575153 
2455423.949950 0.415091 
2455424.049950 0.227291 
2455424.149950 0.024304 
2455424.249950 -0.180307 
2455424.349950 -0.372869 
2455424.449950 -0.540516 
2455424.549950 -0.672045 
2455424.649950 -0.758667 
2455424.749950 -0.794593 
2455424.849950 -0.777423 
2455424.949950 -0.708305 
2455425.049950 -0.591856 
2455425.149950 -0.435859 
2455425.249950 -0.250737 
2455425.349950 -0.048860 
2455425.449950 0.156282 
2455425.549950 0.350980 
2455425.649950 0.522226 
2455425.749950 0.658576 
2455425.849950 0.750918 
2455425.949950 0.793083 
2455426.049950 0.782253 
2455426.149950 0.719151 
2455426.249950 0.607995 
2455426.349950 0.456211 
2455426.449950 0.273943 
2455426.549950 0.073369 
2455426.649950 -0.132107 
2455426.749950 -0.328756 
2455426.849950 -0.503437 
2455426.949950 -0.644477 
2455427.049950 -0.742452 
2455427.149950 -0.790816 
2455427.249950 -0.786336 
2455427.349950 -0.729311 
2455427.449950 -0.623553 
2455427.549950 -0.476128 
2455427.649950 -0.296887 
2455427.749950 -0.097808 
2455427.849950 0.107807 
2455427.949950 0.306218 
2455428.049950 0.484167 
2455428.149950 0.629763 
2455428.249950 0.733278 
2455428.349950 0.787793 
2455428.449950 0.789667 
2455428.549950 0.738774 
2455428.649950 0.638515 
2455428.749950 0.495590 
2455428.849950 0.319548 
2455428.949950 0.122154 
2455429.049950 -0.083403 
2455429.149950 -0.283387 
2455429.249950 -0.464435 
2455429.349950 -0.614448 
2455429.449950 -0.723402 
2455429.549950 -0.784018 
2455429.649950 -0.792245 
2455429.749950 -0.747532 
2455429.849950 -0.652868 
2455429.949950 -0.514578 
2455430.049950 -0.341904 
2455430.149950 -0.146382 
2455430.249950 0.058920 
2455430.349950 0.260286 
2455430.449950 0.444259 
2455430.549950 0.598545 
2455430.649950 0.712836 
2455430.749950 0.779494 
2455430.849950 0.794065 
2455430.949950 0.755576 
2455431.049950 0.666597 
2455431.149950 0.533075 
2455431.249950 0.363933 
2455431.349950 0.170472 
2455431.449950 -0.034381 
2455431.549950 -0.236936 
2455431.649950 -0.423659 
2455431.749950 -0.582072 
2455431.849950 -0.701590 
2455431.949950 -0.774226 
2455432.049950 -0.795128 
2455432.149950 -0.762898 
2455432.249950 -0.679690 
2455432.349950 -0.551063 
2455432.449950 -0.385614 
2455432.549950 -0.194398 
2455432.649950 0.009809 
2455432.749950 0.213360 
2455432.849950 0.402654 
2455432.949950 0.565042 
2455433.049950 0.689673 
2455433.149950 0.768219 
2455433.249950 0.795431 
2455433.349950 0.769491 
2455433.449950 0.692133 
2455433.549950 0.568525 
2455433.649950 0.406928 
2455433.749950 0.218138 
2455433.849950 0.014773 
2455433.949950 -0.189580 
2455434.049950 -0.381264 
2455434.149950 -0.547472 
2455434.249950 -0.677097 
2455434.349950 -0.761478 
2455434.449950 -0.794975 
2455434.549950 -0.775350 
2455434.649950 -0.703915 
2455434.749950 -0.585444 
2455434.849950 -0.427852 
2455434.949950 -0.241671 
2455435.049950 -0.039340 
2455435.149950 0.165619 
2455435.249950 0.359511 
2455435.349950 0.529380 
2455435.449950 0.663875 
2455435.549950 0.754009 
2455435.649950 0.793759 
2455435.749950 0.780468 
2455435.849950 0.715026 
2455435.949950 0.601804 
2455436.049950 0.448368 
2455436.149950 0.264972 
2455436.249950 0.063870 
2455436.349950 -0.141500 
2455436.449950 -0.337414 
2455436.549950 -0.510782 
2455436.649950 -0.650019 
2455436.749950 -0.745820 
2455436.849950 -0.791785 
2455436.949950 -0.784841 
2455437.049950 -0.725453 
2455437.149950 -0.617589 
2455437.249950 -0.468456 
2455437.349950 -0.288021 
2455437.449950 -0.088339 
2455437.549950 0.117245 
2455437.649950 0.314995 
2455437.749950 0.491697 
2455437.849950 0.635542 
2455437.949950 0.736920 
2455438.049950 0.789055 
2455438.149950 0.788464 
2455438.249950 0.735187 
2455438.349950 0.632784 
2455438.449950 0.488097 
2455438.549950 0.310794 
2455438.649950 0.112724 
2455438.749950 -0.092879 
2455438.849950 -0.292275 
2455438.949950 -0.472142 
2455439.049950 -0.620458 
2455439.149950 -0.727315 
2455439.249950 -0.785571 
2455439.349950 -0.791335 
2455439.449950 -0.744220 
2455439.549950 -0.647374 
2455439.649950 -0.507271 
2455439.749950 -0.333270 
2455439.849950 -0.137000 
2455439.949950 0.068424 
2455440.049950 0.269277 
2455440.149950 0.452135 
2455440.249950 0.604782 
2455440.349950 0.717016 
2455440.449950 0.781338 
2455440.549950 0.793449 
2455440.649950 0.752541 
2455440.749950 0.661347 
2455440.849950 0.525961 
2455440.949950 0.355429 
2455441.049950 0.161147 
2455441.149950 -0.043904 
2455441.249950 -0.246020 
2455441.349950 -0.431698 
2455441.449950 -0.588528 
2455441.549950 -0.706032 
2455441.649950 -0.776358 
2455441.749950 -0.794806 
2455441.849950 -0.760144 
2455441.949950 -0.674688 
2455442.049950 -0.544148 
2455442.149950 -0.377248 
2455442.249950 -0.185139 
2455442.349950 0.019342 
2455442.449950 0.222529 
2455442.549950 0.410847 
2455442.649950 0.571712 
2455442.749950 0.694374 
2455442.849950 0.770636 
2455442.949950 0.795404 
2455443.049950 0.767021 
2455443.149950 0.687385 
2455443.249950 0.561816 
2455443.349950 0.398706 
2455443.449950 0.208954 
2455443.549950 0.005239 
2455443.649950 -0.198826 
2455443.749950 -0.389605 
2455443.849950 -0.554350 
2455443.949950 -0.682052 
2455444.049950 -0.764179 
2455444.149950 -0.795242 
2455444.249950 -0.773165 
2455444.349950 -0.699425 
2455444.449950 -0.578947 
2455444.549950 -0.419784 
2455444.649950 -0.232570 
2455444.749950 -0.029815 
2455444.849950 0.174932 
2455444.949950 0.367990 
2455445.049950 0.536458 
2455445.149950 0.669079 
2455445.249950 0.756992 
2455445.349950 0.794320 
2455445.449950 0.778571 
2455445.549950 0.710797 
2455445.649950 0.595526 
2455445.749950 0.440461 
2455445.849950 0.255963 
2455445.949950 0.054362 
2455446.049950 -0.150872 
2455446.149950 -0.346024 
2455446.249950 -0.518055 
2455446.349950 -0.655468 
2455446.449950 -0.749081 
2455446.549950 -0.792640 
2455446.649950 -0.783234 
2455446.749950 -0.721490 
2455446.849950 -0.611535 
2455446.949950 -0.460717 
2455447.049950 -0.279113 
2455447.149950 -0.078857 
2455447.249950 0.126667 
2455447.349950 0.323728 
2455447.449950 0.499156 
2455447.549950 0.641230 
2455447.649950 0.740456 
2455447.749950 0.790203 
2455447.849950 0.787148 
2455447.949950 0.731495 
2455448.049950 0.626961 
2455448.149950 0.480533 
2455448.249950 0.301995 
2455448.349950 0.103277 
2455448.449950 -0.102342 
2455448.549950 -0.301122 
2455448.649950 -0.479781 
2455448.749950 -0.626380 
2455448.849950 -0.731123 
2455448.949950 -0.787012 
2455449.049950 -0.790311 
2455449.149950 -0.740800 
2455449.249950 -0.641788 
2455449.349950 -0.499890 
2455449.449950 -0.324589 
2455449.549950 -0.127599 
2455449.649950 0.077918 
2455449.749950 0.278229 
2455449.849950 0.459947 
2455449.949950 0.610931 
2455450.049950 0.721092 
2455450.149950 0.783069 
2455450.249950 0.792719 
2455450.349950 0.749398 
2455450.449950 0.656002 
2455450.549950 0.518770 
2455450.649950 0.346874 
2455450.749950 0.151798 
2455450.849950 -0.053420 
2455450.949950 -0.255070 
2455451.049950 -0.439674 
2455451.149950 -0.594900 
2455451.249950 -0.710373 
2455451.349950 -0.778377 
2455451.449950 -0.794370 
2455451.549950 -0.757281 
2455451.649950 -0.669589 
2455451.749950 -0.537155 
2455451.849950 -0.368827 
2455451.949950 -0.175853 
2455452.049950 0.028872 
2455452.149950 0.231667 
2455452.249950 0.418982 
2455452.349950 0.578300 
2455452.449950 0.698975 
2455452.549950 0.772943 
2455452.649950 0.795262 
2455452.749950 0.764440 
2455452.849950 0.682537 
2455452.949950 0.555026 
2455453.049950 0.390427 
2455453.149950 0.199740 
2455453.249950 -0.004295 
2455453.349950 -0.208043 
2455453.449950 -0.397889 
2455453.549950 -0.561148 
2455453.649950 -0.686909 
2455453.749950 -0.766770 
2455453.849950 -0.795395 
2455453.949950 -0.770870 
2455454.049950 -0.694834 
2455454.149950 -0.572368 
2455454.249950 -0.411655 
2455454.349950 -0.223435 
2455454.449950 -0.020285 
2455454.549950 0.184221 
2455454.649950 0.376416 
2455454.749950 0.543459 
2455454.849950 0.674188 
2455454.949950 0.759865 
2455455.049950 0.794768 
2455455.149950 0.776563 
2455455.249950 0.706466 
2455455.349950 0.589162 
2455455.449950 0.432490 
2455455.549950 0.246918 
2455455.649950 0.044846 
2455455.749950 -0.160222 
2455455.849950 -0.354584 
2455455.949950 -0.525252 
2455456.049950 -0.660822 
2455456.149950 -0.752235 
2455456.249950 -0.793382 
2455456.349950 -0.781514 
2455456.449950 -0.717424 
2455456.549950 -0.605395 
2455456.649950 -0.452912 
2455456.749950 -0.270164 
2455456.849950 -0.069364 
2455456.949950 0.136071 
2455457.049950 0.332413 
2455457.149950 0.506543 
2455457.249950 0.646826 
2455457.349950 0.743886 
2455457.449950 0.791238 
2455457.549950 0.785719 
2455457.649950 0.727697 
2455457.749950 0.621048 
2455457.849950 0.472901 
2455457.949950 0.293153 
2455458.049950 0.093816 
2455458.149950 -0.111789 
2455458.249950 -0.309925 
2455458.349950 -0.487351 
2455458.449950 -0.632211 
2455458.549950 -0.734826 
2455458.649950 -0.788339 
2455458.749950 -0.789174 
2455458.849950 -0.737274 
2455458.949950 -0.636109 
2455459.049950 -0.492438 
2455459.149950 -0.315862 
2455459.249950 -0.118179 
2455459.349950 0.087401 
2455459.449950 0.287141 
2455459.549950 0.467693 
2455459.649950 0.616993 
2455459.749950 0.725065 
2455459.849950 0.784687 
2455459.949950 0.791875 
2455460.049950 0.746148 
2455460.149950 0.650563 
2455460.249950 0.511506 
2455460.349950 0.338269 
2455460.449950 0.142428 
2455460.549950 -0.062929 
2455460.649950 -0.264082 
2455460.749950 -0.447588 
2455460.849950 -0.601186 
2455460.949950 -0.714611 
2455461.049950 -0.780285 
2455461.149950 -0.793819 
2455461.249950 -0.754309 
2455461.349950 -0.664395 
2455461.449950 -0.530084 
2455461.549950 -0.360353 
2455461.649950 -0.166542 
2455461.749950 0.038398 
2455461.849950 0.240771 
2455461.949950 0.427056 
2455462.049950 0.584805 
2455462.149950 0.703475 
2455462.249950 0.775139 
2455462.349950 0.795006 
2455462.449950 0.761750 
2455462.549950 0.677592 
2455462.649950 0.548157 
2455462.749950 0.382093 
2455462.849950 0.190496 
2455462.949950 -0.013829 
2455463.049950 -0.217231 
2455463.149950 -0.406116 
2455463.249950 -0.567865 
2455463.349950 -0.691667 
2455463.449950 -0.769252 
2455463.549950 -0.795433 
2455463.649950 -0.768463 
2455463.749950 -0.690143 
2455463.849950 -0.565706 
2455463.949950 -0.403467 
2455464.049950 -0.214269 
2455464.149950 -0.010752 
2455464.249950 0.193482 
2455464.349950 0.384788 
2455464.449950 0.550382 
2455464.549950 0.679199 
2455464.649950 0.762630 
2455464.749950 0.795101 
2455464.849950 0.774442 
2455464.949950 0.702034 
2455465.049950 0.582714 
2455465.149950 0.424457 
2455465.249950 0.237837 
2455465.349950 0.035324 
2455465.449950 -0.169549 
2455465.549950 -0.363093 
2455465.649950 -0.532374 
2455465.749950 -0.666082 
2455465.849950 -0.755280 
2455465.949950 -0.794010 
2455466.049950 -0.779682 
2455466.149950 -0.713255 
2455466.249950 -0.599167 
2455466.349950 -0.445041 
2455466.449950 -0.261178 
2455466.549950 -0.059861 
2455466.649950 0.145455 
2455466.749950 0.341051 
2455466.849950 0.513858 
2455466.949950 0.652328 
2455467.049950 0.747209 
2455467.149950 0.792160 
2455467.249950 0.784177 
2455467.349950 0.723794 
2455467.449950 0.615047 
2455467.549950 0.465200 
2455467.649950 0.284269 
2455467.749950 0.084342 
2455467.849950 -0.121221 
2455467.949950 -0.318683 
2455468.049950 -0.494851 
2455468.149950 -0.637952 
2455468.249950 -0.738424 
2455468.349950 -0.789553 
2455468.449950 -0.787923 
2455468.549950 -0.733643 
2455468.649950 -0.630339 
2455468.749950 -0.484915 
2455468.849950 -0.307089 
2455468.949950 -0.108742 
2455469.049950 0.096871 
2455469.149950 0.296011 
2455469.249950 0.475371 
2455469.349950 0.622966 
2455469.449950 0.728934 
2455469.549950 0.786193 
2455469.649950 0.790917 
2455469.749950 0.742791 
2455469.849950 0.645030 
2455469.949950 0.504167 
2455470.049950 0.329615 
2455470.149950 0.133038 
2455470.249950 -0.072429 
2455470.349950 -0.273057 
2455470.449950 -0.455438 
2455470.549950 -0.607386 
2455470.649950 -0.718748 
2455470.749950 -0.782081 
2455470.849950 -0.793155 
2455470.949950 -0.751229 
2455471.049950 -0.659104 
2455471.149950 -0.522938 
2455471.249950 -0.351827 
2455471.349950 -0.157207 
2455471.449950 0.047918 
2455471.549950 0.249841 
2455471.649950 0.435069 
2455471.749950 0.591225 
2455471.849950 0.707875 
2455471.949950 0.777223 
2455472.049950 0.794636 
2455472.149950 0.758950 
2455472.249950 0.672550 
2455472.349950 0.541208 
2455472.449950 0.373703 
2455472.549950 0.181226 
2455472.649950 -0.023361 
2455472.749950 -0.226387 
2455472.849950 -0.414285 
2455472.949950 -0.574500 
2455473.049950 -0.696326 
2455473.149950 -0.771623 
2455473.249950 -0.795358 
2455473.349950 -0.765946 
2455473.449950 -0.685352 
2455473.549950 -0.558962 
2455473.649950 -0.395222 
2455473.749950 -0.205072 
2455473.849950 -0.001218 
2455473.949950 0.202716 
2455474.049950 0.393105 
2455474.149950 0.557226 
2455474.249950 0.684112 
2455474.349950 0.765285 
2455474.449950 0.795320 
2455474.549950 0.772211 
2455474.649950 0.697501 
2455474.749950 0.576183 
2455474.849950 0.416363 
2455474.949950 0.228722 
2455475.049950 0.025796 
2455475.149950 -0.178852 
2455475.249950 -0.371550 
2455475.349950 -0.539420 
2455475.449950 -0.671245 
2455475.549950 -0.758217 
2455475.649950 -0.794523 
2455475.749950 -0.777738 
2455475.849950 -0.708983 
2455475.949950 -0.592853 
2455476.049950 -0.437107 
2455476.149950 -0.252153 
2455476.249950 -0.050350 
2455476.349950 0.154818 
2455476.449950 0.349640 
2455476.549950 0.521099 
2455476.649950 0.657737 
2455476.749950 0.750424 
2455476.849950 0.792967 
2455476.949950 0.782522 
2455477.049950 0.719788 
2455477.149950 0.608956 
2455477.249950 0.457433 
2455477.349950 0.275344 
2455477.449950 0.074855 
2455477.549950 -0.130635 
2455477.649950 -0.327396 
2455477.749950 -0.502280 
2455477.849950 -0.643601 
2455477.949950 -0.741915 
2455478.049950 -0.790654 
2455478.149950 -0.786559 
2455478.249950 -0.729906 
2455478.349950 -0.624479 
2455478.449950 -0.477323 
2455478.549950 -0.298272 
2455478.649950 -0.099289 
2455478.749950 0.106328 
2455478.849950 0.304840 
2455478.949950 0.482982 
2455479.049950 0.628850 
2455479.149950 0.732698 
2455479.249950 0.787585 
2455479.349950 0.789845 
2455479.449950 0.739326 
2455479.549950 0.639404 
2455479.649950 0.496756 
2455479.749950 0.320914 
2455479.849950 0.123628 
2455479.949950 -0.081919 
2455480.049950 -0.281992 
2455480.149950 -0.463222 
2455480.249950 -0.613499 
2455480.349950 -0.722780 
2455480.449950 -0.783765 
2455480.549950 -0.792377 
2455480.649950 -0.748041 
2455480.749950 -0.653720 
2455480.849950 -0.515716 
2455480.949950 -0.343251 
2455481.049950 -0.147849 
2455481.149950 0.057432 
2455481.249950 0.258875 
2455481.349950 0.443020 
2455481.449950 0.597561 
2455481.549950 0.712173 
2455481.649950 0.779196 
2455481.749950 0.794152 
2455481.849950 0.756041 
2455481.949950 0.667410 
2455482.049950 0.534182 
2455482.149950 0.365259 
2455482.249950 0.171929 
2455482.349950 -0.032889 
2455482.449950 -0.235511 
2455482.549950 -0.422394 
2455482.649950 -0.581053 
2455482.749950 -0.700885 
2455482.849950 -0.773883 
2455482.949950 -0.795168 
2455483.049950 -0.763319 
2455483.149950 -0.680464 
2455483.249950 -0.552139 
2455483.349950 -0.386919 
2455483.449950 -0.195845 
2455483.549950 0.008316 
2455483.649950 0.211921 
2455483.749950 0.401366 
2455483.849950 0.563990 
2455483.949950 0.688928 
2455484.049950 0.767830 
2455484.149950 0.795425 
2455484.249950 0.769868 
2455484.349950 0.692867 
2455484.449950 0.569568 
2455484.549950 0.408209 
2455484.649950 0.219574 
2455484.749950 0.016265 
2455484.849950 -0.188130 
2455484.949950 -0.379954 
2455485.049950 -0.546389 
2455485.149950 -0.676313 
2455485.249950 -0.761045 
2455485.349950 -0.794922 
2455485.449950 -0.775682 
2455485.549950 -0.704609 
2455485.649950 -0.586453 
2455485.749950 -0.429110 
2455485.849950 -0.243092 
2455485.949950 -0.040831 
2455486.049950 0.164159 
2455486.149950 0.358179 
2455486.249950 0.528265 
2455486.349950 0.663052 
2455486.449950 0.753532 
2455486.549950 0.793661 
2455486.649950 0.780755 
2455486.749950 0.715678 
2455486.849950 0.602779 
2455486.949950 0.449600 
2455487.049950 0.266379 
2455487.149950 0.065358 
2455487.249950 -0.140030 
2455487.349950 -0.336062 
2455487.449950 -0.509637 
2455487.549950 -0.649158 
2455487.649950 -0.745300 
2455487.749950 -0.791641 
2455487.849950 -0.785082 
2455487.949950 -0.726064 
2455488.049950 -0.618528 
2455488.149950 -0.469662 
2455488.249950 -0.289412 
2455488.349950 -0.089822 
2455488.449950 0.115769 
2455488.549950 0.313624 
2455488.649950 0.490522 
2455488.749950 0.634643 
2455488.849950 0.736356 
2455488.949950 0.788865 
2455489.049950 0.788660 
2455489.149950 0.735756 
2455489.249950 0.633687 
2455489.349950 0.489274 
2455489.449950 0.312167 
2455489.549950 0.114201 
2455489.649950 -0.091396 
2455489.749950 -0.290887 
2455489.849950 -0.470939 
2455489.949950 -0.619523 
2455490.049950 -0.726709 
2455490.149950 -0.785336 
2455490.249950 -0.791485 
2455490.349950 -0.744745 
2455490.449950 -0.648241 
2455490.549950 -0.508420 
2455490.649950 -0.334625 
2455490.749950 -0.138471 
2455490.849950 0.066937 
2455490.949950 0.267871 
2455491.049950 0.450906 
2455491.149950 0.603811 
2455491.249950 0.716368 
2455491.349950 0.781056 
2455491.449950 0.793553 
2455491.549950 0.753023 
2455491.649950 0.662175 
2455491.749950 0.527080 
2455491.849950 0.356764 
2455491.949950 0.162608 
2455492.049950 -0.042413 
2455492.149950 -0.244600 
2455492.249950 -0.430443 
2455492.349950 -0.587523 
2455492.449950 -0.705343 
2455492.549950 -0.776031 
2455492.649950 -0.794864 
2455492.749950 -0.760582 
2455492.849950 -0.675477 
2455492.949950 -0.545236 
2455493.049950 -0.378561 
2455493.149950 -0.186590 
2455493.249950 0.017849 
2455493.349950 0.221096 
2455493.449950 0.409568 
2455493.549950 0.570673 
2455493.649950 0.693644 
2455493.749950 0.770265 
2455493.849950 0.795415 
2455493.949950 0.767415 
2455494.049950 0.688135 
2455494.149950 0.562872 
2455494.249950 0.399997 
2455494.349950 0.210394 
2455494.449950 0.006732 
2455494.549950 -0.197380 
2455494.649950 -0.388303 
2455494.749950 -0.553278 
2455494.849950 -0.681283 
2455494.949950 -0.763763 
2455495.049950 -0.795207 
2455495.149950 -0.773515 
2455495.249950 -0.700134 
2455495.349950 -0.579970 
2455495.449950 -0.421051 
2455495.549950 -0.233997 
2455495.649950 -0.031307 
2455495.749950 0.173476 
2455495.849950 0.366666 
2455495.949950 0.535355 
2455496.049950 0.668271 
2455496.149950 0.756532 
2455496.249950 0.794240 
2455496.349950 0.778876 
2455496.449950 0.711466 
2455496.549950 0.596514 
2455496.649950 0.441703 
2455496.749950 0.257376 
2455496.849950 0.055851 
2455496.949950 -0.149406 
2455497.049950 -0.344679 
2455497.149950 -0.516921 
2455497.249950 -0.654621 
2455497.349950 -0.748578 
2455497.449950 -0.792514 
2455497.549950 -0.783493 
2455497.649950 -0.722117 
2455497.749950 -0.612489 
2455497.849950 -0.461933 
2455497.949950 -0.280510 
2455498.049950 -0.080343 
2455498.149950 0.125193 
2455498.249950 0.322363 
2455498.349950 0.497993 
2455498.449950 0.640346 
2455498.549950 0.739909 
2455498.649950 0.790031 
2455498.749950 0.787362 
2455498.849950 0.732080 
2455498.949950 0.627879 
2455499.049950 0.481722 
2455499.149950 0.303376 
2455499.249950 0.104757 
2455499.349950 -0.100861 
2455499.449950 -0.299740 
2455499.549950 -0.478589 
2455499.649950 -0.625459 
2455499.749950 -0.730534 
2455499.849950 -0.786794 
2455499.949950 -0.790479 
2455500.049950 -0.741343 
2455500.149950 -0.642669 
2455500.249950 -0.501051 
2455500.349950 -0.325952 
2455500.449950 -0.129072 
2455500.549950 0.076432 
2455500.649950 0.276830 
2455500.749950 0.458729 
2455500.849950 0.609974 
2455500.949950 0.720461 
2455501.049950 0.782805 
2455501.149950 0.792841 
2455501.249950 0.749898 
2455501.349950 0.656845 
2455501.449950 0.519901 
2455501.549950 0.348216 
2455501.649950 0.153263 
2455501.749950 -0.051931 
2455501.849950 -0.253655 
2455501.949950 -0.438430 
2455502.049950 -0.593908 
2455502.149950 -0.709700 
2455502.249950 -0.778069 
2455502.349950 -0.794446 
2455502.449950 -0.757736 
2455502.549950 -0.670394 
2455502.649950 -0.538255 
2455502.749950 -0.370149 
2455502.849950 -0.177308 
2455502.949950 0.027380 
2455503.049950 0.230238 
2455503.149950 0.417712 
2455503.249950 0.577274 
2455503.349950 0.698261 
2455503.449950 0.772589 
2455503.549950 0.795292 
2455503.649950 0.764852 
2455503.749950 0.683303 
2455503.849950 0.556095 
2455503.949950 0.391727 
2455504.049950 0.201184 
2455504.149950 -0.002803 
2455504.249950 -0.206602 
2455504.349950 -0.396596 
2455504.449950 -0.560089 
2455504.549950 -0.686155 
2455504.649950 -0.766372 
2455504.749950 -0.795378 
2455504.849950 -0.771236 
2455504.949950 -0.695559 
2455505.049950 -0.573403 
2455505.149950 -0.412932 
2455505.249950 -0.224868 
2455505.349950 -0.021777 
2455505.449950 0.182768 
2455505.549950 0.375101 
2455505.649950 0.542368 
2455505.749950 0.673394 
2455505.849950 0.759423 
2455505.949950 0.794705 
2455506.049950 0.776884 
2455506.149950 0.707151 
2455506.249950 0.590164 
2455506.349950 0.433742 
2455506.449950 0.248336 
2455506.549950 0.046336 
2455506.649950 -0.158760 
2455506.749950 -0.353247 
2455506.849950 -0.524130 
2455506.949950 -0.659990 
2455507.049950 -0.751748 
2455507.149950 -0.793273 
2455507.249950 -0.781791 
2455507.349950 -0.718067 
2455507.449950 -0.606362 
2455507.549950 -0.454138 
2455507.649950 -0.271568 
2455507.749950 -0.070851 
2455507.849950 0.134600 
2455507.949950 0.331056 
2455508.049950 0.505392 
2455508.149950 0.645956 
2455508.249950 0.743356 
2455508.349950 0.791084 
2455508.449950 0.785950 
2455508.549950 0.728298 
2455508.649950 0.621980 
2455508.749950 0.474100 
2455508.849950 0.294540 
2455508.949950 0.095299 
2455509.049950 -0.110311 
2455509.149950 -0.308550 
2455509.249950 -0.486170 
2455509.349950 -0.631304 
2455509.449950 -0.734254 
2455509.549950 -0.788139 
2455509.649950 -0.789359 
2455509.749950 -0.737833 
2455509.849950 -0.637004 
2455509.949950 -0.493610 
2455510.049950 -0.317231 
2455510.149950 -0.119655 
2455510.249950 0.085917 
2455510.349950 0.285748 
2455510.449950 0.466485 
2455510.549950 0.616050 
2455510.649950 0.724450 
2455510.749950 0.784441 
2455510.849950 0.792014 
2455510.949950 0.746664 
2455511.049950 0.651420 
2455511.149950 0.512648 
2455511.249950 0.339619 
2455511.349950 0.143897 
2455511.449950 -0.061441 
2455511.549950 -0.262673 
2455511.649950 -0.446354 
2455511.749950 -0.600207 
2455511.849950 -0.713955 
2455511.949950 -0.779994 
2455512.049950 -0.793913 
2455512.149950 -0.754782 
2455512.249950 -0.665214 
2455512.349950 -0.531196 
2455512.449950 -0.361683 
2455512.549950 -0.168001 
2455512.649950 0.036907 
2455512.749950 0.239348 
2455512.849950 0.425796 
2455512.949950 0.583792 
2455513.049950 0.702777 
2455513.149950 0.774802 
2455513.249950 0.795054 
2455513.349950 0.762178 
2455513.449950 0.678373 
2455513.549950 0.549237 
2455513.649950 0.383401 
2455513.749950 0.191945 
2455513.849950 -0.012337 
2455513.949950 -0.215794 
2455514.049950 -0.404832 
2455514.149950 -0.566818 
2455514.249950 -0.690929 
2455514.349950 -0.768871 
2455514.449950 -0.795435 
2455514.549950 -0.768847 
2455514.649950 -0.690884 
2455514.749950 -0.566754 
2455514.849950 -0.404753 
2455514.949950 -0.215706 
2455515.049950 -0.012245 
2455515.149950 0.192034 
2455515.249950 0.383481 
2455515.349950 0.549304 
2455515.449950 0.678421 
2455515.549950 0.762204 
2455515.649950 0.795056 
2455515.749950 0.774782 
2455515.849950 0.702734 
2455515.949950 0.583730 
2455516.049950 0.425719 
2455516.149950 0.239261 
2455516.249950 0.036815 
2455516.349950 -0.168091 
2455516.449950 -0.361764 
2455516.549950 -0.531264 
2455516.649950 -0.665264 
2455516.749950 -0.754810 
2455516.849950 -0.793919 
2455516.949950 -0.779976 
2455517.049950 -0.713914 
2455517.149950 -0.600147 
2455517.249950 -0.446278 
2455517.349950 -0.262587 
2455517.449950 -0.061350 
2455517.549950 0.143987 
2455517.649950 0.339702 
2455517.749950 0.512718 
2455517.849950 0.651473 
2455517.949950 0.746696 
2455518.049950 0.792023 
2455518.149950 0.784426 
2455518.249950 0.724412 
2455518.349950 0.615992 
2455518.449950 0.466411 
2455518.549950 0.285663 
2455518.649950 0.085826 
2455518.749950 -0.119745 
2455518.849950 -0.317315 
2455518.949950 -0.493682 
2455519.049950 -0.637059 
2455519.149950 -0.737868 
2455519.249950 -0.789371 
2455519.349950 -0.788126 
2455519.449950 -0.734218 
2455519.549950 -0.631249 
2455519.649950 -0.486098 
2455519.749950 -0.308465 
2455519.849950 -0.110220 
2455519.949950 0.095389 
2455520.049950 0.294625 
2455520.149950 0.474174 
2455520.249950 0.622037 
2455520.349950 0.728335 
2455520.449950 0.785964 
2455520.549950 0.791074 
2455520.649950 0.743323 
2455520.749950 0.645902 
2455520.849950 0.505321 
2455520.949950 0.330973 
2455521.049950 0.134509 
2455521.149950 -0.070943 
2455521.249950 -0.271654 
2455521.349950 -0.454213 
2455521.449950 -0.606421 
2455521.549950 -0.718107 
2455521.649950 -0.781808 
2455521.749950 -0.793267 
2455521.849950 -0.751718 
2455521.949950 -0.659939 
2455522.049950 -0.524061 
2455522.149950 -0.353165 
2455522.249950 -0.158670 
2455522.349950 0.046428 
2455522.449950 0.248423 
2455522.549950 0.433819 
2455522.649950 0.590226 
2455522.749950 0.707193 
2455522.849950 0.776904 
2455522.949950 0.794701 
2455523.049950 0.759395 
2455523.149950 0.673345 
2455523.249950 0.542301 
2455523.349950 0.375020 
2455523.449950 0.182679 
2455523.549950 -0.021869 
2455523.649950 -0.224955 
2455523.749950 -0.413010 
2455523.849950 -0.573467 
2455523.949950 -0.695603 
2455524.049950 -0.771259 
2455524.149950 -0.795377 
2455524.249950 -0.766347 
2455524.349950 -0.686109 
2455524.449950 -0.560024 
2455524.549950 -0.396516 
2455524.649950 -0.206514 
2455524.749950 -0.002711 
2455524.849950 0.201273 
2455524.949950 0.391807 
2455525.049950 0.556160 
2455525.149950 0.683350 
2455525.249950 0.764877 
2455525.349950 0.795293 
2455525.449950 0.772567 
2455525.549950 0.698217 
2455525.649950 0.577211 
2455525.749950 0.417634 
2455525.849950 0.230151 
2455525.949950 0.027288 
2455526.049950 -0.177398 
2455526.149950 -0.370230 
2455526.249950 -0.538322 
2455526.349950 -0.670443 
2455526.449950 -0.757764 
2455526.549950 -0.794450 
2455526.649950 -0.778050 
2455526.749950 -0.709658 
2455526.849950 -0.593847 
2455526.949950 -0.438353 
2455527.049950 -0.253568 
2455527.149950 -0.051840 
2455527.249950 0.153353 
2455527.349950 0.348299 
2455527.449950 0.519970 
2455527.549950 0.656897 
2455527.649950 0.749928 
2455527.749950 0.792848 
2455527.849950 0.782789 
2455527.949950 0.720422 
2455528.049950 0.609916 
2455528.149950 0.458654 
2455528.249950 0.276744 
2455528.349950 0.076341 
2455528.449950 -0.129162 
2455528.549950 -0.326035 
2455528.649950 -0.501122 
2455528.749950 -0.642723 
2455528.849950 -0.741376 
2455528.949950 -0.790489 
2455529.049950 -0.786780 
2455529.149950 -0.730498 
2455529.249950 -0.625402 
2455529.349950 -0.478516 
2455529.449950 -0.299655 
2455529.549950 -0.100770 
2455529.649950 0.104848 
2455529.749950 0.303460 
2455529.849950 0.481795 
2455529.949950 0.627935 
2455530.049950 0.732115 
2455530.149950 0.787375 
2455530.249950 0.790020 
2455530.349950 0.739876 
2455530.449950 0.640291 
2455530.549950 0.497921 
2455530.649950 0.322280 
2455530.749950 0.125103 
2455530.849950 -0.080434 
2455530.949950 -0.280596 
2455531.049950 -0.462008 
2455531.149950 -0.612547 
2455531.249950 -0.722156 
2455531.349950 -0.783509 
2455531.449950 -0.792506 
2455531.549950 -0.748547 
2455531.649950 -0.654569 
2455531.749950 -0.516851 
2455531.849950 -0.344597 
2455531.949950 -0.149316 
2455532.049950 0.055943 
2455532.149950 0.257463 
2455532.249950 0.441779 
2455532.349950 0.596575 
2455532.449950 0.711507 
2455532.549950 0.778894 
2455532.649950 0.794235 
2455532.749950 0.756504 
2455532.849950 0.668221 
2455532.949950 0.535287 
2455533.049950 0.366585 
2455533.149950 0.173386 
2455533.249950 -0.031398 
2455533.349950 -0.234084 
2455533.449950 -0.421129 
2455533.549950 -0.580033 
2455533.649950 -0.700178 
2455533.749950 -0.773536 
2455533.849950 -0.795205 
2455533.949950 -0.763738 
2455534.049950 -0.681236 
2455534.149950 -0.553213 
2455534.249950 -0.388223 
2455534.349950 -0.197291 
2455534.449950 0.006823 
2455534.549950 0.210482 
