descriptor BJD Tc_folded phase mod 
2455326.949950 -0.258029 0.012672 0.493251
2455327.049950 -0.158029 0.053928 0.316812
2455327.149950 -0.058029 0.095185 0.119203
2455327.249950 0.041971 0.136442 -0.086372
2455327.349950 0.141971 0.177699 -0.286175
2455327.449950 0.241971 0.218955 -0.466855
2455327.549950 0.341971 0.260212 -0.616339
2455327.649950 0.441971 0.301469 -0.724639
2455327.749950 0.541971 0.342726 -0.784517
2455327.849950 0.641971 0.383983 -0.791972
2455327.949950 0.741971 0.425239 -0.746506
2455328.049950 0.841971 0.466496 -0.651158
2455328.149950 0.941971 0.507753 -0.512298
2455328.249950 1.041971 0.549010 -0.339206
2455328.349950 1.141971 0.590266 -0.143447
2455328.449950 -1.181873 0.631523 0.061897
2455328.549950 -1.081873 0.672780 0.263105
2455328.649950 -0.981873 0.714037 0.446732
2455328.749950 -0.881873 0.755294 0.600508
2455328.849950 -0.781873 0.796550 0.714156
2455328.949950 -0.681873 0.837807 0.780084
2455329.049950 -0.581873 0.879064 0.793885
2455329.149950 -0.481873 0.920321 0.754637
2455329.249950 -0.381873 0.961577 0.664963
2455329.349950 -0.281873 0.002834 0.530856
2455329.449950 -0.181873 0.044091 0.361275
2455329.549950 -0.081873 0.085348 0.167554
2455329.649950 0.018127 0.126605 -0.037363
2455329.749950 0.118127 0.167861 -0.239784
2455329.849950 0.218127 0.209118 -0.426182
2455329.949950 0.318127 0.250375 -0.584102
2455330.049950 0.418127 0.291632 -0.702991
2455330.149950 0.518127 0.332889 -0.774906
2455330.249950 0.618127 0.374145 -0.795039
2455330.349950 0.718127 0.415402 -0.762047
2455330.449950 0.818127 0.456659 -0.678134
2455330.549950 0.918127 0.497916 -0.548907
2455330.649950 1.018127 0.539172 -0.383000
2455330.749950 1.118127 0.580429 -0.191501
2455330.849950 -1.205717 0.621686 0.012794
2455330.949950 -1.105717 0.662943 0.216234
2455331.049950 -1.005717 0.704200 0.405226
2455331.149950 -0.905717 0.745456 0.567139
2455331.249950 -0.805717 0.786713 0.691155
2455331.349950 -0.705717 0.827970 0.768988
2455331.449950 -0.605717 0.869227 0.795435
2455331.549950 -0.505717 0.910483 0.768730
2455331.649950 -0.405717 0.951740 0.690657
2455331.749950 -0.305717 0.992997 0.566433
2455331.849950 -0.205717 0.034254 0.404359
2455331.949950 -0.105717 0.075511 0.215266
2455332.049950 -0.005717 0.116767 0.011788
2455332.149950 0.094283 0.158024 -0.192478
2455332.249950 0.194283 0.199281 -0.383882
2455332.349950 0.294283 0.240538 -0.549634
2455332.449950 0.394283 0.281794 -0.678659
2455332.549950 0.494283 0.323051 -0.762335
2455332.649950 0.594283 0.364308 -0.795070
2455332.749950 0.694283 0.405565 -0.774678
2455332.849950 0.794283 0.446822 -0.702520
2455332.949950 0.894283 0.488078 -0.583419
2455333.049950 0.994283 0.529335 -0.425332
2455333.149950 1.094283 0.570592 -0.238825
2455333.249950 1.194283 0.611849 -0.036358
2455333.349950 -1.129561 0.653105 0.168538
2455333.449950 -1.029561 0.694362 0.362172
2455333.549950 -0.929561 0.735619 0.531605
2455333.649950 -0.829561 0.776876 0.665515
2455333.749950 -0.729561 0.818133 0.754955
2455333.849950 -0.629561 0.859389 0.793947
2455333.949950 -0.529561 0.900646 0.779886
2455334.049950 -0.429561 0.941903 0.713712
2455334.149950 -0.329561 0.983160 0.599847
2455334.249950 -0.229561 0.024417 0.445899
2455334.349950 -0.129561 0.065673 0.262155
2455334.449950 -0.029561 0.106930 0.060894
2455334.549950 0.070439 0.148187 -0.144437
2455334.649950 0.170439 0.189444 -0.340116
2455334.749950 0.270439 0.230700 -0.513067
2455334.849950 0.370439 0.271957 -0.651735
2455334.949950 0.470439 0.313214 -0.746853
2455335.049950 0.570439 0.354471 -0.792065
2455335.149950 0.670439 0.395728 -0.784350
2455335.249950 0.770439 0.436984 -0.724223
2455335.349950 0.870439 0.478241 -0.615703
2455335.449950 0.970439 0.519498 -0.466040
2455335.549950 1.070439 0.560755 -0.285236
2455335.649950 1.170439 0.602011 -0.085371
2455335.749950 -1.153405 0.643268 0.120197
2455335.849950 -1.053405 0.684525 0.317735
2455335.949950 -0.953405 0.725782 0.494040
2455336.049950 -0.853405 0.767039 0.637333
2455336.149950 -0.753405 0.808295 0.738038
2455336.249950 -0.653405 0.849552 0.789427
2455336.349950 -0.553405 0.890809 0.788064
2455336.449950 -0.453405 0.932066 0.734042
2455336.549950 -0.353405 0.973322 0.630970
2455336.649950 -0.253405 0.014579 0.485736
2455336.749950 -0.153405 0.055836 0.308044
2455336.849950 -0.053405 0.097093 0.109767
2455336.949950 0.046595 0.138350 -0.095844
2455337.049950 0.146595 0.179606 -0.295050
2455337.149950 0.246595 0.220863 -0.474541
2455337.249950 0.346595 0.262120 -0.622322
2455337.349950 0.446595 0.303377 -0.728519
2455337.449950 0.546595 0.344633 -0.786035
2455337.549950 0.646595 0.385890 -0.791026
2455337.649950 0.746595 0.427147 -0.743160
2455337.749950 0.846595 0.468404 -0.645635
2455337.849950 0.946595 0.509661 -0.504968
2455337.949950 1.046595 0.550917 -0.330557
2455338.049950 1.146595 0.592174 -0.134059
2455338.149950 -1.177249 0.633431 0.071398
2455338.249950 -1.077249 0.674688 0.272084
2455338.349950 -0.977249 0.715945 0.454589
2455338.449950 -0.877249 0.757201 0.606717
2455338.549950 -0.777249 0.798458 0.718303
2455338.649950 -0.677249 0.839715 0.781892
2455338.749950 -0.577249 0.880972 0.793233
2455338.849950 -0.477249 0.922228 0.751569
2455338.949950 -0.377249 0.963485 0.659684
2455339.049950 -0.277249 0.004742 0.523717
2455339.149950 -0.177249 0.045999 0.352755
2455339.249950 -0.077249 0.087256 0.158222
2455339.349950 0.022751 0.128512 -0.046884
2455339.449950 0.122751 0.169769 -0.248858
2455339.549950 0.222751 0.211026 -0.434202
2455339.649950 0.322751 0.252283 -0.590532
2455339.749950 0.422751 0.293539 -0.707402
2455339.849950 0.522751 0.334796 -0.777002
2455339.949950 0.622751 0.376053 -0.794682
2455340.049950 0.722751 0.417310 -0.759259
2455340.149950 0.822751 0.458567 -0.673102
2455340.249950 0.922751 0.499823 -0.541967
2455340.349950 1.022751 0.541080 -0.374617
2455340.449950 1.122751 0.582337 -0.182234
2455340.549950 -1.201093 0.623594 0.022326
2455340.649950 -1.101093 0.664850 0.225394
2455340.749950 -1.001093 0.706107 0.413401
2455340.849950 -0.901093 0.747364 0.573784
2455340.949950 -0.801093 0.788621 0.695825
2455341.049950 -0.701093 0.829878 0.771370
2455341.149950 -0.601093 0.871134 0.795372
2455341.249950 -0.501093 0.912391 0.766225
2455341.349950 -0.401093 0.953648 0.685877
2455341.449950 -0.301093 0.994905 0.559699
2455341.549950 -0.201093 0.036161 0.396120
2455341.649950 -0.101093 0.077418 0.206072
2455341.749950 -0.001093 0.118675 0.002254
2455341.849950 0.098907 0.159932 -0.201715
2455341.949950 0.198907 0.201189 -0.392205
2455342.049950 0.298907 0.242445 -0.556487
2455342.149950 0.398907 0.283702 -0.683584
2455342.249950 0.498907 0.324959 -0.765002
2455342.349950 0.598907 0.366216 -0.795302
2455342.449950 0.698907 0.407473 -0.772458
2455342.549950 0.798907 0.448729 -0.697998
2455342.649950 0.898907 0.489986 -0.576896
2455342.749950 0.998907 0.531243 -0.417245
2455342.849950 1.098907 0.572500 -0.229713
2455342.949950 1.198907 0.613756 -0.026831
2455343.049950 -1.124937 0.655013 0.177843
2455343.149950 -1.024937 0.696270 0.370634
2455343.249950 -0.924937 0.737527 0.538659
2455343.349950 -0.824937 0.778784 0.670689
2455343.449950 -0.724937 0.820040 0.757903
2455343.549950 -0.624937 0.861297 0.794473
2455343.649950 -0.524937 0.902554 0.777954
2455343.749950 -0.424937 0.943811 0.709452
2455343.849950 -0.324937 0.985067 0.593542
2455343.949950 -0.224937 0.026324 0.437972
2455344.049950 -0.124937 0.067581 0.253135
2455344.149950 -0.024937 0.108838 0.051383
2455344.249950 0.075063 0.150095 -0.153802
2455344.349950 0.175063 0.191351 -0.348710
2455344.449950 0.275063 0.232608 -0.520316
2455344.549950 0.375063 0.273865 -0.657154
2455344.649950 0.475063 0.315122 -0.750080
2455344.749950 0.575063 0.356378 -0.792885
2455344.849950 0.675063 0.397635 -0.782707
2455344.949950 0.775063 0.438892 -0.720228
2455345.049950 0.875063 0.480149 -0.609622
2455345.149950 0.975063 0.521406 -0.458280
2455345.249950 1.075063 0.562662 -0.276315
2455345.349950 1.175063 0.603919 -0.075886
2455345.449950 -1.148781 0.645176 0.129614
2455345.549950 -1.048781 0.686433 0.326452
2455345.649950 -0.948781 0.727690 0.501477
2455345.749950 -0.848781 0.768946 0.642992
2455345.849950 -0.748781 0.810203 0.741541
2455345.949950 -0.648781 0.851460 0.790540
2455346.049950 -0.548781 0.892717 0.786713
2455346.149950 -0.448781 0.933973 0.730317
2455346.249950 -0.348781 0.975230 0.625119
2455346.349950 -0.248781 0.016487 0.478151
2455346.449950 -0.148781 0.057744 0.299231
2455346.549950 -0.048781 0.099001 0.100317
2455346.649950 0.051219 0.140257 -0.105301
2455346.749950 0.151219 0.181514 -0.303883
2455346.849950 0.251219 0.222771 -0.482159
2455346.949950 0.351219 0.264028 -0.628216
2455347.049950 0.451219 0.305284 -0.732294
2455347.149950 0.551219 0.346541 -0.787440
2455347.249950 0.651219 0.387798 -0.789967
2455347.349950 0.751219 0.429055 -0.739708
2455347.449950 0.851219 0.470312 -0.640020
2455347.549950 0.951219 0.511568 -0.497565
2455347.649950 1.051219 0.552825 -0.321862
2455347.749950 1.151219 0.594082 -0.124651
2455347.849950 -1.172625 0.635339 0.080889
2455347.949950 -1.072625 0.676595 0.281023
2455348.049950 -0.972625 0.717852 0.462380
2455348.149950 -0.872625 0.759109 0.612839
2455348.249950 -0.772625 0.800366 0.722347
2455348.349950 -0.672625 0.841623 0.783587
2455348.449950 -0.572625 0.882879 0.792467
2455348.549950 -0.472625 0.924136 0.748392
2455348.649950 -0.372625 0.965393 0.654309
2455348.749950 -0.272625 0.006650 0.516504
2455348.849950 -0.172625 0.047906 0.344185
2455348.949950 -0.072625 0.089163 0.148867
2455349.049950 0.027375 0.130420 -0.056399
2455349.149950 0.127375 0.171677 -0.257896
2455349.249950 0.227375 0.212934 -0.442159
2455349.349950 0.327375 0.254190 -0.596877
2455349.449950 0.427375 0.295447 -0.711711
2455349.549950 0.527375 0.336704 -0.778987
2455349.649950 0.627375 0.377961 -0.794210
2455349.749950 0.727375 0.419218 -0.756362
2455349.849950 0.827375 0.460474 -0.667973
2455349.949950 0.927375 0.501731 -0.534949
2455350.049950 1.027375 0.542988 -0.366179
2455350.149950 1.127375 0.584245 -0.172940
2455350.249950 -1.196469 0.625501 0.031855
2455350.349950 -1.096469 0.666758 0.234521
2455350.449950 -0.996469 0.708015 0.421517
2455350.549950 -0.896469 0.749272 0.580346
2455350.649950 -0.796469 0.790529 0.700395
2455350.749950 -0.696469 0.831785 0.773642
2455350.849950 -0.596469 0.873042 0.795194
2455350.949950 -0.496469 0.914299 0.763610
2455351.049950 -0.396469 0.955556 0.680999
2455351.149950 -0.296469 0.996812 0.552884
2455351.249950 -0.196469 0.038069 0.387824
2455351.349950 -0.096469 0.079326 0.196848
2455351.449950 0.003531 0.120583 -0.007281
2455351.549950 0.103531 0.161840 -0.210923
2455351.649950 0.203531 0.203096 -0.400471
2455351.749950 0.303531 0.244353 -0.563260
2455351.849950 0.403531 0.285610 -0.688410
2455351.949950 0.503531 0.326867 -0.767559
2455352.049950 0.603531 0.368123 -0.795419
2455352.149950 0.703531 0.409380 -0.770128
2455352.249950 0.803531 0.450637 -0.693375
2455352.349950 0.903531 0.491894 -0.570290
2455352.449950 1.003531 0.533151 -0.409098
2455352.549950 1.103531 0.574407 -0.220568
2455352.649950 1.203531 0.615664 -0.017300
2455352.749950 -1.120313 0.656921 0.187124
2455352.849950 -1.020313 0.698178 0.379044
2455352.949950 -0.920313 0.739434 0.545636
2455353.049950 -0.820313 0.780691 0.675767
2455353.149950 -0.720313 0.821948 0.760743
2455353.249950 -0.620313 0.863205 0.794884
2455353.349950 -0.520313 0.904462 0.775911
2455353.449950 -0.420313 0.945718 0.705089
2455353.549950 -0.320313 0.986975 0.587152
2455353.649950 -0.220313 0.028232 0.429981
2455353.749950 -0.120313 0.069489 0.244078
2455353.849950 -0.020313 0.110746 0.041865
2455353.949950 0.079687 0.152002 -0.163145
2455354.049950 0.179687 0.193259 -0.357254
2455354.149950 0.279687 0.234516 -0.527491
2455354.249950 0.379687 0.275773 -0.662479
2455354.349950 0.479687 0.317029 -0.753200
2455354.449950 0.579687 0.358286 -0.793591
2455354.549950 0.679687 0.399543 -0.780952
2455354.649950 0.779687 0.440800 -0.716130
2455354.749950 0.879687 0.482057 -0.603454
2455354.849950 0.979687 0.523313 -0.450454
2455354.949950 1.079687 0.564570 -0.267355
2455355.049950 1.179687 0.605827 -0.066390
2455355.149950 -1.144157 0.647084 0.139011
2455355.249950 -1.044157 0.688340 0.335123
2455355.349950 -0.944157 0.729597 0.508842
2455355.449950 -0.844157 0.770854 0.648559
2455355.549950 -0.744157 0.812111 0.744938
2455355.649950 -0.644157 0.853368 0.791539
2455355.749950 -0.544157 0.894624 0.785248
2455355.849950 -0.444157 0.935881 0.726486
2455355.949950 -0.344157 0.977138 0.619179
2455356.049950 -0.244157 0.018395 0.470497
2455356.149950 -0.144157 0.059651 0.290376
2455356.249950 -0.044157 0.100908 0.090851
2455356.349950 0.055843 0.142165 -0.114744
2455356.449950 0.155843 0.183422 -0.312672
2455356.549950 0.255843 0.224679 -0.489707
2455356.649950 0.355843 0.265935 -0.634019
2455356.749950 0.455843 0.307192 -0.735964
2455356.849950 0.555843 0.348449 -0.788731
2455356.949950 0.655843 0.389706 -0.788794
2455357.049950 0.755843 0.430962 -0.736149
2455357.149950 0.855843 0.472219 -0.634312
2455357.249950 0.955843 0.513476 -0.490090
2455357.349950 1.055843 0.554733 -0.313120
2455357.449950 1.155843 0.595990 -0.115226
2455357.549950 -1.168001 0.637246 0.090368
2455357.649950 -1.068001 0.678503 0.289923
2455357.749950 -0.968001 0.719760 0.470105
2455357.849950 -0.868001 0.761017 0.618873
2455357.949950 -0.768001 0.802274 0.726288
2455358.049950 -0.668001 0.843530 0.785171
2455358.149950 -0.568001 0.884787 0.791587
2455358.249950 -0.468001 0.926044 0.745108
2455358.349950 -0.368001 0.967301 0.648840
2455358.449950 -0.268001 0.008557 0.509216
2455358.549950 -0.168001 0.049814 0.335564
2455358.649950 -0.068001 0.091071 0.139490
2455358.749950 0.031999 0.132328 -0.065905
2455358.849950 0.131999 0.173585 -0.266896
2455358.949950 0.231999 0.214841 -0.450053
2455359.049950 0.331999 0.256098 -0.603137
2455359.149950 0.431999 0.297355 -0.715918
2455359.249950 0.531999 0.338612 -0.780860
2455359.349950 0.631999 0.379868 -0.793624
2455359.449950 0.731999 0.421125 -0.753356
2455359.549950 0.831999 0.462382 -0.662748
2455359.649950 0.931999 0.503639 -0.527855
2455359.749950 1.031999 0.544896 -0.357689
2455359.849950 1.131999 0.586152 -0.163621
2455359.949950 -1.191845 0.627409 0.041379
2455360.049950 -1.091845 0.668666 0.243615
2455360.149950 -0.991845 0.709923 0.429572
2455360.249950 -0.891845 0.751179 0.586824
2455360.349950 -0.791845 0.792436 0.704864
2455360.449950 -0.691845 0.833693 0.775803
2455360.549950 -0.591845 0.874950 0.794902
2455360.649950 -0.491845 0.916207 0.760885
2455360.749950 -0.391845 0.957463 0.676024
2455360.849950 -0.291845 0.998720 0.545989
2455360.949950 -0.191845 0.039977 0.379471
2455361.049950 -0.091845 0.081234 0.187596
2455361.149950 0.008155 0.122490 -0.016814
2455361.249950 0.108155 0.163747 -0.220101
2455361.349950 0.208155 0.205004 -0.408680
2455361.449950 0.308155 0.246261 -0.569951
2455361.549950 0.408155 0.287518 -0.693137
2455361.649950 0.508155 0.328774 -0.770006
2455361.749950 0.608155 0.370031 -0.795422
2455361.849950 0.708155 0.411288 -0.767687
2455361.949950 0.808155 0.452545 -0.688653
2455362.049950 0.908155 0.493802 -0.563603
2455362.149950 1.008155 0.535058 -0.400892
2455362.249950 1.108155 0.576315 -0.211392
2455362.349950 1.208155 0.617572 -0.007767
2455362.449950 -1.115689 0.658829 0.196377
2455362.549950 -1.015689 0.700085 0.387399
2455362.649950 -0.915689 0.741342 0.552534
2455362.749950 -0.815689 0.782599 0.680748
2455362.849950 -0.715689 0.823856 0.763473
2455362.949950 -0.615689 0.865113 0.795182
2455363.049950 -0.515689 0.906369 0.773755
2455363.149950 -0.415689 0.947626 0.700625
2455363.249950 -0.315689 0.988883 0.580678
2455363.349950 -0.215689 0.030140 0.421929
2455363.449950 -0.115689 0.071396 0.234986
2455363.549950 -0.015689 0.112653 0.032341
2455363.649950 0.084311 0.153910 -0.172465
2455363.749950 0.184311 0.195167 -0.365747
2455363.849950 0.284311 0.236424 -0.534589
2455363.949950 0.384311 0.277680 -0.667709
2455364.049950 0.484311 0.318937 -0.756211
2455364.149950 0.584311 0.360194 -0.794183
2455364.249950 0.684311 0.401451 -0.779085
2455364.349950 0.784311 0.442707 -0.711928
2455364.449950 0.884311 0.483964 -0.597199
2455364.549950 0.984311 0.525221 -0.442564
2455364.649950 1.084311 0.566478 -0.258356
2455364.749950 1.184311 0.607735 -0.056884
2455364.849950 -1.139533 0.648991 0.148389
2455364.949950 -1.039533 0.690248 0.343746
2455365.049950 -0.939533 0.731505 0.516133
2455365.149950 -0.839533 0.772762 0.654032
2455365.249950 -0.739533 0.814018 0.748227
2455365.349950 -0.639533 0.855275 0.792425
2455365.449950 -0.539533 0.896532 0.783671
2455365.549950 -0.439533 0.937789 0.722551
2455365.649950 -0.339533 0.979046 0.613149
2455365.749950 -0.239533 0.020302 0.462776
2455365.849950 -0.139533 0.061559 0.281479
2455365.949950 -0.039533 0.102816 0.081373
2455366.049950 0.060467 0.144073 -0.124171
2455366.149950 0.160467 0.185330 -0.321417
2455366.249950 0.260467 0.226586 -0.497185
2455366.349950 0.360467 0.267843 -0.639731
2455366.449950 0.460467 0.309100 -0.739529
2455366.549950 0.560467 0.350357 -0.789910
2455366.649950 0.660467 0.391613 -0.787508
2455366.749950 0.760467 0.432870 -0.732484
2455366.849950 0.860467 0.474127 -0.628514
2455366.949950 0.960467 0.515384 -0.482545
2455367.049950 1.060467 0.556641 -0.304333
2455367.149950 1.160467 0.597897 -0.105784
2455367.249950 -1.163377 0.639154 0.099834
2455367.349950 -1.063377 0.680411 0.298780
2455367.449950 -0.963377 0.721668 0.477762
2455367.549950 -0.863377 0.762924 0.624818
2455367.649950 -0.763377 0.804181 0.730124
2455367.749950 -0.663377 0.845438 0.786641
2455367.849950 -0.563377 0.886695 0.790593
2455367.949950 -0.463377 0.927952 0.741717
2455368.049950 -0.363377 0.969208 0.643278
2455368.149950 -0.263377 0.010465 0.501854
2455368.249950 -0.163377 0.051722 0.326896
2455368.349950 -0.063377 0.092979 0.130094
2455368.449950 0.036623 0.134235 -0.075402
2455368.549950 0.136623 0.175492 -0.275859
2455368.649950 0.236623 0.216749 -0.457882
2455368.749950 0.336623 0.258006 -0.609309
2455368.849950 0.436623 0.299263 -0.720021
2455368.949950 0.536623 0.340519 -0.782621
2455369.049950 0.636623 0.381776 -0.792924
2455369.149950 0.736623 0.423033 -0.750242
2455369.249950 0.836623 0.464290 -0.657428
2455369.349950 0.936623 0.505547 -0.520684
2455369.449950 1.036623 0.546803 -0.349147
2455369.549950 1.136623 0.588060 -0.154279
2455369.649950 -1.187221 0.629317 0.050898
2455369.749950 -1.087221 0.670574 0.252674
2455369.849950 -0.987221 0.711830 0.437565
2455369.949950 -0.887221 0.753087 0.593218
2455370.049950 -0.787221 0.794344 0.709232
2455370.149950 -0.687221 0.835601 0.777853
2455370.249950 -0.587221 0.876858 0.794497
2455370.349950 -0.487221 0.918114 0.758051
2455370.449950 -0.387221 0.959371 0.670951
2455370.549950 -0.287221 0.000628 0.539017
2455370.649950 -0.187221 0.041885 0.371065
2455370.749950 -0.087221 0.083141 0.178318
2455370.849950 0.012779 0.124398 -0.026345
2455370.949950 0.112779 0.165655 -0.229247
2455371.049950 0.212779 0.206912 -0.416831
2455371.149950 0.312779 0.248169 -0.576561
2455371.249950 0.412779 0.289425 -0.697764
2455371.349950 0.512779 0.330682 -0.772342
2455371.449950 0.612779 0.371939 -0.795311
2455371.549950 0.712779 0.413196 -0.765135
2455371.649950 0.812779 0.454452 -0.683832
2455371.749950 0.912779 0.495709 -0.556834
2455371.849950 1.012779 0.536966 -0.392628
2455371.949950 1.112779 0.578223 -0.202186
2455372.049950 -1.211065 0.619480 0.001767
2455372.149950 -1.111065 0.660736 0.205602
2455372.249950 -1.011065 0.701993 0.395698
2455372.349950 -0.911065 0.743250 0.559353
2455372.449950 -0.811065 0.784507 0.685631
2455372.549950 -0.711065 0.825763 0.766094
2455372.649950 -0.611065 0.867020 0.795365
2455372.749950 -0.511065 0.908277 0.771489
2455372.849950 -0.411065 0.949534 0.696061
2455372.949950 -0.311065 0.990791 0.574120
2455373.049950 -0.211065 0.032047 0.413816
2455373.149950 -0.111065 0.073304 0.225861
2455373.249950 -0.011065 0.114561 0.022812
2455373.349950 0.088935 0.155818 -0.181760
2455373.449950 0.188935 0.197075 -0.374187
2455373.549950 0.288935 0.238331 -0.541611
2455373.649950 0.388935 0.279588 -0.672843
2455373.749950 0.488935 0.320845 -0.759114
2455373.849950 0.588935 0.362102 -0.794660
2455373.949950 0.688935 0.403358 -0.777106
2455374.049950 0.788935 0.444615 -0.707624
2455374.149950 0.888935 0.485872 -0.590858
2455374.249950 0.988935 0.527129 -0.434610
2455374.349950 1.088935 0.568386 -0.249320
2455374.449950 1.188935 0.609642 -0.047370
2455374.549950 -1.134909 0.650899 0.157745
2455374.649950 -1.034909 0.692156 0.352319
2455374.749950 -0.934909 0.733413 0.523351
2455374.849950 -0.834909 0.774669 0.659412
2455374.949950 -0.734909 0.815926 0.751409
2455375.049950 -0.634909 0.857183 0.793196
2455375.149950 -0.534909 0.898440 0.781981
2455375.249950 -0.434909 0.939697 0.718512
2455375.349950 -0.334909 0.980953 0.607031
2455375.449950 -0.234909 0.022210 0.454988
2455375.549950 -0.134909 0.063467 0.272541
2455375.649950 -0.034909 0.104724 0.071883
2455375.749950 0.065091 0.145980 -0.133579
2455375.849950 0.165091 0.187237 -0.330115
2455375.949950 0.265091 0.228494 -0.504592
2455376.049950 0.365091 0.269751 -0.645351
2455376.149950 0.465091 0.311008 -0.742987
2455376.249950 0.565091 0.352264 -0.790975
2455376.349950 0.665091 0.393521 -0.786109
2455376.449950 0.765091 0.434778 -0.728714
2455376.549950 0.865091 0.476035 -0.622625
2455376.649950 0.965091 0.517291 -0.474931
2455376.749950 1.065091 0.558548 -0.295502
2455376.849950 1.165091 0.599805 -0.096326
2455376.949950 -1.158753 0.641062 0.109286
2455377.049950 -1.058753 0.682319 0.307595
2455377.149950 -0.958753 0.723575 0.485350
2455377.249950 -0.858753 0.764832 0.630674
2455377.349950 -0.758753 0.806089 0.733855
2455377.449950 -0.658753 0.847346 0.787998
2455377.549950 -0.558753 0.888603 0.789486
2455377.649950 -0.458753 0.929859 0.738220
2455377.749950 -0.358753 0.971116 0.637624
2455377.849950 -0.258753 0.012373 0.494421
2455377.949950 -0.158753 0.053630 0.318180
2455378.049950 -0.058753 0.094886 0.120678
2455378.149950 0.041247 0.136143 -0.084888
2455378.249950 0.141247 0.177400 -0.284781
2455378.349950 0.241247 0.218657 -0.465646
2455378.449950 0.341247 0.259914 -0.615395
2455378.549950 0.441247 0.301170 -0.724022
2455378.649950 0.541247 0.342427 -0.784269
2455378.749950 0.641247 0.383684 -0.792110
2455378.849950 0.741247 0.424941 -0.747020
2455378.949950 0.841247 0.466197 -0.652014
2455379.049950 0.941247 0.507454 -0.513439
2455379.149950 1.041247 0.548711 -0.340555
2455379.249950 1.141247 0.589968 -0.144915
2455379.349950 -1.182597 0.631225 0.060409
2455379.449950 -1.082597 0.672481 0.261696
2455379.549950 -0.982597 0.713738 0.445496
2455379.649950 -0.882597 0.754995 0.599528
2455379.749950 -0.782597 0.796252 0.713498
2455379.849950 -0.682597 0.837508 0.779790
2455379.949950 -0.582597 0.878765 0.793976
2455380.049950 -0.482597 0.920022 0.755108
2455380.149950 -0.382597 0.961279 0.665781
2455380.249950 -0.282597 0.002536 0.531967
2455380.349950 -0.182597 0.043792 0.362605
2455380.449950 -0.082597 0.085049 0.169013
2455380.549950 0.017403 0.126306 -0.035872
2455380.649950 0.117403 0.167563 -0.238361
2455380.749950 0.217403 0.208819 -0.424921
2455380.849950 0.317403 0.250076 -0.583088
2455380.949950 0.417403 0.291333 -0.702292
2455381.049950 0.517403 0.332590 -0.774567
2455381.149950 0.617403 0.373847 -0.795085
2455381.249950 0.717403 0.415103 -0.762474
2455381.349950 0.817403 0.456360 -0.678913
2455381.449950 0.917403 0.497617 -0.549986
2455381.549950 1.017403 0.538874 -0.384308
2455381.649950 1.117403 0.580131 -0.192950
2455381.749950 -1.206441 0.621387 0.011301
2455381.849950 -1.106441 0.662644 0.214797
2455381.949950 -1.006441 0.703901 0.403940
2455382.049950 -0.906441 0.745158 0.566091
2455382.149950 -0.806441 0.786414 0.690415
2455382.249950 -0.706441 0.827671 0.768605
2455382.349950 -0.606441 0.868928 0.795434
2455382.449950 -0.506441 0.910185 0.769112
2455382.549950 -0.406441 0.951442 0.691396
2455382.649950 -0.306441 0.992698 0.567480
2455382.749950 -0.206441 0.033955 0.405644
2455382.849950 -0.106441 0.075212 0.216702
2455382.949950 -0.006441 0.116469 0.013280
2455383.049950 0.093559 0.157725 -0.191029
2455383.149950 0.193559 0.198982 -0.382574
2455383.249950 0.293559 0.240239 -0.548554
2455383.349950 0.393559 0.281496 -0.677880
2455383.449950 0.493559 0.322753 -0.761908
2455383.549950 0.593559 0.364009 -0.795024
2455383.649950 0.693559 0.405266 -0.775015
2455383.749950 0.793559 0.446523 -0.703219
2455383.849950 0.893559 0.487780 -0.584432
2455383.949950 0.993559 0.529036 -0.426593
2455384.049950 1.093559 0.570293 -0.240248
2455384.149950 1.193559 0.611550 -0.037849
2455384.249950 -1.130285 0.652807 0.167079
2455384.349950 -1.030285 0.694064 0.360842
2455384.449950 -0.930285 0.735320 0.530493
2455384.549950 -0.830285 0.776577 0.664696
2455384.649950 -0.730285 0.817834 0.754483
2455384.749950 -0.630285 0.859091 0.793854
2455384.849950 -0.530285 0.900347 0.780179
2455384.949950 -0.430285 0.941604 0.714370
2455385.049950 -0.330285 0.982861 0.600826
2455385.149950 -0.230285 0.024118 0.447134
2455385.249950 -0.130285 0.065375 0.263564
2455385.349950 -0.030285 0.106631 0.062382
2455385.449950 0.069715 0.147888 -0.142968
2455385.549950 0.169715 0.189145 -0.338765
2455385.649950 0.269715 0.230402 -0.511926
2455385.749950 0.369715 0.271659 -0.650878
2455385.849950 0.469715 0.312915 -0.746338
2455385.949950 0.569715 0.354172 -0.791926
2455386.049950 0.669715 0.395429 -0.784597
2455386.149950 0.769715 0.436686 -0.724839
2455386.249950 0.869715 0.477942 -0.616647
2455386.349950 0.969715 0.519199 -0.467249
2455386.449950 1.069715 0.560456 -0.286629
2455386.549950 1.169715 0.601713 -0.086855
2455386.649950 -1.154129 0.642970 0.118722
2455386.749950 -1.054129 0.684226 0.316365
2455386.849950 -0.954129 0.725483 0.492869
2455386.949950 -0.854129 0.766740 0.636439
2455387.049950 -0.754129 0.807997 0.737480
2455387.149950 -0.654129 0.849253 0.789242
2455387.249950 -0.554129 0.890510 0.788266
2455387.349950 -0.454129 0.931767 0.734616
2455387.449950 -0.354129 0.973024 0.631878
2455387.549950 -0.254129 0.014281 0.486917
2455387.649950 -0.154129 0.055537 0.309419
2455387.749950 -0.054129 0.096794 0.111246
2455387.849950 0.045871 0.138051 -0.094361
2455387.949950 0.145871 0.179308 -0.293663
2455388.049950 0.245871 0.220564 -0.473342
2455388.149950 0.345871 0.261821 -0.621391
2455388.249950 0.445871 0.303078 -0.727918
2455388.349950 0.545871 0.344335 -0.785804
2455388.449950 0.645871 0.385592 -0.791182
2455388.549950 0.745871 0.426848 -0.743691
2455388.649950 0.845871 0.468105 -0.646506
2455388.749950 0.945871 0.509362 -0.506120
2455388.849950 1.045871 0.550619 -0.331914
2455388.949950 1.145871 0.591875 -0.135530
2455389.049950 -1.177973 0.633132 0.069911
2455389.149950 -1.077973 0.674389 0.270681
2455389.249950 -0.977973 0.715646 0.453363
2455389.349950 -0.877973 0.756903 0.605750
2455389.449950 -0.777973 0.798159 0.717661
2455389.549950 -0.677973 0.839416 0.781616
2455389.649950 -0.577973 0.880673 0.793342
2455389.749950 -0.477973 0.921930 0.752056
2455389.849950 -0.377973 0.963187 0.660516
2455389.949950 -0.277973 0.004443 0.524840
2455390.049950 -0.177973 0.045700 0.354093
2455390.149950 -0.077973 0.086957 0.159684
2455390.249950 0.022027 0.128214 -0.045394
2455390.349950 0.122027 0.169470 -0.247440
2455390.449950 0.222027 0.210727 -0.432951
2455390.549950 0.322027 0.251984 -0.589531
2455390.649950 0.422027 0.293241 -0.706718
2455390.749950 0.522027 0.334498 -0.776681
2455390.849950 0.622027 0.375754 -0.794745
2455390.949950 0.722027 0.417011 -0.759703
2455391.049950 0.822027 0.458268 -0.673896
2455391.149950 0.922027 0.499525 -0.543058
2455391.249950 1.022027 0.540781 -0.375933
2455391.349950 1.122027 0.582038 -0.183687
2455391.449950 -1.201817 0.623295 0.020834
2455391.549950 -1.101817 0.664552 0.223962
2455391.649950 -1.001817 0.705809 0.412125
2455391.749950 -0.901817 0.747065 0.572749
2455391.849950 -0.801817 0.788322 0.695101
2455391.949950 -0.701817 0.829579 0.771005
2455392.049950 -0.601817 0.870836 0.795389
2455392.149950 -0.501817 0.912092 0.766624
2455392.249950 -0.401817 0.953349 0.686632
2455392.349950 -0.301817 0.994606 0.560758
2455392.449950 -0.201817 0.035863 0.397414
2455392.549950 -0.101817 0.077120 0.207513
2455392.649950 -0.001817 0.118376 0.003746
2455392.749950 0.098183 0.159633 -0.200271
2455392.849950 0.198183 0.200890 -0.390906
2455392.949950 0.298183 0.242147 -0.555419
2455393.049950 0.398183 0.283404 -0.682819
2455393.149950 0.498183 0.324660 -0.764592
2455393.249950 0.598183 0.365917 -0.795273
2455393.349950 0.698183 0.407174 -0.772813
2455393.449950 0.798183 0.448431 -0.698713
2455393.549950 0.898183 0.489687 -0.577923
2455393.649950 0.998183 0.530944 -0.418515
2455393.749950 1.098183 0.572201 -0.231142
2455393.849950 1.198183 0.613458 -0.028323
2455393.949950 -1.125661 0.654715 0.176388
2455394.049950 -1.025661 0.695971 0.369313
2455394.149950 -0.925661 0.737228 0.537560
2455394.249950 -0.825661 0.778485 0.669886
2455394.349950 -0.725661 0.819742 0.757449
2455394.449950 -0.625661 0.860998 0.794398
2455394.549950 -0.525661 0.902255 0.778264
2455394.649950 -0.425661 0.943512 0.710126
2455394.749950 -0.325661 0.984769 0.594535
2455394.849950 -0.225661 0.026026 0.439217
2455394.949950 -0.125661 0.067282 0.254550
2455395.049950 -0.025661 0.108539 0.052873
2455395.149950 0.074339 0.149796 -0.152337
2455395.249950 0.174339 0.191053 -0.347368
2455395.349950 0.274339 0.232309 -0.519186
2455395.449950 0.374339 0.273566 -0.656312
2455395.549950 0.474339 0.314823 -0.749582
2455395.649950 0.574339 0.356080 -0.792764
2455395.749950 0.674339 0.397337 -0.782972
2455395.849950 0.774339 0.438593 -0.720860
2455395.949950 0.874339 0.479850 -0.610580
2455396.049950 0.974339 0.521107 -0.459499
2455396.149950 1.074339 0.562364 -0.277714
2455396.249950 1.174339 0.603620 -0.077372
2455396.349950 -1.149505 0.644877 0.128141
2455396.449950 -1.049505 0.686134 0.325090
2455396.549950 -0.949505 0.727391 0.500317
2455396.649950 -0.849505 0.768648 0.642112
2455396.749950 -0.749505 0.809904 0.741000
2455396.849950 -0.649505 0.851161 0.790373
2455396.949950 -0.549505 0.892418 0.786932
2455397.049950 -0.449505 0.933675 0.730907
2455397.149950 -0.349505 0.974932 0.626041
2455397.249950 -0.249505 0.016188 0.479343
2455397.349950 -0.149505 0.057445 0.300614
2455397.449950 -0.049505 0.098702 0.101797
2455397.549950 0.050495 0.139959 -0.103822
2455397.649950 0.150495 0.181215 -0.302503
2455397.749950 0.250495 0.222472 -0.480970
2455397.849950 0.350495 0.263729 -0.627299
2455397.949950 0.450495 0.304986 -0.731710
2455398.049950 0.550495 0.346243 -0.787227
2455398.149950 0.650495 0.387499 -0.790140
2455398.249950 0.750495 0.428756 -0.740255
2455398.349950 0.850495 0.470013 -0.640905
2455398.449950 0.950495 0.511270 -0.498728
2455398.549950 1.050495 0.552526 -0.323226
2455398.649950 1.150495 0.593783 -0.126125
2455398.749950 -1.173349 0.635040 0.079404
2455398.849950 -1.073349 0.676297 0.279626
2455398.949950 -0.973349 0.717554 0.461164
2455399.049950 -0.873349 0.758810 0.611886
2455399.149950 -0.773349 0.800067 0.721721
2455399.249950 -0.673349 0.841324 0.783329
2455399.349950 -0.573349 0.882581 0.792594
2455399.449950 -0.473349 0.923837 0.748897
2455399.549950 -0.373349 0.965094 0.655157
2455399.649950 -0.273349 0.006351 0.517638
2455399.749950 -0.173349 0.047608 0.345530
2455399.849950 -0.073349 0.088865 0.150333
2455399.949950 0.026651 0.130121 -0.054910
2455400.049950 0.126651 0.171378 -0.256483
2455400.149950 0.226651 0.212635 -0.440918
2455400.249950 0.326651 0.253892 -0.595890
2455400.349950 0.426651 0.295148 -0.711043
2455400.449950 0.526651 0.336405 -0.778684
2455400.549950 0.626651 0.377662 -0.794291
2455400.649950 0.726651 0.418919 -0.756823
2455400.749950 0.826651 0.460176 -0.668782
2455400.849950 0.926651 0.501432 -0.536053
2455400.949950 1.026651 0.542689 -0.367503
2455401.049950 1.126651 0.583946 -0.174397
2455401.149950 -1.197193 0.625203 0.030363
2455401.249950 -1.097193 0.666460 0.233095
2455401.349950 -0.997193 0.707716 0.420250
2455401.449950 -0.897193 0.748973 0.579324
2455401.549950 -0.797193 0.790230 0.699686
2455401.649950 -0.697193 0.831487 0.773294
2455401.749950 -0.597193 0.872743 0.795229
2455401.849950 -0.497193 0.914000 0.764026
2455401.949950 -0.397193 0.955257 0.681770
2455402.049950 -0.297193 0.996514 0.553956
2455402.149950 -0.197193 0.037771 0.389126
2455402.249950 -0.097193 0.079027 0.198294
2455402.349950 0.002807 0.120284 -0.005788
2455402.449950 0.102807 0.161541 -0.209484
2455402.549950 0.202807 0.202798 -0.399181
2455402.649950 0.302807 0.244054 -0.562205
2455402.749950 0.402807 0.285311 -0.687661
2455402.849950 0.502807 0.326568 -0.767166
2455402.949950 0.602807 0.367825 -0.795408
2455403.049950 0.702807 0.409082 -0.770500
2455403.149950 0.802807 0.450338 -0.694106
2455403.249950 0.902807 0.491595 -0.571330
2455403.349950 1.002807 0.532852 -0.410377
2455403.449950 1.102807 0.574109 -0.222002
2455403.549950 1.202807 0.615365 -0.018793
2455403.649950 -1.121037 0.656622 0.185672
2455403.749950 -1.021037 0.697879 0.377731
2455403.849950 -0.921037 0.739136 0.544548
2455403.949950 -0.821037 0.780393 0.674979
2455404.049950 -0.721037 0.821649 0.760305
2455404.149950 -0.621037 0.862906 0.794828
2455404.249950 -0.521037 0.904163 0.776238
2455404.349950 -0.421037 0.945420 0.705779
2455404.449950 -0.321037 0.986676 0.588158
2455404.549950 -0.221037 0.027933 0.431236
2455404.649950 -0.121037 0.069190 0.245498
2455404.749950 -0.021037 0.110447 0.043356
2455404.849950 0.078963 0.151704 -0.161684
2455404.949950 0.178963 0.192960 -0.355920
2455405.049950 0.278963 0.234217 -0.526372
2455405.149950 0.378963 0.275474 -0.661652
2455405.249950 0.478963 0.316731 -0.752719
2455405.349950 0.578963 0.357988 -0.793488
2455405.449950 0.678963 0.399244 -0.781235
2455405.549950 0.778963 0.440501 -0.716778
2455405.649950 0.878963 0.481758 -0.604425
2455405.749950 0.978963 0.523015 -0.451684
2455405.849950 1.078963 0.564271 -0.268760
2455405.949950 1.178963 0.605528 -0.067877
2455406.049950 -1.144881 0.646785 0.137541
2455406.149950 -1.044881 0.688042 0.333769
2455406.249950 -0.944881 0.729299 0.507693
2455406.349950 -0.844881 0.770555 0.647693
2455406.449950 -0.744881 0.811812 0.744413
2455406.549950 -0.644881 0.853069 0.791390
2455406.649950 -0.544881 0.894326 0.785485
2455406.749950 -0.444881 0.935582 0.727093
2455406.849950 -0.344881 0.976839 0.620115
2455406.949950 -0.244881 0.018096 0.471700
2455407.049950 -0.144881 0.059353 0.291765
2455407.149950 -0.044881 0.100610 0.092334
2455407.249950 0.055119 0.141866 -0.113267
2455407.349950 0.155119 0.183123 -0.311299
2455407.449950 0.255119 0.224380 -0.488530
2455407.549950 0.355119 0.265637 -0.633116
2455407.649950 0.455119 0.306893 -0.735397
2455407.749950 0.555119 0.348150 -0.788537
2455407.849950 0.655119 0.389407 -0.788985
2455407.949950 0.755119 0.430664 -0.736713
2455408.049950 0.855119 0.471921 -0.635212
2455408.149950 0.955119 0.513177 -0.491265
2455408.249950 1.055119 0.554434 -0.314491
2455408.349950 1.155119 0.595691 -0.116702
2455408.449950 -1.168725 0.636948 0.088885
2455408.549950 -1.068725 0.678204 0.288532
2455408.649950 -0.968725 0.719461 0.468900
2455408.749950 -0.868725 0.760718 0.617934
2455408.849950 -0.768725 0.801975 0.725678
2455408.949950 -0.668725 0.843232 0.784930
2455409.049950 -0.568725 0.884488 0.791732
2455409.149950 -0.468725 0.925745 0.745629
2455409.249950 -0.368725 0.967002 0.649703
2455409.349950 -0.268725 0.008259 0.510361
2455409.449950 -0.168725 0.049516 0.336917
2455409.549950 -0.068725 0.090772 0.140960
2455409.649950 0.031275 0.132029 -0.064417
2455409.749950 0.131275 0.173286 -0.265490
2455409.849950 0.231275 0.214543 -0.448822
2455409.949950 0.331275 0.255799 -0.602162
2455410.049950 0.431275 0.297056 -0.715266
2455410.149950 0.531275 0.338313 -0.780574
2455410.249950 0.631275 0.379570 -0.793723
2455410.349950 0.731275 0.420827 -0.753834
2455410.449950 0.831275 0.462083 -0.663573
2455410.549950 0.931275 0.503340 -0.528970
2455410.649950 1.031275 0.544597 -0.359021
2455410.749950 1.131275 0.585854 -0.165082
2455410.849950 -1.192569 0.627110 0.039889
2455410.949950 -1.092569 0.668367 0.242194
2455411.049950 -0.992569 0.709624 0.428315
2455411.149950 -0.892569 0.750881 0.585815
2455411.249950 -0.792569 0.792138 0.704171
2455411.349950 -0.692569 0.833394 0.775472
2455411.449950 -0.592569 0.874651 0.794956
2455411.549950 -0.492569 0.915908 0.761319
2455411.649950 -0.392569 0.957165 0.676809
2455411.749950 -0.292569 0.998421 0.547074
2455411.849950 -0.192569 0.039678 0.380783
2455411.949950 -0.092569 0.080935 0.189047
2455412.049950 0.007431 0.122192 -0.015322
2455412.149950 0.107431 0.163449 -0.218666
2455412.249950 0.207431 0.204705 -0.407399
2455412.349950 0.307431 0.245962 -0.568909
2455412.449950 0.407431 0.287219 -0.692403
2455412.549950 0.507431 0.328476 -0.769630
2455412.649950 0.607431 0.369733 -0.795429
2455412.749950 0.707431 0.410989 -0.768076
2455412.849950 0.807431 0.452246 -0.689399
2455412.949950 0.907431 0.493503 -0.564655
2455413.049950 1.007431 0.534760 -0.402180
2455413.149950 1.107431 0.576016 -0.212831
2455413.249950 1.207431 0.617273 -0.009260
2455413.349950 -1.116413 0.658530 0.194930
2455413.449950 -1.016413 0.699787 0.386094
2455413.549950 -0.916413 0.741044 0.551459
2455413.649950 -0.816413 0.782300 0.679975
2455413.749950 -0.716413 0.823557 0.763053
2455413.849950 -0.616413 0.864814 0.795143
2455413.949950 -0.516413 0.906071 0.774100
2455414.049950 -0.416413 0.947327 0.701331
2455414.149950 -0.316413 0.988584 0.581697
2455414.249950 -0.216413 0.029841 0.423194
2455414.349950 -0.116413 0.071098 0.236412
2455414.449950 -0.016413 0.112355 0.033833
2455414.549950 0.083587 0.153611 -0.171008
2455414.649950 0.183587 0.194868 -0.364421
2455414.749950 0.283587 0.236125 -0.533483
2455414.849950 0.383587 0.277382 -0.666896
2455414.949950 0.483587 0.318638 -0.755747
2455415.049950 0.583587 0.359895 -0.794097
2455415.149950 0.683587 0.401152 -0.779385
2455415.249950 0.783587 0.442409 -0.712593
2455415.349950 0.883587 0.483666 -0.598184
2455415.449950 0.983587 0.524922 -0.443803
2455415.549950 1.083587 0.566179 -0.259767
2455415.649950 1.183587 0.607436 -0.058373
2455415.749950 -1.140257 0.648693 0.146922
2455415.849950 -1.040257 0.689949 0.342399
2455415.949950 -0.940257 0.731206 0.514997
2455416.049950 -0.840257 0.772463 0.653181
2455416.149950 -0.740257 0.813720 0.747719
2455416.249950 -0.640257 0.854977 0.792294
2455416.349950 -0.540257 0.896233 0.783925
2455416.449950 -0.440257 0.937490 0.723174
2455416.549950 -0.340257 0.978747 0.614099
2455416.649950 -0.240257 0.020004 0.463989
2455416.749950 -0.140257 0.061261 0.282874
2455416.849950 -0.040257 0.102517 0.082857
2455416.949950 0.059743 0.143774 -0.122696
2455417.049950 0.159743 0.185031 -0.320051
2455417.149950 0.259743 0.226288 -0.496019
2455417.249950 0.359743 0.267544 -0.638843
2455417.349950 0.459743 0.308801 -0.738978
2455417.449950 0.559743 0.350058 -0.789733
2455417.549950 0.659743 0.391315 -0.787717
2455417.649950 0.759743 0.432572 -0.733065
2455417.749950 0.859743 0.473828 -0.629428
2455417.849950 0.959743 0.515085 -0.483731
2455417.949950 1.059743 0.556342 -0.305711
2455418.049950 1.159743 0.597599 -0.107263
2455418.149950 -1.164101 0.638855 0.098353
2455418.249950 -1.064101 0.680112 0.297396
2455418.349950 -0.964101 0.721369 0.476567
2455418.449950 -0.864101 0.762626 0.623894
2455418.549950 -0.764101 0.803883 0.729530
2455418.649950 -0.664101 0.845139 0.786418
2455418.749950 -0.564101 0.886396 0.790756
2455418.849950 -0.464101 0.927653 0.742255
2455418.949950 -0.364101 0.968910 0.644155
2455419.049950 -0.264101 0.010166 0.503012
2455419.149950 -0.164101 0.051423 0.328256
2455419.249950 -0.064101 0.092680 0.131566
2455419.349950 0.035899 0.133937 -0.073916
2455419.449950 0.135899 0.175194 -0.274458
2455419.549950 0.235899 0.216450 -0.456661
2455419.649950 0.335899 0.257707 -0.608349
2455419.749950 0.435899 0.298964 -0.719386
2455419.849950 0.535899 0.340221 -0.782352
2455419.949950 0.635899 0.381477 -0.793041
2455420.049950 0.735899 0.422734 -0.750737
2455420.149950 0.835899 0.463991 -0.658268
2455420.249950 0.935899 0.505248 -0.521812
2455420.349950 1.035899 0.546505 -0.350488
2455420.449950 1.135899 0.587761 -0.155743
2455420.549950 -1.187945 0.629018 0.049408
2455420.649950 -1.087945 0.670275 0.251258
2455420.749950 -0.987945 0.711532 0.436318
2455420.849950 -0.887945 0.752789 0.592223
2455420.949950 -0.787945 0.794045 0.708555
2455421.049950 -0.687945 0.835302 0.777539
2455421.149950 -0.587945 0.876559 0.794568
2455421.249950 -0.487945 0.917816 0.758502
2455421.349950 -0.387945 0.959072 0.671751
2455421.449950 -0.287945 0.000329 0.540114
2455421.549950 -0.187945 0.041586 0.372384
2455421.649950 -0.087945 0.082843 0.179772
2455421.749950 0.012055 0.124100 -0.024853
2455421.849950 0.112055 0.165356 -0.227817
2455421.949950 0.212055 0.206613 -0.415559
2455422.049950 0.312055 0.247870 -0.575532
2455422.149950 0.412055 0.289127 -0.697047
2455422.249950 0.512055 0.330383 -0.771984
2455422.349950 0.612055 0.371640 -0.795336
2455422.449950 0.712055 0.412897 -0.765542
2455422.549950 0.812055 0.454154 -0.684594
2455422.649950 0.912055 0.495411 -0.557899
2455422.749950 1.012055 0.536667 -0.393926
2455422.849950 1.112055 0.577924 -0.203629
2455422.949950 -1.211789 0.619181 0.000274
2455423.049950 -1.111789 0.660438 0.204160
2455423.149950 -1.011789 0.701694 0.394402
2455423.249950 -0.911789 0.742951 0.558291
2455423.349950 -0.811789 0.784208 0.684873
2455423.449950 -0.711789 0.825465 0.765691
2455423.549950 -0.611789 0.866722 0.795344
2455423.649950 -0.511789 0.907978 0.771851
2455423.749950 -0.411789 0.949235 0.696782
2455423.849950 -0.311789 0.990492 0.575153
2455423.949950 -0.211789 0.031749 0.415091
2455424.049950 -0.111789 0.073005 0.227291
2455424.149950 -0.011789 0.114262 0.024304
2455424.249950 0.088211 0.155519 -0.180307
2455424.349950 0.188211 0.196776 -0.372869
2455424.449950 0.288211 0.238033 -0.540516
2455424.549950 0.388211 0.279289 -0.672045
2455424.649950 0.488211 0.320546 -0.758667
2455424.749950 0.588211 0.361803 -0.794593
2455424.849950 0.688211 0.403060 -0.777423
2455424.949950 0.788211 0.444317 -0.708305
2455425.049950 0.888211 0.485573 -0.591856
2455425.149950 0.988211 0.526830 -0.435859
2455425.249950 1.088211 0.568087 -0.250737
2455425.349950 1.188211 0.609344 -0.048860
2455425.449950 -1.135633 0.650600 0.156282
2455425.549950 -1.035633 0.691857 0.350980
2455425.649950 -0.935633 0.733114 0.522226
2455425.749950 -0.835633 0.774371 0.658576
2455425.849950 -0.735633 0.815628 0.750918
2455425.949950 -0.635633 0.856884 0.793083
2455426.049950 -0.535633 0.898141 0.782253
2455426.149950 -0.435633 0.939398 0.719151
2455426.249950 -0.335633 0.980655 0.607995
2455426.349950 -0.235633 0.021911 0.456211
2455426.449950 -0.135633 0.063168 0.273943
2455426.549950 -0.035633 0.104425 0.073369
2455426.649950 0.064367 0.145682 -0.132107
2455426.749950 0.164367 0.186939 -0.328756
2455426.849950 0.264367 0.228195 -0.503437
2455426.949950 0.364367 0.269452 -0.644477
2455427.049950 0.464367 0.310709 -0.742452
2455427.149950 0.564367 0.351966 -0.790816
2455427.249950 0.664367 0.393222 -0.786336
2455427.349950 0.764367 0.434479 -0.729311
2455427.449950 0.864367 0.475736 -0.623553
2455427.549950 0.964367 0.516993 -0.476128
2455427.649950 1.064367 0.558250 -0.296887
2455427.749950 1.164367 0.599506 -0.097808
2455427.849950 -1.159477 0.640763 0.107807
2455427.949950 -1.059477 0.682020 0.306218
2455428.049950 -0.959477 0.723277 0.484167
2455428.149950 -0.859477 0.764533 0.629763
2455428.249950 -0.759477 0.805790 0.733278
2455428.349950 -0.659477 0.847047 0.787793
2455428.449950 -0.559477 0.888304 0.789667
2455428.549950 -0.459477 0.929561 0.738774
2455428.649950 -0.359477 0.970817 0.638515
2455428.749950 -0.259477 0.012074 0.495590
2455428.849950 -0.159477 0.053331 0.319548
2455428.949950 -0.059477 0.094588 0.122154
2455429.049950 0.040523 0.135845 -0.083403
2455429.149950 0.140523 0.177101 -0.283387
2455429.249950 0.240523 0.218358 -0.464435
2455429.349950 0.340523 0.259615 -0.614448
2455429.449950 0.440523 0.300872 -0.723402
2455429.549950 0.540523 0.342128 -0.784018
2455429.649950 0.640523 0.383385 -0.792245
2455429.749950 0.740523 0.424642 -0.747532
2455429.849950 0.840523 0.465899 -0.652868
2455429.949950 0.940523 0.507156 -0.514578
2455430.049950 1.040523 0.548412 -0.341904
2455430.149950 1.140523 0.589669 -0.146382
2455430.249950 -1.183321 0.630926 0.058920
2455430.349950 -1.083321 0.672183 0.260286
2455430.449950 -0.983321 0.713439 0.444259
2455430.549950 -0.883321 0.754696 0.598545
2455430.649950 -0.783321 0.795953 0.712836
2455430.749950 -0.683321 0.837210 0.779494
2455430.849950 -0.583321 0.878467 0.794065
2455430.949950 -0.483321 0.919723 0.755576
2455431.049950 -0.383321 0.960980 0.666597
2455431.149950 -0.283321 0.002237 0.533075
2455431.249950 -0.183321 0.043494 0.363933
2455431.349950 -0.083321 0.084750 0.170472
2455431.449950 0.016679 0.126007 -0.034381
2455431.549950 0.116679 0.167264 -0.236936
2455431.649950 0.216679 0.208521 -0.423659
2455431.749950 0.316679 0.249778 -0.582072
2455431.849950 0.416679 0.291034 -0.701590
2455431.949950 0.516679 0.332291 -0.774226
2455432.049950 0.616679 0.373548 -0.795128
2455432.149950 0.716679 0.414805 -0.762898
2455432.249950 0.816679 0.456061 -0.679690
2455432.349950 0.916679 0.497318 -0.551063
2455432.449950 1.016679 0.538575 -0.385614
2455432.549950 1.116679 0.579832 -0.194398
2455432.649950 -1.207165 0.621089 0.009809
2455432.749950 -1.107165 0.662345 0.213360
2455432.849950 -1.007165 0.703602 0.402654
2455432.949950 -0.907165 0.744859 0.565042
2455433.049950 -0.807165 0.786116 0.689673
2455433.149950 -0.707165 0.827373 0.768219
2455433.249950 -0.607165 0.868629 0.795431
2455433.349950 -0.507165 0.909886 0.769491
2455433.449950 -0.407165 0.951143 0.692133
2455433.549950 -0.307165 0.992400 0.568525
2455433.649950 -0.207165 0.033656 0.406928
2455433.749950 -0.107165 0.074913 0.218138
2455433.849950 -0.007165 0.116170 0.014773
2455433.949950 0.092835 0.157427 -0.189580
2455434.049950 0.192835 0.198684 -0.381264
2455434.149950 0.292835 0.239940 -0.547472
2455434.249950 0.392835 0.281197 -0.677097
2455434.349950 0.492835 0.322454 -0.761478
2455434.449950 0.592835 0.363711 -0.794975
2455434.549950 0.692835 0.404967 -0.775350
2455434.649950 0.792835 0.446224 -0.703915
2455434.749950 0.892835 0.487481 -0.585444
2455434.849950 0.992835 0.528738 -0.427852
2455434.949950 1.092835 0.569995 -0.241671
2455435.049950 1.192835 0.611251 -0.039340
2455435.149950 -1.131009 0.652508 0.165619
2455435.249950 -1.031009 0.693765 0.359511
2455435.349950 -0.931009 0.735022 0.529380
2455435.449950 -0.831009 0.776278 0.663875
2455435.549950 -0.731009 0.817535 0.754009
2455435.649950 -0.631009 0.858792 0.793759
2455435.749950 -0.531009 0.900049 0.780468
2455435.849950 -0.431009 0.941306 0.715026
2455435.949950 -0.331009 0.982562 0.601804
2455436.049950 -0.231009 0.023819 0.448368
2455436.149950 -0.131009 0.065076 0.264972
2455436.249950 -0.031009 0.106333 0.063870
2455436.349950 0.068991 0.147590 -0.141500
2455436.449950 0.168991 0.188846 -0.337414
2455436.549950 0.268991 0.230103 -0.510782
2455436.649950 0.368991 0.271360 -0.650019
2455436.749950 0.468991 0.312617 -0.745820
2455436.849950 0.568991 0.353873 -0.791785
2455436.949950 0.668991 0.395130 -0.784841
2455437.049950 0.768991 0.436387 -0.725453
2455437.149950 0.868991 0.477644 -0.617589
2455437.249950 0.968991 0.518901 -0.468456
2455437.349950 1.068991 0.560157 -0.288021
2455437.449950 1.168991 0.601414 -0.088339
2455437.549950 -1.154853 0.642671 0.117245
2455437.649950 -1.054853 0.683928 0.314995
2455437.749950 -0.954853 0.725184 0.491697
2455437.849950 -0.854853 0.766441 0.635542
2455437.949950 -0.754853 0.807698 0.736920
2455438.049950 -0.654853 0.848955 0.789055
2455438.149950 -0.554853 0.890212 0.788464
2455438.249950 -0.454853 0.931468 0.735187
2455438.349950 -0.354853 0.972725 0.632784
2455438.449950 -0.254853 0.013982 0.488097
2455438.549950 -0.154853 0.055239 0.310794
2455438.649950 -0.054853 0.096495 0.112724
2455438.749950 0.045147 0.137752 -0.092879
2455438.849950 0.145147 0.179009 -0.292275
2455438.949950 0.245147 0.220266 -0.472142
2455439.049950 0.345147 0.261523 -0.620458
2455439.149950 0.445147 0.302779 -0.727315
2455439.249950 0.545147 0.344036 -0.785571
2455439.349950 0.645147 0.385293 -0.791335
2455439.449950 0.745147 0.426550 -0.744220
2455439.549950 0.845147 0.467806 -0.647374
2455439.649950 0.945147 0.509063 -0.507271
2455439.749950 1.045147 0.550320 -0.333270
2455439.849950 1.145147 0.591577 -0.137000
2455439.949950 -1.178697 0.632834 0.068424
2455440.049950 -1.078697 0.674090 0.269277
2455440.149950 -0.978697 0.715347 0.452135
2455440.249950 -0.878697 0.756604 0.604782
2455440.349950 -0.778697 0.797861 0.717016
2455440.449950 -0.678697 0.839118 0.781338
2455440.549950 -0.578697 0.880374 0.793449
2455440.649950 -0.478697 0.921631 0.752541
2455440.749950 -0.378697 0.962888 0.661347
2455440.849950 -0.278697 0.004145 0.525961
2455440.949950 -0.178697 0.045401 0.355429
2455441.049950 -0.078697 0.086658 0.161147
2455441.149950 0.021303 0.127915 -0.043904
2455441.249950 0.121303 0.169172 -0.246020
2455441.349950 0.221303 0.210429 -0.431698
2455441.449950 0.321303 0.251685 -0.588528
2455441.549950 0.421303 0.292942 -0.706032
2455441.649950 0.521303 0.334199 -0.776358
2455441.749950 0.621303 0.375456 -0.794806
2455441.849950 0.721303 0.416712 -0.760144
2455441.949950 0.821303 0.457969 -0.674688
2455442.049950 0.921303 0.499226 -0.544148
2455442.149950 1.021303 0.540483 -0.377248
2455442.249950 1.121303 0.581740 -0.185139
2455442.349950 -1.202541 0.622996 0.019342
2455442.449950 -1.102541 0.664253 0.222529
2455442.549950 -1.002541 0.705510 0.410847
2455442.649950 -0.902541 0.746767 0.571712
2455442.749950 -0.802541 0.788023 0.694374
2455442.849950 -0.702541 0.829280 0.770636
2455442.949950 -0.602541 0.870537 0.795404
2455443.049950 -0.502541 0.911794 0.767021
2455443.149950 -0.402541 0.953051 0.687385
2455443.249950 -0.302541 0.994307 0.561816
2455443.349950 -0.202541 0.035564 0.398706
2455443.449950 -0.102541 0.076821 0.208954
2455443.549950 -0.002541 0.118078 0.005239
2455443.649950 0.097459 0.159334 -0.198826
2455443.749950 0.197459 0.200591 -0.389605
2455443.849950 0.297459 0.241848 -0.554350
2455443.949950 0.397459 0.283105 -0.682052
2455444.049950 0.497459 0.324362 -0.764179
2455444.149950 0.597459 0.365618 -0.795242
2455444.249950 0.697459 0.406875 -0.773165
2455444.349950 0.797459 0.448132 -0.699425
2455444.449950 0.897459 0.489389 -0.578947
2455444.549950 0.997459 0.530646 -0.419784
2455444.649950 1.097459 0.571902 -0.232570
2455444.749950 1.197459 0.613159 -0.029815
2455444.849950 -1.126385 0.654416 0.174932
2455444.949950 -1.026385 0.695673 0.367990
2455445.049950 -0.926385 0.736929 0.536458
2455445.149950 -0.826385 0.778186 0.669079
2455445.249950 -0.726385 0.819443 0.756992
2455445.349950 -0.626385 0.860700 0.794320
2455445.449950 -0.526385 0.901957 0.778571
2455445.549950 -0.426385 0.943213 0.710797
2455445.649950 -0.326385 0.984470 0.595526
2455445.749950 -0.226385 0.025727 0.440461
2455445.849950 -0.126385 0.066984 0.255963
2455445.949950 -0.026385 0.108240 0.054362
2455446.049950 0.073615 0.149497 -0.150872
2455446.149950 0.173615 0.190754 -0.346024
2455446.249950 0.273615 0.232011 -0.518055
2455446.349950 0.373615 0.273268 -0.655468
2455446.449950 0.473615 0.314524 -0.749081
2455446.549950 0.573615 0.355781 -0.792640
2455446.649950 0.673615 0.397038 -0.783234
2455446.749950 0.773615 0.438295 -0.721490
2455446.849950 0.873615 0.479551 -0.611535
2455446.949950 0.973615 0.520808 -0.460717
2455447.049950 1.073615 0.562065 -0.279113
2455447.149950 1.173615 0.603322 -0.078857
2455447.249950 -1.150229 0.644579 0.126667
2455447.349950 -1.050229 0.685835 0.323728
2455447.449950 -0.950229 0.727092 0.499156
2455447.549950 -0.850229 0.768349 0.641230
2455447.649950 -0.750229 0.809606 0.740456
2455447.749950 -0.650229 0.850862 0.790203
2455447.849950 -0.550229 0.892119 0.787148
2455447.949950 -0.450229 0.933376 0.731495
2455448.049950 -0.350229 0.974633 0.626961
2455448.149950 -0.250229 0.015890 0.480533
2455448.249950 -0.150229 0.057146 0.301995
2455448.349950 -0.050229 0.098403 0.103277
2455448.449950 0.049771 0.139660 -0.102342
2455448.549950 0.149771 0.180917 -0.301122
2455448.649950 0.249771 0.222174 -0.479781
2455448.749950 0.349771 0.263430 -0.626380
2455448.849950 0.449771 0.304687 -0.731123
2455448.949950 0.549771 0.345944 -0.787012
2455449.049950 0.649771 0.387201 -0.790311
2455449.149950 0.749771 0.428457 -0.740800
2455449.249950 0.849771 0.469714 -0.641788
2455449.349950 0.949771 0.510971 -0.499890
2455449.449950 1.049771 0.552228 -0.324589
2455449.549950 1.149771 0.593485 -0.127599
2455449.649950 -1.174073 0.634741 0.077918
2455449.749950 -1.074073 0.675998 0.278229
2455449.849950 -0.974073 0.717255 0.459947
2455449.949950 -0.874073 0.758512 0.610931
2455450.049950 -0.774073 0.799768 0.721092
2455450.149950 -0.674073 0.841025 0.783069
2455450.249950 -0.574073 0.882282 0.792719
2455450.349950 -0.474073 0.923539 0.749398
2455450.449950 -0.374073 0.964796 0.656002
2455450.549950 -0.274073 0.006052 0.518770
2455450.649950 -0.174073 0.047309 0.346874
2455450.749950 -0.074073 0.088566 0.151798
2455450.849950 0.025927 0.129823 -0.053420
2455450.949950 0.125927 0.171079 -0.255070
2455451.049950 0.225927 0.212336 -0.439674
2455451.149950 0.325927 0.253593 -0.594900
2455451.249950 0.425927 0.294850 -0.710373
2455451.349950 0.525927 0.336107 -0.778377
2455451.449950 0.625927 0.377363 -0.794370
2455451.549950 0.725927 0.418620 -0.757281
2455451.649950 0.825927 0.459877 -0.669589
2455451.749950 0.925927 0.501134 -0.537155
2455451.849950 1.025927 0.542390 -0.368827
2455451.949950 1.125927 0.583647 -0.175853
2455452.049950 -1.197917 0.624904 0.028872
2455452.149950 -1.097917 0.666161 0.231667
2455452.249950 -0.997917 0.707418 0.418982
2455452.349950 -0.897917 0.748674 0.578300
2455452.449950 -0.797917 0.789931 0.698975
2455452.549950 -0.697917 0.831188 0.772943
2455452.649950 -0.597917 0.872445 0.795262
2455452.749950 -0.497917 0.913702 0.764440
2455452.849950 -0.397917 0.954958 0.682537
2455452.949950 -0.297917 0.996215 0.555026
2455453.049950 -0.197917 0.037472 0.390427
2455453.149950 -0.097917 0.078729 0.199740
2455453.249950 0.002083 0.119985 -0.004295
2455453.349950 0.102083 0.161242 -0.208043
2455453.449950 0.202083 0.202499 -0.397889
2455453.549950 0.302083 0.243756 -0.561148
2455453.649950 0.402083 0.285013 -0.686909
2455453.749950 0.502083 0.326269 -0.766770
2455453.849950 0.602083 0.367526 -0.795395
2455453.949950 0.702083 0.408783 -0.770870
2455454.049950 0.802083 0.450040 -0.694834
2455454.149950 0.902083 0.491296 -0.572368
2455454.249950 1.002083 0.532553 -0.411655
2455454.349950 1.102083 0.573810 -0.223435
2455454.449950 1.202083 0.615067 -0.020285
2455454.549950 -1.121761 0.656324 0.184221
2455454.649950 -1.021761 0.697580 0.376416
2455454.749950 -0.921761 0.738837 0.543459
2455454.849950 -0.821761 0.780094 0.674188
2455454.949950 -0.721761 0.821351 0.759865
2455455.049950 -0.621761 0.862607 0.794768
2455455.149950 -0.521761 0.903864 0.776563
2455455.249950 -0.421761 0.945121 0.706466
2455455.349950 -0.321761 0.986378 0.589162
2455455.449950 -0.221761 0.027635 0.432490
2455455.549950 -0.121761 0.068891 0.246918
2455455.649950 -0.021761 0.110148 0.044846
2455455.749950 0.078239 0.151405 -0.160222
2455455.849950 0.178239 0.192662 -0.354584
2455455.949950 0.278239 0.233918 -0.525252
2455456.049950 0.378239 0.275175 -0.660822
2455456.149950 0.478239 0.316432 -0.752235
2455456.249950 0.578239 0.357689 -0.793382
2455456.349950 0.678239 0.398946 -0.781514
2455456.449950 0.778239 0.440202 -0.717424
2455456.549950 0.878239 0.481459 -0.605395
2455456.649950 0.978239 0.522716 -0.452912
2455456.749950 1.078239 0.563973 -0.270164
2455456.849950 1.178239 0.605230 -0.069364
2455456.949950 -1.145605 0.646486 0.136071
2455457.049950 -1.045605 0.687743 0.332413
2455457.149950 -0.945605 0.729000 0.506543
2455457.249950 -0.845605 0.770257 0.646826
2455457.349950 -0.745605 0.811513 0.743886
2455457.449950 -0.645605 0.852770 0.791238
2455457.549950 -0.545605 0.894027 0.785719
2455457.649950 -0.445605 0.935284 0.727697
2455457.749950 -0.345605 0.976541 0.621048
2455457.849950 -0.245605 0.017797 0.472901
2455457.949950 -0.145605 0.059054 0.293153
2455458.049950 -0.045605 0.100311 0.093816
2455458.149950 0.054395 0.141568 -0.111789
2455458.249950 0.154395 0.182824 -0.309925
2455458.349950 0.254395 0.224081 -0.487351
2455458.449950 0.354395 0.265338 -0.632211
2455458.549950 0.454395 0.306595 -0.734826
2455458.649950 0.554395 0.347852 -0.788339
2455458.749950 0.654395 0.389108 -0.789174
2455458.849950 0.754395 0.430365 -0.737274
2455458.949950 0.854395 0.471622 -0.636109
2455459.049950 0.954395 0.512879 -0.492438
2455459.149950 1.054395 0.554135 -0.315862
2455459.249950 1.154395 0.595392 -0.118179
2455459.349950 -1.169449 0.636649 0.087401
2455459.449950 -1.069449 0.677906 0.287141
2455459.549950 -0.969449 0.719163 0.467693
2455459.649950 -0.869449 0.760419 0.616993
2455459.749950 -0.769449 0.801676 0.725065
2455459.849950 -0.669449 0.842933 0.784687
2455459.949950 -0.569449 0.884190 0.791875
2455460.049950 -0.469449 0.925447 0.746148
2455460.149950 -0.369449 0.966703 0.650563
2455460.249950 -0.269449 0.007960 0.511506
2455460.349950 -0.169449 0.049217 0.338269
2455460.449950 -0.069449 0.090474 0.142428
2455460.549950 0.030551 0.131730 -0.062929
2455460.649950 0.130551 0.172987 -0.264082
2455460.749950 0.230551 0.214244 -0.447588
2455460.849950 0.330551 0.255501 -0.601186
2455460.949950 0.430551 0.296758 -0.714611
2455461.049950 0.530551 0.338014 -0.780285
2455461.149950 0.630551 0.379271 -0.793819
2455461.249950 0.730551 0.420528 -0.754309
2455461.349950 0.830551 0.461785 -0.664395
2455461.449950 0.930551 0.503041 -0.530084
2455461.549950 1.030551 0.544298 -0.360353
2455461.649950 1.130551 0.585555 -0.166542
2455461.749950 -1.193293 0.626812 0.038398
2455461.849950 -1.093293 0.668069 0.240771
2455461.949950 -0.993293 0.709325 0.427056
2455462.049950 -0.893293 0.750582 0.584805
2455462.149950 -0.793293 0.791839 0.703475
2455462.249950 -0.693293 0.833096 0.775139
2455462.349950 -0.593293 0.874352 0.795006
2455462.449950 -0.493293 0.915609 0.761750
2455462.549950 -0.393293 0.956866 0.677592
2455462.649950 -0.293293 0.998123 0.548157
2455462.749950 -0.193293 0.039380 0.382093
2455462.849950 -0.093293 0.080636 0.190496
2455462.949950 0.006707 0.121893 -0.013829
2455463.049950 0.106707 0.163150 -0.217231
2455463.149950 0.206707 0.204407 -0.406116
2455463.249950 0.306707 0.245663 -0.567865
2455463.349950 0.406707 0.286920 -0.691667
2455463.449950 0.506707 0.328177 -0.769252
2455463.549950 0.606707 0.369434 -0.795433
2455463.649950 0.706707 0.410691 -0.768463
2455463.749950 0.806707 0.451947 -0.690143
2455463.849950 0.906707 0.493204 -0.565706
2455463.949950 1.006707 0.534461 -0.403467
2455464.049950 1.106707 0.575718 -0.214269
2455464.149950 1.206707 0.616975 -0.010752
2455464.249950 -1.117137 0.658231 0.193482
2455464.349950 -1.017137 0.699488 0.384788
2455464.449950 -0.917137 0.740745 0.550382
2455464.549950 -0.817137 0.782002 0.679199
2455464.649950 -0.717137 0.823258 0.762630
2455464.749950 -0.617137 0.864515 0.795101
2455464.849950 -0.517137 0.905772 0.774442
2455464.949950 -0.417137 0.947029 0.702034
2455465.049950 -0.317137 0.988286 0.582714
2455465.149950 -0.217137 0.029542 0.424457
2455465.249950 -0.117137 0.070799 0.237837
2455465.349950 -0.017137 0.112056 0.035324
2455465.449950 0.082863 0.153313 -0.169549
2455465.549950 0.182863 0.194569 -0.363093
2455465.649950 0.282863 0.235826 -0.532374
2455465.749950 0.382863 0.277083 -0.666082
2455465.849950 0.482863 0.318340 -0.755280
2455465.949950 0.582863 0.359597 -0.794010
2455466.049950 0.682863 0.400853 -0.779682
2455466.149950 0.782863 0.442110 -0.713255
2455466.249950 0.882863 0.483367 -0.599167
2455466.349950 0.982863 0.524624 -0.445041
2455466.449950 1.082863 0.565880 -0.261178
2455466.549950 1.182863 0.607137 -0.059861
2455466.649950 -1.140981 0.648394 0.145455
2455466.749950 -1.040981 0.689651 0.341051
2455466.849950 -0.940981 0.730908 0.513858
2455466.949950 -0.840981 0.772164 0.652328
2455467.049950 -0.740981 0.813421 0.747209
2455467.149950 -0.640981 0.854678 0.792160
2455467.249950 -0.540981 0.895935 0.784177
2455467.349950 -0.440981 0.937191 0.723794
2455467.449950 -0.340981 0.978448 0.615047
2455467.549950 -0.240981 0.019705 0.465200
2455467.649950 -0.140981 0.060962 0.284269
2455467.749950 -0.040981 0.102219 0.084342
2455467.849950 0.059019 0.143475 -0.121221
2455467.949950 0.159019 0.184732 -0.318683
2455468.049950 0.259019 0.225989 -0.494851
2455468.149950 0.359019 0.267246 -0.637952
2455468.249950 0.459019 0.308503 -0.738424
2455468.349950 0.559019 0.349759 -0.789553
2455468.449950 0.659019 0.391016 -0.787923
2455468.549950 0.759019 0.432273 -0.733643
2455468.649950 0.859019 0.473530 -0.630339
2455468.749950 0.959019 0.514786 -0.484915
2455468.849950 1.059019 0.556043 -0.307089
2455468.949950 1.159019 0.597300 -0.108742
2455469.049950 -1.164825 0.638557 0.096871
2455469.149950 -1.064825 0.679814 0.296011
2455469.249950 -0.964825 0.721070 0.475371
2455469.349950 -0.864825 0.762327 0.622966
2455469.449950 -0.764825 0.803584 0.728934
2455469.549950 -0.664825 0.844841 0.786193
2455469.649950 -0.564825 0.886097 0.790917
2455469.749950 -0.464825 0.927354 0.742791
2455469.849950 -0.364825 0.968611 0.645030
2455469.949950 -0.264825 0.009868 0.504167
2455470.049950 -0.164825 0.051125 0.329615
2455470.149950 -0.064825 0.092381 0.133038
2455470.249950 0.035175 0.133638 -0.072429
2455470.349950 0.135175 0.174895 -0.273057
2455470.449950 0.235175 0.216152 -0.455438
2455470.549950 0.335175 0.257408 -0.607386
2455470.649950 0.435175 0.298665 -0.718748
2455470.749950 0.535175 0.339922 -0.782081
2455470.849950 0.635175 0.381179 -0.793155
2455470.949950 0.735175 0.422436 -0.751229
2455471.049950 0.835175 0.463692 -0.659104
2455471.149950 0.935175 0.504949 -0.522938
2455471.249950 1.035175 0.546206 -0.351827
2455471.349950 1.135175 0.587463 -0.157207
2455471.449950 -1.188669 0.628719 0.047918
2455471.549950 -1.088669 0.669976 0.249841
2455471.649950 -0.988669 0.711233 0.435069
2455471.749950 -0.888669 0.752490 0.591225
2455471.849950 -0.788669 0.793747 0.707875
2455471.949950 -0.688669 0.835003 0.777223
2455472.049950 -0.588669 0.876260 0.794636
2455472.149950 -0.488669 0.917517 0.758950
2455472.249950 -0.388669 0.958774 0.672550
2455472.349950 -0.288669 0.000031 0.541208
2455472.449950 -0.188669 0.041287 0.373703
2455472.549950 -0.088669 0.082544 0.181226
2455472.649950 0.011331 0.123801 -0.023361
2455472.749950 0.111331 0.165058 -0.226387
2455472.849950 0.211331 0.206314 -0.414285
2455472.949950 0.311331 0.247571 -0.574500
2455473.049950 0.411331 0.288828 -0.696326
2455473.149950 0.511331 0.330085 -0.771623
2455473.249950 0.611331 0.371342 -0.795358
2455473.349950 0.711331 0.412598 -0.765946
2455473.449950 0.811331 0.453855 -0.685352
2455473.549950 0.911331 0.495112 -0.558962
2455473.649950 1.011331 0.536369 -0.395222
2455473.749950 1.111331 0.577625 -0.205072
2455473.849950 1.211331 0.618882 -0.001218
2455473.949950 -1.112513 0.660139 0.202716
2455474.049950 -1.012513 0.701396 0.393105
2455474.149950 -0.912513 0.742653 0.557226
2455474.249950 -0.812513 0.783909 0.684112
2455474.349950 -0.712513 0.825166 0.765285
2455474.449950 -0.612513 0.866423 0.795320
2455474.549950 -0.512513 0.907680 0.772211
2455474.649950 -0.412513 0.948936 0.697501
2455474.749950 -0.312513 0.990193 0.576183
2455474.849950 -0.212513 0.031450 0.416363
2455474.949950 -0.112513 0.072707 0.228722
2455475.049950 -0.012513 0.113964 0.025796
2455475.149950 0.087487 0.155220 -0.178852
2455475.249950 0.187487 0.196477 -0.371550
2455475.349950 0.287487 0.237734 -0.539420
2455475.449950 0.387487 0.278991 -0.671245
2455475.549950 0.487487 0.320247 -0.758217
2455475.649950 0.587487 0.361504 -0.794523
2455475.749950 0.687487 0.402761 -0.777738
2455475.849950 0.787487 0.444018 -0.708983
2455475.949950 0.887487 0.485275 -0.592853
2455476.049950 0.987487 0.526531 -0.437107
2455476.149950 1.087487 0.567788 -0.252153
2455476.249950 1.187487 0.609045 -0.050350
2455476.349950 -1.136357 0.650302 0.154818
2455476.449950 -1.036357 0.691559 0.349640
2455476.549950 -0.936357 0.732815 0.521099
2455476.649950 -0.836357 0.774072 0.657737
2455476.749950 -0.736357 0.815329 0.750424
2455476.849950 -0.636357 0.856586 0.792967
2455476.949950 -0.536357 0.897842 0.782522
2455477.049950 -0.436357 0.939099 0.719788
2455477.149950 -0.336357 0.980356 0.608956
2455477.249950 -0.236357 0.021613 0.457433
2455477.349950 -0.136357 0.062870 0.275344
2455477.449950 -0.036357 0.104126 0.074855
2455477.549950 0.063643 0.145383 -0.130635
2455477.649950 0.163643 0.186640 -0.327396
2455477.749950 0.263643 0.227897 -0.502280
2455477.849950 0.363643 0.269153 -0.643601
2455477.949950 0.463643 0.310410 -0.741915
2455478.049950 0.563643 0.351667 -0.790654
2455478.149950 0.663643 0.392924 -0.786559
2455478.249950 0.763643 0.434181 -0.729906
2455478.349950 0.863643 0.475437 -0.624479
2455478.449950 0.963643 0.516694 -0.477323
2455478.549950 1.063643 0.557951 -0.298272
2455478.649950 1.163643 0.599208 -0.099289
2455478.749950 -1.160201 0.640464 0.106328
2455478.849950 -1.060201 0.681721 0.304840
2455478.949950 -0.960201 0.722978 0.482982
2455479.049950 -0.860201 0.764235 0.628850
2455479.149950 -0.760201 0.805492 0.732698
2455479.249950 -0.660201 0.846748 0.787585
2455479.349950 -0.560201 0.888005 0.789845
2455479.449950 -0.460201 0.929262 0.739326
2455479.549950 -0.360201 0.970519 0.639404
2455479.649950 -0.260201 0.011775 0.496756
2455479.749950 -0.160201 0.053032 0.320914
2455479.849950 -0.060201 0.094289 0.123628
2455479.949950 0.039799 0.135546 -0.081919
2455480.049950 0.139799 0.176803 -0.281992
2455480.149950 0.239799 0.218059 -0.463222
2455480.249950 0.339799 0.259316 -0.613499
2455480.349950 0.439799 0.300573 -0.722780
2455480.449950 0.539799 0.341830 -0.783765
2455480.549950 0.639799 0.383087 -0.792377
2455480.649950 0.739799 0.424343 -0.748041
2455480.749950 0.839799 0.465600 -0.653720
2455480.849950 0.939799 0.506857 -0.515716
2455480.949950 1.039799 0.548114 -0.343251
2455481.049950 1.139799 0.589370 -0.147849
2455481.149950 -1.184045 0.630627 0.057432
2455481.249950 -1.084045 0.671884 0.258875
2455481.349950 -0.984045 0.713141 0.443020
2455481.449950 -0.884045 0.754398 0.597561
2455481.549950 -0.784045 0.795654 0.712173
2455481.649950 -0.684045 0.836911 0.779196
2455481.749950 -0.584045 0.878168 0.794152
2455481.849950 -0.484045 0.919425 0.756041
2455481.949950 -0.384045 0.960681 0.667410
2455482.049950 -0.284045 0.001938 0.534182
2455482.149950 -0.184045 0.043195 0.365259
2455482.249950 -0.084045 0.084452 0.171929
2455482.349950 0.015955 0.125709 -0.032889
2455482.449950 0.115955 0.166965 -0.235511
2455482.549950 0.215955 0.208222 -0.422394
2455482.649950 0.315955 0.249479 -0.581053
2455482.749950 0.415955 0.290736 -0.700885
2455482.849950 0.515955 0.331992 -0.773883
2455482.949950 0.615955 0.373249 -0.795168
2455483.049950 0.715955 0.414506 -0.763319
2455483.149950 0.815955 0.455763 -0.680464
2455483.249950 0.915955 0.497020 -0.552139
2455483.349950 1.015955 0.538276 -0.386919
2455483.449950 1.115955 0.579533 -0.195845
2455483.549950 -1.207889 0.620790 0.008316
2455483.649950 -1.107889 0.662047 0.211921
2455483.749950 -1.007889 0.703304 0.401366
2455483.849950 -0.907889 0.744560 0.563990
2455483.949950 -0.807889 0.785817 0.688928
2455484.049950 -0.707889 0.827074 0.767830
2455484.149950 -0.607889 0.868331 0.795425
2455484.249950 -0.507889 0.909587 0.769868
2455484.349950 -0.407889 0.950844 0.692867
2455484.449950 -0.307889 0.992101 0.569568
2455484.549950 -0.207889 0.033358 0.408209
2455484.649950 -0.107889 0.074615 0.219574
2455484.749950 -0.007889 0.115871 0.016265
2455484.849950 0.092111 0.157128 -0.188130
2455484.949950 0.192111 0.198385 -0.379954
2455485.049950 0.292111 0.239642 -0.546389
2455485.149950 0.392111 0.280898 -0.676313
2455485.249950 0.492111 0.322155 -0.761045
2455485.349950 0.592111 0.363412 -0.794922
2455485.449950 0.692111 0.404669 -0.775682
2455485.549950 0.792111 0.445926 -0.704609
2455485.649950 0.892111 0.487182 -0.586453
2455485.749950 0.992111 0.528439 -0.429110
2455485.849950 1.092111 0.569696 -0.243092
2455485.949950 1.192111 0.610953 -0.040831
2455486.049950 -1.131733 0.652209 0.164159
2455486.149950 -1.031733 0.693466 0.358179
2455486.249950 -0.931733 0.734723 0.528265
2455486.349950 -0.831733 0.775980 0.663052
2455486.449950 -0.731733 0.817237 0.753532
2455486.549950 -0.631733 0.858493 0.793661
2455486.649950 -0.531733 0.899750 0.780755
2455486.749950 -0.431733 0.941007 0.715678
2455486.849950 -0.331733 0.982264 0.602779
2455486.949950 -0.231733 0.023520 0.449600
2455487.049950 -0.131733 0.064777 0.266379
2455487.149950 -0.031733 0.106034 0.065358
2455487.249950 0.068267 0.147291 -0.140030
2455487.349950 0.168267 0.188548 -0.336062
2455487.449950 0.268267 0.229804 -0.509637
2455487.549950 0.368267 0.271061 -0.649158
2455487.649950 0.468267 0.312318 -0.745300
2455487.749950 0.568267 0.353575 -0.791641
2455487.849950 0.668267 0.394832 -0.785082
2455487.949950 0.768267 0.436088 -0.726064
2455488.049950 0.868267 0.477345 -0.618528
2455488.149950 0.968267 0.518602 -0.469662
2455488.249950 1.068267 0.559859 -0.289412
2455488.349950 1.168267 0.601115 -0.089822
2455488.449950 -1.155577 0.642372 0.115769
2455488.549950 -1.055577 0.683629 0.313624
2455488.649950 -0.955577 0.724886 0.490522
2455488.749950 -0.855577 0.766143 0.634643
2455488.849950 -0.755577 0.807399 0.736356
2455488.949950 -0.655577 0.848656 0.788865
2455489.049950 -0.555577 0.889913 0.788660
2455489.149950 -0.455577 0.931170 0.735756
2455489.249950 -0.355577 0.972426 0.633687
2455489.349950 -0.255577 0.013683 0.489274
2455489.449950 -0.155577 0.054940 0.312167
2455489.549950 -0.055577 0.096197 0.114201
2455489.649950 0.044423 0.137454 -0.091396
2455489.749950 0.144423 0.178710 -0.290887
2455489.849950 0.244423 0.219967 -0.470939
2455489.949950 0.344423 0.261224 -0.619523
2455490.049950 0.444423 0.302481 -0.726709
2455490.149950 0.544423 0.343737 -0.785336
2455490.249950 0.644423 0.384994 -0.791485
2455490.349950 0.744423 0.426251 -0.744745
2455490.449950 0.844423 0.467508 -0.648241
2455490.549950 0.944423 0.508765 -0.508420
2455490.649950 1.044423 0.550021 -0.334625
2455490.749950 1.144423 0.591278 -0.138471
2455490.849950 -1.179421 0.632535 0.066937
2455490.949950 -1.079421 0.673792 0.267871
2455491.049950 -0.979421 0.715048 0.450906
2455491.149950 -0.879421 0.756305 0.603811
2455491.249950 -0.779421 0.797562 0.716368
2455491.349950 -0.679421 0.838819 0.781056
2455491.449950 -0.579421 0.880076 0.793553
2455491.549950 -0.479421 0.921332 0.753023
2455491.649950 -0.379421 0.962589 0.662175
2455491.749950 -0.279421 0.003846 0.527080
2455491.849950 -0.179421 0.045103 0.356764
2455491.949950 -0.079421 0.086360 0.162608
2455492.049950 0.020579 0.127616 -0.042413
2455492.149950 0.120579 0.168873 -0.244600
2455492.249950 0.220579 0.210130 -0.430443
2455492.349950 0.320579 0.251387 -0.587523
2455492.449950 0.420579 0.292643 -0.705343
2455492.549950 0.520579 0.333900 -0.776031
2455492.649950 0.620579 0.375157 -0.794864
2455492.749950 0.720579 0.416414 -0.760582
2455492.849950 0.820579 0.457671 -0.675477
2455492.949950 0.920579 0.498927 -0.545236
2455493.049950 1.020579 0.540184 -0.378561
2455493.149950 1.120579 0.581441 -0.186590
2455493.249950 -1.203265 0.622698 0.017849
2455493.349950 -1.103265 0.663954 0.221096
2455493.449950 -1.003265 0.705211 0.409568
2455493.549950 -0.903265 0.746468 0.570673
2455493.649950 -0.803265 0.787725 0.693644
2455493.749950 -0.703265 0.828982 0.770265
2455493.849950 -0.603265 0.870238 0.795415
2455493.949950 -0.503265 0.911495 0.767415
2455494.049950 -0.403265 0.952752 0.688135
2455494.149950 -0.303265 0.994009 0.562872
2455494.249950 -0.203265 0.035265 0.399997
2455494.349950 -0.103265 0.076522 0.210394
2455494.449950 -0.003265 0.117779 0.006732
2455494.549950 0.096735 0.159036 -0.197380
2455494.649950 0.196735 0.200293 -0.388303
2455494.749950 0.296735 0.241549 -0.553278
2455494.849950 0.396735 0.282806 -0.681283
2455494.949950 0.496735 0.324063 -0.763763
2455495.049950 0.596735 0.365320 -0.795207
2455495.149950 0.696735 0.406576 -0.773515
2455495.249950 0.796735 0.447833 -0.700134
2455495.349950 0.896735 0.489090 -0.579970
2455495.449950 0.996735 0.530347 -0.421051
2455495.549950 1.096735 0.571604 -0.233997
2455495.649950 1.196735 0.612860 -0.031307
2455495.749950 -1.127109 0.654117 0.173476
2455495.849950 -1.027109 0.695374 0.366666
2455495.949950 -0.927109 0.736631 0.535355
2455496.049950 -0.827109 0.777888 0.668271
2455496.149950 -0.727109 0.819144 0.756532
2455496.249950 -0.627109 0.860401 0.794240
2455496.349950 -0.527109 0.901658 0.778876
2455496.449950 -0.427109 0.942915 0.711466
2455496.549950 -0.327109 0.984171 0.596514
2455496.649950 -0.227109 0.025428 0.441703
2455496.749950 -0.127109 0.066685 0.257376
2455496.849950 -0.027109 0.107942 0.055851
2455496.949950 0.072891 0.149199 -0.149406
2455497.049950 0.172891 0.190455 -0.344679
2455497.149950 0.272891 0.231712 -0.516921
2455497.249950 0.372891 0.272969 -0.654621
2455497.349950 0.472891 0.314226 -0.748578
2455497.449950 0.572891 0.355482 -0.792514
2455497.549950 0.672891 0.396739 -0.783493
2455497.649950 0.772891 0.437996 -0.722117
2455497.749950 0.872891 0.479253 -0.612489
2455497.849950 0.972891 0.520510 -0.461933
2455497.949950 1.072891 0.561766 -0.280510
2455498.049950 1.172891 0.603023 -0.080343
2455498.149950 -1.150953 0.644280 0.125193
2455498.249950 -1.050953 0.685537 0.322363
2455498.349950 -0.950953 0.726793 0.497993
2455498.449950 -0.850953 0.768050 0.640346
2455498.549950 -0.750953 0.809307 0.739909
2455498.649950 -0.650953 0.850564 0.790031
2455498.749950 -0.550953 0.891821 0.787362
2455498.849950 -0.450953 0.933077 0.732080
2455498.949950 -0.350953 0.974334 0.627879
2455499.049950 -0.250953 0.015591 0.481722
2455499.149950 -0.150953 0.056848 0.303376
2455499.249950 -0.050953 0.098104 0.104757
2455499.349950 0.049047 0.139361 -0.100861
2455499.449950 0.149047 0.180618 -0.299740
2455499.549950 0.249047 0.221875 -0.478589
2455499.649950 0.349047 0.263132 -0.625459
2455499.749950 0.449047 0.304388 -0.730534
2455499.849950 0.549047 0.345645 -0.786794
2455499.949950 0.649047 0.386902 -0.790479
2455500.049950 0.749047 0.428159 -0.741343
2455500.149950 0.849047 0.469416 -0.642669
2455500.249950 0.949047 0.510672 -0.501051
2455500.349950 1.049047 0.551929 -0.325952
2455500.449950 1.149047 0.593186 -0.129072
2455500.549950 -1.174797 0.634443 0.076432
2455500.649950 -1.074797 0.675699 0.276830
2455500.749950 -0.974797 0.716956 0.458729
2455500.849950 -0.874797 0.758213 0.609974
2455500.949950 -0.774797 0.799470 0.720461
2455501.049950 -0.674797 0.840727 0.782805
2455501.149950 -0.574797 0.881983 0.792841
2455501.249950 -0.474797 0.923240 0.749898
2455501.349950 -0.374797 0.964497 0.656845
2455501.449950 -0.274797 0.005754 0.519901
2455501.549950 -0.174797 0.047010 0.348216
2455501.649950 -0.074797 0.088267 0.153263
2455501.749950 0.025203 0.129524 -0.051931
2455501.849950 0.125203 0.170781 -0.253655
2455501.949950 0.225203 0.212038 -0.438430
2455502.049950 0.325203 0.253294 -0.593908
2455502.149950 0.425203 0.294551 -0.709700
2455502.249950 0.525203 0.335808 -0.778069
2455502.349950 0.625203 0.377065 -0.794446
2455502.449950 0.725203 0.418321 -0.757736
2455502.549950 0.825203 0.459578 -0.670394
2455502.649950 0.925203 0.500835 -0.538255
2455502.749950 1.025203 0.542092 -0.370149
2455502.849950 1.125203 0.583349 -0.177308
2455502.949950 -1.198641 0.624605 0.027380
2455503.049950 -1.098641 0.665862 0.230238
2455503.149950 -0.998641 0.707119 0.417712
2455503.249950 -0.898641 0.748376 0.577274
2455503.349950 -0.798641 0.789633 0.698261
2455503.449950 -0.698641 0.830889 0.772589
2455503.549950 -0.598641 0.872146 0.795292
2455503.649950 -0.498641 0.913403 0.764852
2455503.749950 -0.398641 0.954660 0.683303
2455503.849950 -0.298641 0.995916 0.556095
2455503.949950 -0.198641 0.037173 0.391727
2455504.049950 -0.098641 0.078430 0.201184
2455504.149950 0.001359 0.119687 -0.002803
2455504.249950 0.101359 0.160944 -0.206602
2455504.349950 0.201359 0.202200 -0.396596
2455504.449950 0.301359 0.243457 -0.560089
2455504.549950 0.401359 0.284714 -0.686155
2455504.649950 0.501359 0.325971 -0.766372
2455504.749950 0.601359 0.367227 -0.795378
2455504.849950 0.701359 0.408484 -0.771236
2455504.949950 0.801359 0.449741 -0.695559
2455505.049950 0.901359 0.490998 -0.573403
2455505.149950 1.001359 0.532255 -0.412932
2455505.249950 1.101359 0.573511 -0.224868
2455505.349950 1.201359 0.614768 -0.021777
2455505.449950 -1.122485 0.656025 0.182768
2455505.549950 -1.022485 0.697282 0.375101
2455505.649950 -0.922485 0.738538 0.542368
2455505.749950 -0.822485 0.779795 0.673394
2455505.849950 -0.722485 0.821052 0.759423
2455505.949950 -0.622485 0.862309 0.794705
2455506.049950 -0.522485 0.903566 0.776884
2455506.149950 -0.422485 0.944822 0.707151
2455506.249950 -0.322485 0.986079 0.590164
2455506.349950 -0.222485 0.027336 0.433742
2455506.449950 -0.122485 0.068593 0.248336
2455506.549950 -0.022485 0.109849 0.046336
2455506.649950 0.077515 0.151106 -0.158760
2455506.749950 0.177515 0.192363 -0.353247
2455506.849950 0.277515 0.233620 -0.524130
2455506.949950 0.377515 0.274877 -0.659990
2455507.049950 0.477515 0.316133 -0.751748
2455507.149950 0.577515 0.357390 -0.793273
2455507.249950 0.677515 0.398647 -0.781791
2455507.349950 0.777515 0.439904 -0.718067
2455507.449950 0.877515 0.481161 -0.606362
2455507.549950 0.977515 0.522417 -0.454138
2455507.649950 1.077515 0.563674 -0.271568
2455507.749950 1.177515 0.604931 -0.070851
2455507.849950 -1.146329 0.646188 0.134600
2455507.949950 -1.046329 0.687444 0.331056
2455508.049950 -0.946329 0.728701 0.505392
2455508.149950 -0.846329 0.769958 0.645956
2455508.249950 -0.746329 0.811215 0.743356
2455508.349950 -0.646329 0.852472 0.791084
2455508.449950 -0.546329 0.893728 0.785950
2455508.549950 -0.446329 0.934985 0.728298
2455508.649950 -0.346329 0.976242 0.621980
2455508.749950 -0.246329 0.017499 0.474100
2455508.849950 -0.146329 0.058755 0.294540
2455508.949950 -0.046329 0.100012 0.095299
2455509.049950 0.053671 0.141269 -0.110311
2455509.149950 0.153671 0.182526 -0.308550
2455509.249950 0.253671 0.223783 -0.486170
2455509.349950 0.353671 0.265039 -0.631304
2455509.449950 0.453671 0.306296 -0.734254
2455509.549950 0.553671 0.347553 -0.788139
2455509.649950 0.653671 0.388810 -0.789359
2455509.749950 0.753671 0.430066 -0.737833
2455509.849950 0.853671 0.471323 -0.637004
2455509.949950 0.953671 0.512580 -0.493610
2455510.049950 1.053671 0.553837 -0.317231
2455510.149950 1.153671 0.595094 -0.119655
2455510.249950 -1.170173 0.636350 0.085917
2455510.349950 -1.070173 0.677607 0.285748
2455510.449950 -0.970173 0.718864 0.466485
2455510.549950 -0.870173 0.760121 0.616050
2455510.649950 -0.770173 0.801377 0.724450
2455510.749950 -0.670173 0.842634 0.784441
2455510.849950 -0.570173 0.883891 0.792014
2455510.949950 -0.470173 0.925148 0.746664
2455511.049950 -0.370173 0.966405 0.651420
2455511.149950 -0.270173 0.007661 0.512648
2455511.249950 -0.170173 0.048918 0.339619
2455511.349950 -0.070173 0.090175 0.143897
2455511.449950 0.029827 0.131432 -0.061441
2455511.549950 0.129827 0.172689 -0.262673
2455511.649950 0.229827 0.213945 -0.446354
2455511.749950 0.329827 0.255202 -0.600207
2455511.849950 0.429827 0.296459 -0.713955
2455511.949950 0.529827 0.337716 -0.779994
2455512.049950 0.629827 0.378972 -0.793913
2455512.149950 0.729827 0.420229 -0.754782
2455512.249950 0.829827 0.461486 -0.665214
2455512.349950 0.929827 0.502743 -0.531196
2455512.449950 1.029827 0.544000 -0.361683
2455512.549950 1.129827 0.585256 -0.168001
2455512.649950 -1.194017 0.626513 0.036907
2455512.749950 -1.094017 0.667770 0.239348
2455512.849950 -0.994017 0.709027 0.425796
2455512.949950 -0.894017 0.750283 0.583792
2455513.049950 -0.794017 0.791540 0.702777
2455513.149950 -0.694017 0.832797 0.774802
2455513.249950 -0.594017 0.874054 0.795054
2455513.349950 -0.494017 0.915311 0.762178
2455513.449950 -0.394017 0.956567 0.678373
2455513.549950 -0.294017 0.997824 0.549237
2455513.649950 -0.194017 0.039081 0.383401
2455513.749950 -0.094017 0.080338 0.191945
2455513.849950 0.005983 0.121594 -0.012337
2455513.949950 0.105983 0.162851 -0.215794
2455514.049950 0.205983 0.204108 -0.404832
2455514.149950 0.305983 0.245365 -0.566818
2455514.249950 0.405983 0.286622 -0.690929
2455514.349950 0.505983 0.327878 -0.768871
2455514.449950 0.605983 0.369135 -0.795435
2455514.549950 0.705983 0.410392 -0.768847
2455514.649950 0.805983 0.451649 -0.690884
2455514.749950 0.905983 0.492905 -0.566754
2455514.849950 1.005983 0.534162 -0.404753
2455514.949950 1.105983 0.575419 -0.215706
2455515.049950 1.205983 0.616676 -0.012245
2455515.149950 -1.117861 0.657933 0.192034
2455515.249950 -1.017861 0.699189 0.383481
2455515.349950 -0.917861 0.740446 0.549304
2455515.449950 -0.817861 0.781703 0.678421
2455515.549950 -0.717861 0.822960 0.762204
2455515.649950 -0.617861 0.864217 0.795056
2455515.749950 -0.517861 0.905473 0.774782
2455515.849950 -0.417861 0.946730 0.702734
2455515.949950 -0.317861 0.987987 0.583730
2455516.049950 -0.217861 0.029244 0.425719
2455516.149950 -0.117861 0.070500 0.239261
2455516.249950 -0.017861 0.111757 0.036815
2455516.349950 0.082139 0.153014 -0.168091
2455516.449950 0.182139 0.194271 -0.361764
2455516.549950 0.282139 0.235528 -0.531264
2455516.649950 0.382139 0.276784 -0.665264
2455516.749950 0.482139 0.318041 -0.754810
2455516.849950 0.582139 0.359298 -0.793919
2455516.949950 0.682139 0.400555 -0.779976
2455517.049950 0.782139 0.441811 -0.713914
2455517.149950 0.882139 0.483068 -0.600147
2455517.249950 0.982139 0.524325 -0.446278
2455517.349950 1.082139 0.565582 -0.262587
2455517.449950 1.182139 0.606839 -0.061350
2455517.549950 -1.141705 0.648095 0.143987
2455517.649950 -1.041705 0.689352 0.339702
2455517.749950 -0.941705 0.730609 0.512718
2455517.849950 -0.841705 0.771866 0.651473
2455517.949950 -0.741705 0.813122 0.746696
2455518.049950 -0.641705 0.854379 0.792023
2455518.149950 -0.541705 0.895636 0.784426
2455518.249950 -0.441705 0.936893 0.724412
2455518.349950 -0.341705 0.978150 0.615992
2455518.449950 -0.241705 0.019406 0.466411
2455518.549950 -0.141705 0.060663 0.285663
2455518.649950 -0.041705 0.101920 0.085826
2455518.749950 0.058295 0.143177 -0.119745
2455518.849950 0.158295 0.184433 -0.317315
2455518.949950 0.258295 0.225690 -0.493682
2455519.049950 0.358295 0.266947 -0.637059
2455519.149950 0.458295 0.308204 -0.737868
2455519.249950 0.558295 0.349461 -0.789371
2455519.349950 0.658295 0.390717 -0.788126
2455519.449950 0.758295 0.431974 -0.734218
2455519.549950 0.858295 0.473231 -0.631249
2455519.649950 0.958295 0.514488 -0.486098
2455519.749950 1.058295 0.555745 -0.308465
2455519.849950 1.158295 0.597001 -0.110220
2455519.949950 -1.165549 0.638258 0.095389
2455520.049950 -1.065549 0.679515 0.294625
2455520.149950 -0.965549 0.720772 0.474174
2455520.249950 -0.865549 0.762028 0.622037
2455520.349950 -0.765549 0.803285 0.728335
2455520.449950 -0.665549 0.844542 0.785964
2455520.549950 -0.565549 0.885799 0.791074
2455520.649950 -0.465549 0.927056 0.743323
2455520.749950 -0.365549 0.968312 0.645902
2455520.849950 -0.265549 0.009569 0.505321
2455520.949950 -0.165549 0.050826 0.330973
2455521.049950 -0.065549 0.092083 0.134509
2455521.149950 0.034451 0.133339 -0.070943
2455521.249950 0.134451 0.174596 -0.271654
2455521.349950 0.234451 0.215853 -0.454213
2455521.449950 0.334451 0.257110 -0.606421
2455521.549950 0.434451 0.298367 -0.718107
2455521.649950 0.534451 0.339623 -0.781808
2455521.749950 0.634451 0.380880 -0.793267
2455521.849950 0.734451 0.422137 -0.751718
2455521.949950 0.834451 0.463394 -0.659939
2455522.049950 0.934451 0.504650 -0.524061
2455522.149950 1.034451 0.545907 -0.353165
2455522.249950 1.134451 0.587164 -0.158670
2455522.349950 -1.189393 0.628421 0.046428
2455522.449950 -1.089393 0.669678 0.248423
2455522.549950 -0.989393 0.710934 0.433819
2455522.649950 -0.889393 0.752191 0.590226
2455522.749950 -0.789393 0.793448 0.707193
2455522.849950 -0.689393 0.834705 0.776904
2455522.949950 -0.589393 0.875961 0.794701
2455523.049950 -0.489393 0.917218 0.759395
2455523.149950 -0.389393 0.958475 0.673345
2455523.249950 -0.289393 0.999732 0.542301
2455523.349950 -0.189393 0.040989 0.375020
2455523.449950 -0.089393 0.082245 0.182679
2455523.549950 0.010607 0.123502 -0.021869
2455523.649950 0.110607 0.164759 -0.224955
2455523.749950 0.210607 0.206016 -0.413010
2455523.849950 0.310607 0.247273 -0.573467
2455523.949950 0.410607 0.288529 -0.695603
2455524.049950 0.510607 0.329786 -0.771259
2455524.149950 0.610607 0.371043 -0.795377
2455524.249950 0.710607 0.412300 -0.766347
2455524.349950 0.810607 0.453556 -0.686109
2455524.449950 0.910607 0.494813 -0.560024
2455524.549950 1.010607 0.536070 -0.396516
2455524.649950 1.110607 0.577327 -0.206514
2455524.749950 1.210607 0.618584 -0.002711
2455524.849950 -1.113237 0.659840 0.201273
2455524.949950 -1.013237 0.701097 0.391807
2455525.049950 -0.913237 0.742354 0.556160
2455525.149950 -0.813237 0.783611 0.683350
2455525.249950 -0.713237 0.824867 0.764877
2455525.349950 -0.613237 0.866124 0.795293
2455525.449950 -0.513237 0.907381 0.772567
2455525.549950 -0.413237 0.948638 0.698217
2455525.649950 -0.313237 0.989895 0.577211
2455525.749950 -0.213237 0.031151 0.417634
2455525.849950 -0.113237 0.072408 0.230151
2455525.949950 -0.013237 0.113665 0.027288
2455526.049950 0.086763 0.154922 -0.177398
2455526.149950 0.186763 0.196178 -0.370230
2455526.249950 0.286763 0.237435 -0.538322
2455526.349950 0.386763 0.278692 -0.670443
2455526.449950 0.486763 0.319949 -0.757764
2455526.549950 0.586763 0.361206 -0.794450
2455526.649950 0.686763 0.402462 -0.778050
2455526.749950 0.786763 0.443719 -0.709658
2455526.849950 0.886763 0.484976 -0.593847
2455526.949950 0.986763 0.526233 -0.438353
2455527.049950 1.086763 0.567490 -0.253568
2455527.149950 1.186763 0.608746 -0.051840
2455527.249950 -1.137081 0.650003 0.153353
2455527.349950 -1.037081 0.691260 0.348299
2455527.449950 -0.937081 0.732517 0.519970
2455527.549950 -0.837081 0.773773 0.656897
2455527.649950 -0.737081 0.815030 0.749928
2455527.749950 -0.637081 0.856287 0.792848
2455527.849950 -0.537081 0.897544 0.782789
2455527.949950 -0.437081 0.938801 0.720422
2455528.049950 -0.337081 0.980057 0.609916
2455528.149950 -0.237081 0.021314 0.458654
2455528.249950 -0.137081 0.062571 0.276744
2455528.349950 -0.037081 0.103828 0.076341
2455528.449950 0.062919 0.145084 -0.129162
2455528.549950 0.162919 0.186341 -0.326035
2455528.649950 0.262919 0.227598 -0.501122
2455528.749950 0.362919 0.268855 -0.642723
2455528.849950 0.462919 0.310112 -0.741376
2455528.949950 0.562919 0.351368 -0.790489
2455529.049950 0.662919 0.392625 -0.786780
2455529.149950 0.762919 0.433882 -0.730498
2455529.249950 0.862919 0.475139 -0.625402
2455529.349950 0.962919 0.516395 -0.478516
2455529.449950 1.062919 0.557652 -0.299655
2455529.549950 1.162919 0.598909 -0.100770
2455529.649950 -1.160925 0.640166 0.104848
2455529.749950 -1.060925 0.681423 0.303460
2455529.849950 -0.960925 0.722679 0.481795
2455529.949950 -0.860925 0.763936 0.627935
2455530.049950 -0.760925 0.805193 0.732115
2455530.149950 -0.660925 0.846450 0.787375
2455530.249950 -0.560925 0.887706 0.790020
2455530.349950 -0.460925 0.928963 0.739876
2455530.449950 -0.360925 0.970220 0.640291
2455530.549950 -0.260925 0.011477 0.497921
2455530.649950 -0.160925 0.052734 0.322280
2455530.749950 -0.060925 0.093990 0.125103
2455530.849950 0.039075 0.135247 -0.080434
2455530.949950 0.139075 0.176504 -0.280596
2455531.049950 0.239075 0.217761 -0.462008
2455531.149950 0.339075 0.259018 -0.612547
2455531.249950 0.439075 0.300274 -0.722156
2455531.349950 0.539075 0.341531 -0.783509
2455531.449950 0.639075 0.382788 -0.792506
2455531.549950 0.739075 0.424045 -0.748547
2455531.649950 0.839075 0.465301 -0.654569
2455531.749950 0.939075 0.506558 -0.516851
2455531.849950 1.039075 0.547815 -0.344597
2455531.949950 1.139075 0.589072 -0.149316
2455532.049950 -1.184769 0.630329 0.055943
2455532.149950 -1.084769 0.671585 0.257463
2455532.249950 -0.984769 0.712842 0.441779
2455532.349950 -0.884769 0.754099 0.596575
2455532.449950 -0.784769 0.795356 0.711507
2455532.549950 -0.684769 0.836612 0.778894
2455532.649950 -0.584769 0.877869 0.794235
2455532.749950 -0.484769 0.919126 0.756504
2455532.849950 -0.384769 0.960383 0.668221
2455532.949950 -0.284769 0.001640 0.535287
2455533.049950 -0.184769 0.042896 0.366585
2455533.149950 -0.084769 0.084153 0.173386
2455533.249950 0.015231 0.125410 -0.031398
2455533.349950 0.115231 0.166667 -0.234084
2455533.449950 0.215231 0.207923 -0.421129
2455533.549950 0.315231 0.249180 -0.580033
2455533.649950 0.415231 0.290437 -0.700178
2455533.749950 0.515231 0.331694 -0.773536
2455533.849950 0.615231 0.372951 -0.795205
2455533.949950 0.715231 0.414207 -0.763738
2455534.049950 0.815231 0.455464 -0.681236
2455534.149950 0.915231 0.496721 -0.553213
2455534.249950 1.015231 0.537978 -0.388223
2455534.349950 1.115231 0.579234 -0.197291
2455534.449950 -1.208613 0.620491 0.006823
2455534.549950 -1.108613 0.661748 0.210482
