descriptor BJD Tc_folded phase mod 
2455326.949950 0.000000 0.000000 -0.001197
2455327.049950 0.000000 0.000000 -0.001221
2455327.149950 0.000000 0.000000 -0.001212
2455327.249950 0.000000 0.000000 -0.001175
2455327.349950 0.000000 0.000000 -0.001110
2455327.449950 0.000000 0.000000 -0.001021
2455327.549950 0.000000 0.000000 -0.000910
2455327.649950 0.000000 0.000000 -0.000782
2455327.749950 0.000000 0.000000 -0.000640
2455327.849950 0.000000 0.000000 -0.000486
2455327.949950 0.000000 0.000000 -0.000326
2455328.049950 0.000000 0.000000 -0.000161
2455328.149950 0.000000 0.000000 0.000003
2455328.249950 0.000000 0.000000 0.000163
2455328.349950 0.000000 0.000000 0.000316
2455328.449950 0.000000 0.000000 0.000457
2455328.549950 0.000000 0.000000 0.000584
2455328.649950 0.000000 0.000000 0.000692
2455328.749950 0.000000 0.000000 0.000780
2455328.849950 0.000000 0.000000 0.000843
2455328.949950 0.000000 0.000000 0.000879
2455329.049950 0.000000 0.000000 0.000885
2455329.149950 0.000000 0.000000 0.000859
2455329.249950 0.000000 0.000000 0.000800
2455329.349950 0.000000 0.000000 0.000704
2455329.449950 0.000000 0.000000 0.000572
2455329.549950 0.000000 0.000000 0.000402
2455329.649950 0.000000 0.000000 0.000194
2455329.749950 0.000000 0.000000 -0.000053
2455329.849950 0.000000 0.000000 -0.000339
2455329.949950 0.000000 0.000000 -0.000663
2455330.049950 0.000000 0.000000 -0.001025
2455330.149950 0.000000 0.000000 -0.001422
2455330.249950 0.000000 0.000000 -0.001854
2455330.349950 0.000000 0.000000 -0.002319
2455330.449950 0.000000 0.000000 -0.002814
2455330.549950 0.000000 0.000000 -0.003336
2455330.649950 0.000000 0.000000 -0.003884
2455330.749950 0.000000 0.000000 -0.004452
2455330.849950 0.000000 0.000000 -0.005039
2455330.949950 0.000000 0.000000 -0.005640
2455331.049950 0.000000 0.000000 -0.006252
2455331.149950 0.000000 0.000000 -0.006869
2455331.249950 0.000000 0.000000 -0.007489
2455331.349950 0.000000 0.000000 -0.008106
2455331.449950 0.000000 0.000000 -0.008717
2455331.549950 0.000000 0.000000 -0.009316
2455331.649950 0.000000 0.000000 -0.009899
2455331.749950 0.000000 0.000000 -0.010461
2455331.849950 0.000000 0.000000 -0.010998
2455331.949950 0.000000 0.000000 -0.011506
2455332.049950 0.000000 0.000000 -0.011981
2455332.149950 0.000000 0.000000 -0.012417
2455332.249950 0.000000 0.000000 -0.012812
2455332.349950 0.000000 0.000000 -0.013161
2455332.449950 0.000000 0.000000 -0.013461
2455332.549950 0.000000 0.000000 -0.013709
2455332.649950 0.000000 0.000000 -0.013902
2455332.749950 0.000000 0.000000 -0.014037
2455332.849950 0.000000 0.000000 -0.014113
2455332.949950 0.000000 0.000000 -0.014126
2455333.049950 0.000000 0.000000 -0.014077
2455333.149950 0.000000 0.000000 -0.013963
2455333.249950 0.000000 0.000000 -0.013784
2455333.349950 0.000000 0.000000 -0.013540
2455333.449950 0.000000 0.000000 -0.013231
2455333.549950 0.000000 0.000000 -0.012858
2455333.649950 0.000000 0.000000 -0.012421
2455333.749950 0.000000 0.000000 -0.011923
2455333.849950 0.000000 0.000000 -0.011364
2455333.949950 0.000000 0.000000 -0.010748
2455334.049950 0.000000 0.000000 -0.010077
2455334.149950 0.000000 0.000000 -0.009353
2455334.249950 0.000000 0.000000 -0.008581
2455334.349950 0.000000 0.000000 -0.007764
2455334.449950 0.000000 0.000000 -0.006906
2455334.549950 0.000000 0.000000 -0.006011
2455334.649950 0.000000 0.000000 -0.005084
2455334.749950 0.000000 0.000000 -0.004130
2455334.849950 0.000000 0.000000 -0.003154
2455334.949950 0.000000 0.000000 -0.002160
2455335.049950 0.000000 0.000000 -0.001154
2455335.149950 0.000000 0.000000 -0.000141
2455335.249950 0.000000 0.000000 0.000873
2455335.349950 0.000000 0.000000 0.001883
2455335.449950 0.000000 0.000000 0.002883
2455335.549950 0.000000 0.000000 0.003869
2455335.649950 0.000000 0.000000 0.004836
2455335.749950 0.000000 0.000000 0.005777
2455335.849950 0.000000 0.000000 0.006688
2455335.949950 0.000000 0.000000 0.007565
2455336.049950 0.000000 0.000000 0.008404
2455336.149950 0.000000 0.000000 0.009199
2455336.249950 0.000000 0.000000 0.009947
2455336.349950 0.000000 0.000000 0.010644
2455336.449950 0.000000 0.000000 0.011288
2455336.549950 0.000000 0.000000 0.011875
2455336.649950 0.000000 0.000000 0.012403
2455336.749950 0.000000 0.000000 0.012869
2455336.849950 0.000000 0.000000 0.013273
2455336.949950 0.000000 0.000000 0.013612
2455337.049950 0.000000 0.000000 0.013886
2455337.149950 0.000000 0.000000 0.014095
2455337.249950 0.000000 0.000000 0.014238
2455337.349950 0.000000 0.000000 0.014315
2455337.449950 0.000000 0.000000 0.014329
2455337.549950 0.000000 0.000000 0.014279
2455337.649950 0.000000 0.000000 0.014168
2455337.749950 0.000000 0.000000 0.013997
2455337.849950 0.000000 0.000000 0.013769
2455337.949950 0.000000 0.000000 0.013487
2455338.049950 0.000000 0.000000 0.013154
2455338.149950 0.000000 0.000000 0.012772
2455338.249950 0.000000 0.000000 0.012347
2455338.349950 0.000000 0.000000 0.011880
2455338.449950 0.000000 0.000000 0.011377
2455338.549950 0.000000 0.000000 0.010842
2455338.649950 0.000000 0.000000 0.010279
2455338.749950 0.000000 0.000000 0.009693
2455338.849950 0.000000 0.000000 0.009087
2455338.949950 0.000000 0.000000 0.008468
2455339.049950 0.000000 0.000000 0.007838
2455339.149950 0.000000 0.000000 0.007203
2455339.249950 0.000000 0.000000 0.006568
2455339.349950 0.000000 0.000000 0.005936
2455339.449950 0.000000 0.000000 0.005313
2455339.549950 0.000000 0.000000 0.004701
2455339.649950 0.000000 0.000000 0.004105
2455339.749950 0.000000 0.000000 0.003529
2455339.849950 0.000000 0.000000 0.002976
2455339.949950 0.000000 0.000000 0.002448
2455340.049950 0.000000 0.000000 0.001950
2455340.149950 0.000000 0.000000 0.001484
2455340.249950 0.000000 0.000000 0.001051
2455340.349950 0.000000 0.000000 0.000653
2455340.449950 0.000000 0.000000 0.000293
2455340.549950 0.000000 0.000000 -0.000029
2455340.649950 0.000000 0.000000 -0.000312
2455340.749950 0.000000 0.000000 -0.000556
2455340.849950 0.000000 0.000000 -0.000761
2455340.949950 0.000000 0.000000 -0.000927
2455341.049950 0.000000 0.000000 -0.001054
2455341.149950 0.000000 0.000000 -0.001145
2455341.249950 0.000000 0.000000 -0.001200
2455341.349950 0.000000 0.000000 -0.001221
2455341.449950 0.000000 0.000000 -0.001210
2455341.549950 0.000000 0.000000 -0.001170
2455341.649950 0.000000 0.000000 -0.001103
2455341.749950 0.000000 0.000000 -0.001012
2455341.849950 0.000000 0.000000 -0.000901
2455341.949950 0.000000 0.000000 -0.000771
2455342.049950 0.000000 0.000000 -0.000628
2455342.149950 0.000000 0.000000 -0.000474
2455342.249950 0.000000 0.000000 -0.000312
2455342.349950 0.000000 0.000000 -0.000148
2455342.449950 0.000000 0.000000 0.000016
2455342.549950 0.000000 0.000000 0.000176
2455342.649950 0.000000 0.000000 0.000327
2455342.749950 0.000000 0.000000 0.000468
2455342.849950 0.000000 0.000000 0.000593
2455342.949950 0.000000 0.000000 0.000700
2455343.049950 0.000000 0.000000 0.000786
2455343.149950 0.000000 0.000000 0.000847
2455343.249950 0.000000 0.000000 0.000880
2455343.349950 0.000000 0.000000 0.000884
2455343.449950 0.000000 0.000000 0.000856
2455343.549950 0.000000 0.000000 0.000793
2455343.649950 0.000000 0.000000 0.000695
2455343.749950 0.000000 0.000000 0.000560
2455343.849950 0.000000 0.000000 0.000387
2455343.949950 0.000000 0.000000 0.000175
2455344.049950 0.000000 0.000000 -0.000075
2455344.149950 0.000000 0.000000 -0.000364
2455344.249950 0.000000 0.000000 -0.000691
2455344.349950 0.000000 0.000000 -0.001056
2455344.449950 0.000000 0.000000 -0.001456
2455344.549950 0.000000 0.000000 -0.001891
2455344.649950 0.000000 0.000000 -0.002358
2455344.749950 0.000000 0.000000 -0.002855
2455344.849950 0.000000 0.000000 -0.003380
2455344.949950 0.000000 0.000000 -0.003929
2455345.049950 0.000000 0.000000 -0.004499
2455345.149950 0.000000 0.000000 -0.005087
2455345.249950 0.000000 0.000000 -0.005689
2455345.349950 0.000000 0.000000 -0.006301
2455345.449950 0.000000 0.000000 -0.006919
2455345.549950 0.000000 0.000000 -0.007539
2455345.649950 0.000000 0.000000 -0.008156
2455345.749950 0.000000 0.000000 -0.008766
2455345.849950 0.000000 0.000000 -0.009363
2455345.949950 0.000000 0.000000 -0.009945
2455346.049950 0.000000 0.000000 -0.010505
2455346.149950 0.000000 0.000000 -0.011041
2455346.249950 0.000000 0.000000 -0.011546
2455346.349950 0.000000 0.000000 -0.012018
2455346.449950 0.000000 0.000000 -0.012451
2455346.549950 0.000000 0.000000 -0.012842
2455346.649950 0.000000 0.000000 -0.013187
2455346.749950 0.000000 0.000000 -0.013483
2455346.849950 0.000000 0.000000 -0.013727
2455346.949950 0.000000 0.000000 -0.013915
2455347.049950 0.000000 0.000000 -0.014046
2455347.149950 0.000000 0.000000 -0.014116
2455347.249950 0.000000 0.000000 -0.014125
2455347.349950 0.000000 0.000000 -0.014070
2455347.449950 0.000000 0.000000 -0.013951
2455347.549950 0.000000 0.000000 -0.013767
2455347.649950 0.000000 0.000000 -0.013518
2455347.749950 0.000000 0.000000 -0.013204
2455347.849950 0.000000 0.000000 -0.012825
2455347.949950 0.000000 0.000000 -0.012383
2455348.049950 0.000000 0.000000 -0.011880
2455348.149950 0.000000 0.000000 -0.011317
2455348.249950 0.000000 0.000000 -0.010696
2455348.349950 0.000000 0.000000 -0.010020
2455348.449950 0.000000 0.000000 -0.009293
2455348.549950 0.000000 0.000000 -0.008517
2455348.649950 0.000000 0.000000 -0.007696
2455348.749950 0.000000 0.000000 -0.006835
2455348.849950 0.000000 0.000000 -0.005937
2455348.949950 0.000000 0.000000 -0.005008
2455349.049950 0.000000 0.000000 -0.004052
2455349.149950 0.000000 0.000000 -0.003074
2455349.249950 0.000000 0.000000 -0.002079
2455349.349950 0.000000 0.000000 -0.001072
2455349.449950 0.000000 0.000000 -0.000059
2455349.549950 0.000000 0.000000 0.000955
2455349.649950 0.000000 0.000000 0.001964
2455349.749950 0.000000 0.000000 0.002964
2455349.849950 0.000000 0.000000 0.003948
2455349.949950 0.000000 0.000000 0.004913
2455350.049950 0.000000 0.000000 0.005852
2455350.149950 0.000000 0.000000 0.006761
2455350.249950 0.000000 0.000000 0.007635
2455350.349950 0.000000 0.000000 0.008470
2455350.449950 0.000000 0.000000 0.009261
2455350.549950 0.000000 0.000000 0.010005
2455350.649950 0.000000 0.000000 0.010698
2455350.749950 0.000000 0.000000 0.011338
2455350.849950 0.000000 0.000000 0.011920
2455350.949950 0.000000 0.000000 0.012443
2455351.049950 0.000000 0.000000 0.012904
2455351.149950 0.000000 0.000000 0.013303
2455351.249950 0.000000 0.000000 0.013637
2455351.349950 0.000000 0.000000 0.013906
2455351.449950 0.000000 0.000000 0.014109
2455351.549950 0.000000 0.000000 0.014246
2455351.649950 0.000000 0.000000 0.014319
2455351.749950 0.000000 0.000000 0.014327
2455351.849950 0.000000 0.000000 0.014272
2455351.949950 0.000000 0.000000 0.014156
2455352.049950 0.000000 0.000000 0.013981
2455352.149950 0.000000 0.000000 0.013749
2455352.249950 0.000000 0.000000 0.013462
2455352.349950 0.000000 0.000000 0.013125
2455352.449950 0.000000 0.000000 0.012740
2455352.549950 0.000000 0.000000 0.012310
2455352.649950 0.000000 0.000000 0.011841
2455352.749950 0.000000 0.000000 0.011335
2455352.849950 0.000000 0.000000 0.010798
2455352.949950 0.000000 0.000000 0.010233
2455353.049950 0.000000 0.000000 0.009644
2455353.149950 0.000000 0.000000 0.009038
2455353.249950 0.000000 0.000000 0.008417
2455353.349950 0.000000 0.000000 0.007787
2455353.449950 0.000000 0.000000 0.007152
2455353.549950 0.000000 0.000000 0.006517
2455353.649950 0.000000 0.000000 0.005886
2455353.749950 0.000000 0.000000 0.005263
2455353.849950 0.000000 0.000000 0.004652
2455353.949950 0.000000 0.000000 0.004058
2455354.049950 0.000000 0.000000 0.003483
2455354.149950 0.000000 0.000000 0.002932
2455354.249950 0.000000 0.000000 0.002407
2455354.349950 0.000000 0.000000 0.001911
2455354.449950 0.000000 0.000000 0.001447
2455354.549950 0.000000 0.000000 0.001017
2455354.649950 0.000000 0.000000 0.000623
2455354.749950 0.000000 0.000000 0.000266
2455354.849950 0.000000 0.000000 -0.000053
2455354.949950 0.000000 0.000000 -0.000333
2455355.049950 0.000000 0.000000 -0.000574
2455355.149950 0.000000 0.000000 -0.000776
2455355.249950 0.000000 0.000000 -0.000939
2455355.349950 0.000000 0.000000 -0.001063
2455355.449950 0.000000 0.000000 -0.001151
2455355.549950 0.000000 0.000000 -0.001203
2455355.649950 0.000000 0.000000 -0.001221
2455355.749950 0.000000 0.000000 -0.001208
2455355.849950 0.000000 0.000000 -0.001166
2455355.949950 0.000000 0.000000 -0.001097
2455356.049950 0.000000 0.000000 -0.001004
2455356.149950 0.000000 0.000000 -0.000891
2455356.249950 0.000000 0.000000 -0.000760
2455356.349950 0.000000 0.000000 -0.000616
2455356.449950 0.000000 0.000000 -0.000461
2455356.549950 0.000000 0.000000 -0.000299
2455356.649950 0.000000 0.000000 -0.000135
2455356.749950 0.000000 0.000000 0.000029
2455356.849950 0.000000 0.000000 0.000188
2455356.949950 0.000000 0.000000 0.000339
2455357.049950 0.000000 0.000000 0.000479
2455357.149950 0.000000 0.000000 0.000603
2455357.249950 0.000000 0.000000 0.000708
2455357.349950 0.000000 0.000000 0.000792
2455357.449950 0.000000 0.000000 0.000850
2455357.549950 0.000000 0.000000 0.000882
2455357.649950 0.000000 0.000000 0.000883
2455357.749950 0.000000 0.000000 0.000852
2455357.849950 0.000000 0.000000 0.000787
2455357.949950 0.000000 0.000000 0.000686
2455358.049950 0.000000 0.000000 0.000547
2455358.149950 0.000000 0.000000 0.000371
2455358.249950 0.000000 0.000000 0.000156
2455358.349950 0.000000 0.000000 -0.000097
2455358.449950 0.000000 0.000000 -0.000389
2455358.549950 0.000000 0.000000 -0.000719
2455358.649950 0.000000 0.000000 -0.001087
2455358.749950 0.000000 0.000000 -0.001490
2455358.849950 0.000000 0.000000 -0.001927
2455358.949950 0.000000 0.000000 -0.002397
2455359.049950 0.000000 0.000000 -0.002897
2455359.149950 0.000000 0.000000 -0.003423
2455359.249950 0.000000 0.000000 -0.003974
2455359.349950 0.000000 0.000000 -0.004546
2455359.449950 0.000000 0.000000 -0.005135
2455359.549950 0.000000 0.000000 -0.005738
2455359.649950 0.000000 0.000000 -0.006351
2455359.749950 0.000000 0.000000 -0.006970
2455359.849950 0.000000 0.000000 -0.007589
2455359.949950 0.000000 0.000000 -0.008206
2455360.049950 0.000000 0.000000 -0.008814
2455360.149950 0.000000 0.000000 -0.009411
2455360.249950 0.000000 0.000000 -0.009991
2455360.349950 0.000000 0.000000 -0.010550
2455360.449950 0.000000 0.000000 -0.011083
2455360.549950 0.000000 0.000000 -0.011586
2455360.649950 0.000000 0.000000 -0.012054
2455360.749950 0.000000 0.000000 -0.012484
2455360.849950 0.000000 0.000000 -0.012872
2455360.949950 0.000000 0.000000 -0.013213
2455361.049950 0.000000 0.000000 -0.013505
2455361.149950 0.000000 0.000000 -0.013744
2455361.249950 0.000000 0.000000 -0.013928
2455361.349950 0.000000 0.000000 -0.014054
2455361.449950 0.000000 0.000000 -0.014119
2455361.549950 0.000000 0.000000 -0.014123
2455361.649950 0.000000 0.000000 -0.014063
2455361.749950 0.000000 0.000000 -0.013938
2455361.849950 0.000000 0.000000 -0.013749
2455361.949950 0.000000 0.000000 -0.013495
2455362.049950 0.000000 0.000000 -0.013175
2455362.149950 0.000000 0.000000 -0.012792
2455362.249950 0.000000 0.000000 -0.012345
2455362.349950 0.000000 0.000000 -0.011837
2455362.449950 0.000000 0.000000 -0.011268
2455362.549950 0.000000 0.000000 -0.010643
2455362.649950 0.000000 0.000000 -0.009963
2455362.749950 0.000000 0.000000 -0.009232
2455362.849950 0.000000 0.000000 -0.008452
2455362.949950 0.000000 0.000000 -0.007628
2455363.049950 0.000000 0.000000 -0.006764
2455363.149950 0.000000 0.000000 -0.005863
2455363.249950 0.000000 0.000000 -0.004932
2455363.349950 0.000000 0.000000 -0.003974
2455363.449950 0.000000 0.000000 -0.002994
2455363.549950 0.000000 0.000000 -0.001998
2455363.649950 0.000000 0.000000 -0.000990
2455363.749950 0.000000 0.000000 0.000023
2455363.849950 0.000000 0.000000 0.001037
2455363.949950 0.000000 0.000000 0.002045
2455364.049950 0.000000 0.000000 0.003044
2455364.149950 0.000000 0.000000 0.004027
2455364.249950 0.000000 0.000000 0.004990
2455364.349950 0.000000 0.000000 0.005926
2455364.449950 0.000000 0.000000 0.006833
2455364.549950 0.000000 0.000000 0.007704
2455364.649950 0.000000 0.000000 0.008535
2455364.749950 0.000000 0.000000 0.009323
2455364.849950 0.000000 0.000000 0.010063
2455364.949950 0.000000 0.000000 0.010752
2455365.049950 0.000000 0.000000 0.011387
2455365.149950 0.000000 0.000000 0.011965
2455365.249950 0.000000 0.000000 0.012483
2455365.349950 0.000000 0.000000 0.012939
2455365.449950 0.000000 0.000000 0.013332
2455365.549950 0.000000 0.000000 0.013661
2455365.649950 0.000000 0.000000 0.013924
2455365.749950 0.000000 0.000000 0.014122
2455365.849950 0.000000 0.000000 0.014255
2455365.949950 0.000000 0.000000 0.014322
2455366.049950 0.000000 0.000000 0.014325
2455366.149950 0.000000 0.000000 0.014265
2455366.249950 0.000000 0.000000 0.014144
2455366.349950 0.000000 0.000000 0.013964
2455366.449950 0.000000 0.000000 0.013727
2455366.549950 0.000000 0.000000 0.013437
2455366.649950 0.000000 0.000000 0.013095
2455366.749950 0.000000 0.000000 0.012706
2455366.849950 0.000000 0.000000 0.012274
2455366.949950 0.000000 0.000000 0.011801
2455367.049950 0.000000 0.000000 0.011293
2455367.149950 0.000000 0.000000 0.010753
2455367.249950 0.000000 0.000000 0.010186
2455367.349950 0.000000 0.000000 0.009596
2455367.449950 0.000000 0.000000 0.008988
2455367.549950 0.000000 0.000000 0.008366
2455367.649950 0.000000 0.000000 0.007736
2455367.749950 0.000000 0.000000 0.007101
2455367.849950 0.000000 0.000000 0.006465
2455367.949950 0.000000 0.000000 0.005835
2455368.049950 0.000000 0.000000 0.005213
2455368.149950 0.000000 0.000000 0.004603
2455368.249950 0.000000 0.000000 0.004010
2455368.349950 0.000000 0.000000 0.003438
2455368.449950 0.000000 0.000000 0.002888
2455368.549950 0.000000 0.000000 0.002366
2455368.649950 0.000000 0.000000 0.001873
2455368.749950 0.000000 0.000000 0.001411
2455368.849950 0.000000 0.000000 0.000984
2455368.949950 0.000000 0.000000 0.000593
2455369.049950 0.000000 0.000000 0.000238
2455369.149950 0.000000 0.000000 -0.000078
2455369.249950 0.000000 0.000000 -0.000354
2455369.349950 0.000000 0.000000 -0.000592
2455369.449950 0.000000 0.000000 -0.000790
2455369.549950 0.000000 0.000000 -0.000950
2455369.649950 0.000000 0.000000 -0.001072
2455369.749950 0.000000 0.000000 -0.001156
2455369.849950 0.000000 0.000000 -0.001206
2455369.949950 0.000000 0.000000 -0.001221
2455370.049950 0.000000 0.000000 -0.001206
2455370.149950 0.000000 0.000000 -0.001161
2455370.249950 0.000000 0.000000 -0.001090
2455370.349950 0.000000 0.000000 -0.000996
2455370.449950 0.000000 0.000000 -0.000881
2455370.549950 0.000000 0.000000 -0.000749
2455370.649950 0.000000 0.000000 -0.000603
2455370.749950 0.000000 0.000000 -0.000448
2455370.849950 0.000000 0.000000 -0.000286
2455370.949950 0.000000 0.000000 -0.000121
2455371.049950 0.000000 0.000000 0.000042
2455371.149950 0.000000 0.000000 0.000201
2455371.249950 0.000000 0.000000 0.000351
2455371.349950 0.000000 0.000000 0.000489
2455371.449950 0.000000 0.000000 0.000612
2455371.549950 0.000000 0.000000 0.000716
2455371.649950 0.000000 0.000000 0.000797
2455371.749950 0.000000 0.000000 0.000854
2455371.849950 0.000000 0.000000 0.000883
2455371.949950 0.000000 0.000000 0.000882
2455372.049950 0.000000 0.000000 0.000848
2455372.149950 0.000000 0.000000 0.000780
2455372.249950 0.000000 0.000000 0.000676
2455372.349950 0.000000 0.000000 0.000535
2455372.449950 0.000000 0.000000 0.000355
2455372.549950 0.000000 0.000000 0.000137
2455372.649950 0.000000 0.000000 -0.000119
2455372.749950 0.000000 0.000000 -0.000415
2455372.849950 0.000000 0.000000 -0.000748
2455372.949950 0.000000 0.000000 -0.001118
2455373.049950 0.000000 0.000000 -0.001524
2455373.149950 0.000000 0.000000 -0.001964
2455373.249950 0.000000 0.000000 -0.002436
2455373.349950 0.000000 0.000000 -0.002938
2455373.449950 0.000000 0.000000 -0.003467
2455373.549950 0.000000 0.000000 -0.004020
2455373.649950 0.000000 0.000000 -0.004593
2455373.749950 0.000000 0.000000 -0.005184
2455373.849950 0.000000 0.000000 -0.005788
2455373.949950 0.000000 0.000000 -0.006401
2455374.049950 0.000000 0.000000 -0.007020
2455374.149950 0.000000 0.000000 -0.007639
2455374.249950 0.000000 0.000000 -0.008255
2455374.349950 0.000000 0.000000 -0.008863
2455374.449950 0.000000 0.000000 -0.009459
2455374.549950 0.000000 0.000000 -0.010037
2455374.649950 0.000000 0.000000 -0.010594
2455374.749950 0.000000 0.000000 -0.011125
2455374.849950 0.000000 0.000000 -0.011625
2455374.949950 0.000000 0.000000 -0.012090
2455375.049950 0.000000 0.000000 -0.012517
2455375.149950 0.000000 0.000000 -0.012901
2455375.249950 0.000000 0.000000 -0.013239
2455375.349950 0.000000 0.000000 -0.013526
2455375.449950 0.000000 0.000000 -0.013761
2455375.549950 0.000000 0.000000 -0.013940
2455375.649950 0.000000 0.000000 -0.014061
2455375.749950 0.000000 0.000000 -0.014122
2455375.849950 0.000000 0.000000 -0.014120
2455375.949950 0.000000 0.000000 -0.014055
2455376.049950 0.000000 0.000000 -0.013926
2455376.149950 0.000000 0.000000 -0.013731
2455376.249950 0.000000 0.000000 -0.013471
2455376.349950 0.000000 0.000000 -0.013147
2455376.449950 0.000000 0.000000 -0.012758
2455376.549950 0.000000 0.000000 -0.012306
2455376.649950 0.000000 0.000000 -0.011793
2455376.749950 0.000000 0.000000 -0.011220
2455376.849950 0.000000 0.000000 -0.010590
2455376.949950 0.000000 0.000000 -0.009906
2455377.049950 0.000000 0.000000 -0.009170
2455377.149950 0.000000 0.000000 -0.008387
2455377.249950 0.000000 0.000000 -0.007559
2455377.349950 0.000000 0.000000 -0.006692
2455377.449950 0.000000 0.000000 -0.005789
2455377.549950 0.000000 0.000000 -0.004855
2455377.649950 0.000000 0.000000 -0.003895
2455377.749950 0.000000 0.000000 -0.002914
2455377.849950 0.000000 0.000000 -0.001917
2455377.949950 0.000000 0.000000 -0.000909
2455378.049950 0.000000 0.000000 0.000105
2455378.149950 0.000000 0.000000 0.001118
2455378.249950 0.000000 0.000000 0.002127
2455378.349950 0.000000 0.000000 0.003124
2455378.449950 0.000000 0.000000 0.004106
2455378.549950 0.000000 0.000000 0.005066
2455378.649950 0.000000 0.000000 0.006001
2455378.749950 0.000000 0.000000 0.006905
2455378.849950 0.000000 0.000000 0.007773
2455378.949950 0.000000 0.000000 0.008601
2455379.049950 0.000000 0.000000 0.009385
2455379.149950 0.000000 0.000000 0.010121
2455379.249950 0.000000 0.000000 0.010806
2455379.349950 0.000000 0.000000 0.011436
2455379.449950 0.000000 0.000000 0.012009
2455379.549950 0.000000 0.000000 0.012522
2455379.649950 0.000000 0.000000 0.012973
2455379.749950 0.000000 0.000000 0.013361
2455379.849950 0.000000 0.000000 0.013685
2455379.949950 0.000000 0.000000 0.013943
2455380.049950 0.000000 0.000000 0.014135
2455380.149950 0.000000 0.000000 0.014262
2455380.249950 0.000000 0.000000 0.014324
2455380.349950 0.000000 0.000000 0.014322
2455380.449950 0.000000 0.000000 0.014258
2455380.549950 0.000000 0.000000 0.014132
2455380.649950 0.000000 0.000000 0.013947
2455380.749950 0.000000 0.000000 0.013706
2455380.849950 0.000000 0.000000 0.013411
2455380.949950 0.000000 0.000000 0.013066
2455381.049950 0.000000 0.000000 0.012673
2455381.149950 0.000000 0.000000 0.012237
2455381.249950 0.000000 0.000000 0.011761
2455381.349950 0.000000 0.000000 0.011250
2455381.449950 0.000000 0.000000 0.010708
2455381.549950 0.000000 0.000000 0.010139
2455381.649950 0.000000 0.000000 0.009547
2455381.749950 0.000000 0.000000 0.008938
2455381.849950 0.000000 0.000000 0.008315
2455381.949950 0.000000 0.000000 0.007684
2455382.049950 0.000000 0.000000 0.007049
2455382.149950 0.000000 0.000000 0.006414
2455382.249950 0.000000 0.000000 0.005784
2455382.349950 0.000000 0.000000 0.005163
2455382.449950 0.000000 0.000000 0.004555
2455382.549950 0.000000 0.000000 0.003963
2455382.649950 0.000000 0.000000 0.003392
2455382.749950 0.000000 0.000000 0.002845
2455382.849950 0.000000 0.000000 0.002325
2455382.949950 0.000000 0.000000 0.001834
2455383.049950 0.000000 0.000000 0.001376
2455383.149950 0.000000 0.000000 0.000951
2455383.249950 0.000000 0.000000 0.000563
2455383.349950 0.000000 0.000000 0.000211
2455383.449950 0.000000 0.000000 -0.000101
2455383.549950 0.000000 0.000000 -0.000375
2455383.649950 0.000000 0.000000 -0.000610
2455383.749950 0.000000 0.000000 -0.000805
2455383.849950 0.000000 0.000000 -0.000961
2455383.949950 0.000000 0.000000 -0.001080
2455384.049950 0.000000 0.000000 -0.001162
2455384.149950 0.000000 0.000000 -0.001208
2455384.249950 0.000000 0.000000 -0.001221
2455384.349950 0.000000 0.000000 -0.001203
2455384.449950 0.000000 0.000000 -0.001156
2455384.549950 0.000000 0.000000 -0.001083
2455384.649950 0.000000 0.000000 -0.000987
2455384.749950 0.000000 0.000000 -0.000871
2455384.849950 0.000000 0.000000 -0.000738
2455384.949950 0.000000 0.000000 -0.000591
2455385.049950 0.000000 0.000000 -0.000435
2455385.149950 0.000000 0.000000 -0.000273
2455385.249950 0.000000 0.000000 -0.000108
2455385.349950 0.000000 0.000000 0.000055
2455385.449950 0.000000 0.000000 0.000213
2455385.549950 0.000000 0.000000 0.000363
2455385.649950 0.000000 0.000000 0.000500
2455385.749950 0.000000 0.000000 0.000621
2455385.849950 0.000000 0.000000 0.000723
2455385.949950 0.000000 0.000000 0.000803
2455386.049950 0.000000 0.000000 0.000857
2455386.149950 0.000000 0.000000 0.000884
2455386.249950 0.000000 0.000000 0.000880
2455386.349950 0.000000 0.000000 0.000844
2455386.449950 0.000000 0.000000 0.000773
2455386.549950 0.000000 0.000000 0.000666
2455386.649950 0.000000 0.000000 0.000521
2455386.749950 0.000000 0.000000 0.000339
2455386.849950 0.000000 0.000000 0.000118
2455386.949950 0.000000 0.000000 -0.000142
2455387.049950 0.000000 0.000000 -0.000440
2455387.149950 0.000000 0.000000 -0.000776
2455387.249950 0.000000 0.000000 -0.001150
2455387.349950 0.000000 0.000000 -0.001559
2455387.449950 0.000000 0.000000 -0.002001
2455387.549950 0.000000 0.000000 -0.002476
2455387.649950 0.000000 0.000000 -0.002980
2455387.749950 0.000000 0.000000 -0.003511
2455387.849950 0.000000 0.000000 -0.004065
2455387.949950 0.000000 0.000000 -0.004640
2455388.049950 0.000000 0.000000 -0.005232
2455388.149950 0.000000 0.000000 -0.005837
2455388.249950 0.000000 0.000000 -0.006451
2455388.349950 0.000000 0.000000 -0.007070
2455388.449950 0.000000 0.000000 -0.007689
2455388.549950 0.000000 0.000000 -0.008305
2455388.649950 0.000000 0.000000 -0.008912
2455388.749950 0.000000 0.000000 -0.009506
2455388.849950 0.000000 0.000000 -0.010083
2455388.949950 0.000000 0.000000 -0.010638
2455389.049950 0.000000 0.000000 -0.011166
2455389.149950 0.000000 0.000000 -0.011664
2455389.249950 0.000000 0.000000 -0.012126
2455389.349950 0.000000 0.000000 -0.012550
2455389.449950 0.000000 0.000000 -0.012930
2455389.549950 0.000000 0.000000 -0.013264
2455389.649950 0.000000 0.000000 -0.013547
2455389.749950 0.000000 0.000000 -0.013778
2455389.849950 0.000000 0.000000 -0.013952
2455389.949950 0.000000 0.000000 -0.014068
2455390.049950 0.000000 0.000000 -0.014124
2455390.149950 0.000000 0.000000 -0.014117
2455390.249950 0.000000 0.000000 -0.014047
2455390.349950 0.000000 0.000000 -0.013912
2455390.449950 0.000000 0.000000 -0.013712
2455390.549950 0.000000 0.000000 -0.013447
2455390.649950 0.000000 0.000000 -0.013118
2455390.749950 0.000000 0.000000 -0.012724
2455390.849950 0.000000 0.000000 -0.012267
2455390.949950 0.000000 0.000000 -0.011749
2455391.049950 0.000000 0.000000 -0.011171
2455391.149950 0.000000 0.000000 -0.010537
2455391.249950 0.000000 0.000000 -0.009848
2455391.349950 0.000000 0.000000 -0.009109
2455391.449950 0.000000 0.000000 -0.008321
2455391.549950 0.000000 0.000000 -0.007491
2455391.649950 0.000000 0.000000 -0.006620
2455391.749950 0.000000 0.000000 -0.005715
2455391.849950 0.000000 0.000000 -0.004778
2455391.949950 0.000000 0.000000 -0.003816
2455392.049950 0.000000 0.000000 -0.002834
2455392.149950 0.000000 0.000000 -0.001835
2455392.249950 0.000000 0.000000 -0.000827
2455392.349950 0.000000 0.000000 0.000187
2455392.449950 0.000000 0.000000 0.001200
2455392.549950 0.000000 0.000000 0.002208
2455392.649950 0.000000 0.000000 0.003204
2455392.749950 0.000000 0.000000 0.004184
2455392.849950 0.000000 0.000000 0.005143
2455392.949950 0.000000 0.000000 0.006075
2455393.049950 0.000000 0.000000 0.006976
2455393.149950 0.000000 0.000000 0.007841
2455393.249950 0.000000 0.000000 0.008666
2455393.349950 0.000000 0.000000 0.009446
2455393.449950 0.000000 0.000000 0.010178
2455393.549950 0.000000 0.000000 0.010859
2455393.649950 0.000000 0.000000 0.011484
2455393.749950 0.000000 0.000000 0.012052
2455393.849950 0.000000 0.000000 0.012561
2455393.949950 0.000000 0.000000 0.013007
2455394.049950 0.000000 0.000000 0.013390
2455394.149950 0.000000 0.000000 0.013708
2455394.249950 0.000000 0.000000 0.013961
2455394.349950 0.000000 0.000000 0.014148
2455394.449950 0.000000 0.000000 0.014270
2455394.549950 0.000000 0.000000 0.014327
2455394.649950 0.000000 0.000000 0.014319
2455394.749950 0.000000 0.000000 0.014250
2455394.849950 0.000000 0.000000 0.014119
2455394.949950 0.000000 0.000000 0.013930
2455395.049950 0.000000 0.000000 0.013684
2455395.149950 0.000000 0.000000 0.013385
2455395.249950 0.000000 0.000000 0.013036
2455395.349950 0.000000 0.000000 0.012639
2455395.449950 0.000000 0.000000 0.012200
2455395.549950 0.000000 0.000000 0.011721
2455395.649950 0.000000 0.000000 0.011208
2455395.749950 0.000000 0.000000 0.010663
2455395.849950 0.000000 0.000000 0.010092
2455395.949950 0.000000 0.000000 0.009499
2455396.049950 0.000000 0.000000 0.008888
2455396.149950 0.000000 0.000000 0.008265
2455396.249950 0.000000 0.000000 0.007633
2455396.349950 0.000000 0.000000 0.006998
2455396.449950 0.000000 0.000000 0.006363
2455396.549950 0.000000 0.000000 0.005733
2455396.649950 0.000000 0.000000 0.005113
2455396.749950 0.000000 0.000000 0.004506
2455396.849950 0.000000 0.000000 0.003916
2455396.949950 0.000000 0.000000 0.003347
2455397.049950 0.000000 0.000000 0.002802
2455397.149950 0.000000 0.000000 0.002284
2455397.249950 0.000000 0.000000 0.001796
2455397.349950 0.000000 0.000000 0.001340
2455397.449950 0.000000 0.000000 0.000918
2455397.549950 0.000000 0.000000 0.000533
2455397.649950 0.000000 0.000000 0.000185
2455397.749950 0.000000 0.000000 -0.000125
2455397.849950 0.000000 0.000000 -0.000396
2455397.949950 0.000000 0.000000 -0.000627
2455398.049950 0.000000 0.000000 -0.000819
2455398.149950 0.000000 0.000000 -0.000972
2455398.249950 0.000000 0.000000 -0.001088
2455398.349950 0.000000 0.000000 -0.001167
2455398.449950 0.000000 0.000000 -0.001210
2455398.549950 0.000000 0.000000 -0.001221
2455398.649950 0.000000 0.000000 -0.001201
2455398.749950 0.000000 0.000000 -0.001151
2455398.849950 0.000000 0.000000 -0.001076
2455398.949950 0.000000 0.000000 -0.000978
2455399.049950 0.000000 0.000000 -0.000861
2455399.149950 0.000000 0.000000 -0.000726
2455399.249950 0.000000 0.000000 -0.000579
2455399.349950 0.000000 0.000000 -0.000422
2455399.449950 0.000000 0.000000 -0.000259
2455399.549950 0.000000 0.000000 -0.000095
2455399.649950 0.000000 0.000000 0.000068
2455399.749950 0.000000 0.000000 0.000226
2455399.849950 0.000000 0.000000 0.000374
2455399.949950 0.000000 0.000000 0.000510
2455400.049950 0.000000 0.000000 0.000630
2455400.149950 0.000000 0.000000 0.000730
2455400.249950 0.000000 0.000000 0.000808
2455400.349950 0.000000 0.000000 0.000861
2455400.449950 0.000000 0.000000 0.000885
2455400.549950 0.000000 0.000000 0.000878
2455400.649950 0.000000 0.000000 0.000839
2455400.749950 0.000000 0.000000 0.000765
2455400.849950 0.000000 0.000000 0.000655
2455400.949950 0.000000 0.000000 0.000508
2455401.049950 0.000000 0.000000 0.000323
2455401.149950 0.000000 0.000000 0.000098
2455401.249950 0.000000 0.000000 -0.000164
2455401.349950 0.000000 0.000000 -0.000466
2455401.449950 0.000000 0.000000 -0.000805
2455401.549950 0.000000 0.000000 -0.001181
2455401.649950 0.000000 0.000000 -0.001593
2455401.749950 0.000000 0.000000 -0.002039
2455401.849950 0.000000 0.000000 -0.002516
2455401.949950 0.000000 0.000000 -0.003022
2455402.049950 0.000000 0.000000 -0.003555
2455402.149950 0.000000 0.000000 -0.004111
2455402.249950 0.000000 0.000000 -0.004688
2455402.349950 0.000000 0.000000 -0.005281
2455402.449950 0.000000 0.000000 -0.005886
2455402.549950 0.000000 0.000000 -0.006501
2455402.649950 0.000000 0.000000 -0.007120
2455402.749950 0.000000 0.000000 -0.007739
2455402.849950 0.000000 0.000000 -0.008354
2455402.949950 0.000000 0.000000 -0.008961
2455403.049950 0.000000 0.000000 -0.009554
2455403.149950 0.000000 0.000000 -0.010129
2455403.249950 0.000000 0.000000 -0.010682
2455403.349950 0.000000 0.000000 -0.011208
2455403.449950 0.000000 0.000000 -0.011703
2455403.549950 0.000000 0.000000 -0.012162
2455403.649950 0.000000 0.000000 -0.012582
2455403.749950 0.000000 0.000000 -0.012959
2455403.849950 0.000000 0.000000 -0.013289
2455403.949950 0.000000 0.000000 -0.013568
2455404.049950 0.000000 0.000000 -0.013794
2455404.149950 0.000000 0.000000 -0.013964
2455404.249950 0.000000 0.000000 -0.014075
2455404.349950 0.000000 0.000000 -0.014126
2455404.449950 0.000000 0.000000 -0.014114
2455404.549950 0.000000 0.000000 -0.014039
2455404.649950 0.000000 0.000000 -0.013899
2455404.749950 0.000000 0.000000 -0.013693
2455404.849950 0.000000 0.000000 -0.013423
2455404.949950 0.000000 0.000000 -0.013088
2455405.049950 0.000000 0.000000 -0.012689
2455405.149950 0.000000 0.000000 -0.012227
2455405.249950 0.000000 0.000000 -0.011704
2455405.349950 0.000000 0.000000 -0.011122
2455405.449950 0.000000 0.000000 -0.010483
2455405.549950 0.000000 0.000000 -0.009790
2455405.649950 0.000000 0.000000 -0.009047
2455405.749950 0.000000 0.000000 -0.008256
2455405.849950 0.000000 0.000000 -0.007422
2455405.949950 0.000000 0.000000 -0.006548
2455406.049950 0.000000 0.000000 -0.005640
2455406.149950 0.000000 0.000000 -0.004701
2455406.249950 0.000000 0.000000 -0.003738
2455406.349950 0.000000 0.000000 -0.002753
2455406.449950 0.000000 0.000000 -0.001754
2455406.549950 0.000000 0.000000 -0.000745
2455406.649950 0.000000 0.000000 0.000269
2455406.749950 0.000000 0.000000 0.001282
2455406.849950 0.000000 0.000000 0.002289
2455406.949950 0.000000 0.000000 0.003284
2455407.049950 0.000000 0.000000 0.004263
2455407.149950 0.000000 0.000000 0.005220
2455407.249950 0.000000 0.000000 0.006149
2455407.349950 0.000000 0.000000 0.007048
2455407.449950 0.000000 0.000000 0.007909
2455407.549950 0.000000 0.000000 0.008731
2455407.649950 0.000000 0.000000 0.009507
2455407.749950 0.000000 0.000000 0.010235
2455407.849950 0.000000 0.000000 0.010911
2455407.949950 0.000000 0.000000 0.011532
2455408.049950 0.000000 0.000000 0.012096
2455408.149950 0.000000 0.000000 0.012599
2455408.249950 0.000000 0.000000 0.013040
2455408.349950 0.000000 0.000000 0.013418
2455408.449950 0.000000 0.000000 0.013731
2455408.549950 0.000000 0.000000 0.013978
2455408.649950 0.000000 0.000000 0.014160
2455408.749950 0.000000 0.000000 0.014277
2455408.849950 0.000000 0.000000 0.014328
2455408.949950 0.000000 0.000000 0.014316
2455409.049950 0.000000 0.000000 0.014241
2455409.149950 0.000000 0.000000 0.014106
2455409.249950 0.000000 0.000000 0.013912
2455409.349950 0.000000 0.000000 0.013662
2455409.449950 0.000000 0.000000 0.013358
2455409.549950 0.000000 0.000000 0.013005
2455409.649950 0.000000 0.000000 0.012605
2455409.749950 0.000000 0.000000 0.012163
2455409.849950 0.000000 0.000000 0.011681
2455409.949950 0.000000 0.000000 0.011165
2455410.049950 0.000000 0.000000 0.010618
2455410.149950 0.000000 0.000000 0.010045
2455410.249950 0.000000 0.000000 0.009450
2455410.349950 0.000000 0.000000 0.008838
2455410.449950 0.000000 0.000000 0.008214
2455410.549950 0.000000 0.000000 0.007582
2455410.649950 0.000000 0.000000 0.006946
2455410.749950 0.000000 0.000000 0.006312
2455410.849950 0.000000 0.000000 0.005683
2455410.949950 0.000000 0.000000 0.005063
2455411.049950 0.000000 0.000000 0.004458
2455411.149950 0.000000 0.000000 0.003869
2455411.249950 0.000000 0.000000 0.003302
2455411.349950 0.000000 0.000000 0.002759
2455411.449950 0.000000 0.000000 0.002243
2455411.549950 0.000000 0.000000 0.001758
2455411.649950 0.000000 0.000000 0.001304
2455411.749950 0.000000 0.000000 0.000886
2455411.849950 0.000000 0.000000 0.000503
2455411.949950 0.000000 0.000000 0.000158
2455412.049950 0.000000 0.000000 -0.000148
2455412.149950 0.000000 0.000000 -0.000416
2455412.249950 0.000000 0.000000 -0.000644
2455412.349950 0.000000 0.000000 -0.000833
2455412.449950 0.000000 0.000000 -0.000983
2455412.549950 0.000000 0.000000 -0.001096
2455412.649950 0.000000 0.000000 -0.001172
2455412.749950 0.000000 0.000000 -0.001213
2455412.849950 0.000000 0.000000 -0.001221
2455412.949950 0.000000 0.000000 -0.001198
2455413.049950 0.000000 0.000000 -0.001146
2455413.149950 0.000000 0.000000 -0.001069
2455413.249950 0.000000 0.000000 -0.000970
2455413.349950 0.000000 0.000000 -0.000850
2455413.449950 0.000000 0.000000 -0.000715
2455413.549950 0.000000 0.000000 -0.000566
2455413.649950 0.000000 0.000000 -0.000409
2455413.749950 0.000000 0.000000 -0.000246
2455413.849950 0.000000 0.000000 -0.000082
2455413.949950 0.000000 0.000000 0.000081
2455414.049950 0.000000 0.000000 0.000238
2455414.149950 0.000000 0.000000 0.000386
2455414.249950 0.000000 0.000000 0.000521
2455414.349950 0.000000 0.000000 0.000639
2455414.449950 0.000000 0.000000 0.000738
2455414.549950 0.000000 0.000000 0.000813
2455414.649950 0.000000 0.000000 0.000864
2455414.749950 0.000000 0.000000 0.000885
2455414.849950 0.000000 0.000000 0.000876
2455414.949950 0.000000 0.000000 0.000835
2455415.049950 0.000000 0.000000 0.000758
2455415.149950 0.000000 0.000000 0.000645
2455415.249950 0.000000 0.000000 0.000495
2455415.349950 0.000000 0.000000 0.000306
2455415.449950 0.000000 0.000000 0.000079
2455415.549950 0.000000 0.000000 -0.000187
2455415.649950 0.000000 0.000000 -0.000492
2455415.749950 0.000000 0.000000 -0.000834
2455415.849950 0.000000 0.000000 -0.001213
2455415.949950 0.000000 0.000000 -0.001628
2455416.049950 0.000000 0.000000 -0.002076
2455416.149950 0.000000 0.000000 -0.002556
2455416.249950 0.000000 0.000000 -0.003064
2455416.349950 0.000000 0.000000 -0.003599
2455416.449950 0.000000 0.000000 -0.004157
2455416.549950 0.000000 0.000000 -0.004735
2455416.649950 0.000000 0.000000 -0.005329
2455416.749950 0.000000 0.000000 -0.005936
2455416.849950 0.000000 0.000000 -0.006551
2455416.949950 0.000000 0.000000 -0.007170
2455417.049950 0.000000 0.000000 -0.007789
2455417.149950 0.000000 0.000000 -0.008404
2455417.249950 0.000000 0.000000 -0.009009
2455417.349950 0.000000 0.000000 -0.009601
2455417.449950 0.000000 0.000000 -0.010174
2455417.549950 0.000000 0.000000 -0.010725
2455417.649950 0.000000 0.000000 -0.011249
2455417.749950 0.000000 0.000000 -0.011741
2455417.849950 0.000000 0.000000 -0.012198
2455417.949950 0.000000 0.000000 -0.012614
2455418.049950 0.000000 0.000000 -0.012987
2455418.149950 0.000000 0.000000 -0.013313
2455418.249950 0.000000 0.000000 -0.013588
2455418.349950 0.000000 0.000000 -0.013810
2455418.449950 0.000000 0.000000 -0.013975
2455418.549950 0.000000 0.000000 -0.014082
2455418.649950 0.000000 0.000000 -0.014127
2455418.749950 0.000000 0.000000 -0.014110
2455418.849950 0.000000 0.000000 -0.014030
2455418.949950 0.000000 0.000000 -0.013884
2455419.049950 0.000000 0.000000 -0.013674
2455419.149950 0.000000 0.000000 -0.013398
2455419.249950 0.000000 0.000000 -0.013058
2455419.349950 0.000000 0.000000 -0.012654
2455419.449950 0.000000 0.000000 -0.012187
2455419.549950 0.000000 0.000000 -0.011659
2455419.649950 0.000000 0.000000 -0.011072
2455419.749950 0.000000 0.000000 -0.010429
2455419.849950 0.000000 0.000000 -0.009732
2455419.949950 0.000000 0.000000 -0.008984
2455420.049950 0.000000 0.000000 -0.008190
2455420.149950 0.000000 0.000000 -0.007352
2455420.249950 0.000000 0.000000 -0.006476
2455420.349950 0.000000 0.000000 -0.005565
2455420.449950 0.000000 0.000000 -0.004624
2455420.549950 0.000000 0.000000 -0.003659
2455420.649950 0.000000 0.000000 -0.002673
2455420.749950 0.000000 0.000000 -0.001673
2455420.849950 0.000000 0.000000 -0.000663
2455420.949950 0.000000 0.000000 0.000351
2455421.049950 0.000000 0.000000 0.001364
2455421.149950 0.000000 0.000000 0.002370
2455421.249950 0.000000 0.000000 0.003364
2455421.349950 0.000000 0.000000 0.004341
2455421.449950 0.000000 0.000000 0.005296
2455421.549950 0.000000 0.000000 0.006223
2455421.649950 0.000000 0.000000 0.007119
2455421.749950 0.000000 0.000000 0.007977
2455421.849950 0.000000 0.000000 0.008795
2455421.949950 0.000000 0.000000 0.009568
2455422.049950 0.000000 0.000000 0.010292
2455422.149950 0.000000 0.000000 0.010964
2455422.249950 0.000000 0.000000 0.011580
2455422.349950 0.000000 0.000000 0.012139
2455422.449950 0.000000 0.000000 0.012637
2455422.549950 0.000000 0.000000 0.013073
2455422.649950 0.000000 0.000000 0.013446
2455422.749950 0.000000 0.000000 0.013753
2455422.849950 0.000000 0.000000 0.013996
2455422.949950 0.000000 0.000000 0.014172
2455423.049950 0.000000 0.000000 0.014283
2455423.149950 0.000000 0.000000 0.014330
2455423.249950 0.000000 0.000000 0.014312
2455423.349950 0.000000 0.000000 0.014233
2455423.449950 0.000000 0.000000 0.014092
2455423.549950 0.000000 0.000000 0.013894
2455423.649950 0.000000 0.000000 0.013639
2455423.749950 0.000000 0.000000 0.013332
2455423.849950 0.000000 0.000000 0.012974
2455423.949950 0.000000 0.000000 0.012571
2455424.049950 0.000000 0.000000 0.012125
2455424.149950 0.000000 0.000000 0.011640
2455424.249950 0.000000 0.000000 0.011121
2455424.349950 0.000000 0.000000 0.010572
2455424.449950 0.000000 0.000000 0.009997
2455424.549950 0.000000 0.000000 0.009401
2455424.649950 0.000000 0.000000 0.008788
2455424.749950 0.000000 0.000000 0.008163
2455424.849950 0.000000 0.000000 0.007530
2455424.949950 0.000000 0.000000 0.006895
2455425.049950 0.000000 0.000000 0.006261
2455425.149950 0.000000 0.000000 0.005632
2455425.249950 0.000000 0.000000 0.005014
2455425.349950 0.000000 0.000000 0.004409
2455425.449950 0.000000 0.000000 0.003823
2455425.549950 0.000000 0.000000 0.003257
2455425.649950 0.000000 0.000000 0.002716
2455425.749950 0.000000 0.000000 0.002203
2455425.849950 0.000000 0.000000 0.001720
2455425.949950 0.000000 0.000000 0.001269
2455426.049950 0.000000 0.000000 0.000853
2455426.149950 0.000000 0.000000 0.000474
2455426.249950 0.000000 0.000000 0.000132
2455426.349950 0.000000 0.000000 -0.000171
2455426.449950 0.000000 0.000000 -0.000436
2455426.549950 0.000000 0.000000 -0.000661
2455426.649950 0.000000 0.000000 -0.000846
2455426.749950 0.000000 0.000000 -0.000994
2455426.849950 0.000000 0.000000 -0.001103
2455426.949950 0.000000 0.000000 -0.001176
2455427.049950 0.000000 0.000000 -0.001214
2455427.149950 0.000000 0.000000 -0.001220
2455427.249950 0.000000 0.000000 -0.001194
2455427.349950 0.000000 0.000000 -0.001141
2455427.449950 0.000000 0.000000 -0.001062
2455427.549950 0.000000 0.000000 -0.000961
2455427.649950 0.000000 0.000000 -0.000840
2455427.749950 0.000000 0.000000 -0.000703
2455427.849950 0.000000 0.000000 -0.000554
2455427.949950 0.000000 0.000000 -0.000396
2455428.049950 0.000000 0.000000 -0.000233
2455428.149950 0.000000 0.000000 -0.000068
2455428.249950 0.000000 0.000000 0.000094
2455428.349950 0.000000 0.000000 0.000251
2455428.449950 0.000000 0.000000 0.000397
2455428.549950 0.000000 0.000000 0.000531
2455428.649950 0.000000 0.000000 0.000648
2455428.749950 0.000000 0.000000 0.000745
2455428.849950 0.000000 0.000000 0.000819
2455428.949950 0.000000 0.000000 0.000867
2455429.049950 0.000000 0.000000 0.000886
2455429.149950 0.000000 0.000000 0.000874
2455429.249950 0.000000 0.000000 0.000830
2455429.349950 0.000000 0.000000 0.000750
2455429.449950 0.000000 0.000000 0.000634
2455429.549950 0.000000 0.000000 0.000481
2455429.649950 0.000000 0.000000 0.000289
2455429.749950 0.000000 0.000000 0.000059
2455429.849950 0.000000 0.000000 -0.000211
2455429.949950 0.000000 0.000000 -0.000518
2455430.049950 0.000000 0.000000 -0.000864
2455430.149950 0.000000 0.000000 -0.001246
2455430.249950 0.000000 0.000000 -0.001663
2455430.349950 0.000000 0.000000 -0.002114
2455430.449950 0.000000 0.000000 -0.002596
2455430.549950 0.000000 0.000000 -0.003107
2455430.649950 0.000000 0.000000 -0.003643
2455430.749950 0.000000 0.000000 -0.004203
2455430.849950 0.000000 0.000000 -0.004783
2455430.949950 0.000000 0.000000 -0.005378
2455431.049950 0.000000 0.000000 -0.005985
2455431.149950 0.000000 0.000000 -0.006601
2455431.249950 0.000000 0.000000 -0.007220
2455431.349950 0.000000 0.000000 -0.007839
2455431.449950 0.000000 0.000000 -0.008453
2455431.549950 0.000000 0.000000 -0.009057
2455431.649950 0.000000 0.000000 -0.009648
2455431.749950 0.000000 0.000000 -0.010220
2455431.849950 0.000000 0.000000 -0.010769
2455431.949950 0.000000 0.000000 -0.011290
2455432.049950 0.000000 0.000000 -0.011779
2455432.149950 0.000000 0.000000 -0.012233
2455432.249950 0.000000 0.000000 -0.012646
2455432.349950 0.000000 0.000000 -0.013015
2455432.449950 0.000000 0.000000 -0.013337
2455432.549950 0.000000 0.000000 -0.013608
2455432.649950 0.000000 0.000000 -0.013825
2455432.749950 0.000000 0.000000 -0.013986
2455432.849950 0.000000 0.000000 -0.014088
2455432.949950 0.000000 0.000000 -0.014128
2455433.049950 0.000000 0.000000 -0.014106
2455433.149950 0.000000 0.000000 -0.014020
2455433.249950 0.000000 0.000000 -0.013870
2455433.349950 0.000000 0.000000 -0.013654
2455433.449950 0.000000 0.000000 -0.013373
2455433.549950 0.000000 0.000000 -0.013028
2455433.649950 0.000000 0.000000 -0.012618
2455433.749950 0.000000 0.000000 -0.012147
2455433.849950 0.000000 0.000000 -0.011614
2455433.949950 0.000000 0.000000 -0.011022
2455434.049950 0.000000 0.000000 -0.010374
2455434.149950 0.000000 0.000000 -0.009673
2455434.249950 0.000000 0.000000 -0.008922
2455434.349950 0.000000 0.000000 -0.008124
2455434.449950 0.000000 0.000000 -0.007283
2455434.549950 0.000000 0.000000 -0.006403
2455434.649950 0.000000 0.000000 -0.005490
2455434.749950 0.000000 0.000000 -0.004547
2455434.849950 0.000000 0.000000 -0.003580
2455434.949950 0.000000 0.000000 -0.002593
2455435.049950 0.000000 0.000000 -0.001591
2455435.149950 0.000000 0.000000 -0.000581
2455435.249950 0.000000 0.000000 0.000433
2455435.349950 0.000000 0.000000 0.001446
2455435.449950 0.000000 0.000000 0.002451
2455435.549950 0.000000 0.000000 0.003444
2455435.649950 0.000000 0.000000 0.004419
2455435.749950 0.000000 0.000000 0.005372
2455435.849950 0.000000 0.000000 0.006297
2455435.949950 0.000000 0.000000 0.007190
2455436.049950 0.000000 0.000000 0.008045
2455436.149950 0.000000 0.000000 0.008859
2455436.249950 0.000000 0.000000 0.009628
2455436.349950 0.000000 0.000000 0.010348
2455436.449950 0.000000 0.000000 0.011016
2455436.549950 0.000000 0.000000 0.011628
2455436.649950 0.000000 0.000000 0.012181
2455436.749950 0.000000 0.000000 0.012675
2455436.849950 0.000000 0.000000 0.013106
2455436.949950 0.000000 0.000000 0.013473
2455437.049950 0.000000 0.000000 0.013775
2455437.149950 0.000000 0.000000 0.014012
2455437.249950 0.000000 0.000000 0.014184
2455437.349950 0.000000 0.000000 0.014290
2455437.449950 0.000000 0.000000 0.014331
2455437.549950 0.000000 0.000000 0.014308
2455437.649950 0.000000 0.000000 0.014223
2455437.749950 0.000000 0.000000 0.014078
2455437.849950 0.000000 0.000000 0.013875
2455437.949950 0.000000 0.000000 0.013616
2455438.049950 0.000000 0.000000 0.013305
2455438.149950 0.000000 0.000000 0.012944
2455438.249950 0.000000 0.000000 0.012537
2455438.349950 0.000000 0.000000 0.012087
2455438.449950 0.000000 0.000000 0.011600
2455438.549950 0.000000 0.000000 0.011078
2455438.649950 0.000000 0.000000 0.010527
2455438.749950 0.000000 0.000000 0.009950
2455438.849950 0.000000 0.000000 0.009352
2455438.949950 0.000000 0.000000 0.008738
2455439.049950 0.000000 0.000000 0.008112
2455439.149950 0.000000 0.000000 0.007479
2455439.249950 0.000000 0.000000 0.006843
2455439.349950 0.000000 0.000000 0.006210
2455439.449950 0.000000 0.000000 0.005582
2455439.549950 0.000000 0.000000 0.004964
2455439.649950 0.000000 0.000000 0.004361
2455439.749950 0.000000 0.000000 0.003776
2455439.849950 0.000000 0.000000 0.003213
2455439.949950 0.000000 0.000000 0.002674
2455440.049950 0.000000 0.000000 0.002163
2455440.149950 0.000000 0.000000 0.001682
2455440.249950 0.000000 0.000000 0.001234
2455440.349950 0.000000 0.000000 0.000821
2455440.449950 0.000000 0.000000 0.000445
2455440.549950 0.000000 0.000000 0.000106
2455440.649950 0.000000 0.000000 -0.000194
2455440.749950 0.000000 0.000000 -0.000455
2455440.849950 0.000000 0.000000 -0.000677
2455440.949950 0.000000 0.000000 -0.000860
2455441.049950 0.000000 0.000000 -0.001004
2455441.149950 0.000000 0.000000 -0.001110
2455441.249950 0.000000 0.000000 -0.001180
2455441.349950 0.000000 0.000000 -0.001216
2455441.449950 0.000000 0.000000 -0.001219
2455441.549950 0.000000 0.000000 -0.001191
2455441.649950 0.000000 0.000000 -0.001135
2455441.749950 0.000000 0.000000 -0.001055
2455441.849950 0.000000 0.000000 -0.000951
2455441.949950 0.000000 0.000000 -0.000829
2455442.049950 0.000000 0.000000 -0.000691
2455442.149950 0.000000 0.000000 -0.000542
2455442.249950 0.000000 0.000000 -0.000383
2455442.349950 0.000000 0.000000 -0.000220
2455442.449950 0.000000 0.000000 -0.000055
2455442.549950 0.000000 0.000000 0.000107
2455442.649950 0.000000 0.000000 0.000263
2455442.749950 0.000000 0.000000 0.000409
2455442.849950 0.000000 0.000000 0.000541
2455442.949950 0.000000 0.000000 0.000656
2455443.049950 0.000000 0.000000 0.000751
2455443.149950 0.000000 0.000000 0.000823
2455443.249950 0.000000 0.000000 0.000869
2455443.349950 0.000000 0.000000 0.000886
2455443.449950 0.000000 0.000000 0.000872
2455443.549950 0.000000 0.000000 0.000825
2455443.649950 0.000000 0.000000 0.000742
2455443.749950 0.000000 0.000000 0.000623
2455443.849950 0.000000 0.000000 0.000467
2455443.949950 0.000000 0.000000 0.000272
2455444.049950 0.000000 0.000000 0.000038
2455444.149950 0.000000 0.000000 -0.000234
2455444.249950 0.000000 0.000000 -0.000545
2455444.349950 0.000000 0.000000 -0.000893
2455444.449950 0.000000 0.000000 -0.001278
2455444.549950 0.000000 0.000000 -0.001698
2455444.649950 0.000000 0.000000 -0.002152
2455444.749950 0.000000 0.000000 -0.002636
2455444.849950 0.000000 0.000000 -0.003149
2455444.949950 0.000000 0.000000 -0.003688
2455445.049950 0.000000 0.000000 -0.004249
2455445.149950 0.000000 0.000000 -0.004830
2455445.249950 0.000000 0.000000 -0.005427
2455445.349950 0.000000 0.000000 -0.006035
2455445.449950 0.000000 0.000000 -0.006651
2455445.549950 0.000000 0.000000 -0.007270
2455445.649950 0.000000 0.000000 -0.007889
2455445.749950 0.000000 0.000000 -0.008502
2455445.849950 0.000000 0.000000 -0.009106
2455445.949950 0.000000 0.000000 -0.009695
2455446.049950 0.000000 0.000000 -0.010265
2455446.149950 0.000000 0.000000 -0.010812
2455446.249950 0.000000 0.000000 -0.011331
2455446.349950 0.000000 0.000000 -0.011818
2455446.449950 0.000000 0.000000 -0.012268
2455446.549950 0.000000 0.000000 -0.012678
2455446.649950 0.000000 0.000000 -0.013043
2455446.749950 0.000000 0.000000 -0.013361
2455446.849950 0.000000 0.000000 -0.013628
2455446.949950 0.000000 0.000000 -0.013841
2455447.049950 0.000000 0.000000 -0.013996
2455447.149950 0.000000 0.000000 -0.014093
2455447.249950 0.000000 0.000000 -0.014129
2455447.349950 0.000000 0.000000 -0.014102
2455447.449950 0.000000 0.000000 -0.014011
2455447.549950 0.000000 0.000000 -0.013855
2455447.649950 0.000000 0.000000 -0.013634
2455447.749950 0.000000 0.000000 -0.013348
2455447.849950 0.000000 0.000000 -0.012997
2455447.949950 0.000000 0.000000 -0.012583
2455448.049950 0.000000 0.000000 -0.012106
2455448.149950 0.000000 0.000000 -0.011568
2455448.249950 0.000000 0.000000 -0.010972
2455448.349950 0.000000 0.000000 -0.010320
2455448.449950 0.000000 0.000000 -0.009614
2455448.549950 0.000000 0.000000 -0.008859
2455448.649950 0.000000 0.000000 -0.008057
2455448.749950 0.000000 0.000000 -0.007213
2455448.849950 0.000000 0.000000 -0.006331
2455448.949950 0.000000 0.000000 -0.005415
2455449.049950 0.000000 0.000000 -0.004470
2455449.149950 0.000000 0.000000 -0.003500
2455449.249950 0.000000 0.000000 -0.002512
2455449.349950 0.000000 0.000000 -0.001510
2455449.449950 0.000000 0.000000 -0.000499
2455449.549950 0.000000 0.000000 0.000515
2455449.649950 0.000000 0.000000 0.001527
2455449.749950 0.000000 0.000000 0.002532
2455449.849950 0.000000 0.000000 0.003524
2455449.949950 0.000000 0.000000 0.004497
2455450.049950 0.000000 0.000000 0.005448
2455450.149950 0.000000 0.000000 0.006370
2455450.249950 0.000000 0.000000 0.007260
2455450.349950 0.000000 0.000000 0.008113
2455450.449950 0.000000 0.000000 0.008923
2455450.549950 0.000000 0.000000 0.009688
2455450.649950 0.000000 0.000000 0.010404
2455450.749950 0.000000 0.000000 0.011067
2455450.849950 0.000000 0.000000 0.011675
2455450.949950 0.000000 0.000000 0.012224
2455451.049950 0.000000 0.000000 0.012712
2455451.149950 0.000000 0.000000 0.013138
2455451.249950 0.000000 0.000000 0.013500
2455451.349950 0.000000 0.000000 0.013797
2455451.449950 0.000000 0.000000 0.014029
2455451.549950 0.000000 0.000000 0.014195
2455451.649950 0.000000 0.000000 0.014295
2455451.749950 0.000000 0.000000 0.014331
2455451.849950 0.000000 0.000000 0.014304
2455451.949950 0.000000 0.000000 0.014214
2455452.049950 0.000000 0.000000 0.014064
2455452.149950 0.000000 0.000000 0.013856
2455452.249950 0.000000 0.000000 0.013593
2455452.349950 0.000000 0.000000 0.013277
2455452.449950 0.000000 0.000000 0.012912
2455452.549950 0.000000 0.000000 0.012502
2455452.649950 0.000000 0.000000 0.012049
2455452.749950 0.000000 0.000000 0.011559
2455452.849950 0.000000 0.000000 0.011034
2455452.949950 0.000000 0.000000 0.010481
2455453.049950 0.000000 0.000000 0.009902
2455453.149950 0.000000 0.000000 0.009303
2455453.249950 0.000000 0.000000 0.008688
2455453.349950 0.000000 0.000000 0.008061
2455453.449950 0.000000 0.000000 0.007428
2455453.549950 0.000000 0.000000 0.006792
2455453.649950 0.000000 0.000000 0.006159
2455453.749950 0.000000 0.000000 0.005531
2455453.849950 0.000000 0.000000 0.004915
2455453.949950 0.000000 0.000000 0.004313
2455454.049950 0.000000 0.000000 0.003730
2455454.149950 0.000000 0.000000 0.003168
2455454.249950 0.000000 0.000000 0.002631
2455454.349950 0.000000 0.000000 0.002123
2455454.449950 0.000000 0.000000 0.001645
2455454.549950 0.000000 0.000000 0.001200
2455454.649950 0.000000 0.000000 0.000790
2455454.749950 0.000000 0.000000 0.000416
2455454.849950 0.000000 0.000000 0.000080
2455454.949950 0.000000 0.000000 -0.000217
2455455.049950 0.000000 0.000000 -0.000475
2455455.149950 0.000000 0.000000 -0.000693
2455455.249950 0.000000 0.000000 -0.000873
2455455.349950 0.000000 0.000000 -0.001014
2455455.449950 0.000000 0.000000 -0.001117
2455455.549950 0.000000 0.000000 -0.001185
2455455.649950 0.000000 0.000000 -0.001217
2455455.749950 0.000000 0.000000 -0.001218
2455455.849950 0.000000 0.000000 -0.001188
2455455.949950 0.000000 0.000000 -0.001130
2455456.049950 0.000000 0.000000 -0.001047
2455456.149950 0.000000 0.000000 -0.000942
2455456.249950 0.000000 0.000000 -0.000819
2455456.349950 0.000000 0.000000 -0.000680
2455456.449950 0.000000 0.000000 -0.000529
2455456.549950 0.000000 0.000000 -0.000370
2455456.649950 0.000000 0.000000 -0.000206
2455456.749950 0.000000 0.000000 -0.000042
2455456.849950 0.000000 0.000000 0.000120
2455456.949950 0.000000 0.000000 0.000275
2455457.049950 0.000000 0.000000 0.000420
2455457.149950 0.000000 0.000000 0.000551
2455457.249950 0.000000 0.000000 0.000665
2455457.349950 0.000000 0.000000 0.000758
2455457.449950 0.000000 0.000000 0.000828
2455457.549950 0.000000 0.000000 0.000872
2455457.649950 0.000000 0.000000 0.000886
2455457.749950 0.000000 0.000000 0.000869
2455457.849950 0.000000 0.000000 0.000819
2455457.949950 0.000000 0.000000 0.000734
2455458.049950 0.000000 0.000000 0.000612
2455458.149950 0.000000 0.000000 0.000452
2455458.249950 0.000000 0.000000 0.000254
2455458.349950 0.000000 0.000000 0.000018
2455458.449950 0.000000 0.000000 -0.000258
2455458.549950 0.000000 0.000000 -0.000572
2455458.649950 0.000000 0.000000 -0.000923
2455458.749950 0.000000 0.000000 -0.001311
2455458.849950 0.000000 0.000000 -0.001734
2455458.949950 0.000000 0.000000 -0.002190
2455459.049950 0.000000 0.000000 -0.002676
2455459.149950 0.000000 0.000000 -0.003192
2455459.249950 0.000000 0.000000 -0.003733
2455459.349950 0.000000 0.000000 -0.004296
2455459.449950 0.000000 0.000000 -0.004878
2455459.549950 0.000000 0.000000 -0.005476
2455459.649950 0.000000 0.000000 -0.006085
2455459.749950 0.000000 0.000000 -0.006701
2455459.849950 0.000000 0.000000 -0.007321
2455459.949950 0.000000 0.000000 -0.007939
2455460.049950 0.000000 0.000000 -0.008552
2455460.149950 0.000000 0.000000 -0.009154
2455460.249950 0.000000 0.000000 -0.009742
2455460.349950 0.000000 0.000000 -0.010310
2455460.449950 0.000000 0.000000 -0.010855
2455460.549950 0.000000 0.000000 -0.011371
2455460.649950 0.000000 0.000000 -0.011855
2455460.749950 0.000000 0.000000 -0.012303
2455460.849950 0.000000 0.000000 -0.012709
2455460.949950 0.000000 0.000000 -0.013071
2455461.049950 0.000000 0.000000 -0.013385
2455461.149950 0.000000 0.000000 -0.013647
2455461.249950 0.000000 0.000000 -0.013855
2455461.349950 0.000000 0.000000 -0.014006
2455461.449950 0.000000 0.000000 -0.014098
2455461.549950 0.000000 0.000000 -0.014129
2455461.649950 0.000000 0.000000 -0.014097
2455461.749950 0.000000 0.000000 -0.014000
2455461.849950 0.000000 0.000000 -0.013839
2455461.949950 0.000000 0.000000 -0.013613
2455462.049950 0.000000 0.000000 -0.013322
2455462.149950 0.000000 0.000000 -0.012966
2455462.249950 0.000000 0.000000 -0.012546
2455462.349950 0.000000 0.000000 -0.012064
2455462.449950 0.000000 0.000000 -0.011522
2455462.549950 0.000000 0.000000 -0.010921
2455462.649950 0.000000 0.000000 -0.010265
2455462.749950 0.000000 0.000000 -0.009555
2455462.849950 0.000000 0.000000 -0.008796
2455462.949950 0.000000 0.000000 -0.007990
2455463.049950 0.000000 0.000000 -0.007143
2455463.149950 0.000000 0.000000 -0.006258
2455463.249950 0.000000 0.000000 -0.005339
2455463.349950 0.000000 0.000000 -0.004392
2455463.449950 0.000000 0.000000 -0.003421
2455463.549950 0.000000 0.000000 -0.002431
2455463.649950 0.000000 0.000000 -0.001428
2455463.749950 0.000000 0.000000 -0.000417
2455463.849950 0.000000 0.000000 0.000597
2455463.949950 0.000000 0.000000 0.001609
2455464.049950 0.000000 0.000000 0.002613
2455464.149950 0.000000 0.000000 0.003603
2455464.249950 0.000000 0.000000 0.004575
2455464.349950 0.000000 0.000000 0.005524
2455464.449950 0.000000 0.000000 0.006444
2455464.549950 0.000000 0.000000 0.007331
2455464.649950 0.000000 0.000000 0.008180
2455464.749950 0.000000 0.000000 0.008987
2455464.849950 0.000000 0.000000 0.009748
2455464.949950 0.000000 0.000000 0.010460
2455465.049950 0.000000 0.000000 0.011119
2455465.149950 0.000000 0.000000 0.011721
2455465.249950 0.000000 0.000000 0.012265
2455465.349950 0.000000 0.000000 0.012749
2455465.449950 0.000000 0.000000 0.013170
2455465.549950 0.000000 0.000000 0.013526
2455465.649950 0.000000 0.000000 0.013818
2455465.749950 0.000000 0.000000 0.014045
2455465.849950 0.000000 0.000000 0.014205
2455465.949950 0.000000 0.000000 0.014301
2455466.049950 0.000000 0.000000 0.014331
2455466.149950 0.000000 0.000000 0.014299
2455466.249950 0.000000 0.000000 0.014204
2455466.349950 0.000000 0.000000 0.014049
2455466.449950 0.000000 0.000000 0.013837
2455466.549950 0.000000 0.000000 0.013569
2455466.649950 0.000000 0.000000 0.013249
2455466.749950 0.000000 0.000000 0.012881
2455466.849950 0.000000 0.000000 0.012467
2455466.949950 0.000000 0.000000 0.012011
2455467.049950 0.000000 0.000000 0.011518
2455467.149950 0.000000 0.000000 0.010991
2455467.249950 0.000000 0.000000 0.010435
2455467.349950 0.000000 0.000000 0.009854
2455467.449950 0.000000 0.000000 0.009253
2455467.549950 0.000000 0.000000 0.008637
2455467.649950 0.000000 0.000000 0.008010
2455467.749950 0.000000 0.000000 0.007376
2455467.849950 0.000000 0.000000 0.006741
2455467.949950 0.000000 0.000000 0.006107
2455468.049950 0.000000 0.000000 0.005481
2455468.149950 0.000000 0.000000 0.004866
2455468.249950 0.000000 0.000000 0.004265
2455468.349950 0.000000 0.000000 0.003683
2455468.449950 0.000000 0.000000 0.003124
2455468.549950 0.000000 0.000000 0.002589
2455468.649950 0.000000 0.000000 0.002083
2455468.749950 0.000000 0.000000 0.001607
2455468.849950 0.000000 0.000000 0.001165
2455468.949950 0.000000 0.000000 0.000758
2455469.049950 0.000000 0.000000 0.000387
2455469.149950 0.000000 0.000000 0.000055
2455469.249950 0.000000 0.000000 -0.000239
2455469.349950 0.000000 0.000000 -0.000494
2455469.449950 0.000000 0.000000 -0.000709
2455469.549950 0.000000 0.000000 -0.000886
2455469.649950 0.000000 0.000000 -0.001023
2455469.749950 0.000000 0.000000 -0.001124
2455469.849950 0.000000 0.000000 -0.001189
2455469.949950 0.000000 0.000000 -0.001219
2455470.049950 0.000000 0.000000 -0.001216
2455470.149950 0.000000 0.000000 -0.001184
2455470.249950 0.000000 0.000000 -0.001124
2455470.349950 0.000000 0.000000 -0.001039
2455470.449950 0.000000 0.000000 -0.000933
2455470.549950 0.000000 0.000000 -0.000808
2455470.649950 0.000000 0.000000 -0.000668
2455470.749950 0.000000 0.000000 -0.000516
2455470.849950 0.000000 0.000000 -0.000357
2455470.949950 0.000000 0.000000 -0.000193
2455471.049950 0.000000 0.000000 -0.000028
2455471.149950 0.000000 0.000000 0.000133
2455471.249950 0.000000 0.000000 0.000287
2455471.349950 0.000000 0.000000 0.000431
2455471.449950 0.000000 0.000000 0.000561
2455471.549950 0.000000 0.000000 0.000673
2455471.649950 0.000000 0.000000 0.000765
2455471.749950 0.000000 0.000000 0.000833
2455471.849950 0.000000 0.000000 0.000874
2455471.949950 0.000000 0.000000 0.000886
2455472.049950 0.000000 0.000000 0.000867
2455472.149950 0.000000 0.000000 0.000814
2455472.249950 0.000000 0.000000 0.000725
2455472.349950 0.000000 0.000000 0.000600
2455472.449950 0.000000 0.000000 0.000438
2455472.549950 0.000000 0.000000 0.000237
2455472.649950 0.000000 0.000000 -0.000003
2455472.749950 0.000000 0.000000 -0.000282
2455472.849950 0.000000 0.000000 -0.000599
2455472.949950 0.000000 0.000000 -0.000953
2455473.049950 0.000000 0.000000 -0.001344
2455473.149950 0.000000 0.000000 -0.001769
2455473.249950 0.000000 0.000000 -0.002228
2455473.349950 0.000000 0.000000 -0.002717
2455473.449950 0.000000 0.000000 -0.003235
2455473.549950 0.000000 0.000000 -0.003777
2455473.649950 0.000000 0.000000 -0.004342
2455473.749950 0.000000 0.000000 -0.004926
2455473.849950 0.000000 0.000000 -0.005524
2455473.949950 0.000000 0.000000 -0.006134
2455474.049950 0.000000 0.000000 -0.006751
2455474.149950 0.000000 0.000000 -0.007371
2455474.249950 0.000000 0.000000 -0.007989
2455474.349950 0.000000 0.000000 -0.008601
2455474.449950 0.000000 0.000000 -0.009202
2455474.549950 0.000000 0.000000 -0.009789
2455474.649950 0.000000 0.000000 -0.010355
2455474.749950 0.000000 0.000000 -0.010898
2455474.849950 0.000000 0.000000 -0.011412
2455474.949950 0.000000 0.000000 -0.011893
2455475.049950 0.000000 0.000000 -0.012337
2455475.149950 0.000000 0.000000 -0.012740
2455475.249950 0.000000 0.000000 -0.013098
2455475.349950 0.000000 0.000000 -0.013408
2455475.449950 0.000000 0.000000 -0.013666
2455475.549950 0.000000 0.000000 -0.013870
2455475.649950 0.000000 0.000000 -0.014016
2455475.749950 0.000000 0.000000 -0.014103
2455475.849950 0.000000 0.000000 -0.014129
2455475.949950 0.000000 0.000000 -0.014091
2455476.049950 0.000000 0.000000 -0.013990
2455476.149950 0.000000 0.000000 -0.013823
2455476.249950 0.000000 0.000000 -0.013592
2455476.349950 0.000000 0.000000 -0.013295
2455476.449950 0.000000 0.000000 -0.012934
2455476.549950 0.000000 0.000000 -0.012510
2455476.649950 0.000000 0.000000 -0.012023
2455476.749950 0.000000 0.000000 -0.011476
2455476.849950 0.000000 0.000000 -0.010870
2455476.949950 0.000000 0.000000 -0.010209
2455477.049950 0.000000 0.000000 -0.009495
2455477.149950 0.000000 0.000000 -0.008732
2455477.249950 0.000000 0.000000 -0.007923
2455477.349950 0.000000 0.000000 -0.007073
2455477.449950 0.000000 0.000000 -0.006185
2455477.549950 0.000000 0.000000 -0.005264
2455477.649950 0.000000 0.000000 -0.004314
2455477.749950 0.000000 0.000000 -0.003342
2455477.849950 0.000000 0.000000 -0.002351
2455477.949950 0.000000 0.000000 -0.001347
2455478.049950 0.000000 0.000000 -0.000335
2455478.149950 0.000000 0.000000 0.000679
2455478.249950 0.000000 0.000000 0.001690
2455478.349950 0.000000 0.000000 0.002693
2455478.449950 0.000000 0.000000 0.003682
2455478.549950 0.000000 0.000000 0.004653
2455478.649950 0.000000 0.000000 0.005599
2455478.749950 0.000000 0.000000 0.006517
2455478.849950 0.000000 0.000000 0.007401
2455478.949950 0.000000 0.000000 0.008247
2455479.049950 0.000000 0.000000 0.009050
2455479.149950 0.000000 0.000000 0.009808
2455479.249950 0.000000 0.000000 0.010515
2455479.349950 0.000000 0.000000 0.011169
2455479.449950 0.000000 0.000000 0.011767
2455479.549950 0.000000 0.000000 0.012307
2455479.649950 0.000000 0.000000 0.012785
2455479.749950 0.000000 0.000000 0.013201
2455479.849950 0.000000 0.000000 0.013552
2455479.949950 0.000000 0.000000 0.013839
2455480.049950 0.000000 0.000000 0.014060
2455480.149950 0.000000 0.000000 0.014215
2455480.249950 0.000000 0.000000 0.014306
2455480.349950 0.000000 0.000000 0.014331
2455480.449950 0.000000 0.000000 0.014293
2455480.549950 0.000000 0.000000 0.014194
2455480.649950 0.000000 0.000000 0.014034
2455480.749950 0.000000 0.000000 0.013817
2455480.849950 0.000000 0.000000 0.013545
2455480.949950 0.000000 0.000000 0.013221
2455481.049950 0.000000 0.000000 0.012849
2455481.149950 0.000000 0.000000 0.012431
2455481.249950 0.000000 0.000000 0.011972
2455481.349950 0.000000 0.000000 0.011476
2455481.449950 0.000000 0.000000 0.010947
2455481.549950 0.000000 0.000000 0.010389
2455481.649950 0.000000 0.000000 0.009806
2455481.749950 0.000000 0.000000 0.009204
2455481.849950 0.000000 0.000000 0.008587
2455481.949950 0.000000 0.000000 0.007959
2455482.049950 0.000000 0.000000 0.007325
2455482.149950 0.000000 0.000000 0.006689
2455482.249950 0.000000 0.000000 0.006057
2455482.349950 0.000000 0.000000 0.005431
2455482.449950 0.000000 0.000000 0.004817
2455482.549950 0.000000 0.000000 0.004217
2455482.649950 0.000000 0.000000 0.003637
2455482.749950 0.000000 0.000000 0.003079
2455482.849950 0.000000 0.000000 0.002547
2455482.949950 0.000000 0.000000 0.002043
2455483.049950 0.000000 0.000000 0.001570
2455483.149950 0.000000 0.000000 0.001131
2455483.249950 0.000000 0.000000 0.000727
2455483.349950 0.000000 0.000000 0.000359
2455483.449950 0.000000 0.000000 0.000030
2455483.549950 0.000000 0.000000 -0.000261
2455483.649950 0.000000 0.000000 -0.000513
2455483.749950 0.000000 0.000000 -0.000725
2455483.849950 0.000000 0.000000 -0.000898
2455483.949950 0.000000 0.000000 -0.001033
2455484.049950 0.000000 0.000000 -0.001131
2455484.149950 0.000000 0.000000 -0.001192
2455484.249950 0.000000 0.000000 -0.001220
2455484.349950 0.000000 0.000000 -0.001215
2455484.449950 0.000000 0.000000 -0.001180
2455484.549950 0.000000 0.000000 -0.001118
2455484.649950 0.000000 0.000000 -0.001031
2455484.749950 0.000000 0.000000 -0.000923
2455484.849950 0.000000 0.000000 -0.000797
2455484.949950 0.000000 0.000000 -0.000656
2455485.049950 0.000000 0.000000 -0.000504
2455485.149950 0.000000 0.000000 -0.000344
2455485.249950 0.000000 0.000000 -0.000180
2455485.349950 0.000000 0.000000 -0.000015
2455485.449950 0.000000 0.000000 0.000146
2455485.549950 0.000000 0.000000 0.000299
2455485.649950 0.000000 0.000000 0.000442
2455485.749950 0.000000 0.000000 0.000571
2455485.849950 0.000000 0.000000 0.000681
2455485.949950 0.000000 0.000000 0.000771
2455486.049950 0.000000 0.000000 0.000837
2455486.149950 0.000000 0.000000 0.000876
2455486.249950 0.000000 0.000000 0.000886
2455486.349950 0.000000 0.000000 0.000864
2455486.449950 0.000000 0.000000 0.000808
2455486.549950 0.000000 0.000000 0.000717
2455486.649950 0.000000 0.000000 0.000589
2455486.749950 0.000000 0.000000 0.000423
2455486.849950 0.000000 0.000000 0.000219
2455486.949950 0.000000 0.000000 -0.000024
2455487.049950 0.000000 0.000000 -0.000306
2455487.149950 0.000000 0.000000 -0.000626
2455487.249950 0.000000 0.000000 -0.000983
2455487.349950 0.000000 0.000000 -0.001377
2455487.449950 0.000000 0.000000 -0.001805
2455487.549950 0.000000 0.000000 -0.002266
2455487.649950 0.000000 0.000000 -0.002758
2455487.749950 0.000000 0.000000 -0.003278
2455487.849950 0.000000 0.000000 -0.003822
2455487.949950 0.000000 0.000000 -0.004389
2455488.049950 0.000000 0.000000 -0.004974
2455488.149950 0.000000 0.000000 -0.005573
2455488.249950 0.000000 0.000000 -0.006184
2455488.349950 0.000000 0.000000 -0.006801
2455488.449950 0.000000 0.000000 -0.007421
2455488.549950 0.000000 0.000000 -0.008039
2455488.649950 0.000000 0.000000 -0.008650
2455488.749950 0.000000 0.000000 -0.009250
2455488.849950 0.000000 0.000000 -0.009835
2455488.949950 0.000000 0.000000 -0.010400
2455489.049950 0.000000 0.000000 -0.010941
2455489.149950 0.000000 0.000000 -0.011452
2455489.249950 0.000000 0.000000 -0.011930
2455489.349950 0.000000 0.000000 -0.012371
2455489.449950 0.000000 0.000000 -0.012771
2455489.549950 0.000000 0.000000 -0.013125
2455489.649950 0.000000 0.000000 -0.013431
2455489.749950 0.000000 0.000000 -0.013685
2455489.849950 0.000000 0.000000 -0.013884
2455489.949950 0.000000 0.000000 -0.014025
2455490.049950 0.000000 0.000000 -0.014107
2455490.149950 0.000000 0.000000 -0.014128
2455490.249950 0.000000 0.000000 -0.014085
2455490.349950 0.000000 0.000000 -0.013979
2455490.449950 0.000000 0.000000 -0.013807
2455490.549950 0.000000 0.000000 -0.013570
2455490.649950 0.000000 0.000000 -0.013269
2455490.749950 0.000000 0.000000 -0.012902
2455490.849950 0.000000 0.000000 -0.012473
2455490.949950 0.000000 0.000000 -0.011981
2455491.049950 0.000000 0.000000 -0.011429
2455491.149950 0.000000 0.000000 -0.010819
2455491.249950 0.000000 0.000000 -0.010153
2455491.349950 0.000000 0.000000 -0.009435
2455491.449950 0.000000 0.000000 -0.008668
2455491.549950 0.000000 0.000000 -0.007856
2455491.649950 0.000000 0.000000 -0.007002
2455491.749950 0.000000 0.000000 -0.006111
2455491.849950 0.000000 0.000000 -0.005188
2455491.949950 0.000000 0.000000 -0.004236
2455492.049950 0.000000 0.000000 -0.003262
2455492.149950 0.000000 0.000000 -0.002270
2455492.249950 0.000000 0.000000 -0.001265
2455492.349950 0.000000 0.000000 -0.000253
2455492.449950 0.000000 0.000000 0.000761
2455492.549950 0.000000 0.000000 0.001772
2455492.649950 0.000000 0.000000 0.002774
2455492.749950 0.000000 0.000000 0.003762
2455492.849950 0.000000 0.000000 0.004730
2455492.949950 0.000000 0.000000 0.005675
2455493.049950 0.000000 0.000000 0.006590
2455493.149950 0.000000 0.000000 0.007471
2455493.249950 0.000000 0.000000 0.008313
2455493.349950 0.000000 0.000000 0.009113
2455493.449950 0.000000 0.000000 0.009867
2455493.549950 0.000000 0.000000 0.010570
2455493.649950 0.000000 0.000000 0.011220
2455493.749950 0.000000 0.000000 0.011813
2455493.849950 0.000000 0.000000 0.012348
2455493.949950 0.000000 0.000000 0.012821
2455494.049950 0.000000 0.000000 0.013232
2455494.149950 0.000000 0.000000 0.013578
2455494.249950 0.000000 0.000000 0.013859
2455494.349950 0.000000 0.000000 0.014075
2455494.449950 0.000000 0.000000 0.014225
2455494.549950 0.000000 0.000000 0.014310
2455494.649950 0.000000 0.000000 0.014330
2455494.749950 0.000000 0.000000 0.014288
2455494.849950 0.000000 0.000000 0.014183
2455494.949950 0.000000 0.000000 0.014019
2455495.049950 0.000000 0.000000 0.013797
2455495.149950 0.000000 0.000000 0.013521
2455495.249950 0.000000 0.000000 0.013193
2455495.349950 0.000000 0.000000 0.012817
2455495.449950 0.000000 0.000000 0.012396
2455495.549950 0.000000 0.000000 0.011933
2455495.649950 0.000000 0.000000 0.011434
2455495.749950 0.000000 0.000000 0.010903
2455495.849950 0.000000 0.000000 0.010342
2455495.949950 0.000000 0.000000 0.009758
2455496.049950 0.000000 0.000000 0.009155
2455496.149950 0.000000 0.000000 0.008536
2455496.249950 0.000000 0.000000 0.007908
2455496.349950 0.000000 0.000000 0.007273
2455496.449950 0.000000 0.000000 0.006638
2455496.549950 0.000000 0.000000 0.006006
2455496.649950 0.000000 0.000000 0.005381
2455496.749950 0.000000 0.000000 0.004768
2455496.849950 0.000000 0.000000 0.004170
2455496.949950 0.000000 0.000000 0.003591
2455497.049950 0.000000 0.000000 0.003035
2455497.149950 0.000000 0.000000 0.002505
2455497.249950 0.000000 0.000000 0.002004
2455497.349950 0.000000 0.000000 0.001534
2455497.449950 0.000000 0.000000 0.001097
2455497.549950 0.000000 0.000000 0.000695
2455497.649950 0.000000 0.000000 0.000331
2455497.749950 0.000000 0.000000 0.000005
2455497.849950 0.000000 0.000000 -0.000283
2455497.949950 0.000000 0.000000 -0.000531
2455498.049950 0.000000 0.000000 -0.000740
2455498.149950 0.000000 0.000000 -0.000910
2455498.249950 0.000000 0.000000 -0.001042
2455498.349950 0.000000 0.000000 -0.001137
2455498.449950 0.000000 0.000000 -0.001196
2455498.549950 0.000000 0.000000 -0.001220
2455498.649950 0.000000 0.000000 -0.001213
2455498.749950 0.000000 0.000000 -0.001176
2455498.849950 0.000000 0.000000 -0.001112
2455498.949950 0.000000 0.000000 -0.001023
2455499.049950 0.000000 0.000000 -0.000914
2455499.149950 0.000000 0.000000 -0.000786
2455499.249950 0.000000 0.000000 -0.000644
2455499.349950 0.000000 0.000000 -0.000491
2455499.449950 0.000000 0.000000 -0.000330
2455499.549950 0.000000 0.000000 -0.000166
2455499.649950 0.000000 0.000000 -0.000002
2455499.749950 0.000000 0.000000 0.000158
2455499.849950 0.000000 0.000000 0.000311
2455499.949950 0.000000 0.000000 0.000453
2455500.049950 0.000000 0.000000 0.000580
2455500.149950 0.000000 0.000000 0.000689
2455500.249950 0.000000 0.000000 0.000777
2455500.349950 0.000000 0.000000 0.000841
2455500.449950 0.000000 0.000000 0.000878
2455500.549950 0.000000 0.000000 0.000885
2455500.649950 0.000000 0.000000 0.000860
2455500.749950 0.000000 0.000000 0.000802
2455500.849950 0.000000 0.000000 0.000708
2455500.949950 0.000000 0.000000 0.000577
2455501.049950 0.000000 0.000000 0.000408
2455501.149950 0.000000 0.000000 0.000200
2455501.249950 0.000000 0.000000 -0.000046
2455501.349950 0.000000 0.000000 -0.000330
2455501.449950 0.000000 0.000000 -0.000653
2455501.549950 0.000000 0.000000 -0.001014
2455501.649950 0.000000 0.000000 -0.001410
2455501.749950 0.000000 0.000000 -0.001841
2455501.849950 0.000000 0.000000 -0.002305
2455501.949950 0.000000 0.000000 -0.002799
2455502.049950 0.000000 0.000000 -0.003321
2455502.149950 0.000000 0.000000 -0.003867
2455502.249950 0.000000 0.000000 -0.004435
2455502.349950 0.000000 0.000000 -0.005022
2455502.449950 0.000000 0.000000 -0.005622
2455502.549950 0.000000 0.000000 -0.006234
2455502.649950 0.000000 0.000000 -0.006851
2455502.749950 0.000000 0.000000 -0.007471
2455502.849950 0.000000 0.000000 -0.008088
2455502.949950 0.000000 0.000000 -0.008699
2455503.049950 0.000000 0.000000 -0.009298
2455503.149950 0.000000 0.000000 -0.009882
2455503.249950 0.000000 0.000000 -0.010445
2455503.349950 0.000000 0.000000 -0.010983
2455503.449950 0.000000 0.000000 -0.011492
2455503.549950 0.000000 0.000000 -0.011967
2455503.649950 0.000000 0.000000 -0.012405
2455503.749950 0.000000 0.000000 -0.012801
2455503.849950 0.000000 0.000000 -0.013152
2455503.949950 0.000000 0.000000 -0.013453
2455504.049950 0.000000 0.000000 -0.013703
2455504.149950 0.000000 0.000000 -0.013897
2455504.249950 0.000000 0.000000 -0.014034
2455504.349950 0.000000 0.000000 -0.014111
2455504.449950 0.000000 0.000000 -0.014127
2455504.549950 0.000000 0.000000 -0.014079
2455504.649950 0.000000 0.000000 -0.013967
2455504.749950 0.000000 0.000000 -0.013790
2455504.849950 0.000000 0.000000 -0.013548
2455504.949950 0.000000 0.000000 -0.013241
2455505.049950 0.000000 0.000000 -0.012870
2455505.149950 0.000000 0.000000 -0.012435
2455505.249950 0.000000 0.000000 -0.011938
2455505.349950 0.000000 0.000000 -0.011382
2455505.449950 0.000000 0.000000 -0.010767
2455505.549950 0.000000 0.000000 -0.010097
2455505.649950 0.000000 0.000000 -0.009375
2455505.749950 0.000000 0.000000 -0.008604
2455505.849950 0.000000 0.000000 -0.007788
2455505.949950 0.000000 0.000000 -0.006932
2455506.049950 0.000000 0.000000 -0.006038
2455506.149950 0.000000 0.000000 -0.005112
2455506.249950 0.000000 0.000000 -0.004158
2455506.349950 0.000000 0.000000 -0.003182
2455506.449950 0.000000 0.000000 -0.002189
2455506.549950 0.000000 0.000000 -0.001183
2455506.649950 0.000000 0.000000 -0.000171
2455506.749950 0.000000 0.000000 0.000843
2455506.849950 0.000000 0.000000 0.001853
2455506.949950 0.000000 0.000000 0.002854
2455507.049950 0.000000 0.000000 0.003841
2455507.149950 0.000000 0.000000 0.004808
2455507.249950 0.000000 0.000000 0.005750
2455507.349950 0.000000 0.000000 0.006662
2455507.449950 0.000000 0.000000 0.007540
2455507.549950 0.000000 0.000000 0.008380
2455507.649950 0.000000 0.000000 0.009176
2455507.749950 0.000000 0.000000 0.009926
2455507.849950 0.000000 0.000000 0.010625
2455507.949950 0.000000 0.000000 0.011270
2455508.049950 0.000000 0.000000 0.011859
2455508.149950 0.000000 0.000000 0.012388
2455508.249950 0.000000 0.000000 0.012857
2455508.349950 0.000000 0.000000 0.013262
2455508.449950 0.000000 0.000000 0.013603
2455508.549950 0.000000 0.000000 0.013879
2455508.649950 0.000000 0.000000 0.014090
2455508.749950 0.000000 0.000000 0.014234
2455508.849950 0.000000 0.000000 0.014314
2455508.949950 0.000000 0.000000 0.014329
2455509.049950 0.000000 0.000000 0.014281
2455509.149950 0.000000 0.000000 0.014172
2455509.249950 0.000000 0.000000 0.014003
2455509.349950 0.000000 0.000000 0.013777
2455509.449950 0.000000 0.000000 0.013496
2455509.549950 0.000000 0.000000 0.013164
2455509.649950 0.000000 0.000000 0.012784
2455509.749950 0.000000 0.000000 0.012360
2455509.849950 0.000000 0.000000 0.011894
2455509.949950 0.000000 0.000000 0.011393
2455510.049950 0.000000 0.000000 0.010858
2455510.149950 0.000000 0.000000 0.010296
2455510.249950 0.000000 0.000000 0.009710
2455510.349950 0.000000 0.000000 0.009105
2455510.449950 0.000000 0.000000 0.008486
2455510.549950 0.000000 0.000000 0.007857
2455510.649950 0.000000 0.000000 0.007222
2455510.749950 0.000000 0.000000 0.006587
2455510.849950 0.000000 0.000000 0.005955
2455510.949950 0.000000 0.000000 0.005331
2455511.049950 0.000000 0.000000 0.004719
2455511.149950 0.000000 0.000000 0.004122
2455511.249950 0.000000 0.000000 0.003545
2455511.349950 0.000000 0.000000 0.002991
2455511.449950 0.000000 0.000000 0.002464
2455511.549950 0.000000 0.000000 0.001964
2455511.649950 0.000000 0.000000 0.001497
2455511.749950 0.000000 0.000000 0.001063
2455511.849950 0.000000 0.000000 0.000665
2455511.949950 0.000000 0.000000 0.000303
2455512.049950 0.000000 0.000000 -0.000020
2455512.149950 0.000000 0.000000 -0.000305
2455512.249950 0.000000 0.000000 -0.000550
2455512.349950 0.000000 0.000000 -0.000756
2455512.449950 0.000000 0.000000 -0.000923
2455512.549950 0.000000 0.000000 -0.001051
2455512.649950 0.000000 0.000000 -0.001143
2455512.749950 0.000000 0.000000 -0.001199
2455512.849950 0.000000 0.000000 -0.001221
2455512.949950 0.000000 0.000000 -0.001211
2455513.049950 0.000000 0.000000 -0.001172
2455513.149950 0.000000 0.000000 -0.001106
2455513.249950 0.000000 0.000000 -0.001015
2455513.349950 0.000000 0.000000 -0.000904
2455513.449950 0.000000 0.000000 -0.000775
2455513.549950 0.000000 0.000000 -0.000632
2455513.649950 0.000000 0.000000 -0.000478
2455513.749950 0.000000 0.000000 -0.000317
2455513.849950 0.000000 0.000000 -0.000153
2455513.949950 0.000000 0.000000 0.000011
2455514.049950 0.000000 0.000000 0.000171
2455514.149950 0.000000 0.000000 0.000323
2455514.249950 0.000000 0.000000 0.000464
2455514.349950 0.000000 0.000000 0.000590
2455514.449950 0.000000 0.000000 0.000697
2455514.549950 0.000000 0.000000 0.000784
2455514.649950 0.000000 0.000000 0.000845
2455514.749950 0.000000 0.000000 0.000880
2455514.849950 0.000000 0.000000 0.000884
2455514.949950 0.000000 0.000000 0.000857
2455515.049950 0.000000 0.000000 0.000795
2455515.149950 0.000000 0.000000 0.000698
2455515.249950 0.000000 0.000000 0.000564
2455515.349950 0.000000 0.000000 0.000392
2455515.449950 0.000000 0.000000 0.000182
2455515.549950 0.000000 0.000000 -0.000067
2455515.649950 0.000000 0.000000 -0.000355
2455515.749950 0.000000 0.000000 -0.000681
2455515.849950 0.000000 0.000000 -0.001045
2455515.949950 0.000000 0.000000 -0.001444
2455516.049950 0.000000 0.000000 -0.001878
2455516.149950 0.000000 0.000000 -0.002344
2455516.249950 0.000000 0.000000 -0.002840
2455516.349950 0.000000 0.000000 -0.003364
2455516.449950 0.000000 0.000000 -0.003912
2455516.549950 0.000000 0.000000 -0.004482
2455516.649950 0.000000 0.000000 -0.005070
2455516.749950 0.000000 0.000000 -0.005672
2455516.849950 0.000000 0.000000 -0.006283
2455516.949950 0.000000 0.000000 -0.006901
2455517.049950 0.000000 0.000000 -0.007521
2455517.149950 0.000000 0.000000 -0.008138
2455517.249950 0.000000 0.000000 -0.008748
2455517.349950 0.000000 0.000000 -0.009346
2455517.449950 0.000000 0.000000 -0.009928
2455517.549950 0.000000 0.000000 -0.010489
2455517.649950 0.000000 0.000000 -0.011025
2455517.749950 0.000000 0.000000 -0.011532
2455517.849950 0.000000 0.000000 -0.012004
2455517.949950 0.000000 0.000000 -0.012439
2455518.049950 0.000000 0.000000 -0.012831
2455518.149950 0.000000 0.000000 -0.013178
2455518.249950 0.000000 0.000000 -0.013475
2455518.349950 0.000000 0.000000 -0.013721
2455518.449950 0.000000 0.000000 -0.013911
2455518.549950 0.000000 0.000000 -0.014043
2455518.649950 0.000000 0.000000 -0.014115
2455518.749950 0.000000 0.000000 -0.014125
2455518.849950 0.000000 0.000000 -0.014073
2455518.949950 0.000000 0.000000 -0.013955
2455519.049950 0.000000 0.000000 -0.013773
2455519.149950 0.000000 0.000000 -0.013526
2455519.249950 0.000000 0.000000 -0.013214
2455519.349950 0.000000 0.000000 -0.012837
2455519.449950 0.000000 0.000000 -0.012397
2455519.549950 0.000000 0.000000 -0.011895
2455519.649950 0.000000 0.000000 -0.011334
2455519.749950 0.000000 0.000000 -0.010715
2455519.849950 0.000000 0.000000 -0.010041
2455519.949950 0.000000 0.000000 -0.009314
2455520.049950 0.000000 0.000000 -0.008540
2455520.149950 0.000000 0.000000 -0.007721
2455520.249950 0.000000 0.000000 -0.006861
2455520.349950 0.000000 0.000000 -0.005964
2455520.449950 0.000000 0.000000 -0.005036
2455520.549950 0.000000 0.000000 -0.004080
2455520.649950 0.000000 0.000000 -0.003103
2455520.749950 0.000000 0.000000 -0.002108
2455520.849950 0.000000 0.000000 -0.001102
2455520.949950 0.000000 0.000000 -0.000089
2455521.049950 0.000000 0.000000 0.000925
2455521.149950 0.000000 0.000000 0.001935
2455521.249950 0.000000 0.000000 0.002935
2455521.349950 0.000000 0.000000 0.003920
2455521.449950 0.000000 0.000000 0.004885
2455521.549950 0.000000 0.000000 0.005825
2455521.649950 0.000000 0.000000 0.006735
2455521.749950 0.000000 0.000000 0.007610
2455521.849950 0.000000 0.000000 0.008446
2455521.949950 0.000000 0.000000 0.009239
2455522.049950 0.000000 0.000000 0.009984
2455522.149950 0.000000 0.000000 0.010679
2455522.249950 0.000000 0.000000 0.011320
2455522.349950 0.000000 0.000000 0.011904
2455522.449950 0.000000 0.000000 0.012429
2455522.549950 0.000000 0.000000 0.012892
2455522.649950 0.000000 0.000000 0.013292
2455522.749950 0.000000 0.000000 0.013628
2455522.849950 0.000000 0.000000 0.013899
2455522.949950 0.000000 0.000000 0.014104
2455523.049950 0.000000 0.000000 0.014243
2455523.149950 0.000000 0.000000 0.014318
2455523.249950 0.000000 0.000000 0.014328
2455523.349950 0.000000 0.000000 0.014275
2455523.449950 0.000000 0.000000 0.014160
2455523.549950 0.000000 0.000000 0.013987
2455523.649950 0.000000 0.000000 0.013756
2455523.749950 0.000000 0.000000 0.013471
2455523.849950 0.000000 0.000000 0.013135
2455523.949950 0.000000 0.000000 0.012751
2455524.049950 0.000000 0.000000 0.012323
2455524.149950 0.000000 0.000000 0.011855
2455524.249950 0.000000 0.000000 0.011350
2455524.349950 0.000000 0.000000 0.010814
2455524.449950 0.000000 0.000000 0.010249
2455524.549950 0.000000 0.000000 0.009662
2455524.649950 0.000000 0.000000 0.009056
2455524.749950 0.000000 0.000000 0.008435
2455524.849950 0.000000 0.000000 0.007805
2455524.949950 0.000000 0.000000 0.007171
2455525.049950 0.000000 0.000000 0.006535
2455525.149950 0.000000 0.000000 0.005904
2455525.249950 0.000000 0.000000 0.005281
2455525.349950 0.000000 0.000000 0.004670
2455525.449950 0.000000 0.000000 0.004075
2455525.549950 0.000000 0.000000 0.003500
2455525.649950 0.000000 0.000000 0.002948
2455525.749950 0.000000 0.000000 0.002422
2455525.849950 0.000000 0.000000 0.001925
2455525.949950 0.000000 0.000000 0.001461
2455526.049950 0.000000 0.000000 0.001029
2455526.149950 0.000000 0.000000 0.000634
2455526.249950 0.000000 0.000000 0.000276
2455526.349950 0.000000 0.000000 -0.000045
2455526.449950 0.000000 0.000000 -0.000326
2455526.549950 0.000000 0.000000 -0.000568
2455526.649950 0.000000 0.000000 -0.000771
2455526.749950 0.000000 0.000000 -0.000934
2455526.849950 0.000000 0.000000 -0.001060
2455526.949950 0.000000 0.000000 -0.001149
2455527.049950 0.000000 0.000000 -0.001202
2455527.149950 0.000000 0.000000 -0.001221
2455527.249950 0.000000 0.000000 -0.001209
2455527.349950 0.000000 0.000000 -0.001167
2455527.449950 0.000000 0.000000 -0.001099
2455527.549950 0.000000 0.000000 -0.001007
2455527.649950 0.000000 0.000000 -0.000894
2455527.749950 0.000000 0.000000 -0.000764
2455527.849950 0.000000 0.000000 -0.000620
2455527.949950 0.000000 0.000000 -0.000465
2455528.049950 0.000000 0.000000 -0.000304
2455528.149950 0.000000 0.000000 -0.000140
2455528.249950 0.000000 0.000000 0.000024
2455528.349950 0.000000 0.000000 0.000184
2455528.449950 0.000000 0.000000 0.000335
2455528.549950 0.000000 0.000000 0.000475
2455528.649950 0.000000 0.000000 0.000599
2455528.749950 0.000000 0.000000 0.000705
2455528.849950 0.000000 0.000000 0.000789
2455528.949950 0.000000 0.000000 0.000849
2455529.049950 0.000000 0.000000 0.000881
2455529.149950 0.000000 0.000000 0.000883
2455529.249950 0.000000 0.000000 0.000853
2455529.349950 0.000000 0.000000 0.000789
2455529.449950 0.000000 0.000000 0.000689
2455529.549950 0.000000 0.000000 0.000552
2455529.649950 0.000000 0.000000 0.000377
2455529.749950 0.000000 0.000000 0.000163
2455529.849950 0.000000 0.000000 -0.000089
2455529.949950 0.000000 0.000000 -0.000380
2455530.049950 0.000000 0.000000 -0.000709
2455530.149950 0.000000 0.000000 -0.001076
2455530.249950 0.000000 0.000000 -0.001478
2455530.349950 0.000000 0.000000 -0.001914
2455530.449950 0.000000 0.000000 -0.002383
2455530.549950 0.000000 0.000000 -0.002882
2455530.649950 0.000000 0.000000 -0.003408
2455530.749950 0.000000 0.000000 -0.003958
2455530.849950 0.000000 0.000000 -0.004529
2455530.949950 0.000000 0.000000 -0.005118
2455531.049950 0.000000 0.000000 -0.005721
2455531.149950 0.000000 0.000000 -0.006333
2455531.249950 0.000000 0.000000 -0.006951
2455531.349950 0.000000 0.000000 -0.007571
2455531.449950 0.000000 0.000000 -0.008188
2455531.549950 0.000000 0.000000 -0.008797
2455531.649950 0.000000 0.000000 -0.009394
2455531.749950 0.000000 0.000000 -0.009974
2455531.849950 0.000000 0.000000 -0.010534
2455531.949950 0.000000 0.000000 -0.011068
2455532.049950 0.000000 0.000000 -0.011571
2455532.149950 0.000000 0.000000 -0.012041
2455532.249950 0.000000 0.000000 -0.012472
2455532.349950 0.000000 0.000000 -0.012861
2455532.449950 0.000000 0.000000 -0.013204
2455532.549950 0.000000 0.000000 -0.013497
2455532.649950 0.000000 0.000000 -0.013738
2455532.749950 0.000000 0.000000 -0.013923
2455532.849950 0.000000 0.000000 -0.014051
2455532.949950 0.000000 0.000000 -0.014118
2455533.049950 0.000000 0.000000 -0.014123
2455533.149950 0.000000 0.000000 -0.014065
2455533.249950 0.000000 0.000000 -0.013943
2455533.349950 0.000000 0.000000 -0.013756
2455533.449950 0.000000 0.000000 -0.013503
2455533.549950 0.000000 0.000000 -0.013186
2455533.649950 0.000000 0.000000 -0.012804
2455533.749950 0.000000 0.000000 -0.012359
2455533.849950 0.000000 0.000000 -0.011852
2455533.949950 0.000000 0.000000 -0.011286
2455534.049950 0.000000 0.000000 -0.010662
2455534.149950 0.000000 0.000000 -0.009984
2455534.249950 0.000000 0.000000 -0.009254
2455534.349950 0.000000 0.000000 -0.008475
2455534.449950 0.000000 0.000000 -0.007653
2455534.549950 0.000000 0.000000 -0.006789
