descriptor Tc_folded  mod 
-1.140809 0.000000 
-1.139809 0.000000 
-1.138809 0.000000 
-1.137809 0.000000 
-1.136809 0.000000 
-1.135809 0.000000 
-1.134809 0.000000 
-1.133809 0.000000 
-1.132809 0.000000 
-1.131809 0.000000 
-1.130809 0.000000 
-1.129809 0.000000 
-1.128809 0.000000 
-1.127809 0.000000 
-1.126809 0.000000 
-1.125809 0.000000 
-1.124809 0.000000 
-1.123809 0.000000 
-1.122809 0.000000 
-1.121809 0.000000 
-1.120809 0.000000 
-1.119809 0.000000 
-1.118809 0.000000 
-1.117809 0.000000 
-1.116809 0.000000 
-1.115809 0.000000 
-1.114809 0.000000 
-1.113809 0.000000 
-1.112809 0.000000 
-1.111809 0.000000 
-1.110809 0.000000 
-1.109809 0.000000 
-1.108809 0.000000 
-1.107809 0.000000 
-1.106809 0.000000 
-1.105809 0.000000 
-1.104809 0.000000 
-1.103809 0.000000 
-1.102809 0.000000 
-1.101809 0.000000 
-1.100809 0.000000 
-1.099809 0.000000 
-1.098809 0.000000 
-1.097809 0.000000 
-1.096809 0.000000 
-1.095809 0.000000 
-1.094809 0.000000 
-1.093809 0.000000 
-1.092809 0.000000 
-1.091809 0.000000 
-1.090809 0.000000 
-1.089809 0.000000 
-1.088809 0.000000 
-1.087809 0.000000 
-1.086809 0.000000 
-1.085809 0.000000 
-1.084809 0.000000 
-1.083809 0.000000 
-1.082809 0.000000 
-1.081809 0.000000 
-1.080809 0.000000 
-1.079809 0.000000 
-1.078809 0.000000 
-1.077809 0.000000 
-1.076809 0.000000 
-1.075809 0.000000 
-1.074809 0.000000 
-1.073809 0.000000 
-1.072809 0.000000 
-1.071809 0.000000 
-1.070809 0.000000 
-1.069809 0.000000 
-1.068809 0.000000 
-1.067809 0.000000 
-1.066809 0.000000 
-1.065809 0.000000 
-1.064809 0.000000 
-1.063809 0.000000 
-1.062809 0.000000 
-1.061809 0.000000 
-1.060809 0.000000 
-1.059809 0.000000 
-1.058809 0.000000 
-1.057809 0.000000 
-1.056809 0.000000 
-1.055809 0.000000 
-1.054809 0.000000 
-1.053809 0.000000 
-1.052809 0.000000 
-1.051809 0.000000 
-1.050809 0.000000 
-1.049809 0.000000 
-1.048809 0.000000 
-1.047809 0.000000 
-1.046809 0.000000 
-1.045809 0.000000 
-1.044809 0.000000 
-1.043809 0.000000 
-1.042809 0.000000 
-1.041809 0.000000 
-1.040809 0.000000 
-1.039809 0.000000 
-1.038809 0.000000 
-1.037809 0.000000 
-1.036809 0.000000 
-1.035809 0.000000 
-1.034809 0.000000 
-1.033809 0.000000 
-1.032809 0.000000 
-1.031809 0.000000 
-1.030809 0.000000 
-1.029809 0.000000 
-1.028809 0.000000 
-1.027809 0.000000 
-1.026809 0.000000 
-1.025809 0.000000 
-1.024809 0.000000 
-1.023809 0.000000 
-1.022809 0.000000 
-1.021809 0.000000 
-1.020809 0.000000 
-1.019809 0.000000 
-1.018809 0.000000 
-1.017809 0.000000 
-1.016809 0.000000 
-1.015809 0.000000 
-1.014809 0.000000 
-1.013809 0.000000 
-1.012809 0.000000 
-1.011809 0.000000 
-1.010809 0.000000 
-1.009809 0.000000 
-1.008809 0.000000 
-1.007809 0.000000 
-1.006809 0.000000 
-1.005809 0.000000 
-1.004809 0.000000 
-1.003809 0.000000 
-1.002809 0.000000 
-1.001809 0.000000 
-1.000809 0.000000 
-0.999809 0.000000 
-0.998809 0.000000 
-0.997809 0.000000 
-0.996809 0.000000 
-0.995809 0.000000 
-0.994809 0.000000 
-0.993809 0.000000 
-0.992809 0.000000 
-0.991809 0.000000 
-0.990809 0.000000 
-0.989809 0.000000 
-0.988809 0.000000 
-0.987809 0.000000 
-0.986809 0.000000 
-0.985809 0.000000 
-0.984809 0.000000 
-0.983809 0.000000 
-0.982809 0.000000 
-0.981809 0.000000 
-0.980809 0.000000 
-0.979809 0.000000 
-0.978809 0.000000 
-0.977809 0.000000 
-0.976809 0.000000 
-0.975809 0.000000 
-0.974809 0.000000 
-0.973809 0.000000 
-0.972809 0.000000 
-0.971809 0.000000 
-0.970809 0.000000 
-0.969809 0.000000 
-0.968809 0.000000 
-0.967809 0.000000 
-0.966809 0.000000 
-0.965809 0.000000 
-0.964809 0.000000 
-0.963809 0.000000 
-0.962809 0.000000 
-0.961809 0.000000 
-0.960809 0.000000 
-0.959809 0.000000 
-0.958809 0.000000 
-0.957809 0.000000 
-0.956809 0.000000 
-0.955809 0.000000 
-0.954809 0.000000 
-0.953809 0.000000 
-0.952809 0.000000 
-0.951809 0.000000 
-0.950809 0.000000 
-0.949809 0.000000 
-0.948809 0.000000 
-0.947809 0.000000 
-0.946809 0.000000 
-0.945809 0.000000 
-0.944809 0.000000 
-0.943809 0.000000 
-0.942809 0.000000 
-0.941809 0.000000 
-0.940809 0.000000 
-0.939809 0.000000 
-0.938809 0.000000 
-0.937809 0.000000 
-0.936809 0.000000 
-0.935809 0.000000 
-0.934809 0.000000 
-0.933809 0.000000 
-0.932809 0.000000 
-0.931809 0.000000 
-0.930809 0.000000 
-0.929809 0.000000 
-0.928809 0.000000 
-0.927809 0.000000 
-0.926809 0.000000 
-0.925809 0.000000 
-0.924809 0.000000 
-0.923809 0.000000 
-0.922809 0.000000 
-0.921809 0.000000 
-0.920809 0.000000 
-0.919809 0.000000 
-0.918809 0.000000 
-0.917809 0.000000 
-0.916809 0.000000 
-0.915809 0.000000 
-0.914809 0.000000 
-0.913809 0.000000 
-0.912809 0.000000 
-0.911809 0.000000 
-0.910809 0.000000 
-0.909809 0.000000 
-0.908809 0.000000 
-0.907809 0.000000 
-0.906809 0.000000 
-0.905809 0.000000 
-0.904809 0.000000 
-0.903809 0.000000 
-0.902809 0.000000 
-0.901809 0.000000 
-0.900809 0.000000 
-0.899809 0.000000 
-0.898809 0.000000 
-0.897809 0.000000 
-0.896809 0.000000 
-0.895809 0.000000 
-0.894809 0.000000 
-0.893809 0.000000 
-0.892809 0.000000 
-0.891809 0.000000 
-0.890809 0.000000 
-0.889809 0.000000 
-0.888809 0.000000 
-0.887809 0.000000 
-0.886809 0.000000 
-0.885809 0.000000 
-0.884809 0.000000 
-0.883809 0.000000 
-0.882809 0.000000 
-0.881809 0.000000 
-0.880809 0.000000 
-0.879809 0.000000 
-0.878809 0.000000 
-0.877809 0.000000 
-0.876809 0.000000 
-0.875809 0.000000 
-0.874809 0.000000 
-0.873809 0.000000 
-0.872809 0.000000 
-0.871809 0.000000 
-0.870809 0.000000 
-0.869809 0.000000 
-0.868809 0.000000 
-0.867809 0.000000 
-0.866809 0.000000 
-0.865809 0.000000 
-0.864809 0.000000 
-0.863809 0.000000 
-0.862809 0.000000 
-0.861809 0.000000 
-0.860809 0.000000 
-0.859809 0.000000 
-0.858809 0.000000 
-0.857809 0.000000 
-0.856809 0.000000 
-0.855809 0.000000 
-0.854809 0.000000 
-0.853809 0.000000 
-0.852809 0.000000 
-0.851809 0.000000 
-0.850809 0.000000 
-0.849809 0.000000 
-0.848809 0.000000 
-0.847809 0.000000 
-0.846809 0.000000 
-0.845809 0.000000 
-0.844809 0.000000 
-0.843809 0.000000 
-0.842809 0.000000 
-0.841809 0.000000 
-0.840809 0.000000 
-0.839809 0.000000 
-0.838809 0.000000 
-0.837809 0.000000 
-0.836809 0.000000 
-0.835809 0.000000 
-0.834809 0.000000 
-0.833809 0.000000 
-0.832809 0.000000 
-0.831809 0.000000 
-0.830809 0.000000 
-0.829809 0.000000 
-0.828809 0.000000 
-0.827809 0.000000 
-0.826809 0.000000 
-0.825809 0.000000 
-0.824809 0.000000 
-0.823809 0.000000 
-0.822809 0.000000 
-0.821809 0.000000 
-0.820809 0.000000 
-0.819809 0.000000 
-0.818809 0.000000 
-0.817809 0.000000 
-0.816809 0.000000 
-0.815809 0.000000 
-0.814809 0.000000 
-0.813809 0.000000 
-0.812809 0.000000 
-0.811809 0.000000 
-0.810809 0.000000 
-0.809809 0.000000 
-0.808809 0.000000 
-0.807809 0.000000 
-0.806809 0.000000 
-0.805809 0.000000 
-0.804809 0.000000 
-0.803809 0.000000 
-0.802809 0.000000 
-0.801809 0.000000 
-0.800809 0.000000 
-0.799809 0.000000 
-0.798809 0.000000 
-0.797809 0.000000 
-0.796809 0.000000 
-0.795809 0.000000 
-0.794809 0.000000 
-0.793809 0.000000 
-0.792809 0.000000 
-0.791809 0.000000 
-0.790809 0.000000 
-0.789809 0.000000 
-0.788809 0.000000 
-0.787809 0.000000 
-0.786809 0.000000 
-0.785809 0.000000 
-0.784809 0.000000 
-0.783809 0.000000 
-0.782809 0.000000 
-0.781809 0.000000 
-0.780809 0.000000 
-0.779809 0.000000 
-0.778809 0.000000 
-0.777809 0.000000 
-0.776809 0.000000 
-0.775809 0.000000 
-0.774809 0.000000 
-0.773809 0.000000 
-0.772809 0.000000 
-0.771809 0.000000 
-0.770809 0.000000 
-0.769809 0.000000 
-0.768809 0.000000 
-0.767809 0.000000 
-0.766809 0.000000 
-0.765809 0.000000 
-0.764809 0.000000 
-0.763809 0.000000 
-0.762809 0.000000 
-0.761809 0.000000 
-0.760809 0.000000 
-0.759809 0.000000 
-0.758809 0.000000 
-0.757809 0.000000 
-0.756809 0.000000 
-0.755809 0.000000 
-0.754809 0.000000 
-0.753809 0.000000 
-0.752809 0.000000 
-0.751809 0.000000 
-0.750809 0.000000 
-0.749809 0.000000 
-0.748809 0.000000 
-0.747809 0.000000 
-0.746809 0.000000 
-0.745809 0.000000 
-0.744809 0.000000 
-0.743809 0.000000 
-0.742809 0.000000 
-0.741809 0.000000 
-0.740809 0.000000 
-0.739809 0.000000 
-0.738809 0.000000 
-0.737809 0.000000 
-0.736809 0.000000 
-0.735809 0.000000 
-0.734809 0.000000 
-0.733809 0.000000 
-0.732809 0.000000 
-0.731809 0.000000 
-0.730809 0.000000 
-0.729809 0.000000 
-0.728809 0.000000 
-0.727809 0.000000 
-0.726809 0.000000 
-0.725809 0.000000 
-0.724809 0.000000 
-0.723809 0.000000 
-0.722809 0.000000 
-0.721809 0.000000 
-0.720809 0.000000 
-0.719809 0.000000 
-0.718809 0.000000 
-0.717809 0.000000 
-0.716809 0.000000 
-0.715809 0.000000 
-0.714809 0.000000 
-0.713809 0.000000 
-0.712809 0.000000 
-0.711809 0.000000 
-0.710809 0.000000 
-0.709809 0.000000 
-0.708809 0.000000 
-0.707809 0.000000 
-0.706809 0.000000 
-0.705809 0.000000 
-0.704809 0.000000 
-0.703809 0.000000 
-0.702809 0.000000 
-0.701809 0.000000 
-0.700809 0.000000 
-0.699809 0.000000 
-0.698809 0.000000 
-0.697809 0.000000 
-0.696809 0.000000 
-0.695809 0.000000 
-0.694809 0.000000 
-0.693809 0.000000 
-0.692809 0.000000 
-0.691809 0.000000 
-0.690809 0.000000 
-0.689809 0.000000 
-0.688809 0.000000 
-0.687809 0.000000 
-0.686809 0.000000 
-0.685809 0.000000 
-0.684809 0.000000 
-0.683809 0.000000 
-0.682809 0.000000 
-0.681809 0.000000 
-0.680809 0.000000 
-0.679809 0.000000 
-0.678809 0.000000 
-0.677809 0.000000 
-0.676809 0.000000 
-0.675809 0.000000 
-0.674809 0.000000 
-0.673809 0.000000 
-0.672809 0.000000 
-0.671809 0.000000 
-0.670809 0.000000 
-0.669809 0.000000 
-0.668809 0.000000 
-0.667809 0.000000 
-0.666809 0.000000 
-0.665809 0.000000 
-0.664809 0.000000 
-0.663809 0.000000 
-0.662809 0.000000 
-0.661809 0.000000 
-0.660809 0.000000 
-0.659809 0.000000 
-0.658809 0.000000 
-0.657809 0.000000 
-0.656809 0.000000 
-0.655809 0.000000 
-0.654809 0.000000 
-0.653809 0.000000 
-0.652809 0.000000 
-0.651809 0.000000 
-0.650809 0.000000 
-0.649809 0.000000 
-0.648809 0.000000 
-0.647809 0.000000 
-0.646809 0.000000 
-0.645809 0.000000 
-0.644809 0.000000 
-0.643809 0.000000 
-0.642809 0.000000 
-0.641809 0.000000 
-0.640809 0.000000 
-0.639809 0.000000 
-0.638809 0.000000 
-0.637809 0.000000 
-0.636809 0.000000 
-0.635809 0.000000 
-0.634809 0.000000 
-0.633809 0.000000 
-0.632809 0.000000 
-0.631809 0.000000 
-0.630809 0.000000 
-0.629809 0.000000 
-0.628809 0.000000 
-0.627809 0.000000 
-0.626809 0.000000 
-0.625809 0.000000 
-0.624809 0.000000 
-0.623809 0.000000 
-0.622809 0.000000 
-0.621809 0.000000 
-0.620809 0.000000 
-0.619809 0.000000 
-0.618809 0.000000 
-0.617809 0.000000 
-0.616809 0.000000 
-0.615809 0.000000 
-0.614809 0.000000 
-0.613809 0.000000 
-0.612809 0.000000 
-0.611809 0.000000 
-0.610809 0.000000 
-0.609809 0.000000 
-0.608809 0.000000 
-0.607809 0.000000 
-0.606809 0.000000 
-0.605809 0.000000 
-0.604809 0.000000 
-0.603809 0.000000 
-0.602809 0.000000 
-0.601809 0.000000 
-0.600809 0.000000 
-0.599809 0.000000 
-0.598809 0.000000 
-0.597809 0.000000 
-0.596809 0.000000 
-0.595809 0.000000 
-0.594809 0.000000 
-0.593809 0.000000 
-0.592809 0.000000 
-0.591809 0.000000 
-0.590809 0.000000 
-0.589809 0.000000 
-0.588809 0.000000 
-0.587809 0.000000 
-0.586809 0.000000 
-0.585809 0.000000 
-0.584809 0.000000 
-0.583809 0.000000 
-0.582809 0.000000 
-0.581809 0.000000 
-0.580809 0.000000 
-0.579809 0.000000 
-0.578809 0.000000 
-0.577809 0.000000 
-0.576809 0.000000 
-0.575809 0.000000 
-0.574809 0.000000 
-0.573809 0.000000 
-0.572809 0.000000 
-0.571809 0.000000 
-0.570809 0.000000 
-0.569809 0.000000 
-0.568809 0.000000 
-0.567809 0.000000 
-0.566809 0.000000 
-0.565809 0.000000 
-0.564809 0.000000 
-0.563809 0.000000 
-0.562809 0.000000 
-0.561809 0.000000 
-0.560809 0.000000 
-0.559809 0.000000 
-0.558809 0.000000 
-0.557809 0.000000 
-0.556809 0.000000 
-0.555809 0.000000 
-0.554809 0.000000 
-0.553809 0.000000 
-0.552809 0.000000 
-0.551809 0.000000 
-0.550809 0.000000 
-0.549809 0.000000 
-0.548809 0.000000 
-0.547809 0.000000 
-0.546809 0.000000 
-0.545809 0.000000 
-0.544809 0.000000 
-0.543809 0.000000 
-0.542809 0.000000 
-0.541809 0.000000 
-0.540809 0.000000 
-0.539809 0.000000 
-0.538809 0.000000 
-0.537809 0.000000 
-0.536809 0.000000 
-0.535809 0.000000 
-0.534809 0.000000 
-0.533809 0.000000 
-0.532809 0.000000 
-0.531809 0.000000 
-0.530809 0.000000 
-0.529809 0.000000 
-0.528809 0.000000 
-0.527809 0.000000 
-0.526809 0.000000 
-0.525809 0.000000 
-0.524809 0.000000 
-0.523809 0.000000 
-0.522809 0.000000 
-0.521809 0.000000 
-0.520809 0.000000 
-0.519809 0.000000 
-0.518809 0.000000 
-0.517809 0.000000 
-0.516809 0.000000 
-0.515809 0.000000 
-0.514809 0.000000 
-0.513809 0.000000 
-0.512809 0.000000 
-0.511809 0.000000 
-0.510809 0.000000 
-0.509809 0.000000 
-0.508809 0.000000 
-0.507809 0.000000 
-0.506809 0.000000 
-0.505809 0.000000 
-0.504809 0.000000 
-0.503809 0.000000 
-0.502809 0.000000 
-0.501809 0.000000 
-0.500809 0.000000 
-0.499809 0.000000 
-0.498809 0.000000 
-0.497809 0.000000 
-0.496809 0.000000 
-0.495809 0.000000 
-0.494809 0.000000 
-0.493809 0.000000 
-0.492809 0.000000 
-0.491809 0.000000 
-0.490809 0.000000 
-0.489809 0.000000 
-0.488809 0.000000 
-0.487809 0.000000 
-0.486809 0.000000 
-0.485809 0.000000 
-0.484809 0.000000 
-0.483809 0.000000 
-0.482809 0.000000 
-0.481809 0.000000 
-0.480809 0.000000 
-0.479809 0.000000 
-0.478809 0.000000 
-0.477809 0.000000 
-0.476809 0.000000 
-0.475809 0.000000 
-0.474809 0.000000 
-0.473809 0.000000 
-0.472809 0.000000 
-0.471809 0.000000 
-0.470809 0.000000 
-0.469809 0.000000 
-0.468809 0.000000 
-0.467809 0.000000 
-0.466809 0.000000 
-0.465809 0.000000 
-0.464809 0.000000 
-0.463809 0.000000 
-0.462809 0.000000 
-0.461809 0.000000 
-0.460809 0.000000 
-0.459809 0.000000 
-0.458809 0.000000 
-0.457809 0.000000 
-0.456809 0.000000 
-0.455809 0.000000 
-0.454809 0.000000 
-0.453809 0.000000 
-0.452809 0.000000 
-0.451809 0.000000 
-0.450809 0.000000 
-0.449809 0.000000 
-0.448809 0.000000 
-0.447809 0.000000 
-0.446809 0.000000 
-0.445809 0.000000 
-0.444809 0.000000 
-0.443809 0.000000 
-0.442809 0.000000 
-0.441809 0.000000 
-0.440809 0.000000 
-0.439809 0.000000 
-0.438809 0.000000 
-0.437809 0.000000 
-0.436809 0.000000 
-0.435809 0.000000 
-0.434809 0.000000 
-0.433809 0.000000 
-0.432809 0.000000 
-0.431809 0.000000 
-0.430809 0.000000 
-0.429809 0.000000 
-0.428809 0.000000 
-0.427809 0.000000 
-0.426809 0.000000 
-0.425809 0.000000 
-0.424809 0.000000 
-0.423809 0.000000 
-0.422809 0.000000 
-0.421809 0.000000 
-0.420809 0.000000 
-0.419809 0.000000 
-0.418809 0.000000 
-0.417809 0.000000 
-0.416809 0.000000 
-0.415809 0.000000 
-0.414809 0.000000 
-0.413809 0.000000 
-0.412809 0.000000 
-0.411809 0.000000 
-0.410809 0.000000 
-0.409809 0.000000 
-0.408809 0.000000 
-0.407809 0.000000 
-0.406809 0.000000 
-0.405809 0.000000 
-0.404809 0.000000 
-0.403809 0.000000 
-0.402809 0.000000 
-0.401809 0.000000 
-0.400809 0.000000 
-0.399809 0.000000 
-0.398809 0.000000 
-0.397809 0.000000 
-0.396809 0.000000 
-0.395809 0.000000 
-0.394809 0.000000 
-0.393809 0.000000 
-0.392809 0.000000 
-0.391809 0.000000 
-0.390809 0.000000 
-0.389809 0.000000 
-0.388809 0.000000 
-0.387809 0.000000 
-0.386809 0.000000 
-0.385809 0.000000 
-0.384809 0.000000 
-0.383809 0.000000 
-0.382809 0.000000 
-0.381809 0.000000 
-0.380809 0.000000 
-0.379809 0.000000 
-0.378809 0.000000 
-0.377809 0.000000 
-0.376809 0.000000 
-0.375809 0.000000 
-0.374809 0.000000 
-0.373809 0.000000 
-0.372809 0.000000 
-0.371809 0.000000 
-0.370809 0.000000 
-0.369809 0.000000 
-0.368809 0.000000 
-0.367809 0.000000 
-0.366809 0.000000 
-0.365809 0.000000 
-0.364809 0.000000 
-0.363809 0.000000 
-0.362809 0.000000 
-0.361809 0.000000 
-0.360809 0.000000 
-0.359809 0.000000 
-0.358809 0.000000 
-0.357809 0.000000 
-0.356809 0.000000 
-0.355809 0.000000 
-0.354809 0.000000 
-0.353809 0.000000 
-0.352809 0.000000 
-0.351809 0.000000 
-0.350809 0.000000 
-0.349809 0.000000 
-0.348809 0.000000 
-0.347809 0.000000 
-0.346809 0.000000 
-0.345809 0.000000 
-0.344809 0.000000 
-0.343809 0.000000 
-0.342809 0.000000 
-0.341809 0.000000 
-0.340809 0.000000 
-0.339809 0.000000 
-0.338809 0.000000 
-0.337809 0.000000 
-0.336809 0.000000 
-0.335809 0.000000 
-0.334809 0.000000 
-0.333809 0.000000 
-0.332809 0.000000 
-0.331809 0.000000 
-0.330809 0.000000 
-0.329809 0.000000 
-0.328809 0.000000 
-0.327809 0.000000 
-0.326809 0.000000 
-0.325809 0.000000 
-0.324809 0.000000 
-0.323809 0.000000 
-0.322809 0.000000 
-0.321809 0.000000 
-0.320809 0.000000 
-0.319809 0.000000 
-0.318809 0.000000 
-0.317809 0.000000 
-0.316809 0.000000 
-0.315809 0.000000 
-0.314809 0.000000 
-0.313809 0.000000 
-0.312809 0.000000 
-0.311809 0.000000 
-0.310809 0.000000 
-0.309809 0.000000 
-0.308809 0.000000 
-0.307809 0.000000 
-0.306809 0.000000 
-0.305809 0.000000 
-0.304809 0.000000 
-0.303809 0.000000 
-0.302809 0.000000 
-0.301809 0.000000 
-0.300809 0.000000 
-0.299809 0.000000 
-0.298809 0.000000 
-0.297809 0.000000 
-0.296809 0.000000 
-0.295809 0.000000 
-0.294809 0.000000 
-0.293809 0.000000 
-0.292809 0.000000 
-0.291809 0.000000 
-0.290809 0.000000 
-0.289809 0.000000 
-0.288809 0.000000 
-0.287809 0.000000 
-0.286809 0.000000 
-0.285809 0.000000 
-0.284809 0.000000 
-0.283809 0.000000 
-0.282809 0.000000 
-0.281809 0.000000 
-0.280809 0.000000 
-0.279809 0.000000 
-0.278809 0.000000 
-0.277809 0.000000 
-0.276809 0.000000 
-0.275809 0.000000 
-0.274809 0.000000 
-0.273809 0.000000 
-0.272809 0.000000 
-0.271809 0.000000 
-0.270809 0.000000 
-0.269809 0.000000 
-0.268809 0.000000 
-0.267809 0.000000 
-0.266809 0.000000 
-0.265809 0.000000 
-0.264809 0.000000 
-0.263809 0.000000 
-0.262809 0.000000 
-0.261809 0.000000 
-0.260809 0.000000 
-0.259809 0.000000 
-0.258809 0.000000 
-0.257809 0.000000 
-0.256809 0.000000 
-0.255809 0.000000 
-0.254809 0.000000 
-0.253809 0.000000 
-0.252809 0.000000 
-0.251809 0.000000 
-0.250809 0.000000 
-0.249809 0.000000 
-0.248809 0.000000 
-0.247809 0.000000 
-0.246809 0.000000 
-0.245809 0.000000 
-0.244809 0.000000 
-0.243809 0.000000 
-0.242809 0.000000 
-0.241809 0.000000 
-0.240809 0.000000 
-0.239809 0.000000 
-0.238809 0.000000 
-0.237809 0.000000 
-0.236809 0.000000 
-0.235809 0.000000 
-0.234809 0.000000 
-0.233809 0.000000 
-0.232809 0.000000 
-0.231809 0.000000 
-0.230809 0.000000 
-0.229809 0.000000 
-0.228809 0.000000 
-0.227809 0.000000 
-0.226809 0.000000 
-0.225809 0.000000 
-0.224809 0.000000 
-0.223809 0.000000 
-0.222809 0.000000 
-0.221809 0.000000 
-0.220809 0.000000 
-0.219809 0.000000 
-0.218809 0.000000 
-0.217809 0.000000 
-0.216809 0.000000 
-0.215809 0.000000 
-0.214809 0.000000 
-0.213809 0.000000 
-0.212809 0.000000 
-0.211809 0.000000 
-0.210809 0.000000 
-0.209809 0.000000 
-0.208809 0.000000 
-0.207809 0.000000 
-0.206809 0.000000 
-0.205809 0.000000 
-0.204809 0.000000 
-0.203809 0.000000 
-0.202809 0.000000 
-0.201809 0.000000 
-0.200809 0.000000 
-0.199809 0.000000 
-0.198809 0.000000 
-0.197809 0.000000 
-0.196809 0.000000 
-0.195809 0.000000 
-0.194809 0.000000 
-0.193809 0.000000 
-0.192809 0.000000 
-0.191809 0.000000 
-0.190809 0.000000 
-0.189809 0.000000 
-0.188809 0.000000 
-0.187809 0.000000 
-0.186809 0.000000 
-0.185809 0.000000 
-0.184809 0.000000 
-0.183809 0.000000 
-0.182809 0.000000 
-0.181809 0.000000 
-0.180809 0.000000 
-0.179809 0.000000 
-0.178809 0.000000 
-0.177809 0.000000 
-0.176809 0.000000 
-0.175809 0.000000 
-0.174809 0.000000 
-0.173809 0.000000 
-0.172809 0.000000 
-0.171809 0.000000 
-0.170809 0.000000 
-0.169809 0.000000 
-0.168809 0.000000 
-0.167809 0.000000 
-0.166809 0.000000 
-0.165809 0.000000 
-0.164809 0.000000 
-0.163809 0.000000 
-0.162809 0.000000 
-0.161809 0.000000 
-0.160809 0.000000 
-0.159809 0.000000 
-0.158809 0.000000 
-0.157809 0.000000 
-0.156809 0.000000 
-0.155809 0.000000 
-0.154809 0.000000 
-0.153809 0.000000 
-0.152809 0.000000 
-0.151809 0.000000 
-0.150809 0.000000 
-0.149809 0.000000 
-0.148809 0.000000 
-0.147809 0.000000 
-0.146809 0.000000 
-0.145809 0.000000 
-0.144809 0.000000 
-0.143809 0.000000 
-0.142809 0.000000 
-0.141809 0.000000 
-0.140809 0.000000 
-0.139809 0.000000 
-0.138809 0.000000 
-0.137809 0.000000 
-0.136809 0.000000 
-0.135809 0.000000 
-0.134809 0.000000 
-0.133809 0.000000 
-0.132809 0.000000 
-0.131809 0.000000 
-0.130809 0.000000 
-0.129809 0.000000 
-0.128809 0.000000 
-0.127809 0.000000 
-0.126809 0.000000 
-0.125809 0.000000 
-0.124809 0.000000 
-0.123809 0.000000 
-0.122809 0.000000 
-0.121809 0.000000 
-0.120809 0.000000 
-0.119809 0.000000 
-0.118809 0.000000 
-0.117809 0.000000 
-0.116809 0.000000 
-0.115809 0.000000 
-0.114809 0.000000 
-0.113809 0.000000 
-0.112809 0.000000 
-0.111809 0.000000 
-0.110809 0.000000 
-0.109809 0.000000 
-0.108809 0.000000 
-0.107809 0.000000 
-0.106809 0.000000 
-0.105809 0.000000 
-0.104809 0.000000 
-0.103809 0.000000 
-0.102809 0.000000 
-0.101809 0.000000 
-0.100809 0.000000 
-0.099809 0.000000 
-0.098809 0.000000 
-0.097809 0.000000 
-0.096809 0.000000 
-0.095809 0.000000 
-0.094809 0.000000 
-0.093809 0.000000 
-0.092809 0.000000 
-0.091809 0.000000 
-0.090809 0.000000 
-0.089809 0.000000 
-0.088809 0.000000 
-0.087809 0.000000 
-0.086809 0.000000 
-0.085809 0.000000 
-0.084809 0.000000 
-0.083809 0.000000 
-0.082809 0.000000 
-0.081809 0.000000 
-0.080809 0.000000 
-0.079809 0.000000 
-0.078809 0.000000 
-0.077809 0.000000 
-0.076809 0.000000 
-0.075809 0.000000 
-0.074809 0.000000 
-0.073809 0.000000 
-0.072809 0.000000 
-0.071809 0.000000 
-0.070809 0.000000 
-0.069809 0.000000 
-0.068809 0.000000 
-0.067809 0.000000 
-0.066809 0.000000 
-0.065809 0.000000 
-0.064809 0.000000 
-0.063809 0.000000 
-0.062809 0.000000 
-0.061809 0.000000 
-0.060809 0.000000 
-0.059809 -0.000087 
-0.058809 -0.000293 
-0.057809 -0.000575 
-0.056809 -0.000916 
-0.055809 -0.001309 
-0.054809 -0.001745 
-0.053809 -0.002220 
-0.052809 -0.002728 
-0.051809 -0.003265 
-0.050809 -0.003828 
-0.049809 -0.004412 
-0.048809 -0.005015 
-0.047809 -0.005634 
-0.046809 -0.006265 
-0.045809 -0.006907 
-0.044809 -0.007556 
-0.043809 -0.008211 
-0.042809 -0.008868 
-0.041809 -0.009526 
-0.040809 -0.010182 
-0.039809 -0.010836 
-0.038809 -0.011483 
-0.037809 -0.012124 
-0.036809 -0.012756 
-0.035809 -0.013378 
-0.034809 -0.013987 
-0.033809 -0.014583 
-0.032809 -0.015165 
-0.031809 -0.015730 
-0.030809 -0.016278 
-0.029809 -0.016808 
-0.028809 -0.017318 
-0.027809 -0.017808 
-0.026809 -0.018277 
-0.025809 -0.018725 
-0.024809 -0.019150 
-0.023809 -0.019553 
-0.022809 -0.019932 
-0.021809 -0.020288 
-0.020809 -0.020621 
-0.019809 -0.020930 
-0.018809 -0.021214 
-0.017809 -0.021476 
-0.016809 -0.021714 
-0.015809 -0.021928 
-0.014809 -0.022119 
-0.013809 -0.022288 
-0.012809 -0.022434 
-0.011809 -0.022557 
-0.010809 -0.022653 
-0.009809 -0.022724 
-0.008809 -0.022787 
-0.007809 -0.022842 
-0.006809 -0.022889 
-0.005809 -0.022930 
-0.004809 -0.022963 
-0.003809 -0.022990 
-0.002809 -0.023011 
-0.001809 -0.023025 
-0.000809 -0.023033 
0.000191 -0.023035 
0.001191 -0.023031 
0.002191 -0.023020 
0.003191 -0.023004 
0.004191 -0.022981 
0.005191 -0.022951 
0.006191 -0.022915 
0.007191 -0.022872 
0.008191 -0.022822 
0.009191 -0.022764 
0.010191 -0.022698 
0.011191 -0.022620 
0.012191 -0.022512 
0.013191 -0.022381 
0.014191 -0.022226 
0.015191 -0.022049 
0.016191 -0.021849 
0.017191 -0.021625 
0.018191 -0.021378 
0.019191 -0.021108 
0.020191 -0.020814 
0.021191 -0.020496 
0.022191 -0.020155 
0.023191 -0.019790 
0.024191 -0.019401 
0.025191 -0.018990 
0.026191 -0.018556 
0.027191 -0.018100 
0.028191 -0.017623 
0.029191 -0.017125 
0.030191 -0.016607 
0.031191 -0.016070 
0.032191 -0.015515 
0.033191 -0.014944 
0.034191 -0.014357 
0.035191 -0.013755 
0.036191 -0.013141 
0.037191 -0.012515 
0.038191 -0.011880 
0.039191 -0.011236 
0.040191 -0.010586 
0.041191 -0.009931 
0.042191 -0.009274 
0.043191 -0.008616 
0.044191 -0.007960 
0.045191 -0.007307 
0.046191 -0.006660 
0.047191 -0.006022 
0.048191 -0.005395 
0.049191 -0.004782 
0.050191 -0.004186 
0.051191 -0.003610 
0.052191 -0.003056 
0.053191 -0.002530 
0.054191 -0.002034 
0.055191 -0.001573 
0.056191 -0.001153 
0.057191 -0.000779 
0.058191 -0.000459 
0.059191 -0.000204 
0.060191 -0.000034 
0.061191 0.000000 
0.062191 0.000000 
0.063191 0.000000 
0.064191 0.000000 
0.065191 0.000000 
0.066191 0.000000 
0.067191 0.000000 
0.068191 0.000000 
0.069191 0.000000 
0.070191 0.000000 
0.071191 0.000000 
0.072191 0.000000 
0.073191 0.000000 
0.074191 0.000000 
0.075191 0.000000 
0.076191 0.000000 
0.077191 0.000000 
0.078191 0.000000 
0.079191 0.000000 
0.080191 0.000000 
0.081191 0.000000 
0.082191 0.000000 
0.083191 0.000000 
0.084191 0.000000 
0.085191 0.000000 
0.086191 0.000000 
0.087191 0.000000 
0.088191 0.000000 
0.089191 0.000000 
0.090191 0.000000 
0.091191 0.000000 
0.092191 0.000000 
0.093191 0.000000 
0.094191 0.000000 
0.095191 0.000000 
0.096191 0.000000 
0.097191 0.000000 
0.098191 0.000000 
0.099191 0.000000 
0.100191 0.000000 
0.101191 0.000000 
0.102191 0.000000 
0.103191 0.000000 
0.104191 0.000000 
0.105191 0.000000 
0.106191 0.000000 
0.107191 0.000000 
0.108191 0.000000 
0.109191 0.000000 
0.110191 0.000000 
0.111191 0.000000 
0.112191 0.000000 
0.113191 0.000000 
0.114191 0.000000 
0.115191 0.000000 
0.116191 0.000000 
0.117191 0.000000 
0.118191 0.000000 
0.119191 0.000000 
0.120191 0.000000 
0.121191 0.000000 
0.122191 0.000000 
0.123191 0.000000 
0.124191 0.000000 
0.125191 0.000000 
0.126191 0.000000 
0.127191 0.000000 
0.128191 0.000000 
0.129191 0.000000 
0.130191 0.000000 
0.131191 0.000000 
0.132191 0.000000 
0.133191 0.000000 
0.134191 0.000000 
0.135191 0.000000 
0.136191 0.000000 
0.137191 0.000000 
0.138191 0.000000 
0.139191 0.000000 
0.140191 0.000000 
0.141191 0.000000 
0.142191 0.000000 
0.143191 0.000000 
0.144191 0.000000 
0.145191 0.000000 
0.146191 0.000000 
0.147191 0.000000 
0.148191 0.000000 
0.149191 0.000000 
0.150191 0.000000 
0.151191 0.000000 
0.152191 0.000000 
0.153191 0.000000 
0.154191 0.000000 
0.155191 0.000000 
0.156191 0.000000 
0.157191 0.000000 
0.158191 0.000000 
0.159191 0.000000 
0.160191 0.000000 
0.161191 0.000000 
0.162191 0.000000 
0.163191 0.000000 
0.164191 0.000000 
0.165191 0.000000 
0.166191 0.000000 
0.167191 0.000000 
0.168191 0.000000 
0.169191 0.000000 
0.170191 0.000000 
0.171191 0.000000 
0.172191 0.000000 
0.173191 0.000000 
0.174191 0.000000 
0.175191 0.000000 
0.176191 0.000000 
0.177191 0.000000 
0.178191 0.000000 
0.179191 0.000000 
0.180191 0.000000 
0.181191 0.000000 
0.182191 0.000000 
0.183191 0.000000 
0.184191 0.000000 
0.185191 0.000000 
0.186191 0.000000 
0.187191 0.000000 
0.188191 0.000000 
0.189191 0.000000 
0.190191 0.000000 
0.191191 0.000000 
0.192191 0.000000 
0.193191 0.000000 
0.194191 0.000000 
0.195191 0.000000 
0.196191 0.000000 
0.197191 0.000000 
0.198191 0.000000 
0.199191 0.000000 
0.200191 0.000000 
0.201191 0.000000 
0.202191 0.000000 
0.203191 0.000000 
0.204191 0.000000 
0.205191 0.000000 
0.206191 0.000000 
0.207191 0.000000 
0.208191 0.000000 
0.209191 0.000000 
0.210191 0.000000 
0.211191 0.000000 
0.212191 0.000000 
0.213191 0.000000 
0.214191 0.000000 
0.215191 0.000000 
0.216191 0.000000 
0.217191 0.000000 
0.218191 0.000000 
0.219191 0.000000 
0.220191 0.000000 
0.221191 0.000000 
0.222191 0.000000 
0.223191 0.000000 
0.224191 0.000000 
0.225191 0.000000 
0.226191 0.000000 
0.227191 0.000000 
0.228191 0.000000 
0.229191 0.000000 
0.230191 0.000000 
0.231191 0.000000 
0.232191 0.000000 
0.233191 0.000000 
0.234191 0.000000 
0.235191 0.000000 
0.236191 0.000000 
0.237191 0.000000 
0.238191 0.000000 
0.239191 0.000000 
0.240191 0.000000 
0.241191 0.000000 
0.242191 0.000000 
0.243191 0.000000 
0.244191 0.000000 
0.245191 0.000000 
0.246191 0.000000 
0.247191 0.000000 
0.248191 0.000000 
0.249191 0.000000 
0.250191 0.000000 
0.251191 0.000000 
0.252191 0.000000 
0.253191 0.000000 
0.254191 0.000000 
0.255191 0.000000 
0.256191 0.000000 
0.257191 0.000000 
0.258191 0.000000 
0.259191 0.000000 
0.260191 0.000000 
0.261191 0.000000 
0.262191 0.000000 
0.263191 0.000000 
0.264191 0.000000 
0.265191 0.000000 
0.266191 0.000000 
0.267191 0.000000 
0.268191 0.000000 
0.269191 0.000000 
0.270191 0.000000 
0.271191 0.000000 
0.272191 0.000000 
0.273191 0.000000 
0.274191 0.000000 
0.275191 0.000000 
0.276191 0.000000 
0.277191 0.000000 
0.278191 0.000000 
0.279191 0.000000 
0.280191 0.000000 
0.281191 0.000000 
0.282191 0.000000 
0.283191 0.000000 
0.284191 0.000000 
0.285191 0.000000 
0.286191 0.000000 
0.287191 0.000000 
0.288191 0.000000 
0.289191 0.000000 
0.290191 0.000000 
0.291191 0.000000 
0.292191 0.000000 
0.293191 0.000000 
0.294191 0.000000 
0.295191 0.000000 
0.296191 0.000000 
0.297191 0.000000 
0.298191 0.000000 
0.299191 0.000000 
0.300191 0.000000 
0.301191 0.000000 
0.302191 0.000000 
0.303191 0.000000 
0.304191 0.000000 
0.305191 0.000000 
0.306191 0.000000 
0.307191 0.000000 
0.308191 0.000000 
0.309191 0.000000 
0.310191 0.000000 
0.311191 0.000000 
0.312191 0.000000 
0.313191 0.000000 
0.314191 0.000000 
0.315191 0.000000 
0.316191 0.000000 
0.317191 0.000000 
0.318191 0.000000 
0.319191 0.000000 
0.320191 0.000000 
0.321191 0.000000 
0.322191 0.000000 
0.323191 0.000000 
0.324191 0.000000 
0.325191 0.000000 
0.326191 0.000000 
0.327191 0.000000 
0.328191 0.000000 
0.329191 0.000000 
0.330191 0.000000 
0.331191 0.000000 
0.332191 0.000000 
0.333191 0.000000 
0.334191 0.000000 
0.335191 0.000000 
0.336191 0.000000 
0.337191 0.000000 
0.338191 0.000000 
0.339191 0.000000 
0.340191 0.000000 
0.341191 0.000000 
0.342191 0.000000 
0.343191 0.000000 
0.344191 0.000000 
0.345191 0.000000 
0.346191 0.000000 
0.347191 0.000000 
0.348191 0.000000 
0.349191 0.000000 
0.350191 0.000000 
0.351191 0.000000 
0.352191 0.000000 
0.353191 0.000000 
0.354191 0.000000 
0.355191 0.000000 
0.356191 0.000000 
0.357191 0.000000 
0.358191 0.000000 
0.359191 0.000000 
0.360191 0.000000 
0.361191 0.000000 
0.362191 0.000000 
0.363191 0.000000 
0.364191 0.000000 
0.365191 0.000000 
0.366191 0.000000 
0.367191 0.000000 
0.368191 0.000000 
0.369191 0.000000 
0.370191 0.000000 
0.371191 0.000000 
0.372191 0.000000 
0.373191 0.000000 
0.374191 0.000000 
0.375191 0.000000 
0.376191 0.000000 
0.377191 0.000000 
0.378191 0.000000 
0.379191 0.000000 
0.380191 0.000000 
0.381191 0.000000 
0.382191 0.000000 
0.383191 0.000000 
0.384191 0.000000 
0.385191 0.000000 
0.386191 0.000000 
0.387191 0.000000 
0.388191 0.000000 
0.389191 0.000000 
0.390191 0.000000 
0.391191 0.000000 
0.392191 0.000000 
0.393191 0.000000 
0.394191 0.000000 
0.395191 0.000000 
0.396191 0.000000 
0.397191 0.000000 
0.398191 0.000000 
0.399191 0.000000 
0.400191 0.000000 
0.401191 0.000000 
0.402191 0.000000 
0.403191 0.000000 
0.404191 0.000000 
0.405191 0.000000 
0.406191 0.000000 
0.407191 0.000000 
0.408191 0.000000 
0.409191 0.000000 
0.410191 0.000000 
0.411191 0.000000 
0.412191 0.000000 
0.413191 0.000000 
0.414191 0.000000 
0.415191 0.000000 
0.416191 0.000000 
0.417191 0.000000 
0.418191 0.000000 
0.419191 0.000000 
0.420191 0.000000 
0.421191 0.000000 
0.422191 0.000000 
0.423191 0.000000 
0.424191 0.000000 
0.425191 0.000000 
0.426191 0.000000 
0.427191 0.000000 
0.428191 0.000000 
0.429191 0.000000 
0.430191 0.000000 
0.431191 0.000000 
0.432191 0.000000 
0.433191 0.000000 
0.434191 0.000000 
0.435191 0.000000 
0.436191 0.000000 
0.437191 0.000000 
0.438191 0.000000 
0.439191 0.000000 
0.440191 0.000000 
0.441191 0.000000 
0.442191 0.000000 
0.443191 0.000000 
0.444191 0.000000 
0.445191 0.000000 
0.446191 0.000000 
0.447191 0.000000 
0.448191 0.000000 
0.449191 0.000000 
0.450191 0.000000 
0.451191 0.000000 
0.452191 0.000000 
0.453191 0.000000 
0.454191 0.000000 
0.455191 0.000000 
0.456191 0.000000 
0.457191 0.000000 
0.458191 0.000000 
0.459191 0.000000 
0.460191 0.000000 
0.461191 0.000000 
0.462191 0.000000 
0.463191 0.000000 
0.464191 0.000000 
0.465191 0.000000 
0.466191 0.000000 
0.467191 0.000000 
0.468191 0.000000 
0.469191 0.000000 
0.470191 0.000000 
0.471191 0.000000 
0.472191 0.000000 
0.473191 0.000000 
0.474191 0.000000 
0.475191 0.000000 
0.476191 0.000000 
0.477191 0.000000 
0.478191 0.000000 
0.479191 0.000000 
0.480191 0.000000 
0.481191 0.000000 
0.482191 0.000000 
0.483191 0.000000 
0.484191 0.000000 
0.485191 0.000000 
0.486191 0.000000 
0.487191 0.000000 
0.488191 0.000000 
0.489191 0.000000 
0.490191 0.000000 
0.491191 0.000000 
0.492191 0.000000 
0.493191 0.000000 
0.494191 0.000000 
0.495191 0.000000 
0.496191 0.000000 
0.497191 0.000000 
0.498191 0.000000 
0.499191 0.000000 
0.500191 0.000000 
0.501191 0.000000 
0.502191 0.000000 
0.503191 0.000000 
0.504191 0.000000 
0.505191 0.000000 
0.506191 0.000000 
0.507191 0.000000 
0.508191 0.000000 
0.509191 0.000000 
0.510191 0.000000 
0.511191 0.000000 
0.512191 0.000000 
0.513191 0.000000 
0.514191 0.000000 
0.515191 0.000000 
0.516191 0.000000 
0.517191 0.000000 
0.518191 0.000000 
0.519191 0.000000 
0.520191 0.000000 
0.521191 0.000000 
0.522191 0.000000 
0.523191 0.000000 
0.524191 0.000000 
0.525191 0.000000 
0.526191 0.000000 
0.527191 0.000000 
0.528191 0.000000 
0.529191 0.000000 
0.530191 0.000000 
0.531191 0.000000 
0.532191 0.000000 
0.533191 0.000000 
0.534191 0.000000 
0.535191 0.000000 
0.536191 0.000000 
0.537191 0.000000 
0.538191 0.000000 
0.539191 0.000000 
0.540191 0.000000 
0.541191 0.000000 
0.542191 0.000000 
0.543191 0.000000 
0.544191 0.000000 
0.545191 0.000000 
0.546191 0.000000 
0.547191 0.000000 
0.548191 0.000000 
0.549191 0.000000 
0.550191 0.000000 
0.551191 0.000000 
0.552191 0.000000 
0.553191 0.000000 
0.554191 0.000000 
0.555191 0.000000 
0.556191 0.000000 
0.557191 0.000000 
0.558191 0.000000 
0.559191 0.000000 
0.560191 0.000000 
0.561191 0.000000 
0.562191 0.000000 
0.563191 0.000000 
0.564191 0.000000 
0.565191 0.000000 
0.566191 0.000000 
0.567191 0.000000 
0.568191 0.000000 
0.569191 0.000000 
0.570191 0.000000 
0.571191 0.000000 
0.572191 0.000000 
0.573191 0.000000 
0.574191 0.000000 
0.575191 0.000000 
0.576191 0.000000 
0.577191 0.000000 
0.578191 0.000000 
0.579191 0.000000 
0.580191 0.000000 
0.581191 0.000000 
0.582191 0.000000 
0.583191 0.000000 
0.584191 0.000000 
0.585191 0.000000 
0.586191 0.000000 
0.587191 0.000000 
0.588191 0.000000 
0.589191 0.000000 
0.590191 0.000000 
0.591191 0.000000 
0.592191 0.000000 
0.593191 0.000000 
0.594191 0.000000 
0.595191 0.000000 
0.596191 0.000000 
0.597191 0.000000 
0.598191 0.000000 
0.599191 0.000000 
0.600191 0.000000 
0.601191 0.000000 
0.602191 0.000000 
0.603191 0.000000 
0.604191 0.000000 
0.605191 0.000000 
0.606191 0.000000 
0.607191 0.000000 
0.608191 0.000000 
0.609191 0.000000 
0.610191 0.000000 
0.611191 0.000000 
0.612191 0.000000 
0.613191 0.000000 
0.614191 0.000000 
0.615191 0.000000 
0.616191 0.000000 
0.617191 0.000000 
0.618191 0.000000 
0.619191 0.000000 
0.620191 0.000000 
0.621191 0.000000 
0.622191 0.000000 
0.623191 0.000000 
0.624191 0.000000 
0.625191 0.000000 
0.626191 0.000000 
0.627191 0.000000 
0.628191 0.000000 
0.629191 0.000000 
0.630191 0.000000 
0.631191 0.000000 
0.632191 0.000000 
0.633191 0.000000 
0.634191 0.000000 
0.635191 0.000000 
0.636191 0.000000 
0.637191 0.000000 
0.638191 0.000000 
0.639191 0.000000 
0.640191 0.000000 
0.641191 0.000000 
0.642191 0.000000 
0.643191 0.000000 
0.644191 0.000000 
0.645191 0.000000 
0.646191 0.000000 
0.647191 0.000000 
0.648191 0.000000 
0.649191 0.000000 
0.650191 0.000000 
0.651191 0.000000 
0.652191 0.000000 
0.653191 0.000000 
0.654191 0.000000 
0.655191 0.000000 
0.656191 0.000000 
0.657191 0.000000 
0.658191 0.000000 
0.659191 0.000000 
0.660191 0.000000 
0.661191 0.000000 
0.662191 0.000000 
0.663191 0.000000 
0.664191 0.000000 
0.665191 0.000000 
0.666191 0.000000 
0.667191 0.000000 
0.668191 0.000000 
0.669191 0.000000 
0.670191 0.000000 
0.671191 0.000000 
0.672191 0.000000 
0.673191 0.000000 
0.674191 0.000000 
0.675191 0.000000 
0.676191 0.000000 
0.677191 0.000000 
0.678191 0.000000 
0.679191 0.000000 
0.680191 0.000000 
0.681191 0.000000 
0.682191 0.000000 
0.683191 0.000000 
0.684191 0.000000 
0.685191 0.000000 
0.686191 0.000000 
0.687191 0.000000 
0.688191 0.000000 
0.689191 0.000000 
0.690191 0.000000 
0.691191 0.000000 
0.692191 0.000000 
0.693191 0.000000 
0.694191 0.000000 
0.695191 0.000000 
0.696191 0.000000 
0.697191 0.000000 
0.698191 0.000000 
0.699191 0.000000 
0.700191 0.000000 
0.701191 0.000000 
0.702191 0.000000 
0.703191 0.000000 
0.704191 0.000000 
0.705191 0.000000 
0.706191 0.000000 
0.707191 0.000000 
0.708191 0.000000 
0.709191 0.000000 
0.710191 0.000000 
0.711191 0.000000 
0.712191 0.000000 
0.713191 0.000000 
0.714191 0.000000 
0.715191 0.000000 
0.716191 0.000000 
0.717191 0.000000 
0.718191 0.000000 
0.719191 0.000000 
0.720191 0.000000 
0.721191 0.000000 
0.722191 0.000000 
0.723191 0.000000 
0.724191 0.000000 
0.725191 0.000000 
0.726191 0.000000 
0.727191 0.000000 
0.728191 0.000000 
0.729191 0.000000 
0.730191 0.000000 
0.731191 0.000000 
0.732191 0.000000 
0.733191 0.000000 
0.734191 0.000000 
0.735191 0.000000 
0.736191 0.000000 
0.737191 0.000000 
0.738191 0.000000 
0.739191 0.000000 
0.740191 0.000000 
0.741191 0.000000 
0.742191 0.000000 
0.743191 0.000000 
0.744191 0.000000 
0.745191 0.000000 
0.746191 0.000000 
0.747191 0.000000 
0.748191 0.000000 
0.749191 0.000000 
0.750191 0.000000 
0.751191 0.000000 
0.752191 0.000000 
0.753191 0.000000 
0.754191 0.000000 
0.755191 0.000000 
0.756191 0.000000 
0.757191 0.000000 
0.758191 0.000000 
0.759191 0.000000 
0.760191 0.000000 
0.761191 0.000000 
0.762191 0.000000 
0.763191 0.000000 
0.764191 0.000000 
0.765191 0.000000 
0.766191 0.000000 
0.767191 0.000000 
0.768191 0.000000 
0.769191 0.000000 
0.770191 0.000000 
0.771191 0.000000 
0.772191 0.000000 
0.773191 0.000000 
0.774191 0.000000 
0.775191 0.000000 
0.776191 0.000000 
0.777191 0.000000 
0.778191 0.000000 
0.779191 0.000000 
0.780191 0.000000 
0.781191 0.000000 
0.782191 0.000000 
0.783191 0.000000 
0.784191 0.000000 
0.785191 0.000000 
0.786191 0.000000 
0.787191 0.000000 
0.788191 0.000000 
0.789191 0.000000 
0.790191 0.000000 
0.791191 0.000000 
0.792191 0.000000 
0.793191 0.000000 
0.794191 0.000000 
0.795191 0.000000 
0.796191 0.000000 
0.797191 0.000000 
0.798191 0.000000 
0.799191 0.000000 
0.800191 0.000000 
0.801191 0.000000 
0.802191 0.000000 
0.803191 0.000000 
0.804191 0.000000 
0.805191 0.000000 
0.806191 0.000000 
0.807191 0.000000 
0.808191 0.000000 
0.809191 0.000000 
0.810191 0.000000 
0.811191 0.000000 
0.812191 0.000000 
0.813191 0.000000 
0.814191 0.000000 
0.815191 0.000000 
0.816191 0.000000 
0.817191 0.000000 
0.818191 0.000000 
0.819191 0.000000 
0.820191 0.000000 
0.821191 0.000000 
0.822191 0.000000 
0.823191 0.000000 
0.824191 0.000000 
0.825191 0.000000 
0.826191 0.000000 
0.827191 0.000000 
0.828191 0.000000 
0.829191 0.000000 
0.830191 0.000000 
0.831191 0.000000 
0.832191 0.000000 
0.833191 0.000000 
0.834191 0.000000 
0.835191 0.000000 
0.836191 0.000000 
0.837191 0.000000 
0.838191 0.000000 
0.839191 0.000000 
0.840191 0.000000 
0.841191 0.000000 
0.842191 0.000000 
0.843191 0.000000 
0.844191 0.000000 
0.845191 0.000000 
0.846191 0.000000 
0.847191 0.000000 
0.848191 0.000000 
0.849191 0.000000 
0.850191 0.000000 
0.851191 0.000000 
0.852191 0.000000 
0.853191 0.000000 
0.854191 0.000000 
0.855191 0.000000 
0.856191 0.000000 
0.857191 0.000000 
0.858191 0.000000 
0.859191 0.000000 
0.860191 0.000000 
0.861191 0.000000 
0.862191 0.000000 
0.863191 0.000000 
0.864191 0.000000 
0.865191 0.000000 
0.866191 0.000000 
0.867191 0.000000 
0.868191 0.000000 
0.869191 0.000000 
0.870191 0.000000 
0.871191 0.000000 
0.872191 0.000000 
0.873191 0.000000 
0.874191 0.000000 
0.875191 0.000000 
0.876191 0.000000 
0.877191 0.000000 
0.878191 0.000000 
0.879191 0.000000 
0.880191 0.000000 
0.881191 0.000000 
0.882191 0.000000 
0.883191 0.000000 
0.884191 0.000000 
0.885191 0.000000 
0.886191 0.000000 
0.887191 0.000000 
0.888191 0.000000 
0.889191 0.000000 
0.890191 0.000000 
0.891191 0.000000 
0.892191 0.000000 
0.893191 0.000000 
0.894191 0.000000 
0.895191 0.000000 
0.896191 0.000000 
0.897191 0.000000 
0.898191 0.000000 
0.899191 0.000000 
0.900191 0.000000 
0.901191 0.000000 
0.902191 0.000000 
0.903191 0.000000 
0.904191 0.000000 
0.905191 0.000000 
0.906191 0.000000 
0.907191 0.000000 
0.908191 0.000000 
0.909191 0.000000 
0.910191 0.000000 
0.911191 0.000000 
0.912191 0.000000 
0.913191 0.000000 
0.914191 0.000000 
0.915191 0.000000 
0.916191 0.000000 
0.917191 0.000000 
0.918191 0.000000 
0.919191 0.000000 
0.920191 0.000000 
0.921191 0.000000 
0.922191 0.000000 
0.923191 0.000000 
0.924191 0.000000 
0.925191 0.000000 
0.926191 0.000000 
0.927191 0.000000 
0.928191 0.000000 
0.929191 0.000000 
0.930191 0.000000 
0.931191 0.000000 
0.932191 0.000000 
0.933191 0.000000 
0.934191 0.000000 
0.935191 0.000000 
0.936191 0.000000 
0.937191 0.000000 
0.938191 0.000000 
0.939191 0.000000 
0.940191 0.000000 
0.941191 0.000000 
0.942191 0.000000 
0.943191 0.000000 
0.944191 0.000000 
0.945191 0.000000 
0.946191 0.000000 
0.947191 0.000000 
0.948191 0.000000 
0.949191 0.000000 
0.950191 0.000000 
0.951191 0.000000 
0.952191 0.000000 
0.953191 0.000000 
0.954191 0.000000 
0.955191 0.000000 
0.956191 0.000000 
0.957191 0.000000 
0.958191 0.000000 
0.959191 0.000000 
0.960191 0.000000 
0.961191 0.000000 
0.962191 0.000000 
0.963191 0.000000 
0.964191 0.000000 
0.965191 0.000000 
0.966191 0.000000 
0.967191 0.000000 
0.968191 0.000000 
0.969191 0.000000 
0.970191 0.000000 
0.971191 0.000000 
0.972191 0.000000 
0.973191 0.000000 
0.974191 0.000000 
0.975191 0.000000 
0.976191 0.000000 
0.977191 0.000000 
0.978191 0.000000 
0.979191 0.000000 
0.980191 0.000000 
0.981191 0.000000 
0.982191 0.000000 
0.983191 0.000000 
0.984191 0.000000 
0.985191 0.000000 
0.986191 0.000000 
0.987191 0.000000 
0.988191 0.000000 
0.989191 0.000000 
0.990191 0.000000 
0.991191 0.000000 
0.992191 0.000000 
0.993191 0.000000 
0.994191 0.000000 
0.995191 0.000000 
0.996191 0.000000 
0.997191 0.000000 
0.998191 0.000000 
0.999191 0.000000 
1.000191 0.000000 
1.001191 0.000000 
1.002191 0.000000 
1.003191 0.000000 
1.004191 0.000000 
1.005191 0.000000 
1.006191 0.000000 
1.007191 0.000000 
1.008191 0.000000 
1.009191 0.000000 
1.010191 0.000000 
1.011191 0.000000 
1.012191 0.000000 
1.013191 0.000000 
1.014191 0.000000 
1.015191 0.000000 
1.016191 0.000000 
1.017191 0.000000 
1.018191 0.000000 
1.019191 0.000000 
1.020191 0.000000 
1.021191 0.000000 
1.022191 0.000000 
1.023191 0.000000 
1.024191 0.000000 
1.025191 0.000000 
1.026191 0.000000 
1.027191 0.000000 
1.028191 0.000000 
1.029191 0.000000 
1.030191 0.000000 
1.031191 0.000000 
1.032191 0.000000 
1.033191 0.000000 
1.034191 0.000000 
1.035191 0.000000 
1.036191 0.000000 
1.037191 0.000000 
1.038191 0.000000 
1.039191 0.000000 
1.040191 0.000000 
1.041191 0.000000 
1.042191 0.000000 
1.043191 0.000000 
1.044191 0.000000 
1.045191 0.000000 
1.046191 0.000000 
1.047191 0.000000 
1.048191 0.000000 
1.049191 0.000000 
1.050191 0.000000 
1.051191 0.000000 
1.052191 0.000000 
1.053191 0.000000 
1.054191 0.000000 
1.055191 0.000000 
1.056191 0.000000 
1.057191 0.000000 
1.058191 0.000000 
1.059191 0.000000 
1.060191 0.000000 
1.061191 0.000000 
1.062191 0.000000 
1.063191 0.000000 
1.064191 0.000000 
1.065191 0.000000 
1.066191 0.000000 
1.067191 0.000000 
1.068191 0.000000 
1.069191 0.000000 
1.070191 0.000000 
1.071191 0.000000 
1.072191 0.000000 
1.073191 0.000000 
1.074191 0.000000 
1.075191 0.000000 
1.076191 0.000000 
1.077191 0.000000 
1.078191 0.000000 
1.079191 0.000000 
1.080191 0.000000 
1.081191 0.000000 
1.082191 0.000000 
1.083191 0.000000 
1.084191 0.000000 
1.085191 0.000000 
1.086191 0.000000 
1.087191 0.000000 
1.088191 0.000000 
1.089191 0.000000 
1.090191 0.000000 
1.091191 0.000000 
1.092191 0.000000 
1.093191 0.000000 
1.094191 0.000000 
1.095191 0.000000 
1.096191 0.000000 
1.097191 0.000000 
1.098191 0.000000 
1.099191 0.000000 
1.100191 0.000000 
1.101191 0.000000 
1.102191 0.000000 
1.103191 0.000000 
1.104191 0.000000 
1.105191 0.000000 
1.106191 0.000000 
1.107191 0.000000 
1.108191 0.000000 
1.109191 0.000000 
1.110191 0.000000 
1.111191 0.000000 
1.112191 0.000000 
1.113191 0.000000 
1.114191 0.000000 
1.115191 0.000000 
1.116191 0.000000 
1.117191 0.000000 
1.118191 0.000000 
1.119191 0.000000 
1.120191 0.000000 
1.121191 0.000000 
1.122191 0.000000 
1.123191 0.000000 
1.124191 0.000000 
1.125191 0.000000 
1.126191 0.000000 
1.127191 0.000000 
1.128191 0.000000 
1.129191 0.000000 
1.130191 0.000000 
1.131191 0.000000 
1.132191 0.000000 
1.133191 0.000000 
1.134191 0.000000 
1.135191 0.000000 
1.136191 0.000000 
1.137191 0.000000 
1.138191 0.000000 
1.139191 0.000000 
1.140191 0.000000 
